current_station_departure_time;current_station_name;type;name;line;number;current_station;stops;max_capacity
2021-12-15T21:05:00.000Z;Bayreuth Hbf;RE;RE 32;32;3447;8000028;8000028%2021-12-15T21:06:00.000Z%1,8000974,8004936,8002605,8005895,8000267,8003763,8006017,8003476,8003813,8001289,8002878,8000228,;602
2021-12-15T21:27:00.000Z;Bayreuth Hbf;RE;RE 30;30;3094;8000028;8000028%2021-12-15T21:28:00.000Z%1,8001348,8000328,8004759,8004284,8002794,8000284,;602
2021-12-15T22:57:00.000Z;Bayreuth Hbf;RE;RE 30;30;3099;8000028;8000028%2021-12-15T22:57:00.000Z%,8000974,8002605,8005895,8003887,8005674,8004126,8005466,8000287,8002924,;602
2021-12-16T04:00:00.000Z;Bayreuth Hbf;RE;RE 30;30;3400;8000028;8000028%2021-12-16T04:00:00.000Z%,8001348,8004759,8004284,8002794,8000284,;602
2021-12-16T04:45:00.000Z;Bayreuth Hbf;RE;RE 38;38;59318;8000028;8000028%2021-12-16T04:45:00.000Z%,8000974,8004936,8002605,8005895,8000267,;602
2021-12-16T04:51:00.000Z;Bayreuth Hbf;RE;RE 30;30;3450;8000028;8000028%2021-12-16T04:51:00.000Z%,8001348,8000328,8004759,8004284,8002794,8000284,;602
2021-12-16T05:24:00.000Z;Bayreuth Hbf;RE;RE 30;30;3402;8000028;8000028%2021-12-16T05:24:00.000Z%,8004759,8004284,8002794,8000284,;602
2021-12-16T06:01:00.000Z;Bayreuth Hbf;RE;RE 32;32;59300;8000028;8000028%2021-12-16T06:01:00.000Z%,8005895,8000267,8006017,8003476,8001289,8000228,;602
2021-12-16T06:03:00.000Z;Bayreuth Hbf;RE;RE 32;32;3454;8000028;8000028%2021-12-16T06:03:00.000Z%,8004759,8004284,8002794,8000284,;602
2021-12-16T06:12:00.000Z;Bayreuth Hbf;RE;RE 30;30;3404;8000028;8000028%2021-12-16T06:12:00.000Z%,8001348,8004759,8004284,8002794,8000284,;602
2021-12-16T06:32:00.000Z;Bayreuth Hbf;RE;RE 30;30;3081;8000028;8000028%2021-12-16T06:32:00.000Z%,8004126,8002924,;602
2021-12-16T07:00:00.000Z;Bayreuth Hbf;RE;RE 32;32;3446;8000028;8000028%2021-12-16T07:00:00.000Z%,8001348,8004759,8002794,8000284,;602
2021-12-16T07:02:00.000Z;Bayreuth Hbf;RE;RE 32;32;3481;8000028;8000028%2021-12-16T07:02:00.000Z%,8000267,8003476,8001289,8002878,8000228,;602
2021-12-16T07:29:00.000Z;Bayreuth Hbf;RE;RE 30;30;3080;8000028;8000028%2021-12-16T07:29:00.000Z%,8004759,8004284,8000284,;602
2021-12-15T20:18:00.000Z;Bielefeld-Brackwede;RB;RB 67;67;79319;8000048;8000048%2021-12-15T20:18:00.000Z%0,8002461,8000315,8002801,8001335,8000846,8006206,8006207,8005834,8000263,;426
2021-12-15T20:27:00.000Z;Bielefeld-Brackwede;RB;RB 69;69;89995;8000048;8000048%2021-12-15T20:27:00.000Z%0,8000036,;426
2021-12-15T20:30:00.000Z;Bielefeld-Brackwede;RB;RB 69;69;90090;8000048;8000048%2021-12-15T20:30:00.000Z%0,8003096,8002461,8000315,8004626,8004251,8000441,8002680,8000149,8001045,8003986,8001558,8005102,8002841,8000263,;426
2021-12-15T20:44:00.000Z;Bielefeld-Brackwede;RB;RB 67;67;79314;8000048;8000048%2021-12-15T20:44:00.000Z%0,8000036,;426
2021-12-15T21:28:00.000Z;Bielefeld-Brackwede;RB;RB 69;69;90085;8000048;8000048%2021-12-15T21:28:00.000Z%0,8000036,;426
2021-12-15T21:44:00.000Z;Bielefeld-Brackwede;RB;RB 67;67;79316;8000048;8000048%2021-12-15T21:44:00.000Z%,8000036,;426
2021-12-15T22:57:00.000Z;Bielefeld-Brackwede;RE;RE 6;6;91839;8000048;8000048%2021-12-15T22:57:00.000Z%0,8000036,;602
2021-12-15T23:10:00.000Z;Bielefeld-Brackwede;RB;RB 69;69;89996;8000048;8000048%2021-12-15T23:10:00.000Z%,8003096,8002461,8000315,8004626,8004251,8000441,8002680,8000149,;426
2021-12-16T00:46:00.000Z;Bielefeld-Brackwede;RB;RB 69;69;89997;8000048;8000048%2021-12-16T00:46:00.000Z%,8000036,;426
2021-12-16T04:27:00.000Z;Bielefeld-Brackwede;RB;RB 69;69;89963;8000048;8000048%2021-12-16T04:27:00.000Z%,8000036,;426
2021-12-16T04:30:00.000Z;Bielefeld-Brackwede;RB;RB 69;69;89964;8000048;8000048%2021-12-16T04:30:00.000Z%,8003096,8002461,8000315,8004626,8004251,8000441,8002680,8000149,8001045,8003986,8001558,8005102,8002841,8000263,;426
2021-12-16T05:18:00.000Z;Bielefeld-Brackwede;RB;RB 67;67;79287;8000048;8000048%2021-12-16T05:18:00.000Z%,8003096,8002461,8000315,8002801,8001335,8000846,8006206,8006207,8005834,8000263,;426
2021-12-16T05:21:00.000Z;Bielefeld-Brackwede;RB;RB 67;67;79280;8000048;8000048%2021-12-16T05:21:00.000Z%,8000036,;426
2021-12-16T05:27:00.000Z;Bielefeld-Brackwede;RB;RB 69;69;89965;8000048;8000048%2021-12-16T05:27:00.000Z%,8000036,8001118,8000162,;426
2021-12-16T05:30:00.000Z;Bielefeld-Brackwede;RB;RB 69;69;89966;8000048;8000048%2021-12-16T05:30:00.000Z%,8003096,8002461,8000315,8004626,8004251,8000441,8002680,8000149,8001045,8003986,8001558,8005102,8002841,8000263,;426
2021-12-16T06:16:00.000Z;Bielefeld-Brackwede;RB;RB 67;67;79289;8000048;8000048%2021-12-16T06:16:00.000Z%,8003096,8002461,8000315,8002801,8001335,8000846,8006206,8006207,8005834,8000263,;426
2021-12-16T06:21:00.000Z;Bielefeld-Brackwede;RE;RE 78;78;52275;8000048;8000048%2021-12-16T06:21:00.000Z%,8000036,8000162,8000233,8000732,8004868,8000252,8004777,8000335,8000279,;602
2021-12-16T06:27:00.000Z;Bielefeld-Brackwede;RB;RB 69;69;89967;8000048;8000048%2021-12-16T06:27:00.000Z%,8000036,;426
2021-12-16T06:30:00.000Z;Bielefeld-Brackwede;RB;RB 69;69;89968;8000048;8000048%2021-12-16T06:30:00.000Z%,8003096,8002461,8000315,8004626,8004251,8000441,8002680,8000149,8001045,8003986,8001558,8005102,8002841,8000263,;426
2021-12-16T06:43:00.000Z;Bielefeld-Brackwede;RB;RB 67;67;79282;8000048;8000048%2021-12-16T06:43:00.000Z%,8000036,;426
2021-12-16T07:18:00.000Z;Bielefeld-Brackwede;RB;RB 67;67;79291;8000048;8000048%2021-12-16T07:18:00.000Z%,8002461,8000315,8002801,8001335,8000846,8006206,8006207,8005834,8000263,;426
2021-12-16T07:27:00.000Z;Bielefeld-Brackwede;RB;RB 69;69;89969;8000048;8000048%2021-12-16T07:27:00.000Z%,8000036,;426
2021-12-16T07:30:00.000Z;Bielefeld-Brackwede;RB;RB 69;69;89970;8000048;8000048%2021-12-16T07:30:00.000Z%,8003096,8002461,8000315,8004626,8004251,8000441,8002680,8000149,8001045,8003986,8001558,8005102,8002841,8000263,;426
2021-12-16T07:44:00.000Z;Bielefeld-Brackwede;RB;RB 67;67;79284;8000048;8000048%2021-12-16T07:44:00.000Z%,8000036,;426
2021-12-16T08:15:00.000Z;Bielefeld-Brackwede;RB;RB 67;67;79293;8000048;8000048%2021-12-16T08:15:00.000Z%,8002461,8000315,8002801,8001335,8000846,8006206,8006207,8005834,8000263,;426
2021-12-16T08:27:00.000Z;Bielefeld-Brackwede;RB;RB 69;69;89971;8000048;8000048%2021-12-16T08:27:00.000Z%,8000036,;426
2021-12-16T08:30:00.000Z;Bielefeld-Brackwede;RB;RB 69;69;89972;8000048;8000048%2021-12-16T08:30:00.000Z%,8003096,8002461,8000315,8004626,8004251,8000441,8002680,8000149,8001045,8003986,8001558,8005102,8002841,8000263,;426
2021-12-16T08:44:00.000Z;Bielefeld-Brackwede;RB;RB 67;67;79286;8000048;8000048%2021-12-16T08:44:00.000Z%,8000036,;426
2021-12-15T20:15:00.000Z;Kaufering;RB;RB 74;74;57398;8000195;8000195%2021-12-15T20:18:00.000Z%3,8000057,;426
2021-12-15T20:57:00.000Z;Kaufering;RE;RE 70;70;3894;8000195;8000195%2021-12-15T20:58:00.000Z%1,8000057,8000194,8000962,8002458,8000197,8003901,8003065,8004584,8005138,8002710,8000387,8000230,;602
2021-12-15T21:02:00.000Z;Kaufering;RE;RE 70;70;3895;8000195;8000195%2021-12-15T21:04:00.000Z%2,8000119,8004158,8098261,;602
2021-12-15T21:02:00.000Z;Kaufering;RE;RE 76;76;7895;8000195;8000195%2021-12-15T21:04:00.000Z%2,8000119,8004158,8098261,;602
2021-12-15T21:56:00.000Z;Kaufering;RE;RE 72;72;78971;8000195;8000195%2021-12-15T21:56:00.000Z%0,8000057,8000144,8004927,8000338,8005725,8005607,8000249,;602
2021-12-15T22:03:00.000Z;Kaufering;RE;RE 72;72;78960;8000195;8000195%2021-12-15T22:03:00.000Z%0,8000119,8004158,8000261,;602
2021-12-15T22:57:00.000Z;Kaufering;RE;RE 70;70;3896;8000195;8000195%2021-12-15T22:57:00.000Z%,8000057,8000194,8000962,8002458,8000197,;602
2021-12-15T23:01:00.000Z;Kaufering;RE;RE 70;70;3897;8000195;8000195%2021-12-15T23:01:00.000Z%,8000119,8004158,8098261,;602
2021-12-15T23:56:00.000Z;Kaufering;RE;RE 72;72;78973;8000195;8000195%2021-12-15T23:56:00.000Z%0,8000057,;602
2021-12-16T03:44:00.000Z;Kaufering;RB;RB 74;74;57361;8000195;8000195%2021-12-16T03:44:00.000Z%,8000119,8002141,8004158,8098261,;426
2021-12-16T04:15:00.000Z;Kaufering;RB;RB 74;74;57358;8000195;8000195%2021-12-16T04:15:00.000Z%,8000057,;426
2021-12-16T04:30:00.000Z;Kaufering;RE;RE 72;72;78900;8000195;8000195%2021-12-16T04:30:00.000Z%,8000119,8004158,8000261,;602
2021-12-16T04:44:00.000Z;Kaufering;RB;RB 74;74;57365;8000195;8000195%2021-12-16T04:44:00.000Z%,8000119,8004158,8098261,;426
2021-12-16T04:56:00.000Z;Kaufering;RE;RE 70;70;3872;8000195;8000195%2021-12-16T04:56:00.000Z%,8000057,8000194,8002458,8000197,8003901,8003065,8004584,8005138,8002710,8000387,8003693,;602
2021-12-16T05:03:00.000Z;Kaufering;RE;RE 70;70;3871;8000195;8000195%2021-12-16T05:03:00.000Z%,8004158,8000261,;602
2021-12-16T05:15:00.000Z;Kaufering;RB;RB 74;74;57360;8000195;8000195%2021-12-16T05:15:00.000Z%,8000057,;426
2021-12-16T05:23:00.000Z;Kaufering;RE;RE 72;72;78902;8000195;8000195%2021-12-16T05:23:00.000Z%,8000119,8004158,8000261,;602
2021-12-16T05:29:00.000Z;Kaufering;RE;RE 72;72;78913;8000195;8000195%2021-12-16T05:29:00.000Z%,8000057,8000144,8004927,8000338,8005725,8005607,8000249,;602
2021-12-16T05:44:00.000Z;Kaufering;RB;RB 74;74;57369;8000195;8000195%2021-12-16T05:44:00.000Z%,8000119,8004158,8098261,;426
2021-12-16T05:56:00.000Z;Kaufering;RE;RE 72;72;78915;8000195;8000195%2021-12-16T05:56:00.000Z%,8000057,8000144,8004927,8000338,8005725,8005607,8000249,;602
2021-12-16T06:03:00.000Z;Kaufering;RE;RE 72;72;78904;8000195;8000195%2021-12-16T06:03:00.000Z%,8000119,8004158,8000261,;602
2021-12-16T06:15:00.000Z;Kaufering;RB;RB 74;74;57362;8000195;8000195%2021-12-16T06:15:00.000Z%,8000057,;426
2021-12-16T06:23:00.000Z;Kaufering;RE;RE 72;72;78906;8000195;8000195%2021-12-16T06:23:00.000Z%,8000119,8004158,8000261,;602
2021-12-16T06:44:00.000Z;Kaufering;RB;RB 74;74;57373;8000195;8000195%2021-12-16T06:44:00.000Z%,8000119,8004158,8098261,;426
2021-12-16T06:57:00.000Z;Kaufering;RE;RE 70;70;3874;8000195;8000195%2021-12-16T06:57:00.000Z%,8000057,8000194,8000197,8003065,8004584,8005138,8002710,8000387,8003693,;602
2021-12-16T06:57:00.000Z;Kaufering;RE;RE 76;76;7874;8000195;8000195%2021-12-16T06:57:00.000Z%,8000057,8000194,8000197,8003065,8001004,8005609,8001995,8004585,;602
2021-12-16T07:03:00.000Z;Kaufering;RE;RE 70;70;3875;8000195;8000195%2021-12-16T07:03:00.000Z%,8004158,8098261,;602
2021-12-16T07:03:00.000Z;Kaufering;RE;RE 76;76;7875;8000195;8000195%2021-12-16T07:03:00.000Z%,8004158,8098261,;602
2021-12-16T07:15:00.000Z;Kaufering;RB;RB 74;74;57364;8000195;8000195%2021-12-16T07:15:00.000Z%,8000057,;426
2021-12-16T07:57:00.000Z;Kaufering;RE;RE 72;72;78921;8000195;8000195%2021-12-16T07:57:00.000Z%,8000057,8000144,8004927,8000338,8005725,8005607,8000249,;602
2021-12-16T08:03:00.000Z;Kaufering;RE;RE 72;72;78912;8000195;8000195%2021-12-16T08:03:00.000Z%,8000119,8004158,8000261,;602
2021-12-16T08:15:00.000Z;Kaufering;RB;RB 74;74;57368;8000195;8000195%2021-12-16T08:15:00.000Z%,8000057,;426
2021-12-16T08:44:00.000Z;Kaufering;RB;RB 74;74;57379;8000195;8000195%2021-12-16T08:44:00.000Z%,8000119,8002141,8004158,8098261,;426
2021-12-16T08:56:00.000Z;Kaufering;RE;RE 70;70;3876;8000195;8000195%2021-12-16T08:56:00.000Z%,8000057,8000194,8000197,8003065,8004584,8005138,8002710,8000387,8003693,;602
2021-12-16T08:56:00.000Z;Kaufering;RE;RE 76;76;7876;8000195;8000195%2021-12-16T08:56:00.000Z%,8000057,8000194,8000197,8003065,8001004,8005609,8000561,8001995,8003551,8004585,;602
2021-12-16T09:03:00.000Z;Kaufering;RE;RE 70;70;3877;8000195;8000195%2021-12-16T09:03:00.000Z%,8000119,8004158,8098261,;602
2021-12-16T09:03:00.000Z;Kaufering;RE;RE 76;76;7877;8000195;8000195%2021-12-16T09:03:00.000Z%,8000119,8004158,8098261,;602
2021-12-16T09:44:00.000Z;Kaufering;RB;RB 74;74;57381;8000195;8000195%2021-12-16T09:44:00.000Z%,8000119,8002141,8004158,8098261,;426
2021-12-16T09:56:00.000Z;Kaufering;RE;RE 72;72;78927;8000195;8000195%2021-12-16T09:56:00.000Z%,8000057,8000144,8004927,8000338,8005725,8005607,8000249,;602
2021-12-16T10:03:00.000Z;Kaufering;RE;RE 72;72;78918;8000195;8000195%2021-12-16T10:03:00.000Z%,8000119,8004158,8000261,;602
2021-12-16T10:15:00.000Z;Kaufering;RB;RB 74;74;57370;8000195;8000195%2021-12-16T10:15:00.000Z%,8000057,;426
2021-12-16T10:44:00.000Z;Kaufering;RB;RB 74;74;57383;8000195;8000195%2021-12-16T10:44:00.000Z%,8000119,8002141,8004158,8098261,;426
2021-12-16T10:57:00.000Z;Kaufering;RE;RE 70;70;3880;8000195;8000195%2021-12-16T10:57:00.000Z%,8000057,8000194,8000197,8003065,8004584,8005138,8002710,8000387,8003693,;602
2021-12-16T10:57:00.000Z;Kaufering;RE;RE 76;76;7880;8000195;8000195%2021-12-16T10:57:00.000Z%,8000057,8000194,8000197,8003065,8001004,8005609,8000561,8001995,8003551,8004585,;602
2021-12-16T11:03:00.000Z;Kaufering;RE;RE 70;70;3879;8000195;8000195%2021-12-16T11:03:00.000Z%,8000119,8004158,8098261,;602
2021-12-16T11:03:00.000Z;Kaufering;RE;RE 76;76;7879;8000195;8000195%2021-12-16T11:03:00.000Z%,8000119,8004158,8098261,;602
2021-12-16T11:15:00.000Z;Kaufering;RB;RB 74;74;57372;8000195;8000195%2021-12-16T11:15:00.000Z%,8000057,;426
2021-12-16T11:44:00.000Z;Kaufering;RB;RB 74;74;57385;8000195;8000195%2021-12-16T11:44:00.000Z%,8000119,8002141,8004158,8098261,;426
2021-12-16T11:56:00.000Z;Kaufering;RE;RE 72;72;78933;8000195;8000195%2021-12-16T11:56:00.000Z%,8000057,8000144,8004927,8000338,8005725,8005607,8000249,;602
2021-12-16T12:03:00.000Z;Kaufering;RE;RE 72;72;78924;8000195;8000195%2021-12-16T12:03:00.000Z%,8000119,8004158,8000261,;602
2021-12-16T12:15:00.000Z;Kaufering;RB;RB 74;74;57374;8000195;8000195%2021-12-16T12:15:00.000Z%,8000057,;426
2021-12-16T12:57:00.000Z;Kaufering;RE;RE 70;70;3884;8000195;8000195%2021-12-16T12:57:00.000Z%,8000057,8000194,8000197,8003065,8004584,8005138,8002710,8000387,8003693,;602
2021-12-16T12:57:00.000Z;Kaufering;RE;RE 76;76;7884;8000195;8000195%2021-12-16T12:57:00.000Z%,8000057,8000194,8000197,8003065,8001004,8005609,8001995,8004585,;602
2021-12-16T13:03:00.000Z;Kaufering;RE;RE 70;70;3881;8000195;8000195%2021-12-16T13:03:00.000Z%,8000119,8004158,8098261,;602
2021-12-16T13:03:00.000Z;Kaufering;RE;RE 76;76;7881;8000195;8000195%2021-12-16T13:03:00.000Z%,8000119,8004158,8098261,;602
2021-12-16T13:15:00.000Z;Kaufering;RB;RB 74;74;57378;8000195;8000195%2021-12-16T13:15:00.000Z%,8000057,;426
2021-12-16T13:44:00.000Z;Kaufering;RB;RB 74;74;57387;8000195;8000195%2021-12-16T13:44:00.000Z%,8000119,8002141,8004158,8098261,;426
2021-12-16T13:56:00.000Z;Kaufering;RE;RE 72;72;78941;8000195;8000195%2021-12-16T13:56:00.000Z%,8000057,8000144,8004927,8000338,8005725,8005607,8000249,;602
2021-12-16T14:03:00.000Z;Kaufering;RE;RE 72;72;78932;8000195;8000195%2021-12-16T14:03:00.000Z%,8000119,8004158,8000261,;602
2021-12-16T14:44:00.000Z;Kaufering;RB;RB 74;74;57389;8000195;8000195%2021-12-16T14:44:00.000Z%,8000119,8002141,8004158,8098261,;426
2021-12-16T14:57:00.000Z;Kaufering;RE;RE 70;70;3888;8000195;8000195%2021-12-16T14:57:00.000Z%,8000057,8000194,8000197,8003065,8004584,8005138,8002710,8000387,8003693,;602
2021-12-16T14:57:00.000Z;Kaufering;RE;RE 76;76;7888;8000195;8000195%2021-12-16T14:57:00.000Z%,8000057,8000194,8000197,8003065,8001004,8005609,8001995,8004585,;602
2021-12-16T15:03:00.000Z;Kaufering;RE;RE 70;70;3885;8000195;8000195%2021-12-16T15:03:00.000Z%,8000119,8004158,8098261,;602
2021-12-16T15:03:00.000Z;Kaufering;RE;RE 76;76;7885;8000195;8000195%2021-12-16T15:03:00.000Z%,8000119,8004158,8098261,;602
2021-12-16T15:15:00.000Z;Kaufering;RB;RB 74;74;57384;8000195;8000195%2021-12-16T15:15:00.000Z%,8000057,;426
2021-12-16T15:44:00.000Z;Kaufering;RB;RB 74;74;57391;8000195;8000195%2021-12-16T15:44:00.000Z%,8000119,8002141,8004158,8098261,;426
2021-12-16T15:56:00.000Z;Kaufering;RE;RE 72;72;78949;8000195;8000195%2021-12-16T15:56:00.000Z%,8000057,8000144,8004927,8000338,8005725,8005607,8000249,;602
2021-12-16T16:03:00.000Z;Kaufering;RE;RE 72;72;78938;8000195;8000195%2021-12-16T16:03:00.000Z%,8000119,8004158,8000261,;602
2021-12-16T16:15:00.000Z;Kaufering;RB;RB 74;74;57388;8000195;8000195%2021-12-16T16:15:00.000Z%,8000057,;426
2021-12-16T16:44:00.000Z;Kaufering;RB;RB 74;74;57393;8000195;8000195%2021-12-16T16:44:00.000Z%,8000119,8002141,8004158,8098261,;426
2021-12-16T16:57:00.000Z;Kaufering;RE;RE 70;70;3890;8000195;8000195%2021-12-16T16:57:00.000Z%,8000057,8000194,8000197,8003065,8004584,8005138,8002710,8000387,8003693,;602
2021-12-16T16:57:00.000Z;Kaufering;RE;RE 76;76;7890;8000195;8000195%2021-12-16T16:57:00.000Z%,8000057,8000194,8000197,8003065,8001004,8005609,8001995,8004585,;602
2021-12-16T17:03:00.000Z;Kaufering;RE;RE 70;70;3889;8000195;8000195%2021-12-16T17:03:00.000Z%,8000119,8004158,8098261,;602
2021-12-16T17:03:00.000Z;Kaufering;RE;RE 76;76;7889;8000195;8000195%2021-12-16T17:03:00.000Z%,8000119,8004158,8098261,;602
2021-12-15T21:15:00.000Z;Weiden(Oberpf);RE;RE 41;41;3034;8000204;8000204%2021-12-15T21:15:00.000Z%0,8006266,8002076,8006085,8000269,8001929,8002612,8002794,8000284,;602
2021-12-16T03:08:00.000Z;Weiden(Oberpf);RE;RE 41;41;3584;8000204;8000204%2021-12-16T03:08:00.000Z%,8006266,8002076,8006085,8000269,8001929,8002612,8002794,8000284,;602
2021-12-16T04:06:00.000Z;Weiden(Oberpf);RE;RE 41;41;3000;8000204;8000204%2021-12-16T04:06:00.000Z%,8006266,8002076,8006085,8000269,8001929,8002612,8002794,8000284,;602
2021-12-16T04:46:00.000Z;Weiden(Oberpf);RE;RE 41;41;3001;8000204;8000204%2021-12-16T04:46:00.000Z%,8000540,8004332,;602
2021-12-16T05:10:00.000Z;Weiden(Oberpf);RE;RE 41;41;3002;8000204;8000204%2021-12-16T05:10:00.000Z%,8006266,8002076,8006085,8000269,8001929,8002612,8002794,8000284,;602
2021-12-16T05:52:00.000Z;Weiden(Oberpf);RE;RE 41;41;3003;8000204;8000204%2021-12-16T05:52:00.000Z%,8000540,8004332,;602
2021-12-16T05:57:00.000Z;Weiden(Oberpf);RE;RE 41;41;3004;8000204;8000204%2021-12-16T05:57:00.000Z%,8006266,8002076,8006085,8000269,8001929,8002612,8002794,8000284,;602
2021-12-16T07:06:00.000Z;Weiden(Oberpf);RE;RE 41;41;3006;8000204;8000204%2021-12-16T07:06:00.000Z%,8006266,8002076,8006085,8000269,8001929,8002612,8002794,8000284,;602
2021-12-16T07:56:00.000Z;Weiden(Oberpf);RE;RE 41;41;3009;8000204;8000204%2021-12-16T07:56:00.000Z%,8000540,8004332,;602
2021-12-16T08:06:00.000Z;Weiden(Oberpf);RE;RE 41;41;3008;8000204;8000204%2021-12-16T08:06:00.000Z%,8006266,8002076,8006085,8000269,8001929,8002612,8002794,8000284,;602
2021-12-16T08:56:00.000Z;Weiden(Oberpf);RE;RE 41;41;3011;8000204;8000204%2021-12-16T08:56:00.000Z%,8000540,8004332,;602
2021-12-16T09:06:00.000Z;Weiden(Oberpf);RE;RE 41;41;3010;8000204;8000204%2021-12-16T09:06:00.000Z%,8006266,8002076,8006085,8000269,8001929,8002612,8002794,8000284,;602
2021-12-16T09:56:00.000Z;Weiden(Oberpf);RE;RE 41;41;3013;8000204;8000204%2021-12-16T09:56:00.000Z%,8000540,8004332,;602
2021-12-16T10:06:00.000Z;Weiden(Oberpf);RE;RE 41;41;3012;8000204;8000204%2021-12-16T10:06:00.000Z%,8006266,8002076,8006085,8000269,8001929,8002612,8002794,8000284,;602
2021-12-16T10:56:00.000Z;Weiden(Oberpf);RE;RE 41;41;3015;8000204;8000204%2021-12-16T10:56:00.000Z%,8000540,8004332,;602
2021-12-16T11:06:00.000Z;Weiden(Oberpf);RE;RE 41;41;3014;8000204;8000204%2021-12-16T11:06:00.000Z%,8006266,8002076,8006085,8000269,8001929,8002612,8002794,8000284,;602
2021-12-15T20:15:00.000Z;Landshut(Bay)Hbf;RE;RE 3;3;4088;8000217;8000217%2021-12-15T20:15:00.000Z%0,8006537,8001466,8003506,8006181,8000301,8004700,8006086,8000298,;602
2021-12-15T20:37:00.000Z;Landshut(Bay)Hbf;RB;RB 44;44;27137;8000217;8000217%2021-12-15T20:37:00.000Z%0,8003514,8002211,8006084,8000451,8001678,8000720,8000258,8006164,8003122,8002189,8005614,8006220,8004928,8005194,8005327,8005173,8000320,;426
2021-12-15T20:48:00.000Z;Landshut(Bay)Hbf;RE;RE 3;3;4087;8000217;8000217%2021-12-15T20:48:00.000Z%0,8004084,8002078,8000261,;602
2021-12-15T20:59:00.000Z;Landshut(Bay)Hbf;RE;RE 22;22;57937;8000217;8000217%2021-12-15T20:59:00.000Z%0,8004084,8002078,8004168,;602
2021-12-15T21:02:00.000Z;Landshut(Bay)Hbf;RE;RE 22;22;57938;8000217;8000217%2021-12-15T21:02:00.000Z%0,8000688,8001679,8002506,8003357,8004592,8000309,;602
2021-12-15T21:11:00.000Z;Landshut(Bay)Hbf;RB;RB 33;33;59269;8000217;8000217%2021-12-15T21:11:00.000Z%,8002457,8001203,8004084,8003528,8003905,8002078,;426
2021-12-15T21:15:00.000Z;Landshut(Bay)Hbf;RE;RE 3;3;4090;8000217;8000217%2021-12-15T21:15:00.000Z%0,8006537,8001466,8003506,8006181,8000301,8004700,8006086,8000298,;602
2021-12-15T21:30:00.000Z;Landshut(Bay)Hbf;RE;RE 50;50;4868;8000217;8000217%2021-12-15T21:30:00.000Z%,8001835,8000688,8001679,8002506,8003357,8004592,8001298,8000309,;602
2021-12-15T21:44:00.000Z;Landshut(Bay)Hbf;RB;RB 45;45;27139;8000217;8000217%2021-12-15T21:44:00.000Z%,8003514,8002211,8006084,8000451,8001678,8000720,8000258,;426
2021-12-15T21:48:00.000Z;Landshut(Bay)Hbf;RE;RE 3;3;4089;8000217;8000217%2021-12-15T21:49:00.000Z%1,8004084,8002078,8000261,;602
2021-12-15T21:59:00.000Z;Landshut(Bay)Hbf;RE;RE 22;22;57939;8000217;8000217%2021-12-15T21:59:00.000Z%,8004084,8002078,8004168,;602
2021-12-15T22:02:00.000Z;Landshut(Bay)Hbf;RE;RE 22;22;57940;8000217;8000217%2021-12-15T22:02:00.000Z%,8001835,8001679,8002506,8003357,8004592,8000309,;602
2021-12-15T22:35:00.000Z;Landshut(Bay)Hbf;RE;RE 50;50;4869;8000217;8000217%2021-12-15T22:35:00.000Z%0,8004084,8002078,8000261,;602
2021-12-15T22:40:00.000Z;Landshut(Bay)Hbf;RB;RB 45;45;27141;8000217;8000217%2021-12-15T22:40:00.000Z%,8003514,8002211,8006084,8000451,8001678,8000720,8000258,;426
2021-12-15T23:03:00.000Z;Landshut(Bay)Hbf;RE;RE 22;22;57942;8000217;8000217%2021-12-15T23:03:00.000Z%,8000688,8001679,8002506,8003357,8004592,8000309,;602
2021-12-15T23:13:00.000Z;Landshut(Bay)Hbf;RE;RE 3;3;4092;8000217;8000217%2021-12-15T23:13:00.000Z%,8006537,8001466,8003506,8006181,8000301,8004700,8006086,8000298,;602
2021-12-16T00:03:00.000Z;Landshut(Bay)Hbf;RE;RE 22;22;57944;8000217;8000217%2021-12-16T00:03:00.000Z%,8000688,8001679,8002506,8003357,8004592,8000309,;602
2021-12-16T02:17:00.000Z;Landshut(Bay)Hbf;RE;RE 22;22;57949;8000217;8000217%2021-12-16T02:17:00.000Z%,8004084,8002078,8004167,8004168,;602
2021-12-16T02:58:00.000Z;Landshut(Bay)Hbf;RE;RE 22;22;57901;8000217;8000217%2021-12-16T02:58:00.000Z%,8004084,8002078,8004168,;602
2021-12-16T03:40:00.000Z;Landshut(Bay)Hbf;RB;RB 33;33;59231;8000217;8000217%2021-12-16T03:40:00.000Z%,8002457,8001203,8004084,8003528,8003905,8002078,8004147,8004155,8000261,;426
2021-12-16T03:59:00.000Z;Landshut(Bay)Hbf;RE;RE 22;22;57903;8000217;8000217%2021-12-16T03:59:00.000Z%,8004084,8002078,8004168,;602
2021-12-16T04:06:00.000Z;Landshut(Bay)Hbf;RE;RE 22;22;57946;8000217;8000217%2021-12-16T04:06:00.000Z%,8001835,8000688,8001679,8002506,8003357,8004592,8001298,8000309,;602
2021-12-16T04:17:00.000Z;Landshut(Bay)Hbf;RB;RB 45;45;27103;8000217;8000217%2021-12-16T04:17:00.000Z%,8003514,8002211,8006084,8000451,8001678,8000720,;426
2021-12-16T04:37:00.000Z;Landshut(Bay)Hbf;RB;RB 33;33;59233;8000217;8000217%2021-12-16T04:37:00.000Z%,8002457,8001203,8004084,8003528,8003905,8002078,8004147,8004155,8000261,;426
2021-12-16T04:43:00.000Z;Landshut(Bay)Hbf;RE;RE 3;3;4052;8000217;8000217%2021-12-16T04:43:00.000Z%,8006537,8001466,8003506,8006181,8000301,8004700,8006086,8000298,;602
2021-12-16T04:58:00.000Z;Landshut(Bay)Hbf;RE;RE 22;22;57905;8000217;8000217%2021-12-16T04:58:00.000Z%,8004084,8002078,8004168,;602
2021-12-16T05:08:00.000Z;Landshut(Bay)Hbf;RE;RE 3;3;4051;8000217;8000217%2021-12-16T05:08:00.000Z%,8004084,8002078,8000261,;602
2021-12-16T05:08:00.000Z;Landshut(Bay)Hbf;RB;RB 45;45;27105;8000217;8000217%2021-12-16T05:08:00.000Z%,8003514,8002211,8006084,8000451,8001678,8000720,8000258,8005923,8002184,8003263,8003584,8000108,8102045,8102052,8100002,;426
2021-12-16T05:12:00.000Z;Landshut(Bay)Hbf;RB;RB 33;33;59235;8000217;8000217%2021-12-16T05:12:00.000Z%,8002457,8001203,8004084,8003528,8003905,8002078,;426
2021-12-16T05:14:00.000Z;Landshut(Bay)Hbf;RE;RE 3;3;4054;8000217;8000217%2021-12-16T05:14:00.000Z%,8006537,8001466,8003506,8006181,8000301,8004700,8006086,8000298,;602
2021-12-16T05:14:00.000Z;Landshut(Bay)Hbf;RE;RE 22;22;57902;8000217;8000217%2021-12-16T05:14:00.000Z%,8001835,8000688,8001679,8002506,8003357,8004592,8001298,8000309,;602
2021-12-16T05:31:00.000Z;Landshut(Bay)Hbf;RE;RE 50;50;4850;8000217;8000217%2021-12-16T05:31:00.000Z%,8001835,8000688,8001679,8000309,8000882,8004755,8004305,8000284,;602
2021-12-16T05:33:00.000Z;Landshut(Bay)Hbf;RB;RB 33;33;59237;8000217;8000217%2021-12-16T05:33:00.000Z%,8002457,8001203,8004084,8003528,8003905,8002078,8004147,8004155,8000261,;426
2021-12-16T05:44:00.000Z;Landshut(Bay)Hbf;RE;RE 3;3;4053;8000217;8000217%2021-12-16T05:44:00.000Z%,8004084,8002078,8000261,;602
2021-12-16T05:46:00.000Z;Landshut(Bay)Hbf;RE;RE 22;22;57904;8000217;8000217%2021-12-16T05:46:00.000Z%,8001835,8000688,8001679,8002506,8003357,8004592,8001298,8000309,;602
2021-12-16T05:49:00.000Z;Landshut(Bay)Hbf;RB;RB 33;33;59239;8000217;8000217%2021-12-16T05:49:00.000Z%,8002457,8001203,8004084,8003528,8003905,8002078,;426
2021-12-16T05:51:00.000Z;Landshut(Bay)Hbf;RE;RE 3;3;4056;8000217;8000217%2021-12-16T05:51:00.000Z%,8006537,8001466,8003506,8006181,8000301,8004700,8006086,8000298,;602
2021-12-16T05:59:00.000Z;Landshut(Bay)Hbf;RE;RE 22;22;57907;8000217;8000217%2021-12-16T05:59:00.000Z%,8004084,8002078,8004168,;602
2021-12-16T06:09:00.000Z;Landshut(Bay)Hbf;RE;RE 50;50;4851;8000217;8000217%2021-12-16T06:09:00.000Z%,8004084,8002078,8000261,;602
2021-12-16T06:21:00.000Z;Landshut(Bay)Hbf;RB;RB 33;33;59234;8000217;8000217%2021-12-16T06:21:00.000Z%,8001835,8000688,;426
2021-12-16T06:28:00.000Z;Landshut(Bay)Hbf;RE;RE 3;3;4055;8000217;8000217%2021-12-16T06:28:00.000Z%,8002078,8000261,;602
2021-12-16T06:38:00.000Z;Landshut(Bay)Hbf;RB;RB 33;33;57945;8000217;8000217%2021-12-16T06:38:00.000Z%,8001203,8004084,8003528,8002078,8006688,8004147,8004155,8000261,;426
2021-12-16T06:38:00.000Z;Landshut(Bay)Hbf;RB;RB 44;44;27109;8000217;8000217%2021-12-16T06:38:00.000Z%,8003514,8002211,8006084,8000720,8000258,8006164,8003122,8002189,8005614,8006220,8004928,8005194,8005327,8005173,8000320,;426
2021-12-16T06:45:00.000Z;Landshut(Bay)Hbf;RE;RE 22;22;57908;8000217;8000217%2021-12-16T06:45:00.000Z%,8001835,8000688,8001679,8002506,8003357,8004592,8001298,8000309,;602
2021-12-16T06:47:00.000Z;Landshut(Bay)Hbf;RE;RE 50;50;4853;8000217;8000217%2021-12-16T06:47:00.000Z%,8004084,8002078,8000261,;602
2021-12-16T06:59:00.000Z;Landshut(Bay)Hbf;RE;RE 22;22;57909;8000217;8000217%2021-12-16T06:59:00.000Z%,8004084,8002078,8004168,;602
2021-12-16T07:06:00.000Z;Landshut(Bay)Hbf;RE;RE 3;3;4059;8000217;8000217%2021-12-16T07:06:00.000Z%,8004084,8002078,8000261,;602
2021-12-16T07:12:00.000Z;Landshut(Bay)Hbf;RB;RB 33;33;59241;8000217;8000217%2021-12-16T07:12:00.000Z%,8002457,8001203,8004084,8003528,8003905,8002078,;426
2021-12-16T07:15:00.000Z;Landshut(Bay)Hbf;RE;RE 3;3;4060;8000217;8000217%2021-12-16T07:15:00.000Z%,8006537,8001466,8003506,8006181,8000301,8004700,8006086,8000298,;602
2021-12-16T07:30:00.000Z;Landshut(Bay)Hbf;RE;RE 50;50;4852;8000217;8000217%2021-12-16T07:30:00.000Z%,8001835,8000688,8001679,8000309,8000882,8004755,8004305,8000284,;602
2021-12-16T07:37:00.000Z;Landshut(Bay)Hbf;RB;RB 44;44;27111;8000217;8000217%2021-12-16T07:37:00.000Z%,8003514,8002211,8006084,8000451,8001678,8000720,8000258,8005923,8002184,8084066,8006422,8003263,8003584,8000108,8102045,8102052,8100002,;426
2021-12-16T07:48:00.000Z;Landshut(Bay)Hbf;RE;RE 3;3;4061;8000217;8000217%2021-12-16T07:48:00.000Z%,8004084,8002078,8000261,;602
2021-12-16T07:59:00.000Z;Landshut(Bay)Hbf;RE;RE 22;22;57911;8000217;8000217%2021-12-16T07:59:00.000Z%,8004084,8002078,8004168,;602
2021-12-16T08:02:00.000Z;Landshut(Bay)Hbf;RE;RE 22;22;57912;8000217;8000217%2021-12-16T08:02:00.000Z%,8001835,8001679,8002506,8003357,8004592,8000309,;602
2021-12-16T08:03:00.000Z;Landshut(Bay)Hbf;RB;RB 33;33;59243;8000217;8000217%2021-12-16T08:03:00.000Z%,8002457,8001203,8004084,8003528,8003905,8002078,8004147,8004155,8000261,;426
2021-12-16T08:15:00.000Z;Landshut(Bay)Hbf;RE;RE 3;3;4062;8000217;8000217%2021-12-16T08:15:00.000Z%,8006537,8001466,8003506,8006181,8000301,8004700,8006086,8000298,;602
2021-12-16T08:29:00.000Z;Landshut(Bay)Hbf;RE;RE 50;50;4855;8000217;8000217%2021-12-16T08:29:00.000Z%,8004084,8002078,8000261,;602
2021-12-16T08:36:00.000Z;Landshut(Bay)Hbf;RB;RB 44;44;27113;8000217;8000217%2021-12-16T08:36:00.000Z%,8003514,8002211,8006084,8000720,8000258,8006164,8003122,8002189,8005614,8006220,8004928,8005194,8005327,8005173,8000320,;426
2021-12-15T20:14:00.000Z;Löhne(Westf);RE;RE 6;6;91833;8000233;8000233%2021-12-15T20:21:00.000Z%7,8000732,8004868,8000252,;602
2021-12-15T20:41:00.000Z;Löhne(Westf);RE;RE 78;78;52289;8000233;8000233%2021-12-15T20:41:00.000Z%,8000732,8004868,8000252,;602
2021-12-15T20:44:00.000Z;Löhne(Westf);RE;RE 6;6;89740;8000233;8000233%2021-12-15T20:44:00.000Z%0,8000162,8000036,8002461,8000315,8004626,8004251,8000441,8002680,8000149,8003168,8000080,8000041,8006226,8000098,8000259,8000086,8000082,8000085,;602
2021-12-15T20:45:00.000Z;Löhne(Westf);RB;RB 77;77;14587;8000233;8000233%2021-12-15T20:45:00.000Z%0,8000733,8006091,8005104,8002812,8000148,8001342,8006104,8004709,8000093,8000282,8001775,8000169,;426
2021-12-15T21:14:00.000Z;Löhne(Westf);RE;RE 6;6;91835;8000233;8000233%2021-12-15T21:14:00.000Z%0,8000732,8004868,8000252,;602
2021-12-15T21:19:00.000Z;Löhne(Westf);RE;RE 78;78;52290;8000233;8000233%2021-12-15T21:19:00.000Z%0,8000162,8000036,;602
2021-12-15T21:44:00.000Z;Löhne(Westf);RE;RE 6;6;89742;8000233;8000233%2021-12-15T21:44:00.000Z%,8000162,8000036,8002461,8000315,8004626,8004251,8000441,8002680,8000149,8003168,8000080,8000041,8006226,8000098,8000259,8000086,8000082,8000085,;602
2021-12-15T22:15:00.000Z;Löhne(Westf);RE;RE 6;6;91837;8000233;8000233%2021-12-15T22:15:00.000Z%0,8000732,8004868,8000252,;602
2021-12-15T22:44:00.000Z;Löhne(Westf);RE;RE 78;78;52291;8000233;8000233%2021-12-15T22:44:00.000Z%,8000732,8004868,8000252,;602
2021-12-15T23:47:00.000Z;Löhne(Westf);RE;RE 78;78;52292;8000233;8000233%2021-12-15T23:47:00.000Z%0,8000162,8001118,8000036,;602
2021-12-16T03:45:00.000Z;Löhne(Westf);RB;RB 77;77;14551;8000233;8000233%2021-12-16T03:45:00.000Z%,8000733,8006091,8005104,8002812,8000148,8001342,8006104,8004709,8000093,8000282,8001775,8000169,;426
2021-12-16T04:41:00.000Z;Löhne(Westf);RE;RE 78;78;52273;8000233;8000233%2021-12-16T04:41:00.000Z%,8000732,8004868,8000252,8004777,8000335,8000279,;602
2021-12-16T04:44:00.000Z;Löhne(Westf);RE;RE 6;6;91808;8000233;8000233%2021-12-16T04:44:00.000Z%,8000162,8000036,8002461,8000315,8004626,8004251,8000441,8002680,8000149,8003168,8000080,8000041,8006226,8000098,8000259,8000086,8000082,8000085,8073368,8003330,;602
2021-12-16T04:45:00.000Z;Löhne(Westf);RB;RB 77;77;14553;8000233;8000233%2021-12-16T04:45:00.000Z%,8000733,8006091,8005104,8002812,8000148,8001342,8006104,8004709,8000093,8000282,8001775,8000169,;426
2021-12-16T05:14:00.000Z;Löhne(Westf);RE;RE 6;6;89703;8000233;8000233%2021-12-16T05:14:00.000Z%,8000732,8004868,8000252,;602
2021-12-16T05:15:00.000Z;Löhne(Westf);RB;RB 77;77;14550;8000233;8000233%2021-12-16T05:15:00.000Z%,8003288,8000059,;426
2021-12-16T05:19:00.000Z;Löhne(Westf);RE;RE 78;78;52274;8000233;8000233%2021-12-16T05:19:00.000Z%,8000162,8000036,;602
2021-12-16T05:44:00.000Z;Löhne(Westf);RE;RE 6;6;91810;8000233;8000233%2021-12-16T05:44:00.000Z%,8000162,8000036,8002461,8000315,8004626,8004251,8000441,8002680,8000149,8003168,8000080,8000041,8006226,8000098,8000259,8000086,8000082,8000085,8073368,8003330,;602
2021-12-16T05:45:00.000Z;Löhne(Westf);RB;RB 77;77;14555;8000233;8000233%2021-12-16T05:45:00.000Z%,8000733,8006091,8005104,8002812,8000148,8001342,8006104,8004709,8000093,8000282,8001775,8000169,8002830,8002405,8006358,8000759,8000740,8001048,;426
2021-12-16T06:14:00.000Z;Löhne(Westf);RE;RE 6;6;89705;8000233;8000233%2021-12-16T06:14:00.000Z%,8000732,8004868,8000252,;602
2021-12-16T06:15:00.000Z;Löhne(Westf);RB;RB 77;77;14552;8000233;8000233%2021-12-16T06:15:00.000Z%,8003288,8000059,;426
2021-12-16T06:42:00.000Z;Löhne(Westf);RE;RE 78;78;52275;8000233;8000233%2021-12-16T06:42:00.000Z%,8000732,8004868,8000252,8004777,8000335,8000279,;602
2021-12-16T06:44:00.000Z;Löhne(Westf);RE;RE 6;6;91812;8000233;8000233%2021-12-16T06:44:00.000Z%,8000162,8000036,8002461,8000315,8004626,8004251,8000441,8002680,8000149,8003168,8000080,8000041,8006226,8000098,8000259,8000086,8000082,8000085,8073368,8003330,;602
2021-12-16T06:45:00.000Z;Löhne(Westf);RB;RB 77;77;14557;8000233;8000233%2021-12-16T06:45:00.000Z%,8000733,8006091,8005104,8002812,8000148,8001342,8006104,8004709,8000093,8000282,8001775,8000169,;426
2021-12-16T07:14:00.000Z;Löhne(Westf);RE;RE 6;6;89707;8000233;8000233%2021-12-16T07:14:00.000Z%,8000732,8004868,8000252,;602
2021-12-16T07:15:00.000Z;Löhne(Westf);RB;RB 77;77;14554;8000233;8000233%2021-12-16T07:15:00.000Z%,8003288,8000059,;426
2021-12-16T07:19:00.000Z;Löhne(Westf);RE;RE 78;78;52276;8000233;8000233%2021-12-16T07:19:00.000Z%,8000162,8000036,;602
2021-12-16T07:44:00.000Z;Löhne(Westf);RE;RE 6;6;91814;8000233;8000233%2021-12-16T07:44:00.000Z%,8000162,8000036,8002461,8000315,8004626,8004251,8000441,8002680,8000149,8003168,8000080,8000041,8006226,8000098,8000259,8000086,8000082,8000085,8073368,8003330,;602
2021-12-16T07:45:00.000Z;Löhne(Westf);RB;RB 77;77;14559;8000233;8000233%2021-12-16T07:45:00.000Z%,8000733,8006091,8005104,8002812,8000148,8001342,8006104,8004709,8000093,8000282,8001775,8000169,8002830,8002405,8006358,8000759,8000740,8001048,;426
2021-12-16T08:14:00.000Z;Löhne(Westf);RE;RE 6;6;89709;8000233;8000233%2021-12-16T08:14:00.000Z%,8000732,8004868,8000252,;602
2021-12-16T08:41:00.000Z;Löhne(Westf);RE;RE 78;78;52277;8000233;8000233%2021-12-16T08:41:00.000Z%,8000732,8004868,8000252,8004777,8000335,8000279,;602
2021-12-16T08:44:00.000Z;Löhne(Westf);RE;RE 6;6;91816;8000233;8000233%2021-12-16T08:44:00.000Z%,8000162,8000036,8002461,8000315,8004626,8004251,8000441,8002680,8000149,8003168,8000080,8000041,8006226,8000098,8000259,8000086,8000082,8000085,8073368,8003330,;602
2021-12-16T08:45:00.000Z;Löhne(Westf);RB;RB 77;77;14561;8000233;8000233%2021-12-16T08:45:00.000Z%,8000733,8006091,8005104,8002812,8000148,8001342,8006104,8004709,8000093,8000282,8001775,8000169,8002830,8002405,8006358,8000759,8000740,8001048,;426
2021-12-16T09:14:00.000Z;Löhne(Westf);RE;RE 6;6;91811;8000233;8000233%2021-12-16T09:14:00.000Z%,8000732,8004868,8000252,;602
2021-12-16T09:15:00.000Z;Löhne(Westf);RB;RB 77;77;14558;8000233;8000233%2021-12-16T09:15:00.000Z%,8003288,8000059,;426
2021-12-16T09:19:00.000Z;Löhne(Westf);RE;RE 78;78;52278;8000233;8000233%2021-12-16T09:19:00.000Z%,8000162,8000036,;602
2021-12-16T09:44:00.000Z;Löhne(Westf);RE;RE 6;6;91818;8000233;8000233%2021-12-16T09:44:00.000Z%,8000162,8000036,8002461,8000315,8004626,8004251,8000441,8002680,8000149,8003168,8000080,8000041,8006226,8000098,8000259,8000086,8000082,8000085,8073368,8003330,;602
2021-12-16T09:45:00.000Z;Löhne(Westf);RB;RB 77;77;14563;8000233;8000233%2021-12-16T09:45:00.000Z%,8000733,8006091,8005104,8002812,8000148,8001342,8006104,8004709,8000093,8000282,8001775,8000169,8002830,8002405,8006358,8000759,8000740,8001048,;426
2021-12-16T10:14:00.000Z;Löhne(Westf);RE;RE 6;6;91813;8000233;8000233%2021-12-16T10:14:00.000Z%,8000732,8004868,8000252,;602
2021-12-16T10:41:00.000Z;Löhne(Westf);RE;RE 78;78;52279;8000233;8000233%2021-12-16T10:41:00.000Z%,8000732,8004868,8000252,8004777,8000335,8000279,;602
2021-12-16T10:44:00.000Z;Löhne(Westf);RE;RE 6;6;91820;8000233;8000233%2021-12-16T10:44:00.000Z%,8000162,8000036,8002461,8000315,8004626,8004251,8000441,8002680,8000149,8003168,8000080,8000041,8006226,8000098,8000259,8000086,8000082,8000085,8073368,8003330,;602
2021-12-16T10:45:00.000Z;Löhne(Westf);RB;RB 77;77;14565;8000233;8000233%2021-12-16T10:45:00.000Z%,8000733,8006091,8005104,8002812,8000148,8001342,8006104,8004709,8000093,8000282,8001775,8000169,8002830,8002405,8006358,8000759,8000740,8001048,;426
2021-12-16T11:14:00.000Z;Löhne(Westf);RE;RE 6;6;91815;8000233;8000233%2021-12-16T11:14:00.000Z%,8000732,8004868,8000252,;602
2021-12-16T11:15:00.000Z;Löhne(Westf);RB;RB 77;77;14562;8000233;8000233%2021-12-16T11:15:00.000Z%,8003288,8000059,;426
2021-12-16T11:19:00.000Z;Löhne(Westf);RE;RE 78;78;52280;8000233;8000233%2021-12-16T11:19:00.000Z%,8000162,8000036,;602
2021-12-16T11:44:00.000Z;Löhne(Westf);RE;RE 6;6;91822;8000233;8000233%2021-12-16T11:44:00.000Z%,8000162,8000036,8002461,8000315,8004626,8004251,8000441,8002680,8000149,8003168,8000080,8000041,8006226,8000098,8000259,8000086,8000082,8000085,8073368,8003330,;602
2021-12-16T11:45:00.000Z;Löhne(Westf);RB;RB 77;77;14569;8000233;8000233%2021-12-16T11:45:00.000Z%,8000733,8006091,8005104,8002812,8000148,8001342,8006104,8004709,8000093,8000282,8001775,8000169,8002830,8002405,8006358,8000759,8000740,8001048,;426
2021-12-16T12:14:00.000Z;Löhne(Westf);RE;RE 6;6;91817;8000233;8000233%2021-12-16T12:14:00.000Z%,8000732,8004868,8000252,;602
2021-12-16T12:15:00.000Z;Löhne(Westf);RB;RB 77;77;14564;8000233;8000233%2021-12-16T12:15:00.000Z%,8003288,8000059,;426
2021-12-16T12:41:00.000Z;Löhne(Westf);RE;RE 78;78;52281;8000233;8000233%2021-12-16T12:41:00.000Z%,8000732,8004868,8000252,8004777,8000335,8000279,;602
2021-12-16T12:44:00.000Z;Löhne(Westf);RE;RE 6;6;91824;8000233;8000233%2021-12-16T12:44:00.000Z%,8000162,8000036,8002461,8000315,8004626,8004251,8000441,8002680,8000149,8003168,8000080,8000041,8006226,8000098,8000259,8000086,8000082,8000085,8073368,8003330,;602
2021-12-16T12:45:00.000Z;Löhne(Westf);RB;RB 77;77;14571;8000233;8000233%2021-12-16T12:45:00.000Z%,8000733,8006091,8005104,8002812,8000148,8001342,8006104,8004709,8000093,8000282,8001775,8000169,;426
2021-12-16T13:14:00.000Z;Löhne(Westf);RE;RE 6;6;91819;8000233;8000233%2021-12-16T13:14:00.000Z%,8000732,8004868,8000252,;602
2021-12-16T13:15:00.000Z;Löhne(Westf);RB;RB 77;77;14566;8000233;8000233%2021-12-16T13:15:00.000Z%,8003288,8000059,;426
2021-12-16T13:19:00.000Z;Löhne(Westf);RE;RE 78;78;52282;8000233;8000233%2021-12-16T13:19:00.000Z%,8000162,8000036,;602
2021-12-16T13:44:00.000Z;Löhne(Westf);RE;RE 6;6;89726;8000233;8000233%2021-12-16T13:44:00.000Z%,8000162,8000036,8002461,8000315,8004626,8004251,8000441,8002680,8000149,8003168,8000080,8000041,8006226,8000098,8000259,8000086,8000082,8000085,8073368,8003330,;602
2021-12-16T13:45:00.000Z;Löhne(Westf);RB;RB 77;77;14573;8000233;8000233%2021-12-16T13:45:00.000Z%,8000733,8006091,8005104,8002812,8000148,8001342,8006104,8004709,8000093,8000282,8001775,8000169,8002830,8002405,8006358,8000759,8000740,8001048,;426
2021-12-16T14:14:00.000Z;Löhne(Westf);RE;RE 6;6;91821;8000233;8000233%2021-12-16T14:14:00.000Z%,8000732,8004868,8000252,;602
2021-12-16T14:41:00.000Z;Löhne(Westf);RE;RE 78;78;52283;8000233;8000233%2021-12-16T14:41:00.000Z%,8000732,8004868,8000252,8004777,8000335,8000279,;602
2021-12-16T14:44:00.000Z;Löhne(Westf);RE;RE 6;6;91828;8000233;8000233%2021-12-16T14:44:00.000Z%,8000162,8000036,8002461,8000315,8004626,8004251,8000441,8002680,8000149,8003168,8000080,8000041,8006226,8000098,8000259,8000086,8000082,8000085,8073368,8003330,;602
2021-12-16T14:45:00.000Z;Löhne(Westf);RB;RB 77;77;14575;8000233;8000233%2021-12-16T14:45:00.000Z%,8000733,8006091,8005104,8002812,8000148,8001342,8006104,8004709,8000093,8000282,8001775,8000169,8002830,8002405,8006358,8000759,8000740,8001048,;426
2021-12-16T15:14:00.000Z;Löhne(Westf);RE;RE 6;6;91823;8000233;8000233%2021-12-16T15:14:00.000Z%,8000732,8004868,8000252,;602
2021-12-16T15:15:00.000Z;Löhne(Westf);RB;RB 77;77;14570;8000233;8000233%2021-12-16T15:15:00.000Z%,8003288,8000059,;426
2021-12-16T15:19:00.000Z;Löhne(Westf);RE;RE 78;78;52284;8000233;8000233%2021-12-16T15:19:00.000Z%,8000162,8000036,;602
2021-12-16T15:44:00.000Z;Löhne(Westf);RE;RE 6;6;91830;8000233;8000233%2021-12-16T15:44:00.000Z%,8000162,8000036,8002461,8000315,8004626,8004251,8000441,8002680,8000149,8003168,8000080,8000041,8006226,8000098,8000259,8000086,8000082,8000085,8073368,8003330,;602
2021-12-16T15:45:00.000Z;Löhne(Westf);RB;RB 77;77;14577;8000233;8000233%2021-12-16T15:45:00.000Z%,8000733,8006091,8005104,8002812,8000148,8001342,8006104,8004709,8000093,8000282,8001775,8000169,8002830,8002405,8006358,8000759,8000740,8001048,;426
2021-12-16T16:14:00.000Z;Löhne(Westf);RE;RE 6;6;91825;8000233;8000233%2021-12-16T16:14:00.000Z%,8000732,8004868,8000252,;602
2021-12-16T16:15:00.000Z;Löhne(Westf);RB;RB 77;77;14572;8000233;8000233%2021-12-16T16:15:00.000Z%,8003288,8000059,;426
2021-12-16T16:41:00.000Z;Löhne(Westf);RE;RE 78;78;52285;8000233;8000233%2021-12-16T16:41:00.000Z%,8000732,8004868,8000252,8004777,8000335,8000279,;602
2021-12-16T16:44:00.000Z;Löhne(Westf);RE;RE 6;6;91832;8000233;8000233%2021-12-16T16:44:00.000Z%,8000162,8000036,8002461,8000315,8004626,8004251,8000441,8002680,8000149,8003168,8000080,8000041,8006226,8000098,8000259,8000086,8000082,8000085,8073368,8003330,;602
2021-12-16T16:45:00.000Z;Löhne(Westf);RB;RB 77;77;14579;8000233;8000233%2021-12-16T16:45:00.000Z%,8000733,8006091,8005104,8002812,8000148,8001342,8006104,8004709,8000093,8000282,8001775,8000169,8002830,8002405,8006358,8000759,8000740,8001048,;426
2021-12-15T20:24:00.000Z;Schnega;RE;RE 20;20;16211;8000440;8000440%2021-12-15T20:24:00.000Z%0,8010310,8012673,8011545,8011277,8010172,8012014,8013039,8010334,8013083,8013344,8010226,8010224,8013456,8012287,8010318,8013465,8010084,8010070,8012830,8013357,8010195,8011053,8013259,8010343,8012506,8013414,8010159,;602
2021-12-16T04:29:00.000Z;Schnega;RE;RE 20;20;16200;8000440;8000440%2021-12-16T04:29:00.000Z%,8000445,8006402,8005682,8000168,;602
2021-12-16T05:16:00.000Z;Schnega;RE;RE 20;20;16202;8000440;8000440%2021-12-16T05:16:00.000Z%,8000445,8006402,8005682,8000168,;602
2021-12-16T05:41:00.000Z;Schnega;RE;RE 20;20;16207;8000440;8000440%2021-12-16T05:41:00.000Z%,8010310,8010172,8010334,8011355,8013083,8012295,8011042,8073410,8013344,8010086,8012289,8010226,8010224,8080660,8013456,8013485,8012291,8012287,8081270,8010318,8081260,8012907,;602
2021-12-16T06:23:00.000Z;Schnega;RE;RE 20;20;16209;8000440;8000440%2021-12-16T06:23:00.000Z%,8010310,8012673,8011545,8011277,8010172,8012014,8013039,8010334,;602
2021-12-16T06:23:00.000Z;Schnega;RE;RE 20;20;16204;8000440;8000440%2021-12-16T06:23:00.000Z%,8000445,8006402,8005682,8000168,;602
2021-12-16T08:24:00.000Z;Schnega;RE;RE 20;20;4833;8000440;8000440%2021-12-16T08:24:00.000Z%,8010310,8010172,8010334,8013083,8013344,8010226,8010224,;602
2021-12-16T09:23:00.000Z;Schnega;RE;RE 20;20;4832;8000440;8000440%2021-12-16T09:23:00.000Z%,8000445,8006402,8005682,8000168,;602
2021-12-16T10:24:00.000Z;Schnega;RE;RE 20;20;4835;8000440;8000440%2021-12-16T10:24:00.000Z%,8010310,8010172,8010334,8013083,8013344,8010226,8010224,;602
2021-12-16T11:23:00.000Z;Schnega;RE;RE 20;20;4834;8000440;8000440%2021-12-16T11:23:00.000Z%,8000445,8006402,8005682,8000168,;602
2021-12-16T12:24:00.000Z;Schnega;RE;RE 20;20;4837;8000440;8000440%2021-12-16T12:24:00.000Z%,8010310,8010172,8010334,8013083,8013344,8010226,8010224,;602
2021-12-16T13:24:00.000Z;Schnega;RE;RE 20;20;4838;8000440;8000440%2021-12-16T13:24:00.000Z%,8000445,8006402,8005682,8000168,;602
2021-12-16T14:24:00.000Z;Schnega;RE;RE 20;20;4840;8000440;8000440%2021-12-16T14:24:00.000Z%,8000445,8006402,8005682,8000168,;602
2021-12-16T14:24:00.000Z;Schnega;RE;RE 20;20;4841;8000440;8000440%2021-12-16T14:24:00.000Z%,8010310,8010172,8010334,8013083,8013344,8010226,8010224,;602
2021-12-16T15:24:00.000Z;Schnega;RE;RE 20;20;4842;8000440;8000440%2021-12-16T15:24:00.000Z%,8000445,8006402,8005682,8000168,;602
2021-12-16T15:24:00.000Z;Schnega;RE;RE 20;20;4843;8000440;8000440%2021-12-16T15:24:00.000Z%,8010310,8010172,8010334,8013083,8013344,8010226,8010224,;602
2021-12-16T16:24:00.000Z;Schnega;RE;RE 20;20;4844;8000440;8000440%2021-12-16T16:24:00.000Z%,8000445,8006402,8005682,8000168,;602
2021-12-16T16:24:00.000Z;Schnega;RE;RE 20;20;4845;8000440;8000440%2021-12-16T16:24:00.000Z%,8010310,8010172,8010334,8013083,8013344,8010226,8010224,;602
2021-12-16T17:24:00.000Z;Schnega;RE;RE 20;20;4846;8000440;8000440%2021-12-16T17:24:00.000Z%,8000445,8006402,8005682,8000168,;602
2021-12-16T17:24:00.000Z;Schnega;RE;RE 20;20;4847;8000440;8000440%2021-12-16T17:24:00.000Z%,8010310,8012673,8011545,8011277,8010172,8012014,8013039,8010334,8013083,8013344,8010226,8010224,;602
2021-12-16T18:24:00.000Z;Schnega;RE;RE 20;20;4849;8000440;8000440%2021-12-16T18:24:00.000Z%,8010310,8010172,8010334,8013083,8013344,8010226,8010224,;602
2021-12-16T19:23:00.000Z;Schnega;RE;RE 20;20;4848;8000440;8000440%2021-12-16T19:23:00.000Z%,8000445,8006402,8005682,8000168,;602
2021-12-15T20:25:00.000Z;Amberg;RE;RE 40;40;3572;8000566;8000566%2021-12-15T20:25:00.000Z%0,8005800,8000269,8001929,8002612,8002794,8000284,;602
2021-12-15T20:50:00.000Z;Amberg;RE;RE 40;40;3575;8000566;8000566%2021-12-15T20:51:00.000Z%1,8000027,;602
2021-12-15T21:26:00.000Z;Amberg;RE;RE 40;40;3574;8000566;8000566%2021-12-15T21:26:00.000Z%0,8005800,8000269,8001929,8002612,8002794,8000284,;602
2021-12-15T21:59:00.000Z;Amberg;RE;RE 40;40;3577;8000566;8000566%2021-12-15T21:59:00.000Z%,8000027,8003922,8004987,8000309,;602
2021-12-15T22:48:00.000Z;Amberg;RE;RE 40;40;3579;8000566;8000566%2021-12-15T22:48:00.000Z%,8000027,;602
2021-12-16T03:23:00.000Z;Amberg;RE;RE 40;40;3586;8000566;8000566%2021-12-16T03:23:00.000Z%,8005800,8000269,8001929,8002612,8002794,8000284,;602
2021-12-16T03:32:00.000Z;Amberg;RE;RE 40;40;3581;8000566;8000566%2021-12-16T03:32:00.000Z%,8000027,;602
2021-12-16T04:19:00.000Z;Amberg;RE;RE 40;40;3541;8000566;8000566%2021-12-16T04:19:00.000Z%,8000027,;602
2021-12-16T04:26:00.000Z;Amberg;RE;RE 40;40;3540;8000566;8000566%2021-12-16T04:26:00.000Z%,8005800,8000269,8001929,8002612,8002794,8000284,;602
2021-12-16T04:59:00.000Z;Amberg;RE;RE 43;43;3588;8000566;8000566%2021-12-16T04:59:00.000Z%,8005800,8000269,8002793,8003580,8000284,;602
2021-12-16T05:24:00.000Z;Amberg;RE;RE 47;47;3590;8000566;8000566%2021-12-16T05:24:00.000Z%,8005801,8005800,8000269,8001929,8002612,8002794,8000284,;602
2021-12-16T05:27:00.000Z;Amberg;RE;RE 40;40;3543;8000566;8000566%2021-12-16T05:27:00.000Z%,8003086,8000027,8003922,8004987,8000309,;602
2021-12-16T06:00:00.000Z;Amberg;RE;RE 43;43;3592;8000566;8000566%2021-12-16T06:00:00.000Z%,8005800,8000269,8002793,8003580,8000284,;602
2021-12-16T06:04:00.000Z;Amberg;RE;RE 40;40;3595;8000566;8000566%2021-12-16T06:04:00.000Z%,8000027,;602
2021-12-16T06:25:00.000Z;Amberg;RE;RE 47;47;3594;8000566;8000566%2021-12-16T06:25:00.000Z%,8005800,8000269,8001929,8002612,8002794,8000284,;602
2021-12-16T06:35:00.000Z;Amberg;RE;RE 40;40;3547;8000566;8000566%2021-12-16T06:35:00.000Z%,8000027,8003922,8004987,8000309,;602
2021-12-16T06:55:00.000Z;Amberg;RE;RE 40;40;3544;8000566;8000566%2021-12-16T06:55:00.000Z%,8005801,8005800,8000269,8001929,8002612,8002794,8000284,;602
2021-12-16T07:22:00.000Z;Amberg;RE;RE 40;40;3546;8000566;8000566%2021-12-16T07:22:00.000Z%,8005800,8000269,8001929,8002612,8002794,8000284,;602
2021-12-16T07:33:00.000Z;Amberg;RE;RE 40;40;3549;8000566;8000566%2021-12-16T07:33:00.000Z%,8000027,8003922,8004987,8000309,;602
2021-12-16T08:21:00.000Z;Amberg;RE;RE 40;40;3548;8000566;8000566%2021-12-16T08:21:00.000Z%,8005800,8000269,8001929,8002612,8002794,8000284,;602
2021-12-16T08:35:00.000Z;Amberg;RE;RE 40;40;3551;8000566;8000566%2021-12-16T08:35:00.000Z%,8000027,8003922,8004987,8000309,;602
2021-12-16T09:21:00.000Z;Amberg;RE;RE 40;40;3550;8000566;8000566%2021-12-16T09:21:00.000Z%,8005800,8000269,8001929,8002612,8002794,8000284,;602
2021-12-16T09:33:00.000Z;Amberg;RE;RE 40;40;3553;8000566;8000566%2021-12-16T09:33:00.000Z%,8000027,8003922,8004987,8000309,;602
2021-12-15T20:59:00.000Z;Aschaffenburg Süd;RB;RB 88;88;23336;8000619;8000619%2021-12-15T20:59:00.000Z%0,8000618,8000010,;426
2021-12-15T20:59:00.000Z;Aschaffenburg Süd;RB;RB 88;88;23395;8000619;8000619%2021-12-15T20:59:00.000Z%,8004558,8005794,8003334,8004560,8002287,8001848,8006538,8003337,8003573,8003324,8000640,8002089,8005028,8001503,8005666,8001964,8002622,8006354,8000231,;426
2021-12-15T21:53:00.000Z;Aschaffenburg Süd;RE;RE 87;87;4398;8000619;8000619%2021-12-15T21:54:00.000Z%1,8000618,8000010,;602
2021-12-15T22:07:00.000Z;Aschaffenburg Süd;RB;RB 88;88;23333;8000619;8000619%2021-12-15T22:07:00.000Z%,8004558,8005794,8003334,8004560,8002287,8001848,8006538,8003337,8003573,8003324,8000640,;426
2021-12-15T23:03:00.000Z;Aschaffenburg Süd;RB;RB 88;88;23335;8000619;8000619%2021-12-15T23:03:00.000Z%,8004558,8005794,8003334,8004560,8002287,8001848,8006538,8003337,8003573,8003324,8000640,;426
2021-12-16T04:20:00.000Z;Aschaffenburg Süd;RB;RB 88;88;23300;8000619;8000619%2021-12-16T04:20:00.000Z%,8000618,8000010,;426
2021-12-16T04:47:00.000Z;Aschaffenburg Süd;RB;RB 88;88;23302;8000619;8000619%2021-12-16T04:47:00.000Z%,8000618,8000010,;426
2021-12-16T04:47:00.000Z;Aschaffenburg Süd;RE;RE 87;87;4381;8000619;8000619%2021-12-16T04:47:00.000Z%,8004558,8005794,8003334,8004560,8002287,8001848,8006538,8003337,8003573,8003324,8000640,8002089,8005028,8001503,8005666,8001964,8002622,8006354,8000231,8005011,8001193,8002177,8004437,8002871,8005827,8000221,8003381,8001660,8000724,8003045,8003873,8001754,8006269,8003572,8004412,8005433,8001014,8005179,8006145,8005297,8000067,;602
2021-12-16T05:23:00.000Z;Aschaffenburg Süd;RB;RB 88;88;23380;8000619;8000619%2021-12-16T05:23:00.000Z%,8000618,8000010,;426
2021-12-16T05:23:00.000Z;Aschaffenburg Süd;RB;RB 84;84;23500;8000619;8000619%2021-12-16T05:23:00.000Z%,8000618,8000010,;426
2021-12-16T05:46:00.000Z;Aschaffenburg Süd;RB;RB 88;88;23303;8000619;8000619%2021-12-16T05:46:00.000Z%,8004558,8005794,8003334,8004560,8002287,8001848,8006538,8003337,8003573,8003324,8000640,8001148,8006274,8000575,8005386,8005105,8006176,;426
2021-12-16T05:47:00.000Z;Aschaffenburg Süd;RB;RB 88;88;23304;8000619;8000619%2021-12-16T05:47:00.000Z%,8000618,8000010,8003143,8000150,;426
2021-12-16T06:26:00.000Z;Aschaffenburg Süd;RB;RB 88;88;23306;8000619;8000619%2021-12-16T06:26:00.000Z%,8000618,8000010,;426
2021-12-16T06:46:00.000Z;Aschaffenburg Süd;RB;RB 88;88;23338;8000619;8000619%2021-12-16T06:46:00.000Z%,8000618,8000010,;426
2021-12-16T06:54:00.000Z;Aschaffenburg Süd;RB;RB 88;88;23308;8000619;8000619%2021-12-16T06:54:00.000Z%,8000618,8000010,;426
2021-12-16T07:04:00.000Z;Aschaffenburg Süd;RB;RB 88;88;23305;8000619;8000619%2021-12-16T07:04:00.000Z%,8004558,8005794,8003334,8004560,8002287,8001848,8006538,8003337,8003573,8003324,8000640,;426
2021-12-16T07:27:00.000Z;Aschaffenburg Süd;RE;RE 87;87;23383;8000619;8000619%2021-12-16T07:27:00.000Z%,8003334,8004560,8001848,8003337,8000640,8002089,8005028,8001503,8005666,8001964,8002622,8006354,8000231,;602
2021-12-16T07:30:00.000Z;Aschaffenburg Süd;RB;RB 88;88;23384;8000619;8000619%2021-12-16T07:30:00.000Z%,8000618,8000010,;426
2021-12-16T07:59:00.000Z;Aschaffenburg Süd;RB;RB 88;88;23307;8000619;8000619%2021-12-16T07:59:00.000Z%,8004558,8005794,8003334,8004560,8002287,8001848,8006538,8003337,8003573,8003324,8000640,;426
2021-12-16T08:00:00.000Z;Aschaffenburg Süd;RB;RB 88;88;23310;8000619;8000619%2021-12-16T08:00:00.000Z%,8000618,8000010,;426
2021-12-16T08:31:00.000Z;Aschaffenburg Süd;RE;RE 87;87;4380;8000619;8000619%2021-12-16T08:31:00.000Z%,8000010,;602
2021-12-16T08:59:00.000Z;Aschaffenburg Süd;RB;RB 88;88;23309;8000619;8000619%2021-12-16T08:59:00.000Z%,8004558,8005794,8003334,8004560,8002287,8001848,8006538,8003337,8003573,8003324,8000640,;426
2021-12-16T09:00:00.000Z;Aschaffenburg Süd;RB;RB 88;88;23312;8000619;8000619%2021-12-16T09:00:00.000Z%,8000618,8000010,;426
2021-12-16T09:28:00.000Z;Aschaffenburg Süd;RE;RE 87;87;23385;8000619;8000619%2021-12-16T09:28:00.000Z%,8003334,8004560,8001848,8003337,8000640,8002089,8005028,8001503,8005666,8001964,8002622,8006354,8000231,;602
2021-12-16T09:59:00.000Z;Aschaffenburg Süd;RB;RB 88;88;23311;8000619;8000619%2021-12-16T09:59:00.000Z%,8004558,8005794,8003334,8004560,8002287,8001848,8006538,8003337,8003573,8003324,8000640,;426
2021-12-16T10:00:00.000Z;Aschaffenburg Süd;RB;RB 88;88;23314;8000619;8000619%2021-12-16T10:00:00.000Z%,8000618,8000010,;426
2021-12-16T10:31:00.000Z;Aschaffenburg Süd;RE;RE 87;87;23386;8000619;8000619%2021-12-16T10:31:00.000Z%,8000010,;602
2021-12-16T10:59:00.000Z;Aschaffenburg Süd;RB;RB 88;88;23313;8000619;8000619%2021-12-16T10:59:00.000Z%,8004558,8005794,8003334,8004560,8002287,8001848,8006538,8003337,8003573,8003324,8000640,;426
2021-12-16T11:00:00.000Z;Aschaffenburg Süd;RB;RB 88;88;23316;8000619;8000619%2021-12-16T11:00:00.000Z%,8000618,8000010,;426
2021-12-16T11:28:00.000Z;Aschaffenburg Süd;RE;RE 87;87;23387;8000619;8000619%2021-12-16T11:28:00.000Z%,8003334,8004560,8001848,8003337,8000640,8002089,8005028,8001503,8005666,8001964,8002622,8006354,8000231,;602
2021-12-16T11:59:00.000Z;Aschaffenburg Süd;RB;RB 88;88;23315;8000619;8000619%2021-12-16T11:59:00.000Z%,8004558,8005794,8003334,8004560,8002287,8001848,8006538,8003337,8003573,8003324,8000640,;426
2021-12-16T12:00:00.000Z;Aschaffenburg Süd;RB;RB 88;88;23318;8000619;8000619%2021-12-16T12:00:00.000Z%,8000618,8000010,;426
2021-12-16T12:31:00.000Z;Aschaffenburg Süd;RE;RE 87;87;23388;8000619;8000619%2021-12-16T12:31:00.000Z%,8000010,;602
2021-12-16T12:59:00.000Z;Aschaffenburg Süd;RB;RB 88;88;23317;8000619;8000619%2021-12-16T12:59:00.000Z%,8004558,8005794,8003334,8004560,8002287,8001848,8006538,8003337,8003573,8003324,8000640,;426
2021-12-16T13:00:00.000Z;Aschaffenburg Süd;RB;RB 88;88;23320;8000619;8000619%2021-12-16T13:00:00.000Z%,8000618,8000010,;426
2021-12-16T13:28:00.000Z;Aschaffenburg Süd;RE;RE 87;87;23389;8000619;8000619%2021-12-16T13:28:00.000Z%,8003334,8004560,8001848,8003337,8000640,8002089,8005028,8001503,8005666,8001964,8002622,8006354,8000231,;602
2021-12-15T20:11:00.000Z;Bohmte;RE;RE 9;9;14069;8001071;8001071%2021-12-15T20:16:00.000Z%5,8000294,;602
2021-12-15T20:46:00.000Z;Bohmte;RE;RE 9;9;14068;8001071;8001071%2021-12-15T20:46:00.000Z%0,8003632,8001443,8000807,8005929,8000354,8005809,8003292,8000050,;602
2021-12-15T21:11:00.000Z;Bohmte;RE;RE 9;9;4467;8001071;8001071%2021-12-15T21:12:00.000Z%1,8000294,;602
2021-12-15T21:46:00.000Z;Bohmte;RE;RE 9;9;14070;8001071;8001071%2021-12-15T21:46:00.000Z%,8003632,8001443,8000807,8005929,8000354,8005809,8003292,8000050,;602
2021-12-15T22:11:00.000Z;Bohmte;RE;RE 9;9;14071;8001071;8001071%2021-12-15T22:11:00.000Z%,8000294,;602
2021-12-15T22:46:00.000Z;Bohmte;RE;RE 9;9;14072;8001071;8001071%2021-12-15T22:46:00.000Z%,8003632,8001443,8000807,8005929,8000354,8005809,8003292,8000050,;602
2021-12-15T23:19:00.000Z;Bohmte;RE;RE 9;9;14073;8001071;8001071%2021-12-15T23:19:00.000Z%,8000294,;602
2021-12-16T03:31:00.000Z;Bohmte;RE;RE 9;9;14050;8001071;8001071%2021-12-16T03:31:00.000Z%,8003632,8001443,8000807,8005929,8000354,8001123,8005809,8000810,8003292,8001561,8001157,8000050,;602
2021-12-16T04:11:00.000Z;Bohmte;RE;RE 9;9;14051;8001071;8001071%2021-12-16T04:11:00.000Z%,8000294,;602
2021-12-16T04:46:00.000Z;Bohmte;RE;RE 9;9;4450;8001071;8001071%2021-12-16T04:46:00.000Z%,8003632,8001443,8000807,8005929,8000354,8005809,8003292,8000050,8004702,8000051,8001168,;602
2021-12-16T05:11:00.000Z;Bohmte;RE;RE 9;9;14053;8001071;8001071%2021-12-16T05:11:00.000Z%,8000294,;602
2021-12-16T05:46:00.000Z;Bohmte;RE;RE 9;9;14052;8001071;8001071%2021-12-16T05:46:00.000Z%,8003632,8001443,8000807,8005929,8000354,8005809,8003292,8000050,;602
2021-12-16T06:11:00.000Z;Bohmte;RE;RE 9;9;14055;8001071;8001071%2021-12-16T06:11:00.000Z%,8000294,;602
2021-12-16T06:46:00.000Z;Bohmte;RE;RE 9;9;4452;8001071;8001071%2021-12-16T06:46:00.000Z%,8003632,8001443,8000807,8005929,8000354,8005809,8003292,8000050,8004702,8000051,8001168,;602
2021-12-16T07:11:00.000Z;Bohmte;RE;RE 9;9;4453;8001071;8001071%2021-12-16T07:11:00.000Z%,8000294,;602
2021-12-16T07:46:00.000Z;Bohmte;RE;RE 9;9;14054;8001071;8001071%2021-12-16T07:46:00.000Z%,8003632,8001443,8000807,8005929,8000354,8005809,8003292,8000050,;602
2021-12-16T08:11:00.000Z;Bohmte;RE;RE 9;9;14057;8001071;8001071%2021-12-16T08:11:00.000Z%,8000294,;602
2021-12-16T08:46:00.000Z;Bohmte;RE;RE 9;9;4454;8001071;8001071%2021-12-16T08:46:00.000Z%,8003632,8001443,8000807,8005929,8000354,8005809,8003292,8000050,8004702,8000051,8001168,;602
2021-12-16T09:11:00.000Z;Bohmte;RE;RE 9;9;4455;8001071;8001071%2021-12-16T09:11:00.000Z%,8000294,;602
2021-12-16T09:46:00.000Z;Bohmte;RE;RE 9;9;14056;8001071;8001071%2021-12-16T09:46:00.000Z%,8003632,8001443,8000807,8005929,8000354,8005809,8003292,8000050,;602
2021-12-16T10:11:00.000Z;Bohmte;RE;RE 9;9;14059;8001071;8001071%2021-12-16T10:11:00.000Z%,8000294,;602
2021-12-16T10:46:00.000Z;Bohmte;RE;RE 9;9;4456;8001071;8001071%2021-12-16T10:46:00.000Z%,8003632,8001443,8000807,8005929,8000354,8005809,8003292,8000050,8004702,8000051,8001168,;602
2021-12-16T11:11:00.000Z;Bohmte;RE;RE 9;9;4457;8001071;8001071%2021-12-16T11:11:00.000Z%,8000294,;602
2021-12-16T11:46:00.000Z;Bohmte;RE;RE 9;9;14058;8001071;8001071%2021-12-16T11:46:00.000Z%,8003632,8001443,8000807,8005929,8000354,8005809,8003292,8000050,;602
2021-12-16T12:11:00.000Z;Bohmte;RE;RE 9;9;14061;8001071;8001071%2021-12-16T12:11:00.000Z%,8000294,;602
2021-12-16T12:46:00.000Z;Bohmte;RE;RE 9;9;4458;8001071;8001071%2021-12-16T12:46:00.000Z%,8003632,8001443,8000807,8005929,8000354,8005809,8003292,8000050,8004702,8000051,8001168,;602
2021-12-16T13:11:00.000Z;Bohmte;RE;RE 9;9;4459;8001071;8001071%2021-12-16T13:11:00.000Z%,8000294,;602
2021-12-16T13:46:00.000Z;Bohmte;RE;RE 9;9;14060;8001071;8001071%2021-12-16T13:46:00.000Z%,8003632,8001443,8000807,8005929,8000354,8005809,8003292,8000050,;602
2021-12-16T14:11:00.000Z;Bohmte;RE;RE 9;9;14063;8001071;8001071%2021-12-16T14:11:00.000Z%,8000294,;602
2021-12-16T14:46:00.000Z;Bohmte;RE;RE 9;9;4460;8001071;8001071%2021-12-16T14:46:00.000Z%,8003632,8001443,8000807,8005929,8000354,8005809,8003292,8000050,8004702,8000051,8001168,;602
2021-12-16T15:11:00.000Z;Bohmte;RE;RE 9;9;4461;8001071;8001071%2021-12-16T15:11:00.000Z%,8000294,;602
2021-12-16T15:46:00.000Z;Bohmte;RE;RE 9;9;14062;8001071;8001071%2021-12-16T15:46:00.000Z%,8003632,8001443,8000807,8005929,8000354,8005809,8003292,8000050,;602
2021-12-16T16:11:00.000Z;Bohmte;RE;RE 9;9;14065;8001071;8001071%2021-12-16T16:11:00.000Z%,8000294,;602
2021-12-16T16:46:00.000Z;Bohmte;RE;RE 9;9;4462;8001071;8001071%2021-12-16T16:46:00.000Z%,8003632,8001443,8000807,8005929,8000354,8005809,8003292,8000050,8004702,8000051,8001168,;602
2021-12-16T17:11:00.000Z;Bohmte;RE;RE 9;9;4463;8001071;8001071%2021-12-16T17:11:00.000Z%,8000294,;602
2021-12-16T17:46:00.000Z;Bohmte;RE;RE 9;9;14064;8001071;8001071%2021-12-16T17:46:00.000Z%,8003632,8001443,8000807,8005929,8000354,8005809,8003292,8000050,;602
2021-12-16T18:11:00.000Z;Bohmte;RE;RE 9;9;14067;8001071;8001071%2021-12-16T18:11:00.000Z%,8000294,;602
2021-12-16T18:46:00.000Z;Bohmte;RE;RE 9;9;4464;8001071;8001071%2021-12-16T18:46:00.000Z%,8003632,8001443,8000807,8005929,8000354,8005809,8003292,8000050,8004702,8000051,8001168,;602
2021-12-16T19:11:00.000Z;Bohmte;RE;RE 9;9;4465;8001071;8001071%2021-12-16T19:11:00.000Z%,8000294,;602
2021-12-16T19:46:00.000Z;Bohmte;RE;RE 9;9;14066;8001071;8001071%2021-12-16T19:46:00.000Z%,8003632,8001443,8000807,8005929,8000354,8005809,8003292,8000050,;602
2021-12-15T20:28:00.000Z;Bonn UN Campus;RB;RB 26;26;25438;8001091;8001091%2021-12-15T20:28:00.000Z%0,8000044,8005152,8005499,8001215,8003160,8003361,8003363,8000207,;426
2021-12-15T20:30:00.000Z;Bonn UN Campus;RB;RB 26;26;25441;8001091;8001091%2021-12-15T20:30:00.000Z%0,8001082,8001085,8005153,8004604,8000310,8005580,8000694,8001186,8004200,8000331,8006303,8006035,8003352,8003341,8000206,8005070,8005622,8000045,8000742,8002861,8005645,8004601,8000683,8004379,8005896,8000039,;426
2021-12-15T20:50:00.000Z;Bonn UN Campus;RB;RB 48;48;32486;8001091;8001091%2021-12-15T20:50:00.000Z%0,8000044,8005152,8005499,8001215,8003160,8003361,8003363,8000207,;426
2021-12-15T20:51:00.000Z;Bonn UN Campus;RB;RB 30;30;10880;8001091;8001091%2021-12-15T20:51:00.000Z%,8001082,8001085,8004604,8000310,8001049,8002711,8000729,8000448,8000449,8006191,;426
2021-12-15T20:59:00.000Z;Bonn UN Campus;RE;RE 5;5;28533;8001091;8001091%2021-12-15T21:02:00.000Z%3,8001082,8004604,8000310,8005580,8000694,8000331,8003341,8000206,;602
2021-12-15T20:59:00.000Z;Bonn UN Campus;RE;RE 5;5;28536;8001091;8001091%2021-12-15T20:59:00.000Z%0,8000044,8001215,8003361,8000207,;602
2021-12-15T21:11:00.000Z;Bonn UN Campus;RB;RB 48;48;32487;8001091;8001091%2021-12-15T21:11:00.000Z%0,8001082,8001085,;426
2021-12-15T21:28:00.000Z;Bonn UN Campus;RB;RB 26;26;25440;8001091;8001091%2021-12-15T21:28:00.000Z%0,8000044,8005152,8005499,8001215,8003160,8003361,8003363,8000207,;426
2021-12-15T21:30:00.000Z;Bonn UN Campus;RB;RB 26;26;25443;8001091;8001091%2021-12-15T21:30:00.000Z%0,8001082,8001085,8005153,8004604,8000310,8005580,8000694,8001186,8004200,8000331,8006303,8006035,8003352,8003341,8000206,;426
2021-12-15T21:50:00.000Z;Bonn UN Campus;RB;RB 48;48;32490;8001091;8001091%2021-12-15T21:50:00.000Z%0,8000044,8005152,8005499,8001215,8003160,8003361,8003363,8000207,8003368,8000209,8003669,8000853,8003616,8000087,;426
2021-12-15T21:51:00.000Z;Bonn UN Campus;RB;RB 30;30;10882;8001091;8001091%2021-12-15T21:51:00.000Z%,8001082,8001085,8004604,8000310,8001049,8002711,8000729,8000448,8000449,8006191,;426
2021-12-15T21:59:00.000Z;Bonn UN Campus;RE;RE 5;5;28535;8001091;8001091%2021-12-15T21:59:00.000Z%0,8001082,8004604,8000310,8005580,8000694,8000331,8003341,8000206,;602
2021-12-15T21:59:00.000Z;Bonn UN Campus;RE;RE 5;5;28538;8001091;8001091%2021-12-15T21:59:00.000Z%,8000044,8001215,8003361,8000207,;602
2021-12-15T22:10:00.000Z;Bonn UN Campus;RB;RB 48;48;32491;8001091;8001091%2021-12-15T22:10:00.000Z%,8001082,8001085,;426
2021-12-15T22:28:00.000Z;Bonn UN Campus;RB;RB 26;26;25442;8001091;8001091%2021-12-15T22:28:00.000Z%0,8000044,8005152,8005499,8001215,8003160,8003361,8003363,8000207,;426
2021-12-15T22:30:00.000Z;Bonn UN Campus;RB;RB 26;26;25445;8001091;8001091%2021-12-15T22:30:00.000Z%0,8001082,8001085,8005153,8004604,8000310,8005580,8000694,8001186,8004200,8000331,8006303,8006035,8003352,8003341,8000206,;426
2021-12-15T22:50:00.000Z;Bonn UN Campus;RB;RB 48;48;32494;8001091;8001091%2021-12-15T22:50:00.000Z%,8000044,8005152,8005499,8001215,8003160,8003361,8003363,8000207,;426
2021-12-15T23:11:00.000Z;Bonn UN Campus;RB;RB 48;48;32495;8001091;8001091%2021-12-15T23:11:00.000Z%,8001082,8001085,;426
2021-12-15T23:28:00.000Z;Bonn UN Campus;RB;RB 26;26;25444;8001091;8001091%2021-12-15T23:28:00.000Z%0,8000044,8005152,8005499,8001215,8003160,8003361,8003363,8000207,;426
2021-12-15T23:30:00.000Z;Bonn UN Campus;RB;RB 26;26;25447;8001091;8001091%2021-12-15T23:30:00.000Z%0,8001082,8001085,8005153,8004604,8000310,8005580,8000694,8001186,8004200,8000331,8006303,8006035,8003352,8003341,8000206,;426
2021-12-15T23:50:00.000Z;Bonn UN Campus;RB;RB 48;48;32498;8001091;8001091%2021-12-15T23:50:00.000Z%,8000044,8005152,8005499,8001215,8003160,8003361,8003363,8000207,;426
2021-12-16T00:11:00.000Z;Bonn UN Campus;RB;RB 48;48;32499;8001091;8001091%2021-12-16T00:11:00.000Z%,8001082,8001085,;426
2021-12-16T00:28:00.000Z;Bonn UN Campus;RB;RB 26;26;25446;8001091;8001091%2021-12-16T00:28:00.000Z%0,8000044,8005152,8005499,8001215,8003160,8003361,8003363,8000207,;426
2021-12-16T00:29:00.000Z;Bonn UN Campus;RB;RB 26;26;25401;8001091;8001091%2021-12-16T00:30:00.000Z%1,8001082,8001085,8005153,8004604,8000310,;426
2021-12-16T01:30:00.000Z;Bonn UN Campus;RB;RB 26;26;25403;8001091;8001091%2021-12-16T01:30:00.000Z%0,8001082,8001085,8005153,8004604,8000310,;426
2021-12-16T03:28:00.000Z;Bonn UN Campus;RB;RB 26;26;25404;8001091;8001091%2021-12-16T03:28:00.000Z%,8000044,8005152,8005499,8001215,8003160,8003361,8003363,8000207,;426
2021-12-16T03:47:00.000Z;Bonn UN Campus;RB;RB 48;48;32406;8001091;8001091%2021-12-16T03:47:00.000Z%,8000044,8005152,8005499,8001215,8003160,8003361,8003363,8000207,;426
2021-12-16T04:11:00.000Z;Bonn UN Campus;RB;RB 48;48;32403;8001091;8001091%2021-12-16T04:11:00.000Z%,8001082,8001085,;426
2021-12-16T04:28:00.000Z;Bonn UN Campus;RB;RB 26;26;25406;8001091;8001091%2021-12-16T04:28:00.000Z%,8000044,8005152,8005499,8001215,8003160,8003361,8003363,8000207,;426
2021-12-16T04:30:00.000Z;Bonn UN Campus;RB;RB 26;26;25409;8001091;8001091%2021-12-16T04:30:00.000Z%,8001082,8001085,8005153,8004604,8000310,8005580,8000694,8001186,8004200,8000331,8006303,8006035,8003352,8003341,8000206,8005070,8005622,8000045,8000742,8002861,8005645,8004601,8000683,8004379,8005896,8000039,8000976,8000975,8000375,8003075,8002692,8005950,8001237,8003821,8000240,;426
2021-12-16T04:49:00.000Z;Bonn UN Campus;RB;RB 48;48;32410;8001091;8001091%2021-12-16T04:49:00.000Z%,8000044,8005152,8005499,8001215,8003160,8003361,8003363,8000207,;426
2021-12-16T04:52:00.000Z;Bonn UN Campus;RB;RB 30;30;10851;8001091;8001091%2021-12-16T04:52:00.000Z%,8000044,8001088,8001081,8001084,8000495,8006516,8003937,8003931,8005057,8005058,;426
2021-12-16T04:59:00.000Z;Bonn UN Campus;RE;RE 5;5;28501;8001091;8001091%2021-12-16T04:59:00.000Z%,8001082,8004604,8000310,8005580,8000694,8000331,8003341,8000206,;602
2021-12-16T04:59:00.000Z;Bonn UN Campus;RE;RE 5;5;28504;8001091;8001091%2021-12-16T04:59:00.000Z%,8000044,8001215,8003361,8000207,8000209,8006713,8001584,8000085,8000082,8000086,8000286,;602
2021-12-16T05:11:00.000Z;Bonn UN Campus;RB;RB 48;48;32409;8001091;8001091%2021-12-16T05:11:00.000Z%,8001082,8001085,;426
2021-12-16T05:28:00.000Z;Bonn UN Campus;RB;RB 26;26;25408;8001091;8001091%2021-12-16T05:28:00.000Z%,8000044,8005152,8005499,8001215,8003160,8003361,8003363,8000207,;426
2021-12-16T05:30:00.000Z;Bonn UN Campus;RB;RB 26;26;25411;8001091;8001091%2021-12-16T05:30:00.000Z%,8001082,8001085,8005153,8004604,8000310,8005580,8000694,8001186,8004200,8000331,8006303,8006035,8003352,8003341,8000206,8005070,8005622,8000045,8000742,8002861,8005645,8004601,8000683,8004379,8005896,8000039,8000976,8000975,8000375,8003075,8002692,8005950,8001237,8003821,8000240,;426
2021-12-16T05:50:00.000Z;Bonn UN Campus;RB;RB 48;48;32416;8001091;8001091%2021-12-16T05:50:00.000Z%,8000044,8005152,8005499,8001215,8003160,8003361,8003363,8000207,;426
2021-12-16T05:59:00.000Z;Bonn UN Campus;RE;RE 5;5;28503;8001091;8001091%2021-12-16T05:59:00.000Z%,8001082,8004604,8000310,8005580,8000694,8000331,8003341,8000206,;602
2021-12-16T05:59:00.000Z;Bonn UN Campus;RE;RE 5;5;28506;8001091;8001091%2021-12-16T05:59:00.000Z%,8000044,8001215,8003361,8000207,8000209,8006713,8001584,8000085,8000082,8000086,8000286,;602
2021-12-16T06:09:00.000Z;Bonn UN Campus;RB;RB 30;30;10853;8001091;8001091%2021-12-16T06:09:00.000Z%,8000044,;426
2021-12-16T06:11:00.000Z;Bonn UN Campus;RB;RB 48;48;32413;8001091;8001091%2021-12-16T06:11:00.000Z%,8001082,8001085,;426
2021-12-16T06:28:00.000Z;Bonn UN Campus;RB;RB 26;26;25410;8001091;8001091%2021-12-16T06:28:00.000Z%,8000044,8005152,8005499,8001215,8003160,8003361,8003363,8000207,;426
2021-12-16T06:30:00.000Z;Bonn UN Campus;RB;RB 26;26;25413;8001091;8001091%2021-12-16T06:30:00.000Z%,8001082,8001085,8005153,8004604,8000310,8005580,8000694,8001186,8004200,8000331,8006303,8006035,8003352,8003341,8000206,8005070,8005622,8000045,8000742,8002861,8005645,8004601,8000683,8004379,8005896,8000039,8000976,8000975,8000375,8003075,8002692,8005950,8001237,8003821,8000240,;426
2021-12-16T06:50:00.000Z;Bonn UN Campus;RB;RB 48;48;32420;8001091;8001091%2021-12-16T06:50:00.000Z%,8000044,8005152,8005499,8001215,8003160,8003361,8003363,8000207,;426
2021-12-16T06:51:00.000Z;Bonn UN Campus;RB;RB 30;30;10852;8001091;8001091%2021-12-16T06:51:00.000Z%,8001082,8001085,8004604,8000310,8001049,8002711,8000729,8000448,8000449,8006191,;426
2021-12-16T06:59:00.000Z;Bonn UN Campus;RE;RE 5;5;28505;8001091;8001091%2021-12-16T06:59:00.000Z%,8001082,8004604,8000310,8005580,8000694,8000331,8003341,8000206,;602
2021-12-16T06:59:00.000Z;Bonn UN Campus;RE;RE 5;5;28508;8001091;8001091%2021-12-16T06:59:00.000Z%,8000044,8001215,8003361,8000207,8000209,8006713,8001584,8000085,8000082,8000086,8000286,;602
2021-12-16T07:09:00.000Z;Bonn UN Campus;RB;RB 30;30;10855;8001091;8001091%2021-12-16T07:09:00.000Z%,8000044,;426
2021-12-16T07:11:00.000Z;Bonn UN Campus;RB;RB 48;48;32417;8001091;8001091%2021-12-16T07:11:00.000Z%,8001082,8001085,;426
2021-12-16T07:28:00.000Z;Bonn UN Campus;RB;RB 26;26;25412;8001091;8001091%2021-12-16T07:28:00.000Z%,8000044,8005152,8005499,8001215,8003160,8003361,8003363,8000207,;426
2021-12-16T07:30:00.000Z;Bonn UN Campus;RB;RB 26;26;25415;8001091;8001091%2021-12-16T07:30:00.000Z%,8001082,8001085,8005153,8004604,8000310,8005580,8000694,8001186,8004200,8000331,8006303,8006035,8003352,8003341,8000206,8005070,8005622,8000045,8000742,8002861,8005645,8004601,8000683,8004379,8005896,8000039,8000976,8000975,8000375,8003075,8002692,8005950,8001237,8003821,8000240,;426
2021-12-16T07:50:00.000Z;Bonn UN Campus;RB;RB 48;48;32426;8001091;8001091%2021-12-16T07:50:00.000Z%,8000044,8005152,8005499,8001215,8003160,8003361,8003363,8000207,;426
2021-12-16T07:51:00.000Z;Bonn UN Campus;RB;RB 30;30;10854;8001091;8001091%2021-12-16T07:51:00.000Z%,8001082,8001085,8004604,8000310,8001049,8002711,8000729,8000448,8000449,8006191,;426
2021-12-16T07:59:00.000Z;Bonn UN Campus;RE;RE 5;5;28507;8001091;8001091%2021-12-16T07:59:00.000Z%,8001082,8004604,8000310,8005580,8000694,8000331,8003341,8000206,;602
2021-12-16T07:59:00.000Z;Bonn UN Campus;RE;RE 5;5;28510;8001091;8001091%2021-12-16T07:59:00.000Z%,8000044,8001215,8003361,8000207,8000209,8006713,8001584,8000085,8000082,8000086,8000286,;602
2021-12-16T08:09:00.000Z;Bonn UN Campus;RB;RB 30;30;10857;8001091;8001091%2021-12-16T08:09:00.000Z%,8000044,;426
2021-12-16T08:11:00.000Z;Bonn UN Campus;RB;RB 48;48;32423;8001091;8001091%2021-12-16T08:11:00.000Z%,8001082,8001085,;426
2021-12-16T08:28:00.000Z;Bonn UN Campus;RB;RB 26;26;25414;8001091;8001091%2021-12-16T08:28:00.000Z%,8000044,8005152,8005499,8001215,8003160,8003361,8003363,8000207,;426
2021-12-16T08:30:00.000Z;Bonn UN Campus;RB;RB 26;26;25417;8001091;8001091%2021-12-16T08:30:00.000Z%,8001082,8001085,8005153,8004604,8000310,8005580,8000694,8001186,8004200,8000331,8006303,8006035,8003352,8003341,8000206,8005070,8005622,8000045,8000742,8002861,8005645,8004601,8000683,8004379,8005896,8000039,8000976,8000975,8000375,8003075,8002692,8005950,8001237,8003821,8000240,;426
2021-12-16T08:50:00.000Z;Bonn UN Campus;RB;RB 48;48;32432;8001091;8001091%2021-12-16T08:50:00.000Z%,8000044,8005152,8005499,8001215,8003160,8003361,8003363,8000207,;426
2021-12-16T08:51:00.000Z;Bonn UN Campus;RB;RB 30;30;10856;8001091;8001091%2021-12-16T08:51:00.000Z%,8001082,8001085,8004604,8000310,8001049,8002711,8000729,8000448,8000449,8006191,;426
2021-12-16T08:59:00.000Z;Bonn UN Campus;RE;RE 5;5;28509;8001091;8001091%2021-12-16T08:59:00.000Z%,8001082,8004604,8000310,8005580,8000694,8000331,8003341,8000206,;602
2021-12-16T08:59:00.000Z;Bonn UN Campus;RE;RE 5;5;28512;8001091;8001091%2021-12-16T08:59:00.000Z%,8000044,8001215,8003361,8000207,8000209,8006713,8001584,8000085,8000082,8000086,8000286,;602
2021-12-16T09:09:00.000Z;Bonn UN Campus;RB;RB 30;30;10859;8001091;8001091%2021-12-16T09:09:00.000Z%,8000044,;426
2021-12-16T09:11:00.000Z;Bonn UN Campus;RB;RB 48;48;32429;8001091;8001091%2021-12-16T09:11:00.000Z%,8001082,8001085,;426
2021-12-16T09:30:00.000Z;Bonn UN Campus;RB;RB 26;26;25419;8001091;8001091%2021-12-16T09:30:00.000Z%,8001082,8001085,8005153,8004604,8000310,8005580,8000694,8001186,8004200,8000331,8006303,8006035,8003352,8003341,8000206,8005070,8005622,8000045,8000742,8002861,8005645,8004601,8000683,8004379,8005896,8000039,8000976,8000975,8000375,8003075,8002692,8005950,8001237,8003821,8000240,;426
2021-12-16T09:31:00.000Z;Bonn UN Campus;RB;RB 26;26;25416;8001091;8001091%2021-12-16T09:31:00.000Z%,8000044,8005152,8005499,8001215,8003160,8003361,8003363,8000207,;426
2021-12-16T09:50:00.000Z;Bonn UN Campus;RB;RB 48;48;32438;8001091;8001091%2021-12-16T09:50:00.000Z%,8000044,8005152,8005499,8001215,8003160,8003361,8003363,8000207,;426
2021-12-16T09:51:00.000Z;Bonn UN Campus;RB;RB 30;30;10858;8001091;8001091%2021-12-16T09:51:00.000Z%,8001082,8001085,8004604,8000310,8001049,8002711,8000729,8000448,8000449,8006191,;426
2021-12-16T09:59:00.000Z;Bonn UN Campus;RE;RE 5;5;28511;8001091;8001091%2021-12-16T09:59:00.000Z%,8001082,8004604,8000310,8005580,8000694,8000331,8003341,8000206,;602
2021-12-16T09:59:00.000Z;Bonn UN Campus;RE;RE 5;5;28514;8001091;8001091%2021-12-16T09:59:00.000Z%,8000044,8001215,8003361,8000207,8000209,8006713,8001584,8000085,8000082,8000086,8000286,;602
2021-12-16T10:09:00.000Z;Bonn UN Campus;RB;RB 30;30;10861;8001091;8001091%2021-12-16T10:09:00.000Z%,8000044,;426
2021-12-16T10:11:00.000Z;Bonn UN Campus;RB;RB 48;48;32435;8001091;8001091%2021-12-16T10:11:00.000Z%,8001082,8001085,;426
2021-12-16T10:28:00.000Z;Bonn UN Campus;RB;RB 26;26;25418;8001091;8001091%2021-12-16T10:28:00.000Z%,8000044,8005152,8005499,8001215,8003160,8003361,8003363,8000207,;426
2021-12-16T10:30:00.000Z;Bonn UN Campus;RB;RB 26;26;25421;8001091;8001091%2021-12-16T10:30:00.000Z%,8001082,8001085,8005153,8004604,8000310,8005580,8000694,8001186,8004200,8000331,8006303,8006035,8003352,8003341,8000206,8005070,8005622,8000045,8000742,8002861,8005645,8004601,8000683,8004379,8005896,8000039,8000976,8000975,8000375,8003075,8002692,8005950,8001237,8003821,8000240,;426
2021-12-16T10:50:00.000Z;Bonn UN Campus;RB;RB 48;48;32444;8001091;8001091%2021-12-16T10:50:00.000Z%,8000044,8005152,8005499,8001215,8003160,8003361,8003363,8000207,;426
2021-12-16T10:51:00.000Z;Bonn UN Campus;RB;RB 30;30;10860;8001091;8001091%2021-12-16T10:51:00.000Z%,8001082,8001085,8004604,8000310,8001049,8002711,8000729,8000448,8000449,8006191,;426
2021-12-16T10:59:00.000Z;Bonn UN Campus;RE;RE 5;5;28516;8001091;8001091%2021-12-16T10:59:00.000Z%,8000044,8001215,8003361,8000207,8000209,8006713,8001584,8000085,8000082,8000086,8000286,;602
2021-12-16T10:59:00.000Z;Bonn UN Campus;RE;RE 5;5;28513;8001091;8001091%2021-12-16T10:59:00.000Z%,8001082,8004604,8000310,8005580,8000694,8000331,8003341,8000206,;602
2021-12-16T11:09:00.000Z;Bonn UN Campus;RB;RB 30;30;10863;8001091;8001091%2021-12-16T11:09:00.000Z%,8000044,;426
2021-12-16T11:11:00.000Z;Bonn UN Campus;RB;RB 48;48;32441;8001091;8001091%2021-12-16T11:11:00.000Z%,8001082,8001085,;426
2021-12-16T11:28:00.000Z;Bonn UN Campus;RB;RB 26;26;25420;8001091;8001091%2021-12-16T11:28:00.000Z%,8000044,8005152,8005499,8001215,8003160,8003361,8003363,8000207,;426
2021-12-16T11:30:00.000Z;Bonn UN Campus;RB;RB 26;26;25423;8001091;8001091%2021-12-16T11:30:00.000Z%,8001082,8001085,8005153,8004604,8000310,8005580,8000694,8001186,8004200,8000331,8006303,8006035,8003352,8003341,8000206,8005070,8005622,8000045,8000742,8002861,8005645,8004601,8000683,8004379,8005896,8000039,8000976,8000975,8000375,8003075,8002692,8005950,8001237,8003821,8000240,;426
2021-12-16T11:50:00.000Z;Bonn UN Campus;RB;RB 48;48;32450;8001091;8001091%2021-12-16T11:50:00.000Z%,8000044,8005152,8005499,8001215,8003160,8003361,8003363,8000207,;426
2021-12-16T11:51:00.000Z;Bonn UN Campus;RB;RB 30;30;10862;8001091;8001091%2021-12-16T11:51:00.000Z%,8001082,8001085,8004604,8000310,8001049,8002711,8000729,8000448,8000449,8006191,;426
2021-12-16T11:59:00.000Z;Bonn UN Campus;RE;RE 5;5;28515;8001091;8001091%2021-12-16T11:59:00.000Z%,8001082,8004604,8000310,8005580,8000694,8000331,8003341,8000206,;602
2021-12-16T11:59:00.000Z;Bonn UN Campus;RE;RE 5;5;28518;8001091;8001091%2021-12-16T11:59:00.000Z%,8000044,8001215,8003361,8000207,8000209,8006713,8001584,8000085,8000082,8000086,8000286,;602
2021-12-16T12:09:00.000Z;Bonn UN Campus;RB;RB 30;30;10865;8001091;8001091%2021-12-16T12:09:00.000Z%,8000044,;426
2021-12-16T12:11:00.000Z;Bonn UN Campus;RB;RB 48;48;32447;8001091;8001091%2021-12-16T12:11:00.000Z%,8001082,8001085,;426
2021-12-16T12:28:00.000Z;Bonn UN Campus;RB;RB 26;26;25422;8001091;8001091%2021-12-16T12:28:00.000Z%,8000044,8005152,8005499,8001215,8003160,8003361,8003363,8000207,;426
2021-12-16T12:31:00.000Z;Bonn UN Campus;RB;RB 26;26;25425;8001091;8001091%2021-12-16T12:31:00.000Z%,8001082,8001085,8005153,8004604,8000310,8005580,8000694,8001186,8004200,8000331,8006303,8006035,8003352,8003341,8000206,8005070,8005622,8000045,8000742,8002861,8005645,8004601,8000683,8004379,8005896,8000039,8000976,8000975,8000375,8003075,8002692,8005950,8001237,8003821,8000240,;426
2021-12-16T12:50:00.000Z;Bonn UN Campus;RB;RB 48;48;32454;8001091;8001091%2021-12-16T12:50:00.000Z%,8000044,8005152,8005499,8001215,8003160,8003361,8003363,8000207,;426
2021-12-16T12:51:00.000Z;Bonn UN Campus;RB;RB 30;30;10864;8001091;8001091%2021-12-16T12:51:00.000Z%,8001082,8001085,8004604,8000310,8001049,8002711,8000729,8000448,8000449,8006191,;426
2021-12-16T12:59:00.000Z;Bonn UN Campus;RE;RE 5;5;28520;8001091;8001091%2021-12-16T12:59:00.000Z%,8000044,8001215,8003361,8000207,8000209,8006713,8001584,8000085,8000082,8000086,8000286,;602
2021-12-16T12:59:00.000Z;Bonn UN Campus;RE;RE 5;5;28517;8001091;8001091%2021-12-16T12:59:00.000Z%,8001082,8004604,8000310,8005580,8000694,8000331,8003341,8000206,;602
2021-12-16T13:09:00.000Z;Bonn UN Campus;RB;RB 30;30;10867;8001091;8001091%2021-12-16T13:09:00.000Z%,8000044,;426
2021-12-16T13:11:00.000Z;Bonn UN Campus;RB;RB 48;48;32453;8001091;8001091%2021-12-16T13:11:00.000Z%,8001082,8001085,;426
2021-12-16T13:29:00.000Z;Bonn UN Campus;RB;RB 26;26;25424;8001091;8001091%2021-12-16T13:29:00.000Z%,8000044,8005152,8005499,8001215,8003160,8003361,8003363,8000207,;426
2021-12-16T13:30:00.000Z;Bonn UN Campus;RB;RB 26;26;25427;8001091;8001091%2021-12-16T13:30:00.000Z%,8001082,8001085,8005153,8004604,8000310,8005580,8000694,8001186,8004200,8000331,8006303,8006035,8003352,8003341,8000206,8005070,8005622,8000045,8000742,8002861,8005645,8004601,8000683,8004379,8005896,8000039,8000976,8000975,8000375,8003075,8002692,8005950,8001237,8003821,8000240,;426
2021-12-15T22:18:00.000Z;Bremen-Sebaldsbrück;RE;RE 1;1;4439;8001164;8001164%2021-12-15T22:20:00.000Z%2,8001160,8000413,8000773,8001924,8000586,8006076,8001489,8001949,8000279,8004322,8000268,8000152,;602
2021-12-15T22:42:00.000Z;Bremen-Sebaldsbrück;RE;RE 8;8;4442;8001164;8001164%2021-12-15T22:42:00.000Z%,8000050,;602
2021-12-15T23:18:00.000Z;Bremen-Sebaldsbrück;RE;RE 8;8;4445;8001164;8001164%2021-12-15T23:18:00.000Z%,8001160,8000413,8000773,8001924,8000586,8006076,8001489,8001949,8000279,8004322,8000268,8000152,;602
2021-12-15T23:42:00.000Z;Bremen-Sebaldsbrück;RE;RE 1;1;4444;8001164;8001164%2021-12-15T23:42:00.000Z%,8000050,;602
2021-12-16T00:42:00.000Z;Bremen-Sebaldsbrück;RE;RE 8;8;4440;8001164;8001164%2021-12-16T00:42:00.000Z%,8000050,;602
2021-12-16T03:13:00.000Z;Bremen-Sebaldsbrück;RE;RE 8;8;4441;8001164;8001164%2021-12-16T03:13:00.000Z%,8001160,8000413,8000773,8001924,8000586,8006076,8001489,8001949,8000279,8004322,8000268,8000152,;602
2021-12-15T20:23:00.000Z;Bremerhaven-Lehe;RE;RE 8;8;4437;8001168;8001168%2021-12-15T20:23:00.000Z%0,8000051,8004702,8000050,8001160,8000413,8006076,8001489,8001949,8000279,8004322,8000268,8000152,;602
2021-12-16T04:23:00.000Z;Bremerhaven-Lehe;RE;RE 8;8;4405;8001168;8001168%2021-12-16T04:23:00.000Z%,8000051,8004702,8000050,8001160,8000413,8006076,8001489,8001949,8000279,8004322,8000268,8000152,;602
2021-12-16T05:23:00.000Z;Bremerhaven-Lehe;RE;RE 9;9;4453;8001168;8001168%2021-12-16T05:23:00.000Z%,8000051,8004702,8000050,8003292,8005809,8000354,8005929,8000807,8001443,8003632,8001071,8000294,;602
2021-12-16T06:23:00.000Z;Bremerhaven-Lehe;RE;RE 8;8;4409;8001168;8001168%2021-12-16T06:23:00.000Z%,8000051,8004702,8000050,8001160,8000413,8006076,8001489,8001949,8000279,8004322,8000268,8000152,;602
2021-12-16T07:23:00.000Z;Bremerhaven-Lehe;RE;RE 9;9;4455;8001168;8001168%2021-12-16T07:23:00.000Z%,8000051,8004702,8000050,8003292,8005809,8000354,8005929,8000807,8001443,8003632,8001071,8000294,;602
2021-12-16T08:23:00.000Z;Bremerhaven-Lehe;RE;RE 8;8;4413;8001168;8001168%2021-12-16T08:23:00.000Z%,8000051,8004702,8000050,8001160,8000413,8006076,8001489,8001949,8000279,8004322,8000268,8000152,;602
2021-12-16T09:04:00.000Z;Bremerhaven-Lehe;IC;IC 2201;35;2201;8001168;8001168%2021-12-16T09:04:00.000Z%,8000051,8004702,8000050,8000294,8000263,8000307,8000192,8000118,8000286,8000086,8000085,8000207,;468
2021-12-16T09:23:00.000Z;Bremerhaven-Lehe;RE;RE 9;9;4457;8001168;8001168%2021-12-16T09:23:00.000Z%,8000051,8004702,8000050,8003292,8005809,8000354,8005929,8000807,8001443,8003632,8001071,8000294,;602
2021-12-16T10:23:00.000Z;Bremerhaven-Lehe;RE;RE 8;8;4417;8001168;8001168%2021-12-16T10:23:00.000Z%,8000051,8004702,8000050,8001160,8000413,8006076,8001489,8001949,8000279,8004322,8000268,8000152,;602
2021-12-16T11:23:00.000Z;Bremerhaven-Lehe;RE;RE 9;9;4459;8001168;8001168%2021-12-16T11:23:00.000Z%,8000051,8004702,8000050,8003292,8005809,8000354,8005929,8000807,8001443,8003632,8001071,8000294,;602
2021-12-16T12:23:00.000Z;Bremerhaven-Lehe;RE;RE 8;8;4421;8001168;8001168%2021-12-16T12:23:00.000Z%,8000051,8004702,8000050,8001160,8000413,8006076,8001489,8001949,8000279,8004322,8000268,8000152,;602
2021-12-16T13:23:00.000Z;Bremerhaven-Lehe;RE;RE 9;9;4461;8001168;8001168%2021-12-16T13:23:00.000Z%,8000051,8004702,8000050,8001157,8003292,8005809,8000354,8005929,8000807,8001443,8003632,8001071,8000294,;602
2021-12-16T14:23:00.000Z;Bremerhaven-Lehe;RE;RE 8;8;4425;8001168;8001168%2021-12-16T14:23:00.000Z%,8000051,8004702,8000050,8001160,8000413,8006076,8001489,8001949,8000279,8004322,8000268,8000152,;602
2021-12-16T15:23:00.000Z;Bremerhaven-Lehe;RE;RE 9;9;4463;8001168;8001168%2021-12-16T15:23:00.000Z%,8000051,8004702,8000050,8003292,8005809,8000354,8005929,8000807,8001443,8003632,8001071,8000294,;602
2021-12-16T16:23:00.000Z;Bremerhaven-Lehe;RE;RE 8;8;4429;8001168;8001168%2021-12-16T16:23:00.000Z%,8000051,8004702,8000050,8001160,8000413,8006076,8001489,8001949,8000279,8004322,8000268,8000152,;602
2021-12-16T17:23:00.000Z;Bremerhaven-Lehe;RE;RE 9;9;4465;8001168;8001168%2021-12-16T17:23:00.000Z%,8000051,8004702,8000050,8003292,8005809,8000354,8005929,8000807,8001443,8003632,8001071,8000294,;602
2021-12-16T18:23:00.000Z;Bremerhaven-Lehe;RE;RE 8;8;4433;8001168;8001168%2021-12-16T18:23:00.000Z%,8000051,8004702,8000050,8001160,8000413,8006076,8001489,8001949,8000279,8004322,8000268,8000152,;602
2021-12-15T22:31:00.000Z;Creidlitz;RE;RE 49;49;4936;8001347;8001347%2021-12-15T22:31:00.000Z%0,8001338,8001334,8001484,8004633,8005122,8004064,8004325,8013008,;602
2021-12-15T23:21:00.000Z;Creidlitz;RE;RE 49;49;4938;8001347;8001347%2021-12-15T23:21:00.000Z%,8001338,;602
2021-12-16T03:51:00.000Z;Creidlitz;RE;RE 49;49;4939;8001347;8001347%2021-12-16T03:51:00.000Z%,8002434,8001636,8005391,8000228,8005670,8001623,8006634,8001640,8001149,8002542,8000025,8002853,8002024,8001844,8000114,8000284,;602
2021-12-16T04:12:00.000Z;Creidlitz;RE;RE 49;49;4949;8001347;8001347%2021-12-16T04:12:00.000Z%,8002434,8001636,8005391,8000228,8005670,8001623,8006634,8001640,8001149,8002542,8000025,8002853,8002024,8001844,8000114,8000284,;602
2021-12-16T04:28:00.000Z;Creidlitz;RE;RE 49;49;59398;8001347;8001347%2021-12-16T04:28:00.000Z%,8001338,;602
2021-12-16T05:09:00.000Z;Creidlitz;RE;RE 49;49;59399;8001347;8001347%2021-12-16T05:09:00.000Z%,8002434,8001636,8005391,8000228,;602
2021-12-16T05:40:00.000Z;Creidlitz;RE;RE 49;49;59351;8001347;8001347%2021-12-16T05:40:00.000Z%,8002434,8001636,8005391,8000228,;602
2021-12-16T06:20:00.000Z;Creidlitz;RE;RE 49;49;59354;8001347;8001347%2021-12-16T06:20:00.000Z%,8001338,8001334,8001484,8004633,8005122,8004064,8004325,8013008,;602
2021-12-16T06:33:00.000Z;Creidlitz;RE;RE 49;49;4923;8001347;8001347%2021-12-16T06:33:00.000Z%,8002434,8001636,8005391,8000228,8005670,8001149,8000025,8002853,8002024,8001844,8000114,8000284,;602
2021-12-16T12:36:00.000Z;Creidlitz;RE;RE 49;49;4929;8001347;8001347%2021-12-16T12:36:00.000Z%,8002434,8001636,8005391,8000228,8005670,8001149,8000025,8002853,8002024,8001844,8000114,8000284,;602
2021-12-16T13:21:00.000Z;Creidlitz;RE;RE 49;49;4928;8001347;8001347%2021-12-16T13:21:00.000Z%,8001338,8001334,8001484,8004633,8005122,8004064,8004325,8013008,;602
2021-12-15T20:22:00.000Z;Dülken;RE;RE 13;13;20097;8001571;8001571%2021-12-15T20:22:00.000Z%,8000174,8000253,;602
2021-12-15T20:38:00.000Z;Dülken;RE;RE 13;13;20092;8001571;8001571%2021-12-15T20:38:00.000Z%,8001072,8001180,8000190,8400644,;602
2021-12-15T21:22:00.000Z;Dülken;RE;RE 13;13;20099;8001571;8001571%2021-12-15T21:22:00.000Z%,8000174,8000253,;602
2021-12-15T21:38:00.000Z;Dülken;RE;RE 13;13;20094;8001571;8001571%2021-12-15T21:38:00.000Z%,8001072,8001180,8000190,8400644,;602
2021-12-16T04:22:00.000Z;Dülken;RE;RE 13;13;20065;8001571;8001571%2021-12-16T04:22:00.000Z%,8000174,8000253,;602
2021-12-16T04:38:00.000Z;Dülken;RE;RE 13;13;20060;8001571;8001571%2021-12-16T04:38:00.000Z%,8001072,8001180,8000190,8400644,;602
2021-12-16T05:13:00.000Z;Dülken;RE;RE 8;8;10807;8001571;8001571%2021-12-16T05:13:00.000Z%,8000174,8000253,8000318,8005073,8000390,8003130,8000133,8005159,8005746,8004898,8000208,8000207,;602
2021-12-16T05:22:00.000Z;Dülken;RE;RE 13;13;20067;8001571;8001571%2021-12-16T05:22:00.000Z%,8000174,8000253,;602
2021-12-16T05:38:00.000Z;Dülken;RE;RE 13;13;20062;8001571;8001571%2021-12-16T05:38:00.000Z%,8001072,8001180,8000190,8400644,;602
2021-12-16T06:22:00.000Z;Dülken;RE;RE 13;13;20069;8001571;8001571%2021-12-16T06:22:00.000Z%,8000174,8000253,;602
2021-12-16T06:38:00.000Z;Dülken;RE;RE 13;13;20064;8001571;8001571%2021-12-16T06:38:00.000Z%,8001072,8001180,8000190,8400644,;602
2021-12-16T07:22:00.000Z;Dülken;RE;RE 13;13;20071;8001571;8001571%2021-12-16T07:22:00.000Z%,8000174,8000253,;602
2021-12-16T07:38:00.000Z;Dülken;RE;RE 13;13;20066;8001571;8001571%2021-12-16T07:38:00.000Z%,8001072,8001180,8000190,8400644,;602
2021-12-16T08:22:00.000Z;Dülken;RE;RE 13;13;20073;8001571;8001571%2021-12-16T08:22:00.000Z%,8000174,8000253,;602
2021-12-16T08:38:00.000Z;Dülken;RE;RE 13;13;20068;8001571;8001571%2021-12-16T08:38:00.000Z%,8001072,8001180,8000190,8400644,;602
2021-12-16T09:22:00.000Z;Dülken;RE;RE 13;13;20075;8001571;8001571%2021-12-16T09:22:00.000Z%,8000174,8000253,;602
2021-12-16T09:38:00.000Z;Dülken;RE;RE 13;13;20070;8001571;8001571%2021-12-16T09:38:00.000Z%,8001072,8001180,8000190,8400644,;602
2021-12-16T10:22:00.000Z;Dülken;RE;RE 13;13;20077;8001571;8001571%2021-12-16T10:22:00.000Z%,8000174,8000253,;602
2021-12-16T10:38:00.000Z;Dülken;RE;RE 13;13;20072;8001571;8001571%2021-12-16T10:38:00.000Z%,8001072,8001180,8000190,8400644,;602
2021-12-16T11:22:00.000Z;Dülken;RE;RE 13;13;20079;8001571;8001571%2021-12-16T11:22:00.000Z%,8000174,8000253,;602
2021-12-16T11:38:00.000Z;Dülken;RE;RE 13;13;20074;8001571;8001571%2021-12-16T11:38:00.000Z%,8001072,8001180,8000190,8400644,;602
2021-12-16T12:22:00.000Z;Dülken;RE;RE 13;13;20081;8001571;8001571%2021-12-16T12:22:00.000Z%,8000174,8000253,;602
2021-12-16T12:38:00.000Z;Dülken;RE;RE 13;13;20076;8001571;8001571%2021-12-16T12:38:00.000Z%,8001072,8001180,8000190,8400644,;602
2021-12-16T13:22:00.000Z;Dülken;RE;RE 13;13;20083;8001571;8001571%2021-12-16T13:22:00.000Z%,8000174,8000253,;602
2021-12-16T13:38:00.000Z;Dülken;RE;RE 13;13;20078;8001571;8001571%2021-12-16T13:38:00.000Z%,8001072,8001180,8000190,8400644,;602
2021-12-16T14:22:00.000Z;Dülken;RE;RE 13;13;20085;8001571;8001571%2021-12-16T14:22:00.000Z%,8000174,8000253,;602
2021-12-16T14:38:00.000Z;Dülken;RE;RE 13;13;20080;8001571;8001571%2021-12-16T14:38:00.000Z%,8001072,8001180,8000190,8400644,;602
2021-12-16T15:22:00.000Z;Dülken;RE;RE 13;13;20087;8001571;8001571%2021-12-16T15:22:00.000Z%,8000174,8000253,;602
2021-12-16T15:38:00.000Z;Dülken;RE;RE 13;13;20082;8001571;8001571%2021-12-16T15:38:00.000Z%,8001072,8001180,8000190,8400644,;602
2021-12-16T16:22:00.000Z;Dülken;RE;RE 13;13;20089;8001571;8001571%2021-12-16T16:22:00.000Z%,8000174,8000253,;602
2021-12-16T16:38:00.000Z;Dülken;RE;RE 13;13;20084;8001571;8001571%2021-12-16T16:38:00.000Z%,8001072,8001180,8000190,8400644,;602
2021-12-16T16:43:00.000Z;Dülken;RE;RE 8;8;10826;8001571;8001571%2021-12-16T16:43:00.000Z%,8001072,8001180,8000190,;602
2021-12-16T17:22:00.000Z;Dülken;RE;RE 13;13;20091;8001571;8001571%2021-12-16T17:22:00.000Z%,8000174,8000253,;602
2021-12-16T17:38:00.000Z;Dülken;RE;RE 13;13;20086;8001571;8001571%2021-12-16T17:38:00.000Z%,8001072,8001180,8000190,8400644,;602
2021-12-16T18:22:00.000Z;Dülken;RE;RE 13;13;20093;8001571;8001571%2021-12-16T18:22:00.000Z%,8000174,8000253,;602
2021-12-16T18:38:00.000Z;Dülken;RE;RE 13;13;20088;8001571;8001571%2021-12-16T18:38:00.000Z%,8001072,8001180,8000190,8400644,;602
2021-12-16T19:22:00.000Z;Dülken;RE;RE 13;13;20095;8001571;8001571%2021-12-16T19:22:00.000Z%,8000174,8000253,;602
2021-12-16T19:38:00.000Z;Dülken;RE;RE 13;13;20090;8001571;8001571%2021-12-16T19:38:00.000Z%,8001072,8001180,8000190,8400644,;602
2021-12-15T20:20:00.000Z;Echem;RE;RE 83;83;11833;8001646;8001646%2021-12-15T20:20:00.000Z%0,8000238,;602
2021-12-15T20:46:00.000Z;Echem;RE;RE 83;83;11836;8001646;8001646%2021-12-15T20:46:00.000Z%0,8003577,8000058,8004057,8004952,8003781,8003785,8000237,8000749,8004750,8004848,8001941,8003829,8004841,8000011,8004879,8004924,8003477,8000199,;602
2021-12-15T21:15:00.000Z;Echem;RE;RE 83;83;11835;8001646;8001646%2021-12-15T21:15:00.000Z%0,8000238,;602
2021-12-15T21:53:00.000Z;Echem;RE;RE 83;83;11838;8001646;8001646%2021-12-15T21:53:00.000Z%,8003577,8000058,8004057,8004952,8003781,8003785,8000237,;602
2021-12-15T22:05:00.000Z;Echem;RE;RE 83;83;11837;8001646;8001646%2021-12-15T22:05:00.000Z%,8000238,;602
2021-12-15T23:05:00.000Z;Echem;RE;RE 83;83;11839;8001646;8001646%2021-12-15T23:05:00.000Z%,8000238,;602
2021-12-16T03:28:00.000Z;Echem;RE;RE 83;83;11802;8001646;8001646%2021-12-16T03:28:00.000Z%,8003577,8000058,8004057,8004952,8003781,8003785,8000237,;602
2021-12-16T04:32:00.000Z;Echem;RE;RE 83;83;11844;8001646;8001646%2021-12-16T04:32:00.000Z%,8003577,8000058,8004057,8004952,8003781,8003785,8000237,;602
2021-12-16T05:06:00.000Z;Echem;RE;RE 83;83;11843;8001646;8001646%2021-12-16T05:06:00.000Z%,8000238,;602
2021-12-16T05:36:00.000Z;Echem;RE;RE 83;83;11846;8001646;8001646%2021-12-16T05:36:00.000Z%,8003577,8000058,8004057,8004952,8003781,8003785,8000237,;602
2021-12-16T06:08:00.000Z;Echem;RE;RE 83;83;11845;8001646;8001646%2021-12-16T06:08:00.000Z%,8000238,;602
2021-12-16T06:50:00.000Z;Echem;RE;RE 83;83;11848;8001646;8001646%2021-12-16T06:50:00.000Z%,8003577,8000058,8004057,8004952,8003781,8003785,8000237,8000749,8001941,8003829,8004841,8004879,8004924,8000199,;602
2021-12-16T07:12:00.000Z;Echem;RE;RE 83;83;11847;8001646;8001646%2021-12-16T07:12:00.000Z%,8000238,;602
2021-12-16T07:38:00.000Z;Echem;RE;RE 83;83;11810;8001646;8001646%2021-12-16T07:38:00.000Z%,8003577,8000058,8004057,8004952,8003781,8003785,8000237,8000749,8001941,8003829,8004841,8004879,8004924,8000199,;602
2021-12-16T08:12:00.000Z;Echem;RE;RE 83;83;11809;8001646;8001646%2021-12-16T08:12:00.000Z%,8000238,;602
2021-12-16T08:53:00.000Z;Echem;RE;RE 83;83;11812;8001646;8001646%2021-12-16T08:53:00.000Z%,8003577,8000058,8004057,8004952,8003781,8003785,8000237,8000749,8001941,8003829,8004841,8004879,8004924,8000199,;602
2021-12-16T09:05:00.000Z;Echem;RE;RE 83;83;11811;8001646;8001646%2021-12-16T09:05:00.000Z%,8000238,;602
2021-12-16T09:38:00.000Z;Echem;RE;RE 83;83;11814;8001646;8001646%2021-12-16T09:38:00.000Z%,8003577,8000058,8004057,8004952,8003781,8003785,8000237,8000749,8001941,8003829,8004841,8004879,8004924,8000199,;602
2021-12-16T10:20:00.000Z;Echem;RE;RE 83;83;11813;8001646;8001646%2021-12-16T10:20:00.000Z%,8000238,;602
2021-12-16T10:53:00.000Z;Echem;RE;RE 83;83;11816;8001646;8001646%2021-12-16T10:53:00.000Z%,8003577,8000058,8004057,8004952,8003781,8003785,8000237,8000749,8001941,8003829,8004841,8004879,8004924,8000199,;602
2021-12-16T11:05:00.000Z;Echem;RE;RE 83;83;11815;8001646;8001646%2021-12-16T11:05:00.000Z%,8000238,;602
2021-12-16T11:38:00.000Z;Echem;RE;RE 83;83;11818;8001646;8001646%2021-12-16T11:38:00.000Z%,8003577,8000058,8004057,8004952,8003781,8003785,8000237,8000749,8001941,8003829,8004841,8004879,8004924,8000199,;602
2021-12-16T12:20:00.000Z;Echem;RE;RE 83;83;11817;8001646;8001646%2021-12-16T12:20:00.000Z%,8000238,;602
2021-12-16T12:53:00.000Z;Echem;RE;RE 83;83;11820;8001646;8001646%2021-12-16T12:53:00.000Z%,8003577,8000058,8004057,8004952,8003781,8003785,8000237,8000749,8001941,8003829,8004841,8004879,8004924,8000199,;602
2021-12-16T13:05:00.000Z;Echem;RE;RE 83;83;11819;8001646;8001646%2021-12-16T13:05:00.000Z%,8000238,;602
2021-12-16T13:38:00.000Z;Echem;RE;RE 83;83;11822;8001646;8001646%2021-12-16T13:38:00.000Z%,8003577,8000058,8004057,8004952,8003781,8003785,8000237,8000749,8001941,8003829,8004841,8004879,8004924,8000199,;602
2021-12-16T14:20:00.000Z;Echem;RE;RE 83;83;11821;8001646;8001646%2021-12-16T14:20:00.000Z%,8000238,;602
2021-12-16T14:53:00.000Z;Echem;RE;RE 83;83;11824;8001646;8001646%2021-12-16T14:53:00.000Z%,8003577,8000058,8004057,8004952,8003781,8003785,8000237,8000749,8001941,8003829,8004841,8004879,8004924,8000199,;602
2021-12-16T15:05:00.000Z;Echem;RE;RE 83;83;11823;8001646;8001646%2021-12-16T15:05:00.000Z%,8000238,;602
2021-12-16T15:38:00.000Z;Echem;RE;RE 83;83;11826;8001646;8001646%2021-12-16T15:38:00.000Z%,8003577,8000058,8004057,8004952,8003781,8003785,8000237,;602
2021-12-16T16:20:00.000Z;Echem;RE;RE 83;83;11825;8001646;8001646%2021-12-16T16:20:00.000Z%,8000238,;602
2021-12-16T16:53:00.000Z;Echem;RE;RE 83;83;11828;8001646;8001646%2021-12-16T16:53:00.000Z%,8003577,8000058,8004057,8004952,8003781,8003785,8000237,8000749,8001941,8003829,8004841,8004879,8004924,8000199,;602
2021-12-16T17:05:00.000Z;Echem;RE;RE 83;83;11827;8001646;8001646%2021-12-16T17:05:00.000Z%,8000238,;602
2021-12-16T17:38:00.000Z;Echem;RE;RE 83;83;11830;8001646;8001646%2021-12-16T17:38:00.000Z%,8003577,8000058,8004057,8004952,8003781,8003785,8000237,8000749,8001941,8003829,8004841,8004879,8004924,8000199,;602
2021-12-16T18:20:00.000Z;Echem;RE;RE 83;83;11829;8001646;8001646%2021-12-16T18:20:00.000Z%,8000238,;602
2021-12-16T18:53:00.000Z;Echem;RE;RE 83;83;11832;8001646;8001646%2021-12-16T18:53:00.000Z%,8003577,8000058,8004057,8004952,8003781,8003785,8000237,8000749,8004848,8001941,8003829,8004841,8000011,8004879,8004924,8000199,;602
2021-12-16T19:05:00.000Z;Echem;RE;RE 83;83;11831;8001646;8001646%2021-12-16T19:05:00.000Z%,8000238,;602
2021-12-16T19:38:00.000Z;Echem;RE;RE 83;83;11834;8001646;8001646%2021-12-16T19:38:00.000Z%,8003577,8000058,8004057,8004952,8003781,8003785,8000237,8000749,8004750,8004848,8001941,8003829,8004841,8000011,8004879,8004924,8003477,8000199,;602
2021-12-15T20:19:00.000Z;Einfeld;RE;RE 7;7;21137;8001718;8001718%2021-12-15T20:19:00.000Z%0,8000271,8000092,8004819,8002553,;602
2021-12-15T20:39:00.000Z;Einfeld;RE;RE 7;7;21132;8001718;8001718%2021-12-15T20:40:00.000Z%1,8001092,8002011,8000199,;602
2021-12-15T21:22:00.000Z;Einfeld;RE;RE 7;7;21139;8001718;8001718%2021-12-15T21:22:00.000Z%,8000271,8001190,8006572,8000092,8004819,8002548,8002549,;602
2021-12-15T21:45:00.000Z;Einfeld;RE;RE 7;7;21134;8001718;8001718%2021-12-15T21:45:00.000Z%,8001092,8002011,8000199,;602
2021-12-15T22:22:00.000Z;Einfeld;RE;RE 7;7;21141;8001718;8001718%2021-12-15T22:22:00.000Z%,8000271,8001190,8006572,8000092,8004819,8002548,8002549,;602
2021-12-15T22:45:00.000Z;Einfeld;RE;RE 7;7;21136;8001718;8001718%2021-12-15T22:45:00.000Z%,8001092,8002011,8000199,;602
2021-12-15T23:22:00.000Z;Einfeld;RE;RE 7;7;21143;8001718;8001718%2021-12-15T23:22:00.000Z%,8000271,8001190,8006572,8000092,8004819,8002548,8002549,;602
2021-12-15T23:45:00.000Z;Einfeld;RE;RE 7;7;21138;8001718;8001718%2021-12-15T23:45:00.000Z%,8001092,8002011,8000199,;602
2021-12-16T00:42:00.000Z;Einfeld;RE;RE 7;7;21040;8001718;8001718%2021-12-16T00:42:00.000Z%,8001092,8002011,8000199,;602
2021-12-16T01:40:00.000Z;Einfeld;RE;RE 7;7;21142;8001718;8001718%2021-12-16T01:40:00.000Z%,8001092,8002011,8000199,;602
2021-12-16T03:20:00.000Z;Einfeld;RE;RE 7;7;21003;8001718;8001718%2021-12-16T03:20:00.000Z%,8000271,8001190,8006572,8000092,8002548,8002549,;602
2021-12-16T03:51:00.000Z;Einfeld;RE;RE 7;7;21000;8001718;8001718%2021-12-16T03:51:00.000Z%,8001092,8002011,8000199,;602
2021-12-16T03:58:00.000Z;Einfeld;RE;RE 7;7;21105;8001718;8001718%2021-12-16T03:58:00.000Z%,8000271,8000092,8002548,8002549,;602
2021-12-16T04:37:00.000Z;Einfeld;RE;RE 7;7;21100;8001718;8001718%2021-12-16T04:37:00.000Z%,8001092,8002011,8000199,;602
2021-12-16T05:07:00.000Z;Einfeld;RE;RE 7;7;21002;8001718;8001718%2021-12-16T05:07:00.000Z%,8001092,8002011,8000199,;602
2021-12-16T05:19:00.000Z;Einfeld;RE;RE 7;7;21107;8001718;8001718%2021-12-16T05:19:00.000Z%,8000271,8000092,8002548,8002549,;602
2021-12-16T05:37:00.000Z;Einfeld;RE;RE 7;7;21102;8001718;8001718%2021-12-16T05:37:00.000Z%,8001092,8002011,8000199,;602
2021-12-16T06:19:00.000Z;Einfeld;RE;RE 7;7;21109;8001718;8001718%2021-12-16T06:19:00.000Z%,8000271,8000092,8002548,8002549,;602
2021-12-16T06:39:00.000Z;Einfeld;RE;RE 7;7;21104;8001718;8001718%2021-12-16T06:39:00.000Z%,8001092,8002011,8000199,;602
2021-12-16T07:19:00.000Z;Einfeld;RE;RE 7;7;21111;8001718;8001718%2021-12-16T07:19:00.000Z%,8000271,8000092,8002548,8002549,;602
2021-12-16T07:39:00.000Z;Einfeld;RE;RE 7;7;21106;8001718;8001718%2021-12-16T07:39:00.000Z%,8001092,8002011,8000199,;602
2021-12-16T08:19:00.000Z;Einfeld;RE;RE 7;7;21113;8001718;8001718%2021-12-16T08:19:00.000Z%,8000271,8000092,8002548,8002549,;602
2021-12-16T08:39:00.000Z;Einfeld;RE;RE 7;7;21108;8001718;8001718%2021-12-16T08:39:00.000Z%,8001092,8002011,8000199,;602
2021-12-16T09:19:00.000Z;Einfeld;RE;RE 7;7;21115;8001718;8001718%2021-12-16T09:19:00.000Z%,8000271,8000092,8002548,8002549,;602
2021-12-16T09:39:00.000Z;Einfeld;RE;RE 7;7;21110;8001718;8001718%2021-12-16T09:39:00.000Z%,8001092,8002011,8000199,;602
2021-12-16T10:19:00.000Z;Einfeld;RE;RE 7;7;21117;8001718;8001718%2021-12-16T10:19:00.000Z%,8000271,8000092,8002548,8002549,;602
2021-12-16T10:39:00.000Z;Einfeld;RE;RE 7;7;21112;8001718;8001718%2021-12-16T10:39:00.000Z%,8001092,8002011,8000199,;602
2021-12-16T11:19:00.000Z;Einfeld;RE;RE 7;7;21119;8001718;8001718%2021-12-16T11:19:00.000Z%,8000271,8000092,8002548,8002549,;602
2021-12-16T11:39:00.000Z;Einfeld;RE;RE 7;7;21114;8001718;8001718%2021-12-16T11:39:00.000Z%,8001092,8002011,8000199,;602
2021-12-16T12:19:00.000Z;Einfeld;RE;RE 7;7;21121;8001718;8001718%2021-12-16T12:19:00.000Z%,8000271,8000092,8002548,8002549,;602
2021-12-16T12:39:00.000Z;Einfeld;RE;RE 7;7;21116;8001718;8001718%2021-12-16T12:39:00.000Z%,8001092,8002011,8000199,;602
2021-12-16T13:19:00.000Z;Einfeld;RE;RE 7;7;21123;8001718;8001718%2021-12-16T13:19:00.000Z%,8000271,8000092,8002548,8002549,;602
2021-12-16T13:39:00.000Z;Einfeld;RE;RE 7;7;21118;8001718;8001718%2021-12-16T13:39:00.000Z%,8001092,8002011,8000199,;602
2021-12-16T14:19:00.000Z;Einfeld;RE;RE 7;7;21125;8001718;8001718%2021-12-16T14:19:00.000Z%,8000271,8000092,8002548,8002549,;602
2021-12-16T14:39:00.000Z;Einfeld;RE;RE 7;7;21120;8001718;8001718%2021-12-16T14:39:00.000Z%,8001092,8002011,8000199,;602
2021-12-16T15:19:00.000Z;Einfeld;RE;RE 7;7;21127;8001718;8001718%2021-12-16T15:19:00.000Z%,8000271,8000092,8004819,8002548,8002549,;602
2021-12-16T15:39:00.000Z;Einfeld;RE;RE 7;7;21122;8001718;8001718%2021-12-16T15:39:00.000Z%,8001092,8002011,8000199,;602
2021-12-16T16:19:00.000Z;Einfeld;RE;RE 7;7;21129;8001718;8001718%2021-12-16T16:19:00.000Z%,8000271,8000092,8004819,8002548,8002549,;602
2021-12-16T16:39:00.000Z;Einfeld;RE;RE 7;7;21124;8001718;8001718%2021-12-16T16:39:00.000Z%,8001092,8002011,8000199,;602
2021-12-16T17:19:00.000Z;Einfeld;RE;RE 7;7;21131;8001718;8001718%2021-12-16T17:19:00.000Z%,8000271,8000092,8004819,8002548,8002549,;602
2021-12-16T17:39:00.000Z;Einfeld;RE;RE 7;7;21126;8001718;8001718%2021-12-16T17:39:00.000Z%,8001092,8002011,8000199,;602
2021-12-16T18:19:00.000Z;Einfeld;RE;RE 7;7;21133;8001718;8001718%2021-12-16T18:19:00.000Z%,8000271,8000092,8004819,8002548,8002549,;602
2021-12-16T18:39:00.000Z;Einfeld;RE;RE 7;7;21128;8001718;8001718%2021-12-16T18:39:00.000Z%,8001092,8002011,8000199,;602
2021-12-16T19:19:00.000Z;Einfeld;RE;RE 7;7;21135;8001718;8001718%2021-12-16T19:19:00.000Z%,8000271,8000092,8004819,8002548,8002549,;602
2021-12-16T19:39:00.000Z;Einfeld;RE;RE 7;7;21130;8001718;8001718%2021-12-16T19:39:00.000Z%,8001092,8002011,8000199,;602
2021-12-16T05:39:00.000Z;Erndtebrück;RB;RB 94;94;23155;8001851;8001851%2021-12-16T05:39:00.000Z%,8005319,8003621,8004564,8001980,8003486,8003493,8000187,8000954,8000952,8006446,8002101,8001228,8001319,8005722,8002332,8005291,8000065,8000337,;426
2021-12-16T07:02:00.000Z;Erndtebrück;RB;RB 94;94;23157;8001851;8001851%2021-12-16T07:02:00.000Z%,8005319,8003621,8004564,8001980,8003486,8003493,8000187,8000954,8000952,8006446,8002101,8001228,8001319,8005722,8002332,8005291,8000065,8000337,;426
2021-12-16T09:02:00.000Z;Erndtebrück;RB;RB 94;94;23161;8001851;8001851%2021-12-16T09:02:00.000Z%,8005319,8003621,8004564,8001980,8003486,8003493,8000187,8000954,8000952,8006446,8002101,8001228,8001319,8005722,8002332,8005291,8000065,8000337,;426
2021-12-16T11:02:00.000Z;Erndtebrück;RB;RB 94;94;23165;8001851;8001851%2021-12-16T11:02:00.000Z%,8005319,8003621,8004564,8001980,8003486,8003493,8000187,8000954,8000952,8006446,8002101,8001228,8001319,8005722,8002332,8005291,8000065,8000337,;426
2021-12-16T13:02:00.000Z;Erndtebrück;RB;RB 94;94;23169;8001851;8001851%2021-12-16T13:02:00.000Z%,8005319,8003621,8004564,8001980,8003486,8003493,8000187,8000954,8000952,8006446,8002101,8001228,8001319,8005722,8002332,8005291,8000065,8000337,;426
2021-12-16T15:02:00.000Z;Erndtebrück;RB;RB 94;94;23173;8001851;8001851%2021-12-16T15:02:00.000Z%,8005319,8003621,8004564,8001980,8003486,8003493,8000187,8000954,8000952,8006446,8002101,8001228,8001319,8005722,8002332,8005291,8000065,8000337,;426
2021-12-16T17:02:00.000Z;Erndtebrück;RB;RB 94;94;23177;8001851;8001851%2021-12-16T17:02:00.000Z%,8005319,8003621,8004564,8001980,8003486,8003493,8000187,8000954,8000952,8006446,8002101,8001228,8001319,8005722,8002332,8005291,8000065,8000337,;426
2021-12-16T19:02:00.000Z;Erndtebrück;RB;RB 94;94;23181;8001851;8001851%2021-12-16T19:02:00.000Z%,8005319,8003621,8004564,8001980,8003486,8003493,8000187,8000954,8000952,8006446,8002101,8001228,8001319,8005722,8002332,8005291,8000065,8000337,;426
2021-12-15T22:26:00.000Z;Etelsen;RE;RE 8;8;4442;8001924;8001924%2021-12-15T22:26:00.000Z%,8000773,8000413,8001160,8001164,8000050,;602
2021-12-15T22:35:00.000Z;Etelsen;RE;RE 1;1;4439;8001924;8001924%2021-12-15T22:36:00.000Z%1,8000586,8006076,8001489,8001949,8000279,8004322,8000268,8000152,;602
2021-12-15T23:26:00.000Z;Etelsen;RE;RE 1;1;4444;8001924;8001924%2021-12-15T23:26:00.000Z%,8000773,8000413,8001160,8001164,8000050,;602
2021-12-15T23:35:00.000Z;Etelsen;RE;RE 8;8;4445;8001924;8001924%2021-12-15T23:35:00.000Z%,8000586,8006076,8001489,8001949,8000279,8004322,8000268,8000152,;602
2021-12-16T00:26:00.000Z;Etelsen;RE;RE 8;8;4440;8001924;8001924%2021-12-16T00:26:00.000Z%,8000773,8000413,8001160,8001164,8000050,;602
2021-12-16T03:31:00.000Z;Etelsen;RE;RE 8;8;4441;8001924;8001924%2021-12-16T03:31:00.000Z%,8000586,8006076,8001489,8001949,8000279,8004322,8000268,8000152,;602
2021-12-15T20:46:00.000Z;Feldhausen;RB;RB 43;43;14783;8001972;8001972%2021-12-15T20:48:00.000Z%2,8006709,;426
2021-12-16T04:11:00.000Z;Feldhausen;RB;RB 43;43;14752;8001972;8001972%2021-12-16T04:11:00.000Z%,8002284,8002283,8002225,8002223,8000192,8000164,8002779,8001328,8001329,8001528,8001539,8001541,8001544,8001532,8000080,;426
2021-12-16T04:46:00.000Z;Feldhausen;RB;RB 43;43;14751;8001972;8001972%2021-12-16T04:46:00.000Z%,8006709,;426
2021-12-16T05:11:00.000Z;Feldhausen;RB;RB 43;43;14754;8001972;8001972%2021-12-16T05:11:00.000Z%,8002284,8002283,8002225,8002223,8000192,8000164,8002779,8001328,8001329,8001528,8001539,8001541,8001544,8001532,8000080,;426
2021-12-16T05:46:00.000Z;Feldhausen;RB;RB 43;43;14753;8001972;8001972%2021-12-16T05:46:00.000Z%,8006709,;426
2021-12-16T06:11:00.000Z;Feldhausen;RB;RB 43;43;14756;8001972;8001972%2021-12-16T06:11:00.000Z%,8002284,8002283,8002225,8002223,8000192,8000164,8002779,8001328,8001329,8001528,8001539,8001541,8001544,8001532,8000080,;426
2021-12-16T06:46:00.000Z;Feldhausen;RB;RB 43;43;14755;8001972;8001972%2021-12-16T06:46:00.000Z%,8006709,;426
2021-12-16T07:11:00.000Z;Feldhausen;RB;RB 43;43;14758;8001972;8001972%2021-12-16T07:11:00.000Z%,8002284,8002283,8002225,8002223,8000192,8000164,8002779,8001328,8001329,8001528,8001539,8001541,8001544,8001532,8000080,;426
2021-12-16T07:46:00.000Z;Feldhausen;RB;RB 43;43;14757;8001972;8001972%2021-12-16T07:46:00.000Z%,8006709,;426
2021-12-16T08:11:00.000Z;Feldhausen;RB;RB 43;43;14760;8001972;8001972%2021-12-16T08:11:00.000Z%,8002284,8002283,8002225,8002223,8000192,8000164,8002779,8001328,8001329,8001528,8001539,8001541,8001544,8001532,8000080,;426
2021-12-16T08:46:00.000Z;Feldhausen;RB;RB 43;43;14759;8001972;8001972%2021-12-16T08:46:00.000Z%,8006709,;426
2021-12-16T09:11:00.000Z;Feldhausen;RB;RB 43;43;14762;8001972;8001972%2021-12-16T09:11:00.000Z%,8002284,8002283,8002225,8002223,8000192,8000164,8002779,8001328,8001329,8001528,8001539,8001541,8001544,8001532,8000080,;426
2021-12-16T09:46:00.000Z;Feldhausen;RB;RB 43;43;14761;8001972;8001972%2021-12-16T09:46:00.000Z%,8006709,;426
2021-12-16T10:11:00.000Z;Feldhausen;RB;RB 43;43;14764;8001972;8001972%2021-12-16T10:11:00.000Z%,8002284,8002283,8002225,8002223,8000192,8000164,8002779,8001328,8001329,8001528,8001539,8001541,8001544,8001532,8000080,;426
2021-12-16T10:46:00.000Z;Feldhausen;RB;RB 43;43;14763;8001972;8001972%2021-12-16T10:46:00.000Z%,8006709,;426
2021-12-16T11:11:00.000Z;Feldhausen;RB;RB 43;43;14766;8001972;8001972%2021-12-16T11:11:00.000Z%,8002284,8002283,8002225,8002223,8000192,8000164,8002779,8001328,8001329,8001528,8001539,8001541,8001544,8001532,8000080,;426
2021-12-16T11:46:00.000Z;Feldhausen;RB;RB 43;43;14765;8001972;8001972%2021-12-16T11:46:00.000Z%,8006709,;426
2021-12-16T12:11:00.000Z;Feldhausen;RB;RB 43;43;14768;8001972;8001972%2021-12-16T12:11:00.000Z%,8002284,8002283,8002225,8002223,8000192,8000164,8002779,8001328,8001329,8001528,8001539,8001541,8001544,8001532,8000080,;426
2021-12-16T12:46:00.000Z;Feldhausen;RB;RB 43;43;14767;8001972;8001972%2021-12-16T12:46:00.000Z%,8006709,;426
2021-12-16T13:11:00.000Z;Feldhausen;RB;RB 43;43;14770;8001972;8001972%2021-12-16T13:11:00.000Z%,8002284,8002283,8002225,8002223,8000192,8000164,8002779,8001328,8001329,8001528,8001539,8001541,8001544,8001532,8000080,;426
2021-12-16T13:46:00.000Z;Feldhausen;RB;RB 43;43;14769;8001972;8001972%2021-12-16T13:46:00.000Z%,8006709,;426
2021-12-16T14:11:00.000Z;Feldhausen;RB;RB 43;43;14772;8001972;8001972%2021-12-16T14:11:00.000Z%,8002284,8002283,8002225,8002223,8000192,8000164,8002779,8001328,8001329,8001528,8001539,8001541,8001544,8001532,8000080,;426
2021-12-16T14:46:00.000Z;Feldhausen;RB;RB 43;43;14771;8001972;8001972%2021-12-16T14:46:00.000Z%,8006709,;426
2021-12-16T15:11:00.000Z;Feldhausen;RB;RB 43;43;14774;8001972;8001972%2021-12-16T15:11:00.000Z%,8002284,8002283,8002225,8002223,8000192,8000164,8002779,8001328,8001329,8001528,8001539,8001541,8001544,8001532,8000080,;426
2021-12-16T15:46:00.000Z;Feldhausen;RB;RB 43;43;14773;8001972;8001972%2021-12-16T15:46:00.000Z%,8006709,;426
2021-12-16T16:11:00.000Z;Feldhausen;RB;RB 43;43;14776;8001972;8001972%2021-12-16T16:11:00.000Z%,8002284,8002283,8002225,8002223,8000192,8000164,8002779,8001328,8001329,8001528,8001539,8001541,8001544,8001532,8000080,;426
2021-12-16T16:46:00.000Z;Feldhausen;RB;RB 43;43;14775;8001972;8001972%2021-12-16T16:46:00.000Z%,8006709,;426
2021-12-16T17:11:00.000Z;Feldhausen;RB;RB 43;43;14778;8001972;8001972%2021-12-16T17:11:00.000Z%,8002284,8002283,8002225,8002223,8000192,8000164,8002779,8001328,8001329,8001528,8001539,8001541,8001544,8001532,8000080,;426
2021-12-16T17:46:00.000Z;Feldhausen;RB;RB 43;43;14777;8001972;8001972%2021-12-16T17:46:00.000Z%,8006709,;426
2021-12-16T18:11:00.000Z;Feldhausen;RB;RB 43;43;14780;8001972;8001972%2021-12-16T18:11:00.000Z%,8002284,8002283,8002225,8002223,8000192,8000164,8002779,8001328,8001329,8001528,8001539,8001541,8001544,8001532,8000080,;426
2021-12-16T18:46:00.000Z;Feldhausen;RB;RB 43;43;14779;8001972;8001972%2021-12-16T18:46:00.000Z%,8006709,;426
2021-12-16T19:11:00.000Z;Feldhausen;RB;RB 43;43;14782;8001972;8001972%2021-12-16T19:11:00.000Z%,8002284,8002283,8002225,8002223,8000192,8000164,8002779,8001328,8001329,8001528,8001539,8001541,8001544,8001532,8000080,;426
2021-12-16T19:46:00.000Z;Feldhausen;RB;RB 43;43;14781;8001972;8001972%2021-12-16T19:46:00.000Z%,8006709,;426
2021-12-16T20:11:00.000Z;Feldhausen;RB;RB 43;43;14784;8001972;8001972%2021-12-16T20:11:00.000Z%,8002284,8002283,8002225,8002223,8000192,8000164,8002779,8001328,8001329,8001528,8001539,8001541,8001544,8001532,8000080,;426
2021-12-15T20:56:00.000Z;Frankenthal Süd;RB;RB 46;46;13361;8002025;8002025%2021-12-15T20:57:00.000Z%1,8000332,;426
2021-12-15T21:05:00.000Z;Frankenthal Süd;RB;RB 46;46;13362;8002025;8002025%2021-12-15T21:05:00.000Z%,8002014,8003498,8006292,8000374,8002798,8003285,8000137,;426
2021-12-15T21:33:00.000Z;Frankenthal Süd;RB;RB 46;46;13363;8002025;8002025%2021-12-15T21:33:00.000Z%,8000332,8003766,8000236,;426
2021-12-15T22:06:00.000Z;Frankenthal Süd;RB;RB 46;46;13364;8002025;8002025%2021-12-15T22:06:00.000Z%,8002014,8003498,8006292,8000374,8002798,8003285,8000137,;426
2021-12-16T03:46:00.000Z;Frankenthal Süd;RB;RB 46;46;63801;8002025;8002025%2021-12-16T03:46:00.000Z%,8002014,8003498,8006292,8000374,8002798,8003285,8000137,8001043,8000663,;426
2021-12-16T04:40:00.000Z;Frankenthal Süd;RB;RB 46;46;13301;8002025;8002025%2021-12-16T04:40:00.000Z%,8000332,;426
2021-12-16T04:54:00.000Z;Frankenthal Süd;RB;RB 46;46;13302;8002025;8002025%2021-12-16T04:54:00.000Z%,8002014,8003498,8006292,8000374,8002798,8003285,8000137,8002444,8000625,8003988,8001638,8001728,8004935,;426
2021-12-16T05:24:00.000Z;Frankenthal Süd;RB;RB 46;46;13505;8002025;8002025%2021-12-16T05:24:00.000Z%,8000332,;426
2021-12-16T05:27:00.000Z;Frankenthal Süd;RE;RE 14;14;4753;8002025;8002025%2021-12-16T05:27:00.000Z%,8000236,8000244,;602
2021-12-16T05:34:00.000Z;Frankenthal Süd;RB;RB 46;46;13306;8002025;8002025%2021-12-16T05:34:00.000Z%,8002014,8003498,8006292,8000374,8002798,8003285,8000137,8002444,8000625,8003988,8001638,8001728,;426
2021-12-16T05:34:00.000Z;Frankenthal Süd;RB;RB 45;45;13512;8002025;8002025%2021-12-16T05:34:00.000Z%,8002014,8003498,8006292,8000374,8002798,8003285,8000137,8070096,8001043,8002958,8000663,;426
2021-12-16T05:55:00.000Z;Frankenthal Süd;RB;RB 46;46;13307;8002025;8002025%2021-12-16T05:55:00.000Z%,8000332,8002025,8003766,8000236,8002056,8000308,8087060,;426
2021-12-16T06:07:00.000Z;Frankenthal Süd;RB;RB 46;46;13365;8002025;8002025%2021-12-16T06:07:00.000Z%,8003766,8000236,8002056,8000308,8087060,;426
2021-12-16T06:24:00.000Z;Frankenthal Süd;RE;RE 14;14;4751;8002025;8002025%2021-12-16T06:24:00.000Z%,8000236,8003759,8000244,;602
2021-12-16T06:44:00.000Z;Frankenthal Süd;RB;RB 45;45;63806;8002025;8002025%2021-12-16T06:44:00.000Z%,8000332,;426
2021-12-16T06:58:00.000Z;Frankenthal Süd;RB;RB 46;46;13312;8002025;8002025%2021-12-16T06:58:00.000Z%,8002014,8003498,8006292,8000374,8002798,8003285,8000137,8002444,8000625,8003988,8001638,8001728,8004935,;426
2021-12-16T07:30:00.000Z;Frankenthal Süd;RB;RB 46;46;13317;8002025;8002025%2021-12-16T07:30:00.000Z%,8000332,8003766,8000236,;426
2021-12-16T07:36:00.000Z;Frankenthal Süd;RB;RB 46;46;13316;8002025;8002025%2021-12-16T07:36:00.000Z%,8002014,8003498,8006292,8000374,8002798,8003285,8000137,;426
2021-12-16T07:55:00.000Z;Frankenthal Süd;RB;RB 46;46;13321;8002025;8002025%2021-12-16T07:55:00.000Z%,8000332,;426
2021-12-16T08:04:00.000Z;Frankenthal Süd;RB;RB 46;46;13318;8002025;8002025%2021-12-16T08:04:00.000Z%,8002014,8003498,8006292,8000374,8002798,8003285,8000137,8002444,8000625,8003988,8001638,8001728,8004935,;426
2021-12-16T08:55:00.000Z;Frankenthal Süd;RB;RB 46;46;13323;8002025;8002025%2021-12-16T08:55:00.000Z%,8000332,;426
2021-12-16T09:04:00.000Z;Frankenthal Süd;RB;RB 46;46;13320;8002025;8002025%2021-12-16T09:04:00.000Z%,8002014,8003498,8006292,8000374,8002798,8003285,8000137,8002444,8000625,8003988,8001638,8001728,8004935,;426
2021-12-16T09:55:00.000Z;Frankenthal Süd;RB;RB 46;46;13325;8002025;8002025%2021-12-16T09:55:00.000Z%,8000332,;426
2021-12-16T10:04:00.000Z;Frankenthal Süd;RB;RB 46;46;13322;8002025;8002025%2021-12-16T10:04:00.000Z%,8002014,8003498,8006292,8000374,8002798,8003285,8000137,8002444,8000625,8003988,8001638,8001728,8004935,;426
2021-12-16T10:22:00.000Z;Frankenthal Süd;RB;RB 46;46;13327;8002025;8002025%2021-12-16T10:22:00.000Z%,8000332,;426
2021-12-16T10:35:00.000Z;Frankenthal Süd;RB;RB 46;46;13324;8002025;8002025%2021-12-16T10:35:00.000Z%,8002014,8003498,8006292,8000374,8002798,8003285,8000137,;426
2021-12-16T10:55:00.000Z;Frankenthal Süd;RB;RB 46;46;13329;8002025;8002025%2021-12-16T10:55:00.000Z%,8000332,;426
2021-12-16T11:04:00.000Z;Frankenthal Süd;RB;RB 46;46;13326;8002025;8002025%2021-12-16T11:04:00.000Z%,8002014,8003498,8006292,8000374,8002798,8003285,8000137,8002444,8000625,8003988,8001638,8001728,8004935,;426
2021-12-16T11:35:00.000Z;Frankenthal Süd;RB;RB 46;46;13328;8002025;8002025%2021-12-16T11:35:00.000Z%,8002014,8003498,8006292,8000374,8002798,8003285,8000137,;426
2021-12-16T11:55:00.000Z;Frankenthal Süd;RB;RB 46;46;13331;8002025;8002025%2021-12-16T11:55:00.000Z%,8000332,;426
2021-12-16T12:04:00.000Z;Frankenthal Süd;RB;RB 46;46;13332;8002025;8002025%2021-12-16T12:04:00.000Z%,8002014,8003498,8006292,8000374,8002798,8003285,8000137,;426
2021-12-16T12:15:00.000Z;Frankenthal Süd;RB;RB 46;46;13334;8002025;8002025%2021-12-16T12:15:00.000Z%,8000332,8002014,8003498,8006292,8000374,8002798,8003285,8000137,;426
2021-12-16T12:43:00.000Z;Frankenthal Süd;RB;RB 46;46;13333;8002025;8002025%2021-12-16T12:43:00.000Z%,8000332,8000236,;426
2021-12-16T12:55:00.000Z;Frankenthal Süd;RB;RB 46;46;13335;8002025;8002025%2021-12-16T12:55:00.000Z%,8000332,;426
2021-12-16T13:04:00.000Z;Frankenthal Süd;RB;RB 46;46;13338;8002025;8002025%2021-12-16T13:04:00.000Z%,8002014,8003498,8006292,8000374,8002798,8003285,8000137,8070096,8001043,8002958,8000663,;426
2021-12-16T13:44:00.000Z;Frankenthal Süd;RB;RB 46;46;13339;8002025;8002025%2021-12-16T13:44:00.000Z%,8003766,8000236,;426
2021-12-16T13:55:00.000Z;Frankenthal Süd;RB;RB 46;46;13571;8002025;8002025%2021-12-16T13:55:00.000Z%,8000332,;426
2021-12-16T14:04:00.000Z;Frankenthal Süd;RB;RB 46;46;13340;8002025;8002025%2021-12-16T14:04:00.000Z%,8002014,8003498,8006292,8000374,8002798,8003285,8000137,8002444,8000625,8003988,8001638,8001728,8004935,;426
2021-12-16T14:35:00.000Z;Frankenthal Süd;RB;RB 46;46;13342;8002025;8002025%2021-12-16T14:35:00.000Z%,8002014,8003498,8006292,8000374,8002798,8003285,8000137,;426
2021-12-16T14:55:00.000Z;Frankenthal Süd;RB;RB 46;46;13343;8002025;8002025%2021-12-16T14:55:00.000Z%,8000332,;426
2021-12-16T15:04:00.000Z;Frankenthal Süd;RB;RB 46;46;13344;8002025;8002025%2021-12-16T15:04:00.000Z%,8002014,8003498,8006292,8000374,8002798,8003285,8000137,8002444,8000625,8003988,8001638,8001728,8004935,;426
2021-12-16T15:23:00.000Z;Frankenthal Süd;RB;RB 46;46;13345;8002025;8002025%2021-12-16T15:23:00.000Z%,8000332,;426
2021-12-16T15:35:00.000Z;Frankenthal Süd;RB;RB 46;46;13346;8002025;8002025%2021-12-16T15:35:00.000Z%,8002014,8003498,8006292,8000374,8002798,8003285,8000137,;426
2021-12-16T15:55:00.000Z;Frankenthal Süd;RB;RB 46;46;13347;8002025;8002025%2021-12-16T15:55:00.000Z%,8000332,;426
2021-12-16T16:04:00.000Z;Frankenthal Süd;RB;RB 46;46;13348;8002025;8002025%2021-12-16T16:04:00.000Z%,8002014,8003498,8006292,8000374,8002798,8003285,8000137,8002444,8000625,8003988,8001638,8001728,8004935,;426
2021-12-16T16:22:00.000Z;Frankenthal Süd;RB;RB 46;46;13349;8002025;8002025%2021-12-16T16:22:00.000Z%,8000332,;426
2021-12-16T16:35:00.000Z;Frankenthal Süd;RB;RB 35;35;13868;8002025;8002025%2021-12-16T16:35:00.000Z%,8000332,8001032,8000257,8004788,8000663,8004345,8002473,8001813,8000558,8000007,8000468,8000602,8006183,8002191,8005637,8006312,8000121,8000976,;426
2021-12-16T16:36:00.000Z;Frankenthal Süd;RB;RB 46;46;13350;8002025;8002025%2021-12-16T16:36:00.000Z%,8002014,8003498,8006292,8000374,8002798,8003285,8000137,;426
2021-12-16T16:55:00.000Z;Frankenthal Süd;RB;RB 46;46;13351;8002025;8002025%2021-12-16T16:55:00.000Z%,8000332,;426
2021-12-16T17:04:00.000Z;Frankenthal Süd;RB;RB 46;46;13352;8002025;8002025%2021-12-16T17:04:00.000Z%,8002014,8003498,8006292,8000374,8002798,8003285,8000137,8002444,8000625,8003988,8001638,8001728,8004935,;426
2021-12-16T17:22:00.000Z;Frankenthal Süd;RB;RB 46;46;13353;8002025;8002025%2021-12-16T17:22:00.000Z%,8000332,;426
2021-12-16T17:35:00.000Z;Frankenthal Süd;RB;RB 46;46;13354;8002025;8002025%2021-12-16T17:35:00.000Z%,8002014,8003498,8006292,8000374,8002798,8003285,8000137,;426
2021-12-16T17:55:00.000Z;Frankenthal Süd;RB;RB 46;46;13355;8002025;8002025%2021-12-16T17:55:00.000Z%,8000332,;426
2021-12-16T18:04:00.000Z;Frankenthal Süd;RB;RB 46;46;13356;8002025;8002025%2021-12-16T18:04:00.000Z%,8002014,8003498,8006292,8000374,8002798,8003285,8000137,8002444,8000625,8003988,8001638,8001728,8004935,;426
2021-12-16T18:55:00.000Z;Frankenthal Süd;RB;RB 46;46;13357;8002025;8002025%2021-12-16T18:55:00.000Z%,8000332,;426
2021-12-16T19:04:00.000Z;Frankenthal Süd;RB;RB 46;46;13358;8002025;8002025%2021-12-16T19:04:00.000Z%,8002014,8003498,8006292,8000374,8002798,8003285,8000137,8002444,8000625,8003988,8001638,8001728,8004935,;426
2021-12-16T19:55:00.000Z;Frankenthal Süd;RB;RB 46;46;13359;8002025;8002025%2021-12-16T19:55:00.000Z%,8000332,;426
2021-12-16T20:05:00.000Z;Frankenthal Süd;RB;RB 46;46;13360;8002025;8002025%2021-12-16T20:05:00.000Z%,8002014,8003498,8006292,8000374,8002798,8003285,8000137,;426
2021-12-15T23:07:00.000Z;Freiburg-Zähringen;RB;RB 27;27;17141;8002071;8002071%2021-12-15T23:07:00.000Z%,8002067,8000107,8002069,8001643,8005317,8004464,8000718,8002727,8001262,8004124,8000657,8005364,8000864,8005068,8003325,8003098,8001671,8001715,8002546,8006272,8000026,;426
2021-12-15T23:14:00.000Z;Freiburg-Zähringen;RE;RE 7;7;5338;8002071;8002071%2021-12-15T23:14:00.000Z%0,8002465,8001415,8003398,8001771,8005836,8003374,8005090,8003233,8002763,8005101,8004683,8003494,8002123,8000290,;602
2021-12-16T03:56:00.000Z;Freiburg-Zähringen;RB;RB 26;26;17100;8002071;8002071%2021-12-16T03:56:00.000Z%,8002465,8001415,8003398,8001771,8005836,8003374,8005090,8003233,8002763,8005101,8004683,8003494,8002123,8000290,;426
2021-12-16T04:16:00.000Z;Freiburg-Zähringen;RE;RE 7;7;17001;8002071;8002071%2021-12-16T04:16:00.000Z%,8002067,8000107,8005317,8000718,8002727,8001262,8004124,8005364,8000864,8001671,8002546,8006272,8000026,;602
2021-12-16T04:27:00.000Z;Freiburg-Zähringen;RE;RE 7;7;17002;8002071;8002071%2021-12-16T04:27:00.000Z%,8002465,8001415,8001771,8005090,8003233,8002763,8005101,8004683,8003494,8002123,8000290,8000596,8005037,8000412,8001252,8000774,8000306,8000191,;602
2021-12-16T05:02:00.000Z;Freiburg-Zähringen;RE;RE 7;7;5331;8002071;8002071%2021-12-16T05:02:00.000Z%,8002067,8000107,8005317,8000718,8002727,8001262,8004124,8005364,8000864,8001671,8001715,8002546,8006272,8000026,8500010,;602
2021-12-16T06:08:00.000Z;Freiburg-Zähringen;RB;RB 27;27;17157;8002071;8002071%2021-12-16T06:08:00.000Z%,8000107,8001643,8005317,8004464,8000718,8002727,8001262,8004124,8089119,;426
2021-12-16T05:37:00.000Z;Freilassing-Hofham;RE;RE 24;24;2191;8002085;8002085%2021-12-16T05:37:00.000Z%,8000459,8002570,8004815,8000737,8000738,8000831,8000997,8000885,;602
2021-12-15T20:19:00.000Z;Hamm-Heessen;RE;RE 6;6;91835;8002680;8002680%2021-12-15T20:19:00.000Z%0,8000441,8004251,8004626,8000315,8002461,8000036,8000162,8000233,8000732,8004868,8000252,;602
2021-12-15T20:38:00.000Z;Hamm-Heessen;RE;RE 6;6;91838;8002680;8002680%2021-12-15T20:38:00.000Z%0,8000149,8003168,8000080,8000041,8006226,8000098,8000259,8000086,8000082,8000085,8073368,8003330,;602
2021-12-15T20:52:00.000Z;Hamm-Heessen;RB;RB 69;69;90085;8002680;8002680%2021-12-15T20:52:00.000Z%0,8000441,8004251,8004626,8000315,8002461,8003096,8000048,8000036,;426
2021-12-15T21:05:00.000Z;Hamm-Heessen;RB;RB 69;69;90090;8002680;8002680%2021-12-15T21:05:00.000Z%0,8000149,8001045,8003986,8001558,8005102,8002841,8000263,;426
2021-12-15T21:19:00.000Z;Hamm-Heessen;RE;RE 6;6;91837;8002680;8002680%2021-12-15T21:19:00.000Z%0,8000441,8004251,8004626,8000315,8002461,8000036,8000162,8000233,8000732,8004868,8000252,;602
2021-12-15T21:38:00.000Z;Hamm-Heessen;RE;RE 6;6;89740;8002680;8002680%2021-12-15T21:38:00.000Z%0,8000149,8003168,8000080,8000041,8006226,8000098,8000259,8000086,8000082,8000085,;602
2021-12-15T22:19:00.000Z;Hamm-Heessen;RE;RE 6;6;91839;8002680;8002680%2021-12-15T22:19:00.000Z%0,8000441,8004251,8004626,8000315,8002461,8000048,8000036,;602
2021-12-15T22:38:00.000Z;Hamm-Heessen;RE;RE 6;6;89742;8002680;8002680%2021-12-15T22:38:00.000Z%,8000149,8003168,8000080,8000041,8006226,8000098,8000259,8000086,8000082,8000085,;602
2021-12-15T23:45:00.000Z;Hamm-Heessen;RB;RB 69;69;89996;8002680;8002680%2021-12-15T23:45:00.000Z%,8000149,;426
2021-12-16T00:11:00.000Z;Hamm-Heessen;RB;RB 69;69;89997;8002680;8002680%2021-12-16T00:11:00.000Z%,8000441,8004251,8004626,8000315,8002461,8003096,8000048,8000036,;426
2021-12-16T03:52:00.000Z;Hamm-Heessen;RB;RB 69;69;89963;8002680;8002680%2021-12-16T03:52:00.000Z%,8000441,8004251,8004626,8000315,8002461,8003096,8000048,8000036,;426
2021-12-16T04:19:00.000Z;Hamm-Heessen;RE;RE 6;6;89703;8002680;8002680%2021-12-16T04:19:00.000Z%,8000441,8004251,8004626,8000315,8002461,8000036,8000162,8000233,8000732,8004868,8000252,;602
2021-12-16T04:38:00.000Z;Hamm-Heessen;RE;RE 6;6;91806;8002680;8002680%2021-12-16T04:38:00.000Z%,8000149,8003168,8000080,8000041,8006226,8000098,8000259,8000086,8000082,8000085,8073368,8003330,;602
2021-12-16T04:52:00.000Z;Hamm-Heessen;RB;RB 69;69;89965;8002680;8002680%2021-12-16T04:52:00.000Z%,8000441,8004251,8004626,8000315,8002461,8003096,8000048,8000036,8001118,8000162,;426
2021-12-16T05:05:00.000Z;Hamm-Heessen;RB;RB 69;69;89964;8002680;8002680%2021-12-16T05:05:00.000Z%,8000149,8001045,8003986,8001558,8005102,8002841,8000263,;426
2021-12-16T05:19:00.000Z;Hamm-Heessen;RE;RE 6;6;89705;8002680;8002680%2021-12-16T05:19:00.000Z%,8000441,8004251,8004626,8000315,8002461,8000036,8000162,8000233,8000732,8004868,8000252,;602
2021-12-16T05:38:00.000Z;Hamm-Heessen;RE;RE 6;6;91808;8002680;8002680%2021-12-16T05:38:00.000Z%,8000149,8003168,8000080,8000041,8006226,8000098,8000259,8000086,8000082,8000085,8073368,8003330,;602
2021-12-16T05:52:00.000Z;Hamm-Heessen;RB;RB 69;69;89967;8002680;8002680%2021-12-16T05:52:00.000Z%,8000441,8004251,8004626,8000315,8002461,8003096,8000048,8000036,;426
2021-12-16T06:05:00.000Z;Hamm-Heessen;RB;RB 69;69;89966;8002680;8002680%2021-12-16T06:05:00.000Z%,8000149,8001045,8003986,8001558,8005102,8002841,8000263,;426
2021-12-16T06:18:00.000Z;Hamm-Heessen;RE;RE 6;6;89707;8002680;8002680%2021-12-16T06:18:00.000Z%,8000441,8004251,8004626,8000315,8002461,8000036,8000162,8000233,8000732,8004868,8000252,;602
2021-12-16T06:38:00.000Z;Hamm-Heessen;RE;RE 6;6;91810;8002680;8002680%2021-12-16T06:38:00.000Z%,8000149,8003168,8000080,8000041,8006226,8000098,8000259,8000086,8000082,8000085,8073368,8003330,;602
2021-12-16T06:52:00.000Z;Hamm-Heessen;RB;RB 69;69;89969;8002680;8002680%2021-12-16T06:52:00.000Z%,8000441,8004251,8004626,8000315,8002461,8003096,8000048,8000036,;426
2021-12-16T07:05:00.000Z;Hamm-Heessen;RB;RB 69;69;89968;8002680;8002680%2021-12-16T07:05:00.000Z%,8000149,8001045,8003986,8001558,8005102,8002841,8000263,;426
2021-12-16T07:19:00.000Z;Hamm-Heessen;RE;RE 6;6;89709;8002680;8002680%2021-12-16T07:19:00.000Z%,8000441,8004251,8004626,8000315,8002461,8000036,8000162,8000233,8000732,8004868,8000252,;602
2021-12-16T07:40:00.000Z;Hamm-Heessen;RE;RE 6;6;91812;8002680;8002680%2021-12-16T07:40:00.000Z%,8000149,8003168,8000080,8000041,8006226,8000098,8000259,8000086,8000082,8000085,8073368,8003330,;602
2021-12-16T07:52:00.000Z;Hamm-Heessen;RB;RB 69;69;89971;8002680;8002680%2021-12-16T07:52:00.000Z%,8000441,8004251,8004626,8000315,8002461,8003096,8000048,8000036,;426
2021-12-16T08:05:00.000Z;Hamm-Heessen;RB;RB 69;69;89970;8002680;8002680%2021-12-16T08:05:00.000Z%,8000149,8001045,8003986,8001558,8005102,8002841,8000263,;426
2021-12-16T08:19:00.000Z;Hamm-Heessen;RE;RE 6;6;91811;8002680;8002680%2021-12-16T08:19:00.000Z%,8000441,8004251,8004626,8000315,8002461,8000036,8000162,8000233,8000732,8004868,8000252,;602
2021-12-16T08:38:00.000Z;Hamm-Heessen;RE;RE 6;6;91814;8002680;8002680%2021-12-16T08:38:00.000Z%,8000149,8003168,8000080,8000041,8006226,8000098,8000259,8000086,8000082,8000085,8073368,8003330,;602
2021-12-16T08:52:00.000Z;Hamm-Heessen;RB;RB 69;69;89973;8002680;8002680%2021-12-16T08:52:00.000Z%,8000441,8004251,8004626,8000315,8002461,8003096,8000048,8000036,;426
2021-12-16T09:05:00.000Z;Hamm-Heessen;RB;RB 69;69;89972;8002680;8002680%2021-12-16T09:05:00.000Z%,8000149,8001045,8003986,8001558,8005102,8002841,8000263,;426
2021-12-16T09:19:00.000Z;Hamm-Heessen;RE;RE 6;6;91813;8002680;8002680%2021-12-16T09:19:00.000Z%,8000441,8004251,8004626,8000315,8002461,8000036,8000162,8000233,8000732,8004868,8000252,;602
2021-12-16T09:38:00.000Z;Hamm-Heessen;RE;RE 6;6;91816;8002680;8002680%2021-12-16T09:38:00.000Z%,8000149,8003168,8000080,8000041,8006226,8000098,8000259,8000086,8000082,8000085,8073368,8003330,;602
2021-12-16T09:52:00.000Z;Hamm-Heessen;RB;RB 69;69;89975;8002680;8002680%2021-12-16T09:52:00.000Z%,8000441,8004251,8004626,8000315,8002461,8003096,8000048,8000036,;426
2021-12-16T10:05:00.000Z;Hamm-Heessen;RB;RB 69;69;89974;8002680;8002680%2021-12-16T10:05:00.000Z%,8000149,8001045,8003986,8001558,8005102,8002841,8000263,;426
2021-12-16T10:19:00.000Z;Hamm-Heessen;RE;RE 6;6;91815;8002680;8002680%2021-12-16T10:19:00.000Z%,8000441,8004251,8004626,8000315,8002461,8000036,8000162,8000233,8000732,8004868,8000252,;602
2021-12-16T10:38:00.000Z;Hamm-Heessen;RE;RE 6;6;91818;8002680;8002680%2021-12-16T10:38:00.000Z%,8000149,8003168,8000080,8000041,8006226,8000098,8000259,8000086,8000082,8000085,8073368,8003330,;602
2021-12-16T10:52:00.000Z;Hamm-Heessen;RB;RB 69;69;89977;8002680;8002680%2021-12-16T10:52:00.000Z%,8000441,8004251,8004626,8000315,8002461,8003096,8000048,8000036,;426
2021-12-16T11:05:00.000Z;Hamm-Heessen;RB;RB 69;69;89976;8002680;8002680%2021-12-16T11:05:00.000Z%,8000149,8001045,8003986,8001558,8005102,8002841,8000263,;426
2021-12-16T11:19:00.000Z;Hamm-Heessen;RE;RE 6;6;91817;8002680;8002680%2021-12-16T11:19:00.000Z%,8000441,8004251,8004626,8000315,8002461,8000036,8000162,8000233,8000732,8004868,8000252,;602
2021-12-16T11:38:00.000Z;Hamm-Heessen;RE;RE 6;6;91820;8002680;8002680%2021-12-16T11:38:00.000Z%,8000149,8003168,8000080,8000041,8006226,8000098,8000259,8000086,8000082,8000085,8073368,8003330,;602
2021-12-16T11:52:00.000Z;Hamm-Heessen;RB;RB 69;69;89979;8002680;8002680%2021-12-16T11:52:00.000Z%,8000441,8004251,8004626,8000315,8002461,8003096,8000048,8000036,;426
2021-12-16T12:05:00.000Z;Hamm-Heessen;RB;RB 69;69;89978;8002680;8002680%2021-12-16T12:05:00.000Z%,8000149,8001045,8003986,8001558,8005102,8002841,8000263,;426
2021-12-16T12:19:00.000Z;Hamm-Heessen;RE;RE 6;6;91819;8002680;8002680%2021-12-16T12:19:00.000Z%,8000441,8004251,8004626,8000315,8002461,8000036,8000162,8000233,8000732,8004868,8000252,;602
2021-12-16T12:38:00.000Z;Hamm-Heessen;RE;RE 6;6;91822;8002680;8002680%2021-12-16T12:38:00.000Z%,8000149,8003168,8000080,8000041,8006226,8000098,8000259,8000086,8000082,8000085,8073368,8003330,;602
2021-12-16T12:52:00.000Z;Hamm-Heessen;RB;RB 69;69;89981;8002680;8002680%2021-12-16T12:52:00.000Z%,8000441,8004251,8004626,8000315,8002461,8003096,8000048,8000036,;426
2021-12-16T13:05:00.000Z;Hamm-Heessen;RB;RB 69;69;89980;8002680;8002680%2021-12-16T13:05:00.000Z%,8000149,8001045,8003986,8001558,8005102,8002841,8000263,;426
2021-12-16T13:19:00.000Z;Hamm-Heessen;RE;RE 6;6;91821;8002680;8002680%2021-12-16T13:19:00.000Z%,8000441,8004251,8004626,8000315,8002461,8000036,8000162,8000233,8000732,8004868,8000252,;602
2021-12-16T13:40:00.000Z;Hamm-Heessen;RE;RE 6;6;91824;8002680;8002680%2021-12-16T13:40:00.000Z%,8000149,8003168,8000080,8000041,8006226,8000098,8000259,8000086,8000082,8000085,8073368,8003330,;602
2021-12-16T13:52:00.000Z;Hamm-Heessen;RB;RB 69;69;89983;8002680;8002680%2021-12-16T13:52:00.000Z%,8000441,8004251,8004626,8000315,8002461,8003096,8000048,8000036,;426
2021-12-16T14:05:00.000Z;Hamm-Heessen;RB;RB 69;69;89982;8002680;8002680%2021-12-16T14:05:00.000Z%,8000149,8001045,8003986,8001558,8005102,8002841,8000263,;426
2021-12-16T14:19:00.000Z;Hamm-Heessen;RE;RE 6;6;91823;8002680;8002680%2021-12-16T14:19:00.000Z%,8000441,8004251,8004626,8000315,8002461,8000036,8000162,8000233,8000732,8004868,8000252,;602
2021-12-16T14:38:00.000Z;Hamm-Heessen;RE;RE 6;6;89726;8002680;8002680%2021-12-16T14:38:00.000Z%,8000149,8003168,8000080,8000041,8006226,8000098,8000259,8000086,8000082,8000085,8073368,8003330,;602
2021-12-16T14:52:00.000Z;Hamm-Heessen;RB;RB 69;69;89985;8002680;8002680%2021-12-16T14:52:00.000Z%,8000441,8004251,8004626,8000315,8002461,8003096,8000048,8000036,;426
2021-12-16T15:05:00.000Z;Hamm-Heessen;RB;RB 69;69;89984;8002680;8002680%2021-12-16T15:05:00.000Z%,8000149,8001045,8003986,8001558,8005102,8002841,8000263,;426
2021-12-16T15:19:00.000Z;Hamm-Heessen;RE;RE 6;6;91825;8002680;8002680%2021-12-16T15:19:00.000Z%,8000441,8004251,8004626,8000315,8002461,8000036,8000162,8000233,8000732,8004868,8000252,;602
2021-12-16T15:38:00.000Z;Hamm-Heessen;RE;RE 6;6;91828;8002680;8002680%2021-12-16T15:38:00.000Z%,8000149,8003168,8000080,8000041,8006226,8000098,8000259,8000086,8000082,8000085,8073368,8003330,;602
2021-12-16T15:52:00.000Z;Hamm-Heessen;RB;RB 69;69;89987;8002680;8002680%2021-12-16T15:52:00.000Z%,8000441,8004251,8004626,8000315,8002461,8003096,8000048,8000036,;426
2021-12-16T16:05:00.000Z;Hamm-Heessen;RB;RB 69;69;89986;8002680;8002680%2021-12-16T16:05:00.000Z%,8000149,8001045,8003986,8001558,8005102,8002841,8000263,;426
2021-12-16T16:19:00.000Z;Hamm-Heessen;RE;RE 6;6;91827;8002680;8002680%2021-12-16T16:19:00.000Z%,8000441,8004251,8004626,8000315,8002461,8000036,8000162,8000233,8000732,8004868,8000252,;602
2021-12-16T16:38:00.000Z;Hamm-Heessen;RE;RE 6;6;91830;8002680;8002680%2021-12-16T16:38:00.000Z%,8000149,8003168,8000080,8000041,8006226,8000098,8000259,8000086,8000082,8000085,8073368,8003330,;602
2021-12-16T16:52:00.000Z;Hamm-Heessen;RB;RB 69;69;89989;8002680;8002680%2021-12-16T16:52:00.000Z%,8000441,8004251,8004626,8000315,8002461,8003096,8000048,8000036,;426
2021-12-16T17:05:00.000Z;Hamm-Heessen;RB;RB 69;69;89988;8002680;8002680%2021-12-16T17:05:00.000Z%,8000149,8001045,8003986,8001558,8005102,8002841,8000263,;426
2021-12-16T17:19:00.000Z;Hamm-Heessen;RE;RE 6;6;91829;8002680;8002680%2021-12-16T17:19:00.000Z%,8000441,8004251,8004626,8000315,8002461,8000036,8000162,8000233,8000732,8004868,8000252,;602
2021-12-16T17:38:00.000Z;Hamm-Heessen;RE;RE 6;6;91832;8002680;8002680%2021-12-16T17:38:00.000Z%,8000149,8003168,8000080,8000041,8006226,8000098,8000259,8000086,8000082,8000085,8073368,8003330,;602
2021-12-16T17:52:00.000Z;Hamm-Heessen;RB;RB 69;69;89991;8002680;8002680%2021-12-16T17:52:00.000Z%,8000441,8004251,8004626,8000315,8002461,8003096,8000048,8000036,;426
2021-12-16T18:05:00.000Z;Hamm-Heessen;RB;RB 69;69;89990;8002680;8002680%2021-12-16T18:05:00.000Z%,8000149,8001045,8003986,8001558,8005102,8002841,8000263,;426
2021-12-16T18:19:00.000Z;Hamm-Heessen;RE;RE 6;6;91831;8002680;8002680%2021-12-16T18:19:00.000Z%,8000441,8004251,8004626,8000315,8002461,8000036,8000162,8000233,8000732,8004868,8000252,;602
2021-12-16T18:38:00.000Z;Hamm-Heessen;RE;RE 6;6;91834;8002680;8002680%2021-12-16T18:38:00.000Z%,8000149,8003168,8000080,8000041,8006226,8000098,8000259,8000086,8000082,8000085,8073368,8003330,;602
2021-12-16T18:52:00.000Z;Hamm-Heessen;RB;RB 69;69;89993;8002680;8002680%2021-12-16T18:52:00.000Z%,8000441,8004251,8004626,8000315,8002461,8003096,8000048,8000036,;426
2021-12-16T19:05:00.000Z;Hamm-Heessen;RB;RB 69;69;89992;8002680;8002680%2021-12-16T19:05:00.000Z%,8000149,8001045,8003986,8001558,8005102,8002841,8000263,;426
2021-12-16T19:19:00.000Z;Hamm-Heessen;RE;RE 6;6;91833;8002680;8002680%2021-12-16T19:19:00.000Z%,8000441,8004251,8004626,8000315,8002461,8000036,8000162,8000233,8000732,8004868,8000252,;602
2021-12-16T19:40:00.000Z;Hamm-Heessen;RE;RE 6;6;91836;8002680;8002680%2021-12-16T19:40:00.000Z%,8000149,8003168,8000080,8000041,8006226,8000098,8000259,8000086,8000082,8000085,8073368,8003330,;602
2021-12-16T19:52:00.000Z;Hamm-Heessen;RB;RB 69;69;89995;8002680;8002680%2021-12-16T19:52:00.000Z%,8000441,8004251,8004626,8000315,8002461,8003096,8000048,8000036,;426
2021-12-16T20:05:00.000Z;Hamm-Heessen;RB;RB 69;69;89994;8002680;8002680%2021-12-16T20:05:00.000Z%,8000149,8001045,8003986,8001558,8005102,8002841,8000263,;426
2021-12-15T20:54:00.000Z;Herne-Börnig;RB;RB 43;43;14784;8002779;8002779%2021-12-15T20:54:00.000Z%0,8001328,8001329,8001528,8001539,8001541,8001544,8001532,8000080,;426
2021-12-15T21:01:00.000Z;Herne-Börnig;RB;RB 43;43;14785;8002779;8002779%2021-12-15T21:01:00.000Z%0,8000164,8000192,;426
2021-12-15T22:01:00.000Z;Herne-Börnig;RB;RB 43;43;14787;8002779;8002779%2021-12-15T22:01:00.000Z%,8000164,8000192,;426
2021-12-16T03:54:00.000Z;Herne-Börnig;RB;RB 43;43;14750;8002779;8002779%2021-12-16T03:54:00.000Z%,8001328,8001329,8001528,8001539,8001541,8001544,8001532,8000080,;426
2021-12-16T04:54:00.000Z;Herne-Börnig;RB;RB 43;43;14752;8002779;8002779%2021-12-16T04:54:00.000Z%,8001328,8001329,8001528,8001539,8001541,8001544,8001532,8000080,;426
2021-12-16T05:01:00.000Z;Herne-Börnig;RB;RB 43;43;14753;8002779;8002779%2021-12-16T05:01:00.000Z%,8000164,8000192,8002223,8002225,8002283,8002284,8001972,8006709,;426
2021-12-16T05:54:00.000Z;Herne-Börnig;RB;RB 43;43;14754;8002779;8002779%2021-12-16T05:54:00.000Z%,8001328,8001329,8001528,8001539,8001541,8001544,8001532,8000080,;426
2021-12-16T06:01:00.000Z;Herne-Börnig;RB;RB 43;43;14755;8002779;8002779%2021-12-16T06:01:00.000Z%,8000164,8000192,8002223,8002225,8002283,8002284,8001972,8006709,;426
2021-12-16T06:54:00.000Z;Herne-Börnig;RB;RB 43;43;14756;8002779;8002779%2021-12-16T06:54:00.000Z%,8001328,8001329,8001528,8001539,8001541,8001544,8001532,8000080,;426
2021-12-16T07:01:00.000Z;Herne-Börnig;RB;RB 43;43;14757;8002779;8002779%2021-12-16T07:01:00.000Z%,8000164,8000192,8002223,8002225,8002283,8002284,8001972,8006709,;426
2021-12-16T07:54:00.000Z;Herne-Börnig;RB;RB 43;43;14758;8002779;8002779%2021-12-16T07:54:00.000Z%,8001328,8001329,8001528,8001539,8001541,8001544,8001532,8000080,;426
2021-12-16T08:01:00.000Z;Herne-Börnig;RB;RB 43;43;14759;8002779;8002779%2021-12-16T08:01:00.000Z%,8000164,8000192,8002223,8002225,8002283,8002284,8001972,8006709,;426
2021-12-16T08:54:00.000Z;Herne-Börnig;RB;RB 43;43;14760;8002779;8002779%2021-12-16T08:54:00.000Z%,8001328,8001329,8001528,8001539,8001541,8001544,8001532,8000080,;426
2021-12-16T09:01:00.000Z;Herne-Börnig;RB;RB 43;43;14761;8002779;8002779%2021-12-16T09:01:00.000Z%,8000164,8000192,8002223,8002225,8002283,8002284,8001972,8006709,;426
2021-12-16T09:54:00.000Z;Herne-Börnig;RB;RB 43;43;14762;8002779;8002779%2021-12-16T09:54:00.000Z%,8001328,8001329,8001528,8001539,8001541,8001544,8001532,8000080,;426
2021-12-16T10:01:00.000Z;Herne-Börnig;RB;RB 43;43;14763;8002779;8002779%2021-12-16T10:01:00.000Z%,8000164,8000192,8002223,8002225,8002283,8002284,8001972,8006709,;426
2021-12-16T10:54:00.000Z;Herne-Börnig;RB;RB 43;43;14764;8002779;8002779%2021-12-16T10:54:00.000Z%,8001328,8001329,8001528,8001539,8001541,8001544,8001532,8000080,;426
2021-12-16T11:01:00.000Z;Herne-Börnig;RB;RB 43;43;14765;8002779;8002779%2021-12-16T11:01:00.000Z%,8000164,8000192,8002223,8002225,8002283,8002284,8001972,8006709,;426
2021-12-16T11:54:00.000Z;Herne-Börnig;RB;RB 43;43;14766;8002779;8002779%2021-12-16T11:54:00.000Z%,8001328,8001329,8001528,8001539,8001541,8001544,8001532,8000080,;426
2021-12-16T12:01:00.000Z;Herne-Börnig;RB;RB 43;43;14767;8002779;8002779%2021-12-16T12:01:00.000Z%,8000164,8000192,8002223,8002225,8002283,8002284,8001972,8006709,;426
2021-12-16T12:54:00.000Z;Herne-Börnig;RB;RB 43;43;14768;8002779;8002779%2021-12-16T12:54:00.000Z%,8001328,8001329,8001528,8001539,8001541,8001544,8001532,8000080,;426
2021-12-16T13:01:00.000Z;Herne-Börnig;RB;RB 43;43;14769;8002779;8002779%2021-12-16T13:01:00.000Z%,8000164,8000192,8002223,8002225,8002283,8002284,8001972,8006709,;426
2021-12-16T13:54:00.000Z;Herne-Börnig;RB;RB 43;43;14770;8002779;8002779%2021-12-16T13:54:00.000Z%,8001328,8001329,8001528,8001539,8001541,8001544,8001532,8000080,;426
2021-12-16T14:01:00.000Z;Herne-Börnig;RB;RB 43;43;14771;8002779;8002779%2021-12-16T14:01:00.000Z%,8000164,8000192,8002223,8002225,8002283,8002284,8001972,8006709,;426
2021-12-16T14:54:00.000Z;Herne-Börnig;RB;RB 43;43;14772;8002779;8002779%2021-12-16T14:54:00.000Z%,8001328,8001329,8001528,8001539,8001541,8001544,8001532,8000080,;426
2021-12-16T15:01:00.000Z;Herne-Börnig;RB;RB 43;43;14773;8002779;8002779%2021-12-16T15:01:00.000Z%,8000164,8000192,8002223,8002225,8002283,8002284,8001972,8006709,;426
2021-12-16T15:54:00.000Z;Herne-Börnig;RB;RB 43;43;14774;8002779;8002779%2021-12-16T15:54:00.000Z%,8001328,8001329,8001528,8001539,8001541,8001544,8001532,8000080,;426
2021-12-16T16:01:00.000Z;Herne-Börnig;RB;RB 43;43;14775;8002779;8002779%2021-12-16T16:01:00.000Z%,8000164,8000192,8002223,8002225,8002283,8002284,8001972,8006709,;426
2021-12-16T16:54:00.000Z;Herne-Börnig;RB;RB 43;43;14776;8002779;8002779%2021-12-16T16:54:00.000Z%,8001328,8001329,8001528,8001539,8001541,8001544,8001532,8000080,;426
2021-12-16T17:01:00.000Z;Herne-Börnig;RB;RB 43;43;14777;8002779;8002779%2021-12-16T17:01:00.000Z%,8000164,8000192,8002223,8002225,8002283,8002284,8001972,8006709,;426
2021-12-16T17:54:00.000Z;Herne-Börnig;RB;RB 43;43;14778;8002779;8002779%2021-12-16T17:54:00.000Z%,8001328,8001329,8001528,8001539,8001541,8001544,8001532,8000080,;426
2021-12-16T18:01:00.000Z;Herne-Börnig;RB;RB 43;43;14779;8002779;8002779%2021-12-16T18:01:00.000Z%,8000164,8000192,8002223,8002225,8002283,8002284,8001972,8006709,;426
2021-12-15T20:35:00.000Z;Hof Hbf;RE;RE 30;30;3094;8002924;8002924%2021-12-15T20:35:00.000Z%0,8005466,8004126,8005895,8000028,8001348,8000328,8004759,8004284,8002794,8000284,;602
2021-12-16T03:20:00.000Z;Hof Hbf;RE;RE 31;31;3420;8002924;8002924%2021-12-16T03:20:00.000Z%,8000247,8006155,8004321,8003063,8002523,8000201,8000328,8004759,8004284,8002794,8000284,;602
2021-12-16T03:28:00.000Z;Hof Hbf;RE;RE 3;3;74003;8002924;8002924%2021-12-16T03:28:00.000Z%,8010275,8012739,8010397,8010129,8011904,8010184,8010108,8010115,8013114,8010085,;602
2021-12-16T04:26:00.000Z;Hof Hbf;RE;RE 30;30;3402;8002924;8002924%2021-12-16T04:26:00.000Z%,8000287,8005466,8004126,8005674,8003887,8005895,8000028,8004759,8004284,8002794,8000284,;602
2021-12-16T04:26:00.000Z;Hof Hbf;RE;RE 39;39;3466;8002924;8002924%2021-12-16T04:26:00.000Z%,8000287,8005466,8004126,8005674,8003887,8000267,8006017,8003476,8003813,8001289,8002878,8000228,;602
2021-12-16T04:28:00.000Z;Hof Hbf;RE;RE 3;3;74005;8002924;8002924%2021-12-16T04:28:00.000Z%,8010275,8012739,8010397,8010129,8011904,8010184,8010108,8010115,8013114,8010085,;602
2021-12-16T05:28:00.000Z;Hof Hbf;RB;RB 3;3;94007;8002924;8002924%2021-12-16T05:28:00.000Z%,8010275,8012739,8010397,8010129,8011904,8011980,;426
2021-12-16T05:29:00.000Z;Hof Hbf;RE;RE 31;31;3424;8002924;8002924%2021-12-16T05:29:00.000Z%,8000287,8000173,8000247,8000201,8000328,8004759,8004284,8002794,8000284,;602
2021-12-16T05:35:00.000Z;Hof Hbf;RE;RE 35;35;59280;8002924;8002924%2021-12-16T05:35:00.000Z%,8000287,8005466,8002019,8004126,8005674,8003887,8000267,8006017,8003476,8001289,8000228,;602
2021-12-16T06:28:00.000Z;Hof Hbf;RB;RB 3;3;94009;8002924;8002924%2021-12-16T06:28:00.000Z%,8010275,8012739,8010397,8010129,8011904,8011980,;426
2021-12-16T06:35:00.000Z;Hof Hbf;RE;RE 30;30;3080;8002924;8002924%2021-12-16T06:35:00.000Z%,8004126,8000028,8004759,8004284,8000284,;602
2021-12-16T06:43:00.000Z;Hof Hbf;RB;RB 13;13;81060;8002924;8002924%2021-12-16T06:43:00.000Z%,8001969,8011790,;426
2021-12-16T06:44:00.000Z;Hof Hbf;RE;RE 35;35;3491;8002924;8002924%2021-12-16T06:44:00.000Z%,8005466,8004126,8003887,8000267,8003476,8001289,8002878,8000228,;602
2021-12-16T07:28:00.000Z;Hof Hbf;RB;RB 3;3;94011;8002924;8002924%2021-12-16T07:28:00.000Z%,8010275,8012739,8010397,8010129,8011904,8011980,;426
2021-12-16T07:34:00.000Z;Hof Hbf;RB;RB 13;13;81016;8002924;8002924%2021-12-16T07:34:00.000Z%,8001969,8010317,8010229,8013396,8013150,8011895,8012252,8013254,8013251,8010365,8011623,8010126,8010125,8011619,8011074,8011312,8013297,8010390,8012682,8010269,8013447,8012192,8010209,8010205,;426
2021-12-16T07:35:00.000Z;Hof Hbf;RE;RE 39;39;59282;8002924;8002924%2021-12-16T07:35:00.000Z%,8000287,8005466,8004126,8005674,8003887,8000267,8006017,8003476,8001289,8002878,8000228,;602
2021-12-16T07:43:00.000Z;Hof Hbf;RE;RE 31;31;3426;8002924;8002924%2021-12-16T07:43:00.000Z%,8000247,8000201,8004759,8004284,8000284,;602
2021-12-16T08:28:00.000Z;Hof Hbf;RB;RB 3;3;94013;8002924;8002924%2021-12-16T08:28:00.000Z%,8010275,8012739,8010397,8010129,8011904,8011980,;426
2021-12-16T08:35:00.000Z;Hof Hbf;RE;RE 30;30;3082;8002924;8002924%2021-12-16T08:35:00.000Z%,8004126,8000028,8004759,8004284,8000284,;602
2021-12-16T08:43:00.000Z;Hof Hbf;RB;RB 13;13;81062;8002924;8002924%2021-12-16T08:43:00.000Z%,8001969,8011790,;426
2021-12-16T08:44:00.000Z;Hof Hbf;RE;RE 35;35;3493;8002924;8002924%2021-12-16T08:44:00.000Z%,8005466,8004126,8003887,8000267,8003476,8001289,8002878,8000228,;602
2021-12-16T09:28:00.000Z;Hof Hbf;RB;RB 3;3;94015;8002924;8002924%2021-12-16T09:28:00.000Z%,8010275,8012739,8010397,8010129,8011904,8011980,;426
2021-12-16T09:34:00.000Z;Hof Hbf;RB;RB 13;13;81018;8002924;8002924%2021-12-16T09:34:00.000Z%,8001969,8010317,8010229,8013396,8013150,8011895,8012252,8013254,8013251,8010365,8011623,8010126,8010125,8011619,8011074,8011312,8013297,8010390,8012682,8010269,8013447,8012192,8010209,8010205,;426
2021-12-16T09:36:00.000Z;Hof Hbf;RE;RE 39;39;59284;8002924;8002924%2021-12-16T09:36:00.000Z%,8005466,8004126,8005674,8003887,8000267,8006017,8003476,8001289,8000228,;602
2021-12-16T09:43:00.000Z;Hof Hbf;RE;RE 31;31;3428;8002924;8002924%2021-12-16T09:43:00.000Z%,8000247,8000201,8004759,8004284,8000284,;602
2021-12-16T10:28:00.000Z;Hof Hbf;RB;RB 3;3;94017;8002924;8002924%2021-12-16T10:28:00.000Z%,8010275,8012739,8010397,8010129,8011904,8011980,;426
2021-12-16T10:35:00.000Z;Hof Hbf;RE;RE 30;30;3084;8002924;8002924%2021-12-16T10:35:00.000Z%,8004126,8000028,8004759,8004284,8000284,;602
2021-12-16T10:43:00.000Z;Hof Hbf;RB;RB 13;13;81064;8002924;8002924%2021-12-16T10:43:00.000Z%,8001969,8011790,;426
2021-12-16T10:44:00.000Z;Hof Hbf;RE;RE 35;35;3495;8002924;8002924%2021-12-16T10:44:00.000Z%,8005466,8004126,8003887,8000267,8003476,8001289,8002878,8000228,;602
2021-12-16T11:28:00.000Z;Hof Hbf;RB;RB 3;3;94019;8002924;8002924%2021-12-16T11:28:00.000Z%,8010275,8012739,8010397,8010129,8011904,8011980,;426
2021-12-16T11:34:00.000Z;Hof Hbf;RB;RB 13;13;81020;8002924;8002924%2021-12-16T11:34:00.000Z%,8001969,8010317,8010229,8013396,8013150,8011895,8012252,8013254,8013251,8010365,8011623,8010126,8010125,8011619,8011074,8010196,8011312,8013297,8010390,8012682,8010269,8013447,8012192,8010209,8010205,;426
2021-12-16T11:36:00.000Z;Hof Hbf;RE;RE 39;39;59286;8002924;8002924%2021-12-16T11:36:00.000Z%,8005466,8004126,8005674,8003887,8000267,8003476,8001289,8002878,8000228,;602
2021-12-16T11:43:00.000Z;Hof Hbf;RE;RE 31;31;3430;8002924;8002924%2021-12-16T11:43:00.000Z%,8000247,8000201,8004759,8002794,8000284,;602
2021-12-16T12:28:00.000Z;Hof Hbf;RE;RE 3;3;74021;8002924;8002924%2021-12-16T12:28:00.000Z%,8010275,8012739,8010397,8010129,8011904,8010184,8010108,8010115,8013114,8010085,;602
2021-12-16T12:35:00.000Z;Hof Hbf;RE;RE 30;30;3086;8002924;8002924%2021-12-16T12:35:00.000Z%,8004126,8000028,8004759,8004284,8000284,;602
2021-12-16T12:43:00.000Z;Hof Hbf;RB;RB 13;13;81066;8002924;8002924%2021-12-16T12:43:00.000Z%,8001969,8011790,;426
2021-12-16T12:44:00.000Z;Hof Hbf;RE;RE 35;35;3497;8002924;8002924%2021-12-16T12:44:00.000Z%,8005466,8004126,8003887,8000267,8003476,8001289,8002878,8000228,;602
2021-12-16T13:28:00.000Z;Hof Hbf;RE;RE 3;3;74023;8002924;8002924%2021-12-16T13:28:00.000Z%,8010275,8012739,8010397,8010129,8011904,8010184,8010108,8010115,8013114,8010085,;602
2021-12-16T13:34:00.000Z;Hof Hbf;RB;RB 13;13;81022;8002924;8002924%2021-12-16T13:34:00.000Z%,8001969,8010317,8010229,8013396,8013150,8011895,8012252,8013254,8013251,8010365,8011623,8010126,8010125,8011619,8011074,8011312,8013297,8010390,8012682,8010269,8013447,8012192,8010209,8010205,;426
2021-12-16T13:36:00.000Z;Hof Hbf;RE;RE 39;39;59288;8002924;8002924%2021-12-16T13:36:00.000Z%,8005466,8004126,8005674,8003887,8000267,8006017,8003476,8001289,8000228,;602
2021-12-16T13:43:00.000Z;Hof Hbf;RE;RE 31;31;3432;8002924;8002924%2021-12-16T13:43:00.000Z%,8000247,8000201,8004759,8004284,8000284,;602
2021-12-16T14:28:00.000Z;Hof Hbf;RE;RE 3;3;74025;8002924;8002924%2021-12-16T14:28:00.000Z%,8010275,8012739,8010397,8010129,8011904,8010184,8010108,8010115,8013114,8010085,;602
2021-12-16T14:35:00.000Z;Hof Hbf;RE;RE 30;30;3088;8002924;8002924%2021-12-16T14:35:00.000Z%,8004126,8000028,8004759,8004284,8000284,;602
2021-12-16T14:43:00.000Z;Hof Hbf;RB;RB 13;13;81068;8002924;8002924%2021-12-16T14:43:00.000Z%,8001969,8011790,;426
2021-12-16T14:44:00.000Z;Hof Hbf;RE;RE 35;35;3499;8002924;8002924%2021-12-16T14:44:00.000Z%,8005466,8004126,8003887,8000267,8003476,8001289,8002878,8000228,;602
2021-12-16T15:28:00.000Z;Hof Hbf;RE;RE 3;3;74027;8002924;8002924%2021-12-16T15:28:00.000Z%,8010275,8012739,8010397,8010129,8011904,8010184,8010108,8010115,8013114,8010085,;602
2021-12-16T15:34:00.000Z;Hof Hbf;RB;RB 13;13;81024;8002924;8002924%2021-12-16T15:34:00.000Z%,8001969,8010317,8010229,8013396,8013150,8011895,8012252,8013254,8013251,8010365,8011623,8010126,8010125,8011619,8011074,8011312,8013297,8010390,8012682,8010269,8013447,8012192,8010209,8010205,;426
2021-12-16T15:36:00.000Z;Hof Hbf;RE;RE 39;39;59290;8002924;8002924%2021-12-16T15:36:00.000Z%,8005466,8004126,8005674,8003887,8000267,8006017,8003476,8001289,8000228,;602
2021-12-16T15:43:00.000Z;Hof Hbf;RE;RE 31;31;3434;8002924;8002924%2021-12-16T15:43:00.000Z%,8000247,8000201,8004759,8004284,8000284,;602
2021-12-15T20:31:00.000Z;Ingolstadt Nord;RB;RB 16;16;59107;8003076;8003076%2021-12-15T20:31:00.000Z%0,8000183,8000678,8000256,8004781,8005008,8004747,8004775,8001354,8000261,;426
2021-12-15T20:35:00.000Z;Ingolstadt Nord;RB;RB 16;16;59164;8003076;8003076%2021-12-15T20:36:00.000Z%1,8003074,8002171,8001734,8005828,8000419,8001708,8001495,8005593,8004753,8000122,;426
2021-12-15T20:50:00.000Z;Ingolstadt Nord;RE;RE 1;1;4041;8003076;8003076%2021-12-15T21:08:00.000Z%18,8000183,8000256,8004781,8004775,8000261,;602
2021-12-15T21:01:00.000Z;Ingolstadt Nord;RE;RE 1;1;4048;8003076;8003076%2021-12-15T21:02:00.000Z%1,8003256,8000498,8000284,;602
2021-12-15T21:20:00.000Z;Ingolstadt Nord;RB;RB 16;16;59163;8003076;8003076%2021-12-15T21:21:00.000Z%1,8000183,8000678,8000256,8004781,8005008,8004747,8004775,8001354,8000261,;426
2021-12-15T21:34:00.000Z;Ingolstadt Nord;RB;RB 16;16;59108;8003076;8003076%2021-12-15T21:34:00.000Z%0,8003074,8002171,8001734,8005828,8000419,8001708,8001495,8005593,8004753,8000122,8006298,8001749,8004835,8004115,8002237,8005995,8005185,8005439,8000284,;426
2021-12-15T22:26:00.000Z;Ingolstadt Nord;RB;RB 16;16;59109;8003076;8003076%2021-12-15T22:27:00.000Z%1,8000183,8000678,8000256,8004781,8005008,8004747,8004775,8001354,8000261,;426
2021-12-15T22:43:00.000Z;Ingolstadt Nord;RB;RB 16;16;59193;8003076;8003076%2021-12-15T22:43:00.000Z%,8000183,;426
2021-12-15T23:43:00.000Z;Ingolstadt Nord;RB;RB 16;16;59191;8003076;8003076%2021-12-15T23:43:00.000Z%,8000183,;426
2021-12-16T00:45:00.000Z;Ingolstadt Nord;RB;RB 16;16;59195;8003076;8003076%2021-12-16T00:45:00.000Z%,8000183,;426
2021-12-16T03:13:00.000Z;Ingolstadt Nord;RB;RB 16;16;59140;8003076;8003076%2021-12-16T03:13:00.000Z%,8003074,8002171,8001734,8005828,8000419,8001708,8001495,8005593,8004753,8000122,8006298,8001749,8004835,8004115,8002237,8005995,8005185,8005439,8000284,;426
2021-12-16T03:32:00.000Z;Ingolstadt Nord;RB;RB 16;16;59171;8003076;8003076%2021-12-16T03:32:00.000Z%,8000183,8000678,8000256,8004781,8005008,8004747,8004775,8001354,8000261,;426
2021-12-16T04:28:00.000Z;Ingolstadt Nord;RB;RB 16;16;59144;8003076;8003076%2021-12-16T04:28:00.000Z%,8003074,8002171,8001734,8005828,8000419,8001708,8001495,8005593,8004753,8000122,8006298,8004835,8004115,8002237,8005185,8005439,8000284,;426
2021-12-16T04:29:00.000Z;Ingolstadt Nord;RB;RB 16;16;59141;8003076;8003076%2021-12-16T04:29:00.000Z%,8000183,8000678,8000256,8004781,8005008,8004747,8004775,8001354,8000261,;426
2021-12-16T04:50:00.000Z;Ingolstadt Nord;RE;RE 1;1;4001;8003076;8003076%2021-12-16T04:50:00.000Z%,8000183,8000256,8004781,8004775,8000261,;602
2021-12-16T05:05:00.000Z;Ingolstadt Nord;RE;RE 1;1;4000;8003076;8003076%2021-12-16T05:05:00.000Z%,8003256,8000498,8000284,;602
2021-12-16T05:17:00.000Z;Ingolstadt Nord;RB;RB 16;16;59143;8003076;8003076%2021-12-16T05:17:00.000Z%,8000183,8000678,8000256,8004781,8005008,8004747,8004775,8001354,8000261,;426
2021-12-16T05:33:00.000Z;Ingolstadt Nord;RB;RB 16;16;59086;8003076;8003076%2021-12-16T05:33:00.000Z%,8003074,8002171,8001734,8005828,8000419,8001708,8001495,8005593,8004753,8000122,8006298,8001749,8004835,8004115,8002237,8005995,8005185,8005439,8000284,;426
2021-12-16T05:51:00.000Z;Ingolstadt Nord;RE;RE 1;1;4005;8003076;8003076%2021-12-16T05:51:00.000Z%,8000183,8004781,8000261,;602
2021-12-16T05:54:00.000Z;Ingolstadt Nord;RE;RE 1;1;4696;8003076;8003076%2021-12-16T05:54:00.000Z%,8003074,8001708,;602
2021-12-16T06:17:00.000Z;Ingolstadt Nord;RB;RB 16;16;59085;8003076;8003076%2021-12-16T06:17:00.000Z%,8000183,8000678,8000256,8004781,8005008,8004747,8004775,8001354,8000261,;426
2021-12-16T06:34:00.000Z;Ingolstadt Nord;RB;RB 16;16;59146;8003076;8003076%2021-12-16T06:34:00.000Z%,8003074,8002171,8001734,8005828,8000419,8001708,8001495,8005593,8004753,8000122,;426
2021-12-16T06:42:00.000Z;Ingolstadt Nord;RE;RE 1;1;4697;8003076;8003076%2021-12-16T06:42:00.000Z%,8000183,8000678,8000256,8004781,8000261,;602
2021-12-16T07:06:00.000Z;Ingolstadt Nord;RE;RE 1;1;4006;8003076;8003076%2021-12-16T07:06:00.000Z%,8003256,8000498,8000284,;602
2021-12-16T07:14:00.000Z;Ingolstadt Nord;RE;RE 1;1;4011;8003076;8003076%2021-12-16T07:14:00.000Z%,8000183,8000256,8004781,8000261,;602
2021-12-16T07:21:00.000Z;Ingolstadt Nord;RB;RB 16;16;59145;8003076;8003076%2021-12-16T07:21:00.000Z%,8000183,8000678,8000256,8004781,8005008,8004747,8004775,8001354,8000261,;426
2021-12-16T07:34:00.000Z;Ingolstadt Nord;RB;RB 16;16;59090;8003076;8003076%2021-12-16T07:34:00.000Z%,8003074,8002171,8001734,8005828,8000419,8001708,8001495,8005593,8004753,8000122,8006298,8001749,8004835,8004115,8002237,8005995,8005185,8005439,8000284,;426
2021-12-16T08:31:00.000Z;Ingolstadt Nord;RB;RB 16;16;59089;8003076;8003076%2021-12-16T08:31:00.000Z%,8000183,8000678,8000256,8004781,8005008,8004747,8004775,8001354,8000261,;426
2021-12-16T08:34:00.000Z;Ingolstadt Nord;RB;RB 16;16;59148;8003076;8003076%2021-12-16T08:34:00.000Z%,8003074,8002171,8001734,8005828,8000419,8001708,8001495,8005593,8004753,8000122,;426
2021-12-16T08:52:00.000Z;Ingolstadt Nord;RE;RE 1;1;4015;8003076;8003076%2021-12-16T08:52:00.000Z%,8000183,8000256,8004781,8004775,8000261,;602
2021-12-15T20:14:00.000Z;Inningen;RE;RE 7;7;3287;8003079;8003079%2021-12-15T20:17:00.000Z%3,8000013,;602
2021-12-15T20:14:00.000Z;Inningen;RE;RE 17;17;57661;8003079;8003079%2021-12-15T20:17:00.000Z%3,8000013,;602
2021-12-15T20:41:00.000Z;Inningen;RE;RE 71;71;57518;8003079;8003079%2021-12-15T20:41:00.000Z%0,8001033,8005444,8000057,8000144,8004927,8000338,8005725,8005607,8000249,;602
2021-12-15T21:41:00.000Z;Inningen;RE;RE 7;7;3292;8003079;8003079%2021-12-15T21:41:00.000Z%,8001033,8005444,8000057,8000194,8000962,8002458,8000197,8003901,8003065,8004584,8005138,8002710,8000387,8000230,;602
2021-12-15T22:19:00.000Z;Inningen;RE;RE 7;7;3295;8003079;8003079%2021-12-15T22:22:00.000Z%3,8000659,8000660,8000013,;602
2021-12-15T22:43:00.000Z;Inningen;RE;RE 71;71;57520;8003079;8003079%2021-12-15T22:43:00.000Z%,8001033,8005444,8000057,8000144,8004927,8000338,8005725,8005607,8000249,;602
2021-12-15T23:37:00.000Z;Inningen;RE;RE 71;71;57521;8003079;8003079%2021-12-15T23:37:00.000Z%,8000659,8000660,8000013,;602
2021-12-16T03:59:00.000Z;Inningen;RE;RE 79;79;57400;8003079;8003079%2021-12-16T03:59:00.000Z%,8001033,8005444,8000057,8000194,8000962,8002458,8000197,;602
2021-12-16T04:32:00.000Z;Inningen;RE;RE 71;71;57500;8003079;8003079%2021-12-16T04:32:00.000Z%,8001033,8005444,8000057,8000144,8004927,8000338,8005725,8005607,8000249,;602
2021-12-16T04:46:00.000Z;Inningen;RE;RE 79;79;57401;8003079;8003079%2021-12-16T04:46:00.000Z%,8000659,8000660,8000013,;602
2021-12-16T05:15:00.000Z;Inningen;RE;RE 71;71;57501;8003079;8003079%2021-12-16T05:15:00.000Z%,8000659,8000660,8000013,;602
2021-12-16T19:41:00.000Z;Inningen;RE;RE 7;7;3288;8003079;8003079%2021-12-16T19:41:00.000Z%,8001033,8005444,8000057,8000194,8000962,8002458,8000197,8003901,8003065,8004584,8005138,8002710,8000387,8003693,;602
2021-12-16T19:41:00.000Z;Inningen;RE;RE 17;17;57670;8003079;8003079%2021-12-16T19:41:00.000Z%,8001033,8005444,8000057,8000194,8000962,8002458,8000197,8003901,8003065,8001004,8005609,8000561,8001995,8003551,8004585,;602
2021-12-15T20:22:00.000Z;Isselhorst-Avenwedde;RB;RB 69;69;89995;8003096;8003096%2021-12-15T20:24:00.000Z%2,8000048,8000036,;426
2021-12-15T20:35:00.000Z;Isselhorst-Avenwedde;RB;RB 69;69;90090;8003096;8003096%2021-12-15T20:35:00.000Z%0,8002461,8000315,8004626,8004251,8000441,8002680,8000149,8001045,8003986,8001558,8005102,8002841,8000263,;426
2021-12-15T21:23:00.000Z;Isselhorst-Avenwedde;RB;RB 69;69;90085;8003096;8003096%2021-12-15T21:23:00.000Z%0,8000048,8000036,;426
2021-12-15T23:15:00.000Z;Isselhorst-Avenwedde;RB;RB 69;69;89996;8003096;8003096%2021-12-15T23:15:00.000Z%,8002461,8000315,8004626,8004251,8000441,8002680,8000149,;426
2021-12-16T00:41:00.000Z;Isselhorst-Avenwedde;RB;RB 69;69;89997;8003096;8003096%2021-12-16T00:41:00.000Z%,8000048,8000036,;426
2021-12-16T04:22:00.000Z;Isselhorst-Avenwedde;RB;RB 69;69;89963;8003096;8003096%2021-12-16T04:22:00.000Z%,8000048,8000036,;426
2021-12-16T04:35:00.000Z;Isselhorst-Avenwedde;RB;RB 69;69;89964;8003096;8003096%2021-12-16T04:35:00.000Z%,8002461,8000315,8004626,8004251,8000441,8002680,8000149,8001045,8003986,8001558,8005102,8002841,8000263,;426
2021-12-16T05:15:00.000Z;Isselhorst-Avenwedde;RB;RB 67;67;79280;8003096;8003096%2021-12-16T05:15:00.000Z%,8000048,8000036,;426
2021-12-16T05:22:00.000Z;Isselhorst-Avenwedde;RB;RB 69;69;89965;8003096;8003096%2021-12-16T05:22:00.000Z%,8000048,8000036,8001118,8000162,;426
2021-12-16T05:24:00.000Z;Isselhorst-Avenwedde;RB;RB 67;67;79287;8003096;8003096%2021-12-16T05:24:00.000Z%,8002461,8000315,8002801,8001335,8000846,8006206,8006207,8005834,8000263,;426
2021-12-16T05:35:00.000Z;Isselhorst-Avenwedde;RB;RB 69;69;89966;8003096;8003096%2021-12-16T05:35:00.000Z%,8002461,8000315,8004626,8004251,8000441,8002680,8000149,8001045,8003986,8001558,8005102,8002841,8000263,;426
2021-12-16T06:15:00.000Z;Isselhorst-Avenwedde;RE;RE 78;78;52275;8003096;8003096%2021-12-16T06:15:00.000Z%,8000048,8000036,8000162,8000233,8000732,8004868,8000252,8004777,8000335,8000279,;602
2021-12-16T06:21:00.000Z;Isselhorst-Avenwedde;RB;RB 67;67;79289;8003096;8003096%2021-12-16T06:21:00.000Z%,8002461,8000315,8002801,8001335,8000846,8006206,8006207,8005834,8000263,;426
2021-12-16T06:22:00.000Z;Isselhorst-Avenwedde;RB;RB 69;69;89967;8003096;8003096%2021-12-16T06:22:00.000Z%,8000048,8000036,;426
2021-12-16T06:35:00.000Z;Isselhorst-Avenwedde;RB;RB 69;69;89968;8003096;8003096%2021-12-16T06:35:00.000Z%,8002461,8000315,8004626,8004251,8000441,8002680,8000149,8001045,8003986,8001558,8005102,8002841,8000263,;426
2021-12-16T07:22:00.000Z;Isselhorst-Avenwedde;RB;RB 69;69;89969;8003096;8003096%2021-12-16T07:22:00.000Z%,8000048,8000036,;426
2021-12-16T07:35:00.000Z;Isselhorst-Avenwedde;RB;RB 69;69;89970;8003096;8003096%2021-12-16T07:35:00.000Z%,8002461,8000315,8004626,8004251,8000441,8002680,8000149,8001045,8003986,8001558,8005102,8002841,8000263,;426
2021-12-16T08:22:00.000Z;Isselhorst-Avenwedde;RB;RB 69;69;89971;8003096;8003096%2021-12-16T08:22:00.000Z%,8000048,8000036,;426
2021-12-16T08:35:00.000Z;Isselhorst-Avenwedde;RB;RB 69;69;89972;8003096;8003096%2021-12-16T08:35:00.000Z%,8002461,8000315,8004626,8004251,8000441,8002680,8000149,8001045,8003986,8001558,8005102,8002841,8000263,;426
2021-12-16T09:22:00.000Z;Isselhorst-Avenwedde;RB;RB 69;69;89973;8003096;8003096%2021-12-16T09:22:00.000Z%,8000048,8000036,;426
2021-12-16T09:35:00.000Z;Isselhorst-Avenwedde;RB;RB 69;69;89974;8003096;8003096%2021-12-16T09:35:00.000Z%,8002461,8000315,8004626,8004251,8000441,8002680,8000149,8001045,8003986,8001558,8005102,8002841,8000263,;426
2021-12-16T10:22:00.000Z;Isselhorst-Avenwedde;RB;RB 69;69;89975;8003096;8003096%2021-12-16T10:22:00.000Z%,8000048,8000036,;426
2021-12-16T10:35:00.000Z;Isselhorst-Avenwedde;RB;RB 69;69;89976;8003096;8003096%2021-12-16T10:35:00.000Z%,8002461,8000315,8004626,8004251,8000441,8002680,8000149,8001045,8003986,8001558,8005102,8002841,8000263,;426
2021-12-16T11:22:00.000Z;Isselhorst-Avenwedde;RB;RB 69;69;89977;8003096;8003096%2021-12-16T11:22:00.000Z%,8000048,8000036,;426
2021-12-16T11:35:00.000Z;Isselhorst-Avenwedde;RB;RB 69;69;89978;8003096;8003096%2021-12-16T11:35:00.000Z%,8002461,8000315,8004626,8004251,8000441,8002680,8000149,8001045,8003986,8001558,8005102,8002841,8000263,;426
2021-12-16T12:22:00.000Z;Isselhorst-Avenwedde;RB;RB 69;69;89979;8003096;8003096%2021-12-16T12:22:00.000Z%,8000048,8000036,;426
2021-12-16T12:35:00.000Z;Isselhorst-Avenwedde;RB;RB 69;69;89980;8003096;8003096%2021-12-16T12:35:00.000Z%,8002461,8000315,8004626,8004251,8000441,8002680,8000149,8001045,8003986,8001558,8005102,8002841,8000263,;426
2021-12-16T13:22:00.000Z;Isselhorst-Avenwedde;RB;RB 69;69;89981;8003096;8003096%2021-12-16T13:22:00.000Z%,8000048,8000036,;426
2021-12-16T13:35:00.000Z;Isselhorst-Avenwedde;RB;RB 69;69;89982;8003096;8003096%2021-12-16T13:35:00.000Z%,8002461,8000315,8004626,8004251,8000441,8002680,8000149,8001045,8003986,8001558,8005102,8002841,8000263,;426
2021-12-16T14:22:00.000Z;Isselhorst-Avenwedde;RB;RB 69;69;89983;8003096;8003096%2021-12-16T14:22:00.000Z%,8000048,8000036,;426
2021-12-16T14:35:00.000Z;Isselhorst-Avenwedde;RB;RB 69;69;89984;8003096;8003096%2021-12-16T14:35:00.000Z%,8002461,8000315,8004626,8004251,8000441,8002680,8000149,8001045,8003986,8001558,8005102,8002841,8000263,;426
2021-12-16T15:22:00.000Z;Isselhorst-Avenwedde;RB;RB 69;69;89985;8003096;8003096%2021-12-16T15:22:00.000Z%,8000048,8000036,;426
2021-12-16T15:35:00.000Z;Isselhorst-Avenwedde;RB;RB 69;69;89986;8003096;8003096%2021-12-16T15:35:00.000Z%,8002461,8000315,8004626,8004251,8000441,8002680,8000149,8001045,8003986,8001558,8005102,8002841,8000263,;426
2021-12-16T16:22:00.000Z;Isselhorst-Avenwedde;RB;RB 69;69;89987;8003096;8003096%2021-12-16T16:22:00.000Z%,8000048,8000036,;426
2021-12-16T16:35:00.000Z;Isselhorst-Avenwedde;RB;RB 69;69;89988;8003096;8003096%2021-12-16T16:35:00.000Z%,8002461,8000315,8004626,8004251,8000441,8002680,8000149,8001045,8003986,8001558,8005102,8002841,8000263,;426
2021-12-16T17:22:00.000Z;Isselhorst-Avenwedde;RB;RB 69;69;89989;8003096;8003096%2021-12-16T17:22:00.000Z%,8000048,8000036,;426
2021-12-16T17:35:00.000Z;Isselhorst-Avenwedde;RB;RB 69;69;89990;8003096;8003096%2021-12-16T17:35:00.000Z%,8002461,8000315,8004626,8004251,8000441,8002680,8000149,8001045,8003986,8001558,8005102,8002841,8000263,;426
2021-12-16T18:22:00.000Z;Isselhorst-Avenwedde;RB;RB 69;69;89991;8003096;8003096%2021-12-16T18:22:00.000Z%,8000048,8000036,;426
2021-12-16T18:35:00.000Z;Isselhorst-Avenwedde;RB;RB 69;69;89992;8003096;8003096%2021-12-16T18:35:00.000Z%,8002461,8000315,8004626,8004251,8000441,8002680,8000149,8001045,8003986,8001558,8005102,8002841,8000263,;426
2021-12-16T19:22:00.000Z;Isselhorst-Avenwedde;RB;RB 69;69;89993;8003096;8003096%2021-12-16T19:22:00.000Z%,8000048,8000036,;426
2021-12-16T19:35:00.000Z;Isselhorst-Avenwedde;RB;RB 69;69;89994;8003096;8003096%2021-12-16T19:35:00.000Z%,8002461,8000315,8004626,8004251,8000441,8002680,8000149,8001045,8003986,8001558,8005102,8002841,8000263,;426
2021-12-15T20:51:00.000Z;Kalchreuth;RB;RB 21;21;58773;8003154;8003154%2021-12-15T20:51:00.000Z%0,8002416,8001875,8002029,8005219,8003044,8006300,8002340,;426
2021-12-15T21:08:00.000Z;Kalchreuth;RB;RB 21;21;58772;8003154;8003154%2021-12-15T21:08:00.000Z%0,8002783,8002782,8004469,;426
2021-12-15T21:45:00.000Z;Kalchreuth;RB;RB 21;21;58775;8003154;8003154%2021-12-15T21:45:00.000Z%,8002416,8001875,8002029,8005219,8003044,8006300,8002340,;426
2021-12-15T22:02:00.000Z;Kalchreuth;RB;RB 21;21;58774;8003154;8003154%2021-12-15T22:02:00.000Z%,8002783,8002782,8004469,;426
2021-12-15T22:45:00.000Z;Kalchreuth;RB;RB 21;21;58777;8003154;8003154%2021-12-15T22:45:00.000Z%,8002416,8001875,8002029,8005219,8003044,8006300,8002340,;426
2021-12-15T23:02:00.000Z;Kalchreuth;RB;RB 21;21;58776;8003154;8003154%2021-12-15T23:02:00.000Z%,8002783,8002782,8004469,;426
2021-12-16T04:18:00.000Z;Kalchreuth;RB;RB 21;21;59069;8003154;8003154%2021-12-16T04:18:00.000Z%,8002416,8001875,8002340,;426
2021-12-16T04:36:00.000Z;Kalchreuth;RB;RB 21;21;58700;8003154;8003154%2021-12-16T04:36:00.000Z%,8002783,8002782,8004469,;426
2021-12-16T04:50:00.000Z;Kalchreuth;RB;RB 21;21;58701;8003154;8003154%2021-12-16T04:50:00.000Z%,8002416,8001875,8002340,;426
2021-12-16T05:11:00.000Z;Kalchreuth;RB;RB 21;21;58702;8003154;8003154%2021-12-16T05:11:00.000Z%,8002783,8002782,8004469,;426
2021-12-16T05:25:00.000Z;Kalchreuth;RB;RB 21;21;58703;8003154;8003154%2021-12-16T05:25:00.000Z%,8002416,8001875,8002029,8005219,8003044,8006300,8002340,;426
2021-12-16T05:47:00.000Z;Kalchreuth;RB;RB 21;21;58704;8003154;8003154%2021-12-16T05:47:00.000Z%,8002783,8002782,8004469,;426
2021-12-16T06:01:00.000Z;Kalchreuth;RB;RB 21;21;58707;8003154;8003154%2021-12-16T06:01:00.000Z%,8002416,8001875,8002029,8005219,8003044,8006300,8002340,;426
2021-12-16T06:23:00.000Z;Kalchreuth;RB;RB 21;21;58708;8003154;8003154%2021-12-16T06:23:00.000Z%,8002783,8002782,8004469,;426
2021-12-16T06:38:00.000Z;Kalchreuth;RB;RB 21;21;58709;8003154;8003154%2021-12-16T06:38:00.000Z%,8002416,8001875,8002029,8005219,8003044,8006300,8002340,;426
2021-12-16T07:02:00.000Z;Kalchreuth;RB;RB 21;21;58710;8003154;8003154%2021-12-16T07:02:00.000Z%,8002783,8002782,8004469,;426
2021-12-16T07:38:00.000Z;Kalchreuth;RB;RB 21;21;58713;8003154;8003154%2021-12-16T07:38:00.000Z%,8002416,8001875,8002029,8005219,8003044,8006300,8002340,;426
2021-12-16T07:54:00.000Z;Kalchreuth;RB;RB 21;21;58712;8003154;8003154%2021-12-16T07:54:00.000Z%,8002783,8002782,8004469,;426
2021-12-16T08:38:00.000Z;Kalchreuth;RB;RB 21;21;58717;8003154;8003154%2021-12-16T08:38:00.000Z%,8002416,8001875,8002029,8005219,8003044,8006300,8002340,;426
2021-12-16T08:54:00.000Z;Kalchreuth;RB;RB 21;21;58716;8003154;8003154%2021-12-16T08:54:00.000Z%,8002783,8002782,8004469,;426
2021-12-16T09:38:00.000Z;Kalchreuth;RB;RB 21;21;58721;8003154;8003154%2021-12-16T09:38:00.000Z%,8002416,8001875,8002029,8005219,8003044,8006300,8002340,;426
2021-12-16T09:54:00.000Z;Kalchreuth;RB;RB 21;21;58720;8003154;8003154%2021-12-16T09:54:00.000Z%,8002783,8002782,8004469,;426
2021-12-16T10:38:00.000Z;Kalchreuth;RB;RB 21;21;58725;8003154;8003154%2021-12-16T10:38:00.000Z%,8002416,8001875,8002029,8005219,8003044,8006300,8002340,;426
2021-12-16T10:54:00.000Z;Kalchreuth;RB;RB 21;21;58724;8003154;8003154%2021-12-16T10:54:00.000Z%,8002783,8002782,8004469,;426
2021-12-16T11:38:00.000Z;Kalchreuth;RB;RB 21;21;58729;8003154;8003154%2021-12-16T11:38:00.000Z%,8002416,8001875,8002029,8005219,8003044,8006300,8002340,;426
2021-12-16T11:54:00.000Z;Kalchreuth;RB;RB 21;21;58728;8003154;8003154%2021-12-16T11:54:00.000Z%,8002783,8002782,8004469,;426
2021-12-16T12:10:00.000Z;Kalchreuth;RB;RB 21;21;58733;8003154;8003154%2021-12-16T12:10:00.000Z%,8002416,8001875,8002029,8005219,8003044,8006300,8002340,;426
2021-12-16T12:33:00.000Z;Kalchreuth;RB;RB 21;21;58732;8003154;8003154%2021-12-16T12:33:00.000Z%,8002783,8002782,8004469,;426
2021-12-16T12:46:00.000Z;Kalchreuth;RB;RB 21;21;58737;8003154;8003154%2021-12-16T12:46:00.000Z%,8002416,8001875,;426
2021-12-16T13:38:00.000Z;Kalchreuth;RB;RB 21;21;58739;8003154;8003154%2021-12-16T13:38:00.000Z%,8002416,8001875,8002029,8005219,8003044,8006300,8002340,;426
2021-12-16T13:54:00.000Z;Kalchreuth;RB;RB 21;21;58738;8003154;8003154%2021-12-16T13:54:00.000Z%,8002783,8002782,8004469,;426
2021-12-16T14:07:00.000Z;Kalchreuth;RB;RB 21;21;58743;8003154;8003154%2021-12-16T14:07:00.000Z%,8002416,8001875,;426
2021-12-16T14:27:00.000Z;Kalchreuth;RB;RB 21;21;58742;8003154;8003154%2021-12-16T14:27:00.000Z%,8002783,8002782,8004469,;426
2021-12-16T14:40:00.000Z;Kalchreuth;RB;RB 21;21;58745;8003154;8003154%2021-12-16T14:40:00.000Z%,8002416,8001875,8002029,8005219,8003044,8006300,8002340,;426
2021-12-16T14:56:00.000Z;Kalchreuth;RB;RB 21;21;58744;8003154;8003154%2021-12-16T14:56:00.000Z%,8002783,8002782,8004469,;426
2021-12-16T15:09:00.000Z;Kalchreuth;RB;RB 21;21;58749;8003154;8003154%2021-12-16T15:09:00.000Z%,8002416,8001875,;426
2021-12-16T15:29:00.000Z;Kalchreuth;RB;RB 21;21;58748;8003154;8003154%2021-12-16T15:29:00.000Z%,8002783,8002782,8004469,;426
2021-12-16T15:42:00.000Z;Kalchreuth;RB;RB 21;21;58751;8003154;8003154%2021-12-16T15:42:00.000Z%,8002416,8001875,8002029,8005219,8003044,8006300,8002340,;426
2021-12-16T15:58:00.000Z;Kalchreuth;RB;RB 21;21;58750;8003154;8003154%2021-12-16T15:58:00.000Z%,8002783,8002782,8004469,;426
2021-12-16T16:11:00.000Z;Kalchreuth;RB;RB 21;21;58755;8003154;8003154%2021-12-16T16:11:00.000Z%,8002416,8001875,;426
2021-12-16T16:42:00.000Z;Kalchreuth;RB;RB 21;21;58757;8003154;8003154%2021-12-16T16:42:00.000Z%,8002416,8001875,8002029,8005219,8003044,8006300,8002340,;426
2021-12-16T16:58:00.000Z;Kalchreuth;RB;RB 21;21;58756;8003154;8003154%2021-12-16T16:58:00.000Z%,8002783,8002782,8004469,;426
2021-12-16T17:11:00.000Z;Kalchreuth;RB;RB 21;21;58761;8003154;8003154%2021-12-16T17:11:00.000Z%,8002416,8001875,;426
2021-12-16T17:42:00.000Z;Kalchreuth;RB;RB 21;21;58763;8003154;8003154%2021-12-16T17:42:00.000Z%,8002416,8001875,8002029,8005219,8003044,8006300,8002340,;426
2021-12-16T17:58:00.000Z;Kalchreuth;RB;RB 21;21;58762;8003154;8003154%2021-12-16T17:58:00.000Z%,8002783,8002782,8004469,;426
2021-12-16T18:11:00.000Z;Kalchreuth;RB;RB 21;21;58767;8003154;8003154%2021-12-16T18:11:00.000Z%,8002416,8001875,;426
2021-12-16T18:31:00.000Z;Kalchreuth;RB;RB 21;21;58766;8003154;8003154%2021-12-16T18:31:00.000Z%,8002783,8002782,8004469,;426
2021-12-16T18:45:00.000Z;Kalchreuth;RB;RB 21;21;58769;8003154;8003154%2021-12-16T18:45:00.000Z%,8002416,8001875,8002029,8005219,8003044,8006300,8002340,;426
2021-12-16T19:02:00.000Z;Kalchreuth;RB;RB 21;21;58768;8003154;8003154%2021-12-16T19:02:00.000Z%,8002783,8002782,8004469,;426
2021-12-16T19:51:00.000Z;Kalchreuth;RB;RB 21;21;58771;8003154;8003154%2021-12-16T19:51:00.000Z%,8002416,8001875,8002029,8005219,8003044,8006300,8002340,;426
2021-12-16T20:10:00.000Z;Kalchreuth;RB;RB 21;21;58770;8003154;8003154%2021-12-16T20:10:00.000Z%,8002783,8002782,8004469,;426
2021-12-15T20:35:00.000Z;Karlsruhe-Mühlburg;RB;RB 51;51;38277;8003187;8003187%2021-12-15T20:37:00.000Z%2,8003183,8000191,;426
2021-12-15T20:42:00.000Z;Karlsruhe-Mühlburg;RB;RB 51;51;38280;8003187;8003187%2021-12-15T20:42:00.000Z%0,8003186,8084067,8000254,;426
2021-12-15T21:18:00.000Z;Karlsruhe-Mühlburg;RB;RB 52;52;81482;8003187;8003187%2021-12-15T21:18:00.000Z%,8003183,8000191,;426
2021-12-15T22:48:00.000Z;Karlsruhe-Mühlburg;RB;RB 51;51;38283;8003187;8003187%2021-12-15T22:48:00.000Z%,8003183,8000191,;426
2021-12-16T03:38:00.000Z;Karlsruhe-Mühlburg;RB;RB 51;51;12402;8003187;8003187%2021-12-16T03:38:00.000Z%,8003186,8000254,8006536,8003172,8006468,8005713,8005146,8003080,8000216,8003349,8001665,8001663,8003809,8004306,8000275,;426
2021-12-16T04:19:00.000Z;Karlsruhe-Mühlburg;RB;RB 54;54;12452;8003187;8003187%2021-12-16T04:19:00.000Z%,8003186,8000254,8006536,8003172,8006468,8000691,;426
2021-12-16T05:04:00.000Z;Karlsruhe-Mühlburg;RB;RB 51;51;12404;8003187;8003187%2021-12-16T05:04:00.000Z%,8003186,8084067,8000254,8006536,8003172,8006468,8005713,8005146,8003080,8000216,8003349,8001665,8001663,8003809,8000275,;426
2021-12-16T05:27:00.000Z;Karlsruhe-Mühlburg;RE;RE 6;6;12003;8003187;8003187%2021-12-16T05:27:00.000Z%,8003183,8000191,;602
2021-12-16T05:27:00.000Z;Karlsruhe-Mühlburg;RE;RE 55;55;12331;8003187;8003187%2021-12-16T05:27:00.000Z%,8003183,8000191,;602
2021-12-16T06:17:00.000Z;Karlsruhe-Mühlburg;RB;RB 51;51;12403;8003187;8003187%2021-12-16T06:17:00.000Z%,8003183,8000191,;426
2021-12-16T06:17:00.000Z;Karlsruhe-Mühlburg;RB;RB 51;51;12427;8003187;8003187%2021-12-16T06:17:00.000Z%,8003183,8000191,;426
2021-12-16T06:25:00.000Z;Karlsruhe-Mühlburg;RE;RE 6;6;12006;8003187;8003187%2021-12-16T06:25:00.000Z%,8003186,8084067,8000254,8003172,8006468,8000216,8000275,;602
2021-12-16T06:41:00.000Z;Karlsruhe-Mühlburg;RB;RB 51;51;12406;8003187;8003187%2021-12-16T06:41:00.000Z%,8003186,8084067,8000254,8006536,8003172,8006468,8005713,8005146,8003080,8000216,8003349,8001665,8001663,8003809,8004306,8000275,;426
2021-12-16T06:43:00.000Z;Karlsruhe-Mühlburg;RE;RE 6;6;12007;8003187;8003187%2021-12-16T06:43:00.000Z%,8003183,8000191,;602
2021-12-15T20:29:00.000Z;Koblenz-Moselweiß;RB;RB 81;81;12130;8003354;8003354%2021-12-15T20:29:00.000Z%0,8002454,8006481,8003350,8003611,8003211,8003723,8002643,8004096,8004101,8003179,8004859,8003344,8001340,8001666,8004223,8001267,8000870,8005945,8000379,8005260,8005510,8002817,8002018,8005476,8004910,8001688,8000370,8004784,8000134,;426
2021-12-15T20:30:00.000Z;Koblenz-Moselweiß;RB;RB 81;81;12129;8003354;8003354%2021-12-15T20:30:00.000Z%0,8000206,;426
2021-12-15T21:29:00.000Z;Koblenz-Moselweiß;RB;RB 81;81;12132;8003354;8003354%2021-12-15T21:29:00.000Z%,8002454,8006481,8003350,8003611,8003211,8003723,8002643,8004096,8004101,8003179,8004859,8003344,8001340,8001666,8004223,8001267,8000870,8005945,8000379,8005260,8005510,8002817,8002018,8005476,8004910,8001688,8000370,8004784,8000134,;426
2021-12-15T21:30:00.000Z;Koblenz-Moselweiß;RB;RB 81;81;12131;8003354;8003354%2021-12-15T21:34:00.000Z%4,8000206,;426
2021-12-15T22:30:00.000Z;Koblenz-Moselweiß;RB;RB 81;81;12133;8003354;8003354%2021-12-15T22:31:00.000Z%1,8000206,;426
2021-12-15T23:12:00.000Z;Koblenz-Moselweiß;RB;RB 81;81;12134;8003354;8003354%2021-12-15T23:12:00.000Z%,8002454,8006481,8003350,8003611,8003211,8003723,8002643,8004096,8004101,8003179,8004859,8003344,8001340,;426
2021-12-16T04:14:00.000Z;Koblenz-Moselweiß;RB;RB 82;82;12188;8003354;8003354%2021-12-16T04:14:00.000Z%,8002454,8006481,8003350,8003611,8003211,8003723,8002643,8004096,8004101,8003179,8004859,8003344,8001340,8001666,8004223,8001267,8000870,8005945,8000379,8005260,8005510,8002817,8002018,8005476,8004910,8001688,8000370,8004784,8000134,8005905,8000402,8003403,8006222,8004514,8005835,8006315,8004438,8006463,8006252,8004748,8004236,8000923,8004771,;426
2021-12-16T04:14:00.000Z;Koblenz-Moselweiß;RB;RB 81;81;12193;8003354;8003354%2021-12-16T04:14:00.000Z%,8000206,;426
2021-12-16T05:11:00.000Z;Koblenz-Moselweiß;RB;RB 81;81;12195;8003354;8003354%2021-12-16T05:11:00.000Z%,8000206,;426
2021-12-16T05:29:00.000Z;Koblenz-Moselweiß;RB;RB 81;81;12100;8003354;8003354%2021-12-16T05:29:00.000Z%,8002454,8006481,8003350,8003611,8003211,8003723,8002643,8004096,8004101,8003179,8004859,8003344,8001340,8001666,8004223,8001267,8000870,8005945,8000379,8005260,8005510,8002817,8002018,8005476,8004910,8001688,8000370,8004784,8000134,;426
2021-12-16T06:14:00.000Z;Koblenz-Moselweiß;RB;RB 81;81;12141;8003354;8003354%2021-12-16T06:14:00.000Z%,8000206,;426
2021-12-16T06:29:00.000Z;Koblenz-Moselweiß;RB;RB 81;81;12102;8003354;8003354%2021-12-16T06:29:00.000Z%,8002454,8006481,8003350,8003611,8003211,8003723,8002643,8004096,8004101,8003179,8004859,8003344,8001340,8001666,8004223,8001267,8000870,8005945,8000379,8005260,8005510,8002817,8002018,8005476,8004910,8001688,8000370,8004784,8000134,;426
2021-12-16T06:47:00.000Z;Koblenz-Moselweiß;RB;RB 81;81;12198;8003354;8003354%2021-12-16T06:47:00.000Z%,8002454,8006481,8003350,;426
2021-12-16T06:54:00.000Z;Koblenz-Moselweiß;RB;RB 81;81;12191;8003354;8003354%2021-12-16T06:54:00.000Z%,8000206,;426
2021-12-16T07:08:00.000Z;Koblenz-Moselweiß;RB;RB 81;81;12103;8003354;8003354%2021-12-16T07:08:00.000Z%,8000206,;426
2021-12-16T07:29:00.000Z;Koblenz-Moselweiß;RB;RB 81;81;12104;8003354;8003354%2021-12-16T07:29:00.000Z%,8002454,8006481,8003350,8003611,8003211,8003723,8002643,8004096,8004101,8003179,8004859,8003344,8001340,8001666,8004223,8001267,8000870,8005945,8000379,8005260,8005510,8002817,8002018,8005476,8004910,8001688,8000370,8004784,8000134,;426
2021-12-16T08:07:00.000Z;Koblenz-Moselweiß;RB;RB 81;81;12199;8003354;8003354%2021-12-16T08:07:00.000Z%,8000206,;426
2021-12-16T08:29:00.000Z;Koblenz-Moselweiß;RB;RB 81;81;12106;8003354;8003354%2021-12-16T08:29:00.000Z%,8002454,8006481,8003350,8003611,8003211,8003723,8002643,8004096,8004101,8003179,8004859,8003344,8001340,8001666,8004223,8001267,8000870,8005945,8000379,8005260,8005510,8002817,8002018,8005476,8004910,8001688,8000370,8004784,8000134,;426
2021-12-16T08:30:00.000Z;Koblenz-Moselweiß;RB;RB 81;81;12105;8003354;8003354%2021-12-16T08:30:00.000Z%,8000206,;426
2021-12-16T09:29:00.000Z;Koblenz-Moselweiß;RB;RB 81;81;12108;8003354;8003354%2021-12-16T09:29:00.000Z%,8002454,8006481,8003350,8003611,8003211,8003723,8002643,8004096,8004101,8003179,8004859,8003344,8001340,8001666,8004223,8001267,8000870,8005945,8000379,8005260,8005510,8002817,8002018,8005476,8004910,8001688,8000370,8004784,8000134,;426
2021-12-16T09:30:00.000Z;Koblenz-Moselweiß;RB;RB 81;81;12107;8003354;8003354%2021-12-16T09:30:00.000Z%,8000206,;426
2021-12-16T10:29:00.000Z;Koblenz-Moselweiß;RB;RB 81;81;12110;8003354;8003354%2021-12-16T10:29:00.000Z%,8002454,8006481,8003350,8003611,8003211,8003723,8002643,8004096,8004101,8003179,8004859,8003344,8001340,8001666,8004223,8001267,8000870,8005945,8000379,8005260,8005510,8002817,8002018,8005476,8004910,8001688,8000370,8004784,8000134,8005905,8000402,8003403,8006222,8004514,8005835,8006315,8004438,8006463,8006252,8004748,8004236,8000923,8004771,;426
2021-12-16T10:30:00.000Z;Koblenz-Moselweiß;RB;RB 81;81;12109;8003354;8003354%2021-12-16T10:30:00.000Z%,8000206,;426
2021-12-16T11:29:00.000Z;Koblenz-Moselweiß;RB;RB 81;81;12112;8003354;8003354%2021-12-16T11:29:00.000Z%,8002454,8006481,8003350,8003611,8003211,8003723,8002643,8004096,8004101,8003179,8004859,8003344,8001340,8001666,8004223,8001267,8000870,8005945,8000379,8005260,8005510,8002817,8002018,8005476,8004910,8001688,8000370,8004784,8000134,;426
2021-12-16T11:30:00.000Z;Koblenz-Moselweiß;RB;RB 81;81;12111;8003354;8003354%2021-12-16T11:30:00.000Z%,8000206,;426
2021-12-16T11:47:00.000Z;Koblenz-Moselweiß;RB;RB 81;81;12196;8003354;8003354%2021-12-16T11:47:00.000Z%,8002454,8006481,8003350,8003611,8003211,8003723,8002643,8004096,8004101,8003179,8004859,8003344,8001340,8001666,8004223,8001267,;426
2021-12-16T12:30:00.000Z;Koblenz-Moselweiß;RB;RB 81;81;12113;8003354;8003354%2021-12-16T12:30:00.000Z%,8000206,;426
2021-12-16T12:32:00.000Z;Koblenz-Moselweiß;RB;RB 81;81;12114;8003354;8003354%2021-12-16T12:32:00.000Z%,8002454,8006481,8003350,8003611,8003211,8003723,8002643,8004096,8004101,8003179,8004859,8003344,8001340,8001666,8004223,8001267,8000870,8005945,8000379,8005260,8005510,8002817,8002018,8005476,8004910,8001688,8000370,8004784,8000134,;426
2021-12-16T13:11:00.000Z;Koblenz-Moselweiß;RB;RB 81;81;12137;8003354;8003354%2021-12-16T13:11:00.000Z%,8000206,;426
2021-12-16T13:29:00.000Z;Koblenz-Moselweiß;RB;RB 81;81;12116;8003354;8003354%2021-12-16T13:29:00.000Z%,8002454,8006481,8003350,8003611,8003211,8003723,8002643,8004096,8004101,8003179,8004859,8003344,8001340,8001666,8004223,8001267,8000870,8005945,8000379,8005260,8005510,8002817,8002018,8005476,8004910,8001688,8000370,8004784,8000134,;426
2021-12-16T13:30:00.000Z;Koblenz-Moselweiß;RB;RB 81;81;12115;8003354;8003354%2021-12-16T13:30:00.000Z%,8000206,;426
2021-12-16T14:29:00.000Z;Koblenz-Moselweiß;RB;RB 81;81;12118;8003354;8003354%2021-12-16T14:29:00.000Z%,8002454,8006481,8003350,8003611,8003211,8003723,8002643,8004096,8004101,8003179,8004859,8003344,8001340,8001666,8004223,8001267,8000870,8005945,8000379,8005260,8005510,8002817,8002018,8005476,8004910,8001688,8000370,8004784,8000134,;426
2021-12-16T14:30:00.000Z;Koblenz-Moselweiß;RB;RB 81;81;12117;8003354;8003354%2021-12-16T14:30:00.000Z%,8000206,;426
2021-12-16T15:11:00.000Z;Koblenz-Moselweiß;RB;RB 81;81;12197;8003354;8003354%2021-12-16T15:11:00.000Z%,8000206,;426
2021-12-16T15:29:00.000Z;Koblenz-Moselweiß;RB;RB 81;81;12120;8003354;8003354%2021-12-16T15:29:00.000Z%,8002454,8006481,8003350,8003611,8003211,8003723,8002643,8004096,8004101,8003179,8004859,8003344,8001340,8001666,8004223,8001267,8000870,8005945,8000379,8005260,8005510,8002817,8002018,8005476,8004910,8001688,8000370,8004784,8000134,;426
2021-12-16T15:30:00.000Z;Koblenz-Moselweiß;RB;RB 81;81;12119;8003354;8003354%2021-12-16T15:30:00.000Z%,8000206,;426
2021-12-16T15:47:00.000Z;Koblenz-Moselweiß;RB;RB 81;81;12190;8003354;8003354%2021-12-16T15:47:00.000Z%,8002454,8006481,8003350,8003611,8003211,8003723,8002643,8004096,8004101,8003179,8004859,8003344,8001340,;426
2021-12-16T16:29:00.000Z;Koblenz-Moselweiß;RB;RB 81;81;12122;8003354;8003354%2021-12-16T16:29:00.000Z%,8002454,8006481,8003350,8003611,8003211,8003723,8002643,8004096,8004101,8003179,8004859,8003344,8001340,8001666,8004223,8001267,8000870,8005945,8000379,8005260,8005510,8002817,8002018,8005476,8004910,8001688,8000370,8004784,8000134,;426
2021-12-16T16:30:00.000Z;Koblenz-Moselweiß;RB;RB 81;81;12121;8003354;8003354%2021-12-16T16:30:00.000Z%,8000206,;426
2021-12-16T16:47:00.000Z;Koblenz-Moselweiß;RB;RB 81;81;12192;8003354;8003354%2021-12-16T16:47:00.000Z%,8002454,8006481,8003350,8003611,8003211,8003723,8002643,8004096,8004101,8003179,8004859,8003344,8001340,;426
2021-12-16T17:29:00.000Z;Koblenz-Moselweiß;RB;RB 81;81;12124;8003354;8003354%2021-12-16T17:29:00.000Z%,8002454,8006481,8003350,8003611,8003211,8003723,8002643,8004096,8004101,8003179,8004859,8003344,8001340,8001666,8004223,8001267,8000870,8005945,8000379,8005260,8005510,8002817,8002018,8005476,8004910,8001688,8000370,8004784,8000134,;426
2021-12-16T17:30:00.000Z;Koblenz-Moselweiß;RB;RB 81;81;12123;8003354;8003354%2021-12-16T17:30:00.000Z%,8000206,;426
2021-12-16T18:29:00.000Z;Koblenz-Moselweiß;RB;RB 81;81;12126;8003354;8003354%2021-12-16T18:29:00.000Z%,8002454,8006481,8003350,8003611,8003211,8003723,8002643,8004096,8004101,8003179,8004859,8003344,8001340,8001666,8004223,8001267,8000870,8005945,8000379,8005260,8005510,8002817,8002018,8005476,8004910,8001688,8000370,8004784,8000134,;426
2021-12-16T18:30:00.000Z;Koblenz-Moselweiß;RB;RB 81;81;12125;8003354;8003354%2021-12-16T18:30:00.000Z%,8000206,;426
2021-12-16T19:29:00.000Z;Koblenz-Moselweiß;RB;RB 81;81;12128;8003354;8003354%2021-12-16T19:29:00.000Z%,8002454,8006481,8003350,8003611,8003211,8003723,8002643,8004096,8004101,8003179,8004859,8003344,8001340,8001666,8004223,8001267,8000870,8005945,8000379,8005260,8005510,8002817,8002018,8005476,8004910,8001688,8000370,8004784,8000134,8005905,8000402,8003403,8006222,8004514,8005835,8006315,8004438,8006463,8006252,8004748,8004236,8000923,8004771,;426
2021-12-16T19:30:00.000Z;Koblenz-Moselweiß;RB;RB 81;81;12127;8003354;8003354%2021-12-16T19:30:00.000Z%,8000206,;426
2021-12-15T20:25:00.000Z;Königslutter;RB;RB 40;40;16432;8003382;8003382%2021-12-15T20:25:00.000Z%0,8005320,8006233,8000049,;426
2021-12-15T20:33:00.000Z;Königslutter;RB;RB 40;40;16439;8003382;8003382%2021-12-15T20:33:00.000Z%0,8002080,8000159,8012302,8013248,8010096,8012599,8011415,8012546,8013271,8012490,8012292,8010224,;426
2021-12-15T21:33:00.000Z;Königslutter;RB;RB 40;40;16443;8003382;8003382%2021-12-15T21:33:00.000Z%,8002080,8000159,8012302,8013248,8010096,8012599,8011415,8012546,8013271,8012490,8012292,8010224,;426
2021-12-15T21:56:00.000Z;Königslutter;RB;RB 40;40;16436;8003382;8003382%2021-12-15T21:56:00.000Z%,8005320,8006233,8000049,;426
2021-12-15T23:03:00.000Z;Königslutter;RB;RB 40;40;16445;8003382;8003382%2021-12-15T23:03:00.000Z%,8002080,8000159,;426
2021-12-16T04:25:00.000Z;Königslutter;RB;RB 40;40;16400;8003382;8003382%2021-12-16T04:25:00.000Z%,8005320,8006233,8000049,;426
2021-12-16T04:47:00.000Z;Königslutter;RB;RB 40;40;14141;8003382;8003382%2021-12-16T04:47:00.000Z%,8002080,8000159,;426
2021-12-16T05:28:00.000Z;Königslutter;RB;RB 40;40;14140;8003382;8003382%2021-12-16T05:28:00.000Z%,8005320,8006233,8000049,;426
2021-12-16T05:33:00.000Z;Königslutter;RB;RB 40;40;16409;8003382;8003382%2021-12-16T05:33:00.000Z%,8002080,8000159,8012302,8013248,8010096,8012599,8011415,8012546,8013271,8012490,8012292,8010224,8010226,8013455,8010047,8011630,8012381,8011294,;426
2021-12-16T05:54:00.000Z;Königslutter;RB;RB 40;40;16442;8003382;8003382%2021-12-16T05:54:00.000Z%,8005320,8006233,8000049,;426
2021-12-16T06:08:00.000Z;Königslutter;RB;RB 40;40;14143;8003382;8003382%2021-12-16T06:08:00.000Z%,8002080,8000159,;426
2021-12-16T06:25:00.000Z;Königslutter;RB;RB 40;40;16404;8003382;8003382%2021-12-16T06:25:00.000Z%,8005320,8006233,8000049,;426
2021-12-16T06:33:00.000Z;Königslutter;RB;RB 40;40;16411;8003382;8003382%2021-12-16T06:33:00.000Z%,8002080,8000159,8012302,8013248,8010096,8012599,8011415,8012546,8013271,8012490,8012292,8010224,8010226,8013455,8010047,8011630,8012381,8011294,;426
2021-12-16T06:57:00.000Z;Königslutter;RB;RB 40;40;14142;8003382;8003382%2021-12-16T06:57:00.000Z%,8005320,8006233,8000049,;426
2021-12-16T07:25:00.000Z;Königslutter;RB;RB 40;40;16468;8003382;8003382%2021-12-16T07:25:00.000Z%,8005320,8006233,8000049,;426
2021-12-16T07:33:00.000Z;Königslutter;RB;RB 40;40;16413;8003382;8003382%2021-12-16T07:33:00.000Z%,8002080,8000159,8012302,8013248,8010096,8012599,8011415,8012546,8013271,8012490,8012292,8010224,;426
2021-12-16T08:25:00.000Z;Königslutter;RB;RB 40;40;16408;8003382;8003382%2021-12-16T08:25:00.000Z%,8005320,8006233,8000049,;426
2021-12-16T08:33:00.000Z;Königslutter;RB;RB 40;40;16415;8003382;8003382%2021-12-16T08:33:00.000Z%,8002080,8000159,8012302,8013248,8010096,8012599,8011415,8012546,8013271,8012490,8012292,8010224,8010226,8013455,8010047,8011630,8012381,8011294,;426
2021-12-16T09:25:00.000Z;Königslutter;RB;RB 40;40;16410;8003382;8003382%2021-12-16T09:25:00.000Z%,8005320,8006233,8000049,;426
2021-12-16T09:33:00.000Z;Königslutter;RB;RB 40;40;16417;8003382;8003382%2021-12-16T09:33:00.000Z%,8002080,8000159,8012302,8013248,8010096,8012599,8011415,8012546,8013271,8012490,8012292,8010224,;426
2021-12-16T10:25:00.000Z;Königslutter;RB;RB 40;40;16412;8003382;8003382%2021-12-16T10:25:00.000Z%,8005320,8006233,8000049,;426
2021-12-16T10:33:00.000Z;Königslutter;RB;RB 40;40;16419;8003382;8003382%2021-12-16T10:33:00.000Z%,8002080,8000159,8012302,8013248,8010096,8012599,8011415,8012546,8013271,8012490,8012292,8010224,8010226,8013455,8010047,8011630,8012381,8011294,;426
2021-12-16T11:25:00.000Z;Königslutter;RB;RB 40;40;16414;8003382;8003382%2021-12-16T11:25:00.000Z%,8005320,8006233,8000049,;426
2021-12-16T11:33:00.000Z;Königslutter;RB;RB 40;40;16421;8003382;8003382%2021-12-16T11:33:00.000Z%,8002080,8000159,8012302,8013248,8010096,8012599,8011415,8012546,8013271,8012490,8012292,8010224,8010226,8013455,8010047,8011630,8012381,8011294,;426
2021-12-16T12:25:00.000Z;Königslutter;RB;RB 40;40;16416;8003382;8003382%2021-12-16T12:25:00.000Z%,8005320,8006233,8000049,;426
2021-12-16T12:35:00.000Z;Königslutter;RB;RB 40;40;16469;8003382;8003382%2021-12-16T12:35:00.000Z%,8002080,8000159,8012302,8013248,8010096,8012599,8011415,8012546,8013271,8012490,8012292,8010224,8010226,8013455,8010047,8011630,8012381,8011294,;426
2021-12-16T13:25:00.000Z;Königslutter;RB;RB 40;40;16418;8003382;8003382%2021-12-16T13:25:00.000Z%,8005320,8006233,8000049,;426
2021-12-16T13:33:00.000Z;Königslutter;RB;RB 40;40;16425;8003382;8003382%2021-12-16T13:33:00.000Z%,8002080,8000159,8012302,8013248,8010096,8012599,8011415,8012546,8013271,8012490,8012292,8010224,8010226,8013455,8010047,8011630,8012381,8011294,;426
2021-12-16T14:25:00.000Z;Königslutter;RB;RB 40;40;16420;8003382;8003382%2021-12-16T14:25:00.000Z%,8005320,8006233,8000049,;426
2021-12-16T14:33:00.000Z;Königslutter;RB;RB 40;40;16427;8003382;8003382%2021-12-16T14:33:00.000Z%,8002080,8000159,8012302,8013248,8010096,8012599,8011415,8012546,8013271,8012490,8012292,8010224,8010226,8013455,8010047,8011630,8012381,8011294,;426
2021-12-16T15:08:00.000Z;Königslutter;RB;RB 40;40;14147;8003382;8003382%2021-12-16T15:08:00.000Z%,8002080,8000159,;426
2021-12-16T15:25:00.000Z;Königslutter;RB;RB 40;40;16422;8003382;8003382%2021-12-16T15:25:00.000Z%,8005320,8006233,8000049,;426
2021-12-16T15:33:00.000Z;Königslutter;RB;RB 40;40;16429;8003382;8003382%2021-12-16T15:33:00.000Z%,8002080,8000159,8012302,8013248,8010096,8012599,8011415,8012546,8013271,8012490,8012292,8010224,8010226,8013455,8010047,8011630,8012381,8011294,;426
2021-12-16T15:56:00.000Z;Königslutter;RB;RB 40;40;14146;8003382;8003382%2021-12-16T15:56:00.000Z%,8005320,8006233,8000049,;426
2021-12-16T16:25:00.000Z;Königslutter;RB;RB 40;40;16424;8003382;8003382%2021-12-16T16:25:00.000Z%,8005320,8006233,8000049,;426
2021-12-16T16:33:00.000Z;Königslutter;RB;RB 40;40;16431;8003382;8003382%2021-12-16T16:33:00.000Z%,8002080,8000159,8012302,8013248,8010096,8012599,8011415,8012546,8013271,8012490,8012292,8010224,8010226,8013455,8010047,8011630,8012381,8011294,;426
2021-12-16T17:08:00.000Z;Königslutter;RB;RB 40;40;14149;8003382;8003382%2021-12-16T17:08:00.000Z%,8002080,8000159,;426
2021-12-16T17:25:00.000Z;Königslutter;RB;RB 40;40;16426;8003382;8003382%2021-12-16T17:25:00.000Z%,8005320,8006233,8000049,;426
2021-12-16T17:33:00.000Z;Königslutter;RB;RB 40;40;16433;8003382;8003382%2021-12-16T17:33:00.000Z%,8002080,8000159,8012302,8013248,8010096,8012599,8011415,8012546,8013271,8012490,8012292,8010224,8010226,8013455,8010047,8011630,8012381,8011294,;426
2021-12-16T17:54:00.000Z;Königslutter;RB;RB 40;40;14148;8003382;8003382%2021-12-16T17:54:00.000Z%,8005320,8006233,8000049,;426
2021-12-16T18:25:00.000Z;Königslutter;RB;RB 40;40;16428;8003382;8003382%2021-12-16T18:25:00.000Z%,8005320,8006233,8000049,;426
2021-12-16T18:33:00.000Z;Königslutter;RB;RB 40;40;16435;8003382;8003382%2021-12-16T18:33:00.000Z%,8002080,8000159,8012302,8013248,8010096,8012599,8011415,8012546,8013271,8012490,8012292,8010224,8010226,8013455,8010047,8011630,8012381,8011294,;426
2021-12-16T19:25:00.000Z;Königslutter;RB;RB 40;40;16430;8003382;8003382%2021-12-16T19:25:00.000Z%,8005320,8006233,8000049,;426
2021-12-16T19:33:00.000Z;Königslutter;RB;RB 40;40;16437;8003382;8003382%2021-12-16T19:33:00.000Z%,8002080,8000159,8012302,8013248,8010096,8012599,8011415,8012546,8013271,8012490,8012292,8010224,8010226,8013455,8010047,8011630,8012381,8011294,8010151,8010123,;426
2021-12-15T20:38:00.000Z;Krefeld-Uerdingen;RB;RB 35;35;34962;8003427;8003427%2021-12-15T20:40:00.000Z%2,8002941,8000317,8005065,8001605,8000086,;426
2021-12-15T20:48:00.000Z;Krefeld-Uerdingen;RE;RE 42;42;10171;8003427;8003427%2021-12-15T20:49:00.000Z%1,8000317,8000086,8000259,8000098,8000118,8000192,8000887,8000307,8003891,8000145,;602
2021-12-15T20:50:00.000Z;Krefeld-Uerdingen;RB;RB 33;33;10345;8003427;8003427%2021-12-15T20:52:00.000Z%2,8003426,8000212,8000211,8002027,8000584,8000174,8000253,8000318,8006391,8002784,8001839,8000677,8001113,8003697,8002206,8005935,8002806,8003395,8000404,8070704,8000001,;426
2021-12-15T21:08:00.000Z;Krefeld-Uerdingen;RB;RB 33;33;10340;8003427;8003427%2021-12-15T21:10:00.000Z%2,8002941,8000317,8005065,8001605,8000086,8000687,8000259,8001898,8000098,;426
2021-12-15T21:11:00.000Z;Krefeld-Uerdingen;RE;RE 42;42;10166;8003427;8003427%2021-12-15T21:12:00.000Z%1,8000211,8000174,8000253,;602
2021-12-15T21:48:00.000Z;Krefeld-Uerdingen;RE;RE 42;42;10175;8003427;8003427%2021-12-15T21:48:00.000Z%,8000317,8000086,8000259,8000098,8000118,8000192,8000887,8000307,8003891,8000145,;602
2021-12-15T21:50:00.000Z;Krefeld-Uerdingen;RB;RB 33;33;10347;8003427;8003427%2021-12-15T21:50:00.000Z%,8003426,8000212,8000211,8002027,8000584,8000174,8000253,8000318,8006391,8002784,8001839,8000677,8001113,8003697,8002206,8005935,8002806,8003395,8000404,8070704,8000001,;426
2021-12-15T22:08:00.000Z;Krefeld-Uerdingen;RB;RB 33;33;10342;8003427;8003427%2021-12-15T22:09:00.000Z%1,8002941,8000317,8005065,8001605,8000086,;426
2021-12-15T22:11:00.000Z;Krefeld-Uerdingen;RE;RE 42;42;10170;8003427;8003427%2021-12-15T22:11:00.000Z%,8000211,8000174,8000253,;602
2021-12-15T22:50:00.000Z;Krefeld-Uerdingen;RB;RB 33;33;10349;8003427;8003427%2021-12-15T22:50:00.000Z%,8003426,8000212,8000211,8002027,8000584,8000174,8000253,;426
2021-12-15T23:08:00.000Z;Krefeld-Uerdingen;RB;RB 33;33;10344;8003427;8003427%2021-12-15T23:08:00.000Z%,8002941,8000317,8005065,8001605,8000086,;426
2021-12-15T23:50:00.000Z;Krefeld-Uerdingen;RB;RB 33;33;10301;8003427;8003427%2021-12-15T23:50:00.000Z%,8003426,8000212,8000211,8002027,8000584,8000174,8000253,;426
2021-12-16T00:08:00.000Z;Krefeld-Uerdingen;RB;RB 33;33;10346;8003427;8003427%2021-12-16T00:08:00.000Z%,8002941,8000317,8005065,8001605,8000086,;426
2021-12-16T00:50:00.000Z;Krefeld-Uerdingen;RB;RB 33;33;10303;8003427;8003427%2021-12-16T00:50:00.000Z%,8003426,8000212,8000211,8002027,8000584,8000174,8000253,;426
2021-12-16T04:08:00.000Z;Krefeld-Uerdingen;RB;RB 33;33;10306;8003427;8003427%2021-12-16T04:08:00.000Z%,8002941,8000317,8005065,8001605,8000086,8000687,8000259,8001898,8000098,;426
2021-12-16T04:20:00.000Z;Krefeld-Uerdingen;RB;RB 35;35;52241;8003427;8003427%2021-12-16T04:20:00.000Z%,8003426,8000212,8000211,8002027,8000584,8000174,8000253,;426
2021-12-16T04:48:00.000Z;Krefeld-Uerdingen;RE;RE 42;42;10107;8003427;8003427%2021-12-16T04:48:00.000Z%,8000317,8000086,8000259,8000098,8000118,8000192,8000887,8000307,8003891,8000145,8005811,8000083,8001266,8000595,8001065,8000462,8000263,;602
2021-12-16T04:50:00.000Z;Krefeld-Uerdingen;RB;RB 33;33;10313;8003427;8003427%2021-12-16T04:50:00.000Z%,8003426,8000212,8000211,8002027,8000584,8000174,8000253,8000318,8006391,8002784,8001839,8000677,8001113,8003697,8002206,8005935,8002806,8003395,8000404,8070704,8000001,;426
2021-12-16T05:08:00.000Z;Krefeld-Uerdingen;RB;RB 33;33;10308;8003427;8003427%2021-12-16T05:08:00.000Z%,8002941,8000317,8005065,8001605,8000086,8000687,8000259,8001898,8000098,;426
2021-12-16T05:11:00.000Z;Krefeld-Uerdingen;RE;RE 42;42;10102;8003427;8003427%2021-12-16T05:11:00.000Z%,8000211,8000174,8000253,;602
2021-12-16T05:20:00.000Z;Krefeld-Uerdingen;RB;RB 35;35;52243;8003427;8003427%2021-12-16T05:20:00.000Z%,8003426,8000212,8000211,8002027,8000584,8000174,8000253,;426
2021-12-16T05:38:00.000Z;Krefeld-Uerdingen;RB;RB 35;35;52240;8003427;8003427%2021-12-16T05:38:00.000Z%,8002941,8000317,8005065,8001605,8000086,8000286,8001903,8001901,8001900,8001909,8000118,;426
2021-12-16T05:48:00.000Z;Krefeld-Uerdingen;RE;RE 42;42;10111;8003427;8003427%2021-12-16T05:48:00.000Z%,8000317,8000086,8000259,8000098,8000118,8000192,8000887,8000307,8003891,8000145,8005811,8000083,8001266,8000595,8001065,8000462,8000263,;602
2021-12-16T05:50:00.000Z;Krefeld-Uerdingen;RB;RB 33;33;10315;8003427;8003427%2021-12-16T05:50:00.000Z%,8003426,8000212,8000211,8002027,8000584,8000174,8000253,8000318,8006391,8002784,8001839,8000677,8001113,8003697,8002206,8005935,8002806,8003395,8000404,8070704,8000001,;426
2021-12-16T06:08:00.000Z;Krefeld-Uerdingen;RB;RB 33;33;10310;8003427;8003427%2021-12-16T06:08:00.000Z%,8002941,8000317,8005065,8001605,8000086,8000687,8000259,8001898,8000098,;426
2021-12-16T06:11:00.000Z;Krefeld-Uerdingen;RE;RE 42;42;10106;8003427;8003427%2021-12-16T06:11:00.000Z%,8000211,8000174,8000253,;602
2021-12-16T06:20:00.000Z;Krefeld-Uerdingen;RB;RB 35;35;52245;8003427;8003427%2021-12-16T06:20:00.000Z%,8003426,8000212,8000211,8002027,8000584,8000174,8000253,;426
2021-12-16T06:38:00.000Z;Krefeld-Uerdingen;RB;RB 35;35;52242;8003427;8003427%2021-12-16T06:38:00.000Z%,8002941,8000317,8005065,8001605,8000086,8000286,8001903,8001901,8001900,8001909,8000118,;426
2021-12-16T06:48:00.000Z;Krefeld-Uerdingen;RE;RE 42;42;10115;8003427;8003427%2021-12-16T06:48:00.000Z%,8000317,8000086,8000259,8000098,8000118,8000192,8000887,8000307,8003891,8000145,8005811,8000083,8001266,8000595,8001065,8000462,8000263,;602
2021-12-16T06:50:00.000Z;Krefeld-Uerdingen;RB;RB 33;33;10317;8003427;8003427%2021-12-16T06:50:00.000Z%,8003426,8000212,8000211,8002027,8000584,8000174,8000253,8000318,8006391,8002784,8001839,8000677,8001113,8003697,8002206,8005935,8002806,8003395,8000404,8070704,8000001,;426
2021-12-16T07:08:00.000Z;Krefeld-Uerdingen;RB;RB 33;33;10312;8003427;8003427%2021-12-16T07:08:00.000Z%,8002941,8000317,8005065,8001605,8000086,8000687,8000259,8001898,8000098,;426
2021-12-16T07:11:00.000Z;Krefeld-Uerdingen;RE;RE 42;42;10110;8003427;8003427%2021-12-16T07:11:00.000Z%,8000211,8000174,8000253,;602
2021-12-16T07:20:00.000Z;Krefeld-Uerdingen;RB;RB 35;35;52247;8003427;8003427%2021-12-16T07:20:00.000Z%,8003426,8000212,8000211,8002027,8000584,8000174,8000253,;426
2021-12-16T07:38:00.000Z;Krefeld-Uerdingen;RB;RB 35;35;52244;8003427;8003427%2021-12-16T07:38:00.000Z%,8002941,8000317,8005065,8001605,8000086,8000286,8001903,8001901,8001900,8001909,8000118,;426
2021-12-16T07:48:00.000Z;Krefeld-Uerdingen;RE;RE 42;42;10119;8003427;8003427%2021-12-16T07:48:00.000Z%,8000317,8000086,8000259,8000098,8000118,8000192,8000887,8000307,8003891,8000145,8005811,8000083,8001266,8000595,8001065,8000462,8000263,;602
2021-12-16T07:50:00.000Z;Krefeld-Uerdingen;RB;RB 33;33;10319;8003427;8003427%2021-12-16T07:50:00.000Z%,8003426,8000212,8000211,8002027,8000584,8000174,8000253,8000318,8006391,8002784,8001839,8000677,8001113,8003697,8002206,8005935,8002806,8003395,8000404,8070704,8000001,;426
2021-12-16T08:08:00.000Z;Krefeld-Uerdingen;RB;RB 33;33;10314;8003427;8003427%2021-12-16T08:08:00.000Z%,8002941,8000317,8005065,8001605,8000086,8000687,8000259,8001898,8000098,;426
2021-12-16T08:11:00.000Z;Krefeld-Uerdingen;RE;RE 42;42;10114;8003427;8003427%2021-12-16T08:11:00.000Z%,8000211,8000174,8000253,;602
2021-12-16T08:20:00.000Z;Krefeld-Uerdingen;RB;RB 35;35;52249;8003427;8003427%2021-12-16T08:20:00.000Z%,8003426,8000212,8000211,8002027,8000584,8000174,8000253,;426
2021-12-16T08:38:00.000Z;Krefeld-Uerdingen;RB;RB 35;35;52246;8003427;8003427%2021-12-16T08:38:00.000Z%,8002941,8000317,8005065,8001605,8000086,8000286,8001903,8001901,8001900,8001909,8000118,;426
2021-12-16T08:48:00.000Z;Krefeld-Uerdingen;RE;RE 42;42;10123;8003427;8003427%2021-12-16T08:48:00.000Z%,8000317,8000086,8000259,8000098,8000118,8000192,8000887,8000307,8003891,8000145,8005811,8000083,8001266,8000595,8001065,8000462,8000263,;602
2021-12-16T08:50:00.000Z;Krefeld-Uerdingen;RB;RB 33;33;10321;8003427;8003427%2021-12-16T08:50:00.000Z%,8003426,8000212,8000211,8002027,8000584,8000174,8000253,8000318,8006391,8002784,8001839,8000677,8001113,8003697,8002206,8005935,8002806,8003395,8000404,8070704,8000001,;426
2021-12-16T09:08:00.000Z;Krefeld-Uerdingen;RB;RB 33;33;10316;8003427;8003427%2021-12-16T09:08:00.000Z%,8002941,8000317,8005065,8001605,8000086,8000687,8000259,8001898,8000098,;426
2021-12-16T09:11:00.000Z;Krefeld-Uerdingen;RE;RE 42;42;10118;8003427;8003427%2021-12-16T09:11:00.000Z%,8000211,8000174,8000253,;602
2021-12-16T09:20:00.000Z;Krefeld-Uerdingen;RB;RB 35;35;52251;8003427;8003427%2021-12-16T09:20:00.000Z%,8003426,8000212,8000211,8002027,8000584,8000174,8000253,;426
2021-12-16T09:38:00.000Z;Krefeld-Uerdingen;RB;RB 35;35;52248;8003427;8003427%2021-12-16T09:38:00.000Z%,8002941,8000317,8005065,8001605,8000086,8000286,8001903,8001901,8001900,8001909,8000118,;426
2021-12-16T09:48:00.000Z;Krefeld-Uerdingen;RE;RE 42;42;10127;8003427;8003427%2021-12-16T09:48:00.000Z%,8000317,8000086,8000259,8000098,8000118,8000192,8000887,8000307,8003891,8000145,8005811,8000083,8001266,8000595,8001065,8000462,8000263,;602
2021-12-16T09:50:00.000Z;Krefeld-Uerdingen;RB;RB 33;33;10323;8003427;8003427%2021-12-16T09:50:00.000Z%,8003426,8000212,8000211,8002027,8000584,8000174,8000253,8000318,8006391,8002784,8001839,8000677,8001113,8003697,8002206,8005935,8002806,8003395,8000404,8070704,8000001,;426
2021-12-16T10:08:00.000Z;Krefeld-Uerdingen;RB;RB 33;33;10318;8003427;8003427%2021-12-16T10:08:00.000Z%,8002941,8000317,8005065,8001605,8000086,8000687,8000259,8001898,8000098,;426
2021-12-16T10:11:00.000Z;Krefeld-Uerdingen;RE;RE 42;42;10122;8003427;8003427%2021-12-16T10:11:00.000Z%,8000211,8000174,8000253,;602
2021-12-16T10:20:00.000Z;Krefeld-Uerdingen;RB;RB 35;35;52253;8003427;8003427%2021-12-16T10:20:00.000Z%,8003426,8000212,8000211,8002027,8000584,8000174,8000253,;426
2021-12-16T10:38:00.000Z;Krefeld-Uerdingen;RB;RB 35;35;52250;8003427;8003427%2021-12-16T10:38:00.000Z%,8002941,8000317,8005065,8001605,8000086,8000286,8001903,8001901,8001900,8001909,8000118,;426
2021-12-16T10:48:00.000Z;Krefeld-Uerdingen;RE;RE 42;42;10131;8003427;8003427%2021-12-16T10:48:00.000Z%,8000317,8000086,8000259,8000098,8000118,8000192,8000887,8000307,8003891,8000145,8005811,8000083,8001266,8000595,8001065,8000462,8000263,;602
2021-12-16T10:50:00.000Z;Krefeld-Uerdingen;RB;RB 33;33;10325;8003427;8003427%2021-12-16T10:50:00.000Z%,8003426,8000212,8000211,8002027,8000584,8000174,8000253,8000318,8006391,8002784,8001839,8000677,8001113,8003697,8002206,8005935,8002806,8003395,8000404,8070704,8000001,;426
2021-12-16T11:08:00.000Z;Krefeld-Uerdingen;RB;RB 33;33;10320;8003427;8003427%2021-12-16T11:08:00.000Z%,8002941,8000317,8005065,8001605,8000086,8000687,8000259,8001898,8000098,;426
2021-12-16T11:11:00.000Z;Krefeld-Uerdingen;RE;RE 42;42;10126;8003427;8003427%2021-12-16T11:11:00.000Z%,8000211,8000174,8000253,;602
2021-12-16T11:20:00.000Z;Krefeld-Uerdingen;RB;RB 35;35;52255;8003427;8003427%2021-12-16T11:20:00.000Z%,8003426,8000212,8000211,8002027,8000584,8000174,8000253,;426
2021-12-16T04:32:00.000Z;Landau(Pfalz)West;RB;RB 55;55;12330;8003508;8003508%2021-12-16T04:32:00.000Z%,8002300,8005551,8000466,8000582,8005257,8005103,8006441,8002648,8002649,8002847,8004166,8005113,8000876,8004822,;426
2021-12-16T04:40:00.000Z;Landau(Pfalz)West;RB;RB 55;55;12331;8003508;8003508%2021-12-16T04:40:00.000Z%,8003507,8000216,8006468,8003172,8000254,8084067,8003186,8003187,8003183,8000191,;426
2021-12-16T05:12:00.000Z;Landau(Pfalz)West;RB;RB 55;55;12332;8003508;8003508%2021-12-16T05:12:00.000Z%,8002300,8005551,8000466,8000582,8005257,8005103,8006441,8002648,8002649,8002847,8004166,8005113,8000876,8004822,;426
2021-12-16T05:20:00.000Z;Landau(Pfalz)West;RB;RB 51;51;12427;8003508;8003508%2021-12-16T05:20:00.000Z%,8003507,8000216,8003080,8005146,8005713,8006468,8003172,8006536,8000254,8003186,8003187,8003183,8000191,;426
2021-12-16T06:03:00.000Z;Landau(Pfalz)West;RB;RB 55;55;12335;8003508;8003508%2021-12-16T06:03:00.000Z%,8003507,8000216,8003349,8001665,8001663,8003809,8004306,8000275,;426
2021-12-16T06:13:00.000Z;Landau(Pfalz)West;RE;RE 6;6;12013;8003508;8003508%2021-12-16T06:13:00.000Z%,8000216,8006468,8003172,8006536,8000254,8000191,;602
2021-12-16T06:29:00.000Z;Landau(Pfalz)West;RB;RB 55;55;12337;8003508;8003508%2021-12-16T06:29:00.000Z%,8003507,8000216,8001663,8003809,8004306,8000275,;426
2021-12-16T06:46:00.000Z;Landau(Pfalz)West;RB;RB 55;55;12336;8003508;8003508%2021-12-16T06:46:00.000Z%,8002300,8005551,8000466,8000582,8005257,8005103,8006441,8002648,8002649,8002847,8004166,8005113,8000876,8004822,;426
2021-12-16T07:13:00.000Z;Landau(Pfalz)West;RB;RB 55;55;12339;8003508;8003508%2021-12-16T07:13:00.000Z%,8003507,8000216,;426
2021-12-16T07:46:00.000Z;Landau(Pfalz)West;RB;RB 55;55;12340;8003508;8003508%2021-12-16T07:46:00.000Z%,8002300,8005551,8000466,8000582,8005257,8005103,8006441,8002648,8002649,8002847,8004166,8005113,8000876,8004822,;426
2021-12-16T08:13:00.000Z;Landau(Pfalz)West;RB;RB 55;55;12341;8003508;8003508%2021-12-16T08:13:00.000Z%,8003507,8000216,;426
2021-12-16T08:46:00.000Z;Landau(Pfalz)West;RB;RB 55;55;12344;8003508;8003508%2021-12-16T08:46:00.000Z%,8002300,8005551,8000466,8000582,8005257,8005103,8006441,8002648,8002649,8002847,8004166,8005113,8000876,8004822,;426
2021-12-16T09:13:00.000Z;Landau(Pfalz)West;RB;RB 55;55;12343;8003508;8003508%2021-12-16T09:13:00.000Z%,8003507,8000216,;426
2021-12-16T09:46:00.000Z;Landau(Pfalz)West;RB;RB 55;55;12346;8003508;8003508%2021-12-16T09:46:00.000Z%,8002300,8005551,8000466,8000582,8005257,8005103,8006441,8002648,8002649,8002847,8004166,8005113,8000876,8004822,;426
2021-12-16T10:13:00.000Z;Landau(Pfalz)West;RB;RB 55;55;12347;8003508;8003508%2021-12-16T10:13:00.000Z%,8003507,8000216,;426
2021-12-16T10:46:00.000Z;Landau(Pfalz)West;RB;RB 55;55;12350;8003508;8003508%2021-12-16T10:46:00.000Z%,8002300,8005551,8000466,8000582,8005257,8005103,8006441,8002648,8002649,8002847,8004166,8005113,8000876,8004822,;426
2021-12-16T11:13:00.000Z;Landau(Pfalz)West;RB;RB 55;55;12351;8003508;8003508%2021-12-16T11:13:00.000Z%,8003507,8000216,;426
2021-12-16T11:46:00.000Z;Landau(Pfalz)West;RB;RB 55;55;12352;8003508;8003508%2021-12-16T11:46:00.000Z%,8002300,8005551,8000466,8000582,8005257,8005103,8006441,8002648,8002649,8002847,8004166,8005113,8000876,8004822,;426
2021-12-16T12:13:00.000Z;Landau(Pfalz)West;RB;RB 55;55;12353;8003508;8003508%2021-12-16T12:13:00.000Z%,8003507,8000216,;426
2021-12-16T12:24:00.000Z;Landau(Pfalz)West;RB;RB 55;55;12356;8003508;8003508%2021-12-16T12:24:00.000Z%,8002300,8005551,8000466,8000582,8005257,8005103,8006441,8002648,8002649,8002847,8004166,8005113,8000876,;426
2021-12-16T12:46:00.000Z;Landau(Pfalz)West;RB;RB 55;55;12358;8003508;8003508%2021-12-16T12:46:00.000Z%,8002300,8005551,8000466,8000582,8005257,8005103,8006441,8002648,8002649,8002847,8004166,8005113,8000876,8004822,;426
2021-12-16T13:13:00.000Z;Landau(Pfalz)West;RB;RB 55;55;12355;8003508;8003508%2021-12-16T13:13:00.000Z%,8003507,8000216,;426
2021-12-16T13:46:00.000Z;Landau(Pfalz)West;RB;RB 55;55;12362;8003508;8003508%2021-12-16T13:46:00.000Z%,8002300,8005551,8000466,8000582,8005257,8005103,8006441,8002648,8002649,8002847,8004166,8005113,8000876,8004822,;426
2021-12-16T14:13:00.000Z;Landau(Pfalz)West;RB;RB 55;55;12357;8003508;8003508%2021-12-16T14:13:00.000Z%,8003507,8000216,;426
2021-12-16T14:46:00.000Z;Landau(Pfalz)West;RB;RB 55;55;12364;8003508;8003508%2021-12-16T14:46:00.000Z%,8002300,8005551,8000466,8000582,8005257,8005103,8006441,8002648,8002649,8002847,8004166,8005113,8000876,8004822,;426
2021-12-16T15:13:00.000Z;Landau(Pfalz)West;RB;RB 55;55;12361;8003508;8003508%2021-12-16T15:13:00.000Z%,8003507,8000216,;426
2021-12-16T15:33:00.000Z;Landau(Pfalz)West;RB;RB 51;51;12426;8003508;8003508%2021-12-16T15:33:00.000Z%,8002300,8005551,8000466,8000582,;426
2021-12-16T15:46:00.000Z;Landau(Pfalz)West;RB;RB 55;55;12368;8003508;8003508%2021-12-16T15:46:00.000Z%,8002300,8005551,8000466,8000582,8005257,8005103,8006441,8002648,8002649,8002847,8004166,8005113,8000876,8004822,;426
2021-12-16T16:13:00.000Z;Landau(Pfalz)West;RB;RB 55;55;12363;8003508;8003508%2021-12-16T16:13:00.000Z%,8003507,8000216,;426
2021-12-16T16:22:00.000Z;Landau(Pfalz)West;RB;RB 55;55;12429;8003508;8003508%2021-12-16T16:22:00.000Z%,8000216,;426
2021-12-16T16:32:00.000Z;Landau(Pfalz)West;RB;RB 51;51;12428;8003508;8003508%2021-12-16T16:32:00.000Z%,8002300,8005551,8000466,8000582,;426
2021-12-16T16:46:00.000Z;Landau(Pfalz)West;RB;RB 55;55;12372;8003508;8003508%2021-12-16T16:46:00.000Z%,8002300,8005551,8000466,8000582,8005257,8005103,8006441,8002648,8002649,8002847,8004166,8005113,8000876,8004822,;426
2021-12-16T17:13:00.000Z;Landau(Pfalz)West;RB;RB 55;55;12365;8003508;8003508%2021-12-16T17:13:00.000Z%,8003507,8000216,;426
2021-12-16T17:22:00.000Z;Landau(Pfalz)West;RB;RB 55;55;12431;8003508;8003508%2021-12-16T17:22:00.000Z%,8000216,;426
2021-12-16T17:33:00.000Z;Landau(Pfalz)West;RB;RB 51;51;12430;8003508;8003508%2021-12-16T17:33:00.000Z%,8002300,8005551,8000466,8000582,;426
2021-12-16T17:46:00.000Z;Landau(Pfalz)West;RB;RB 55;55;12374;8003508;8003508%2021-12-16T17:46:00.000Z%,8002300,8005551,8000466,8000582,8005257,8005103,8006441,8002648,8002649,8002847,8004166,8005113,8000876,8004822,;426
2021-12-16T18:13:00.000Z;Landau(Pfalz)West;RB;RB 55;55;12367;8003508;8003508%2021-12-16T18:13:00.000Z%,8003507,8000216,;426
2021-12-16T18:46:00.000Z;Landau(Pfalz)West;RB;RB 55;55;12378;8003508;8003508%2021-12-16T18:46:00.000Z%,8002300,8005551,8000466,8000582,8005257,8005103,8006441,8002648,8002649,8002847,8004166,8005113,8000876,8004822,;426
2021-12-16T19:13:00.000Z;Landau(Pfalz)West;RB;RB 55;55;12369;8003508;8003508%2021-12-16T19:13:00.000Z%,8003507,8000216,;426
2021-12-16T19:46:00.000Z;Landau(Pfalz)West;RB;RB 55;55;12380;8003508;8003508%2021-12-16T19:46:00.000Z%,8002300,8005551,8000466,8000582,8005257,8005103,8006441,8002648,8002649,8002847,8004166,8005113,8000876,8004822,;426
2021-12-16T20:13:00.000Z;Landau(Pfalz)West;RB;RB 55;55;12371;8003508;8003508%2021-12-16T20:13:00.000Z%,8003507,8000216,;426
2021-12-15T20:18:00.000Z;Lang Göns;RB;RB 41;41;15030;8003520;8003520%2021-12-15T20:19:00.000Z%1,8002410,8000124,8002269,8000234,8002100,8002134,8004417,8004420,8003856,8000337,;426
2021-12-15T20:18:00.000Z;Lang Göns;RB;RB 40;40;15130;8003520;8003520%2021-12-15T20:19:00.000Z%1,8002410,8000124,8001618,8000383,8000633,8006340,8001694,8003213,8001668,8005577,8000161,;426
2021-12-15T20:43:00.000Z;Lang Göns;RB;RB 49;49;15099;8003520;8003520%2021-12-15T20:43:00.000Z%0,8003262,8001312,8004712,8000728,8000111,8000632,8000158,8004713,8001199,8002572,8000150,;426
2021-12-15T21:10:00.000Z;Lang Göns;RB;RB 49;49;15094;8003520;8003520%2021-12-15T21:11:00.000Z%1,8002410,8000124,;426
2021-12-15T21:43:00.000Z;Lang Göns;RB;RB 49;49;15157;8003520;8003520%2021-12-15T21:43:00.000Z%,8003262,8001312,8004712,8000728,8000111,;426
2021-12-15T22:18:00.000Z;Lang Göns;RB;RB 41;41;15034;8003520;8003520%2021-12-15T22:18:00.000Z%,8002410,8000124,8002269,8000234,8002100,8002134,8004417,8004420,8003856,8000337,;426
2021-12-15T22:18:00.000Z;Lang Göns;RB;RB 40;40;15134;8003520;8003520%2021-12-15T22:18:00.000Z%,8002410,8000124,8001618,8000383,8000633,8006340,8001694,8003213,8001668,8005577,8000161,8001271,8004405,8000074,;426
2021-12-15T22:23:00.000Z;Lang Göns;RB;RB 41;41;15035;8003520;8003520%2021-12-15T22:23:00.000Z%,8003262,8001312,8004712,8000728,8000111,8002042,8000105,;426
2021-12-15T22:23:00.000Z;Lang Göns;RB;RB 40;40;15135;8003520;8003520%2021-12-15T22:23:00.000Z%,8003262,8001312,8004712,8000728,8000111,8002042,8000105,;426
2021-12-15T23:10:00.000Z;Lang Göns;RB;RB 49;49;15096;8003520;8003520%2021-12-15T23:10:00.000Z%,8002410,8000124,;426
2021-12-15T23:17:00.000Z;Lang Göns;RE;RE 30;30;4169;8003520;8003520%2021-12-15T23:17:00.000Z%,8001312,8000728,8000111,8000760,8002042,8000105,;602
2021-12-16T00:35:00.000Z;Lang Göns;RB;RB 41;41;15036;8003520;8003520%2021-12-16T00:35:00.000Z%,8002410,8000124,8002269,8000234,8002100,8002134,8004417,8004420,8003856,8000337,;426
2021-12-16T03:22:00.000Z;Lang Göns;RB;RB 49;49;15067;8003520;8003520%2021-12-16T03:22:00.000Z%,8003262,8001312,8004712,8000728,8000111,8000632,8000158,8004713,8001199,8002572,8000150,;426
2021-12-16T03:38:00.000Z;Lang Göns;RB;RB 41;41;15039;8003520;8003520%2021-12-16T03:38:00.000Z%,8003262,8001312,8004712,8000728,8000111,8000760,8002042,8000105,;426
2021-12-16T04:23:00.000Z;Lang Göns;RB;RB 41;41;15041;8003520;8003520%2021-12-16T04:23:00.000Z%,8003262,8001312,8004712,8000728,8000111,8002042,8000105,;426
2021-12-16T04:23:00.000Z;Lang Göns;RB;RB 40;40;15141;8003520;8003520%2021-12-16T04:23:00.000Z%,8003262,8001312,8004712,8000728,8000111,8002042,8000105,;426
2021-12-16T04:40:00.000Z;Lang Göns;RB;RB 41;41;15052;8003520;8003520%2021-12-16T04:40:00.000Z%,8002410,8000124,;426
2021-12-16T04:48:00.000Z;Lang Göns;RB;RB 49;49;15069;8003520;8003520%2021-12-16T04:48:00.000Z%,8003262,8001312,8004712,8000728,8000111,8000632,8000158,8004713,8001199,8002572,8000150,;426
2021-12-16T05:06:00.000Z;Lang Göns;RB;RB 40;40;15071;8003520;8003520%2021-12-16T05:06:00.000Z%,8003262,8001312,8004712,8000728,8000111,8000632,8000158,8004713,8001199,8002572,8000150,;426
2021-12-16T05:39:00.000Z;Lang Göns;RE;RE 30;30;15371;8003520;8003520%2021-12-16T05:39:00.000Z%,8001312,8000728,8000111,8002042,8000105,;602
2021-12-16T05:40:00.000Z;Lang Göns;RB;RB 49;49;15070;8003520;8003520%2021-12-16T05:40:00.000Z%,8002410,8000124,;426
2021-12-16T05:43:00.000Z;Lang Göns;RB;RB 41;41;15001;8003520;8003520%2021-12-16T05:43:00.000Z%,8003262,8001312,8004712,8000728,8000111,8000760,8002042,8000105,;426
2021-12-16T05:43:00.000Z;Lang Göns;RB;RB 40;40;15101;8003520;8003520%2021-12-16T05:43:00.000Z%,8003262,8001312,8004712,8000728,8000111,8000760,8002042,8000105,;426
2021-12-16T06:06:00.000Z;Lang Göns;RB;RB 41;41;15073;8003520;8003520%2021-12-16T06:06:00.000Z%,8003262,8001312,8004712,8000728,8000111,;426
2021-12-16T06:10:00.000Z;Lang Göns;RB;RB 49;49;15072;8003520;8003520%2021-12-16T06:10:00.000Z%,8002410,8000124,;426
2021-12-16T06:16:00.000Z;Lang Göns;RB;RB 41;41;15002;8003520;8003520%2021-12-16T06:16:00.000Z%,8002410,8000124,8002269,8000234,8002100,8002134,8004417,8004420,8003856,8000337,8000065,8001256,8000589,8000435,8005661,8004328,8006401,8000129,;426
2021-12-16T06:16:00.000Z;Lang Göns;RB;RB 40;40;15102;8003520;8003520%2021-12-16T06:16:00.000Z%,8002410,8000124,8001618,8000383,8000633,8006340,8001694,8003213,8001668,8005577,8000161,8001271,8004405,8000074,;426
2021-12-16T06:22:00.000Z;Lang Göns;RB;RB 49;49;15151;8003520;8003520%2021-12-16T06:22:00.000Z%,8003262,8001312,8004712,8000728,8000111,8000632,8000158,8004713,8001199,8002572,8000150,;426
2021-12-16T06:36:00.000Z;Lang Göns;RB;RB 49;49;15075;8003520;8003520%2021-12-16T06:36:00.000Z%,8003262,8001312,8004712,8000728,8000111,8000632,8000158,8004713,8001199,8002572,8000150,;426
2021-12-16T06:42:00.000Z;Lang Göns;RE;RE 30;30;15372;8003520;8003520%2021-12-16T06:42:00.000Z%,8002410,8000124,;602
2021-12-16T07:06:00.000Z;Lang Göns;RB;RB 41;41;15049;8003520;8003520%2021-12-16T07:06:00.000Z%,8003262,8001312,8004712,8000728,8000111,;426
2021-12-16T07:15:00.000Z;Lang Göns;RB;RB 49;49;15074;8003520;8003520%2021-12-16T07:15:00.000Z%,8002410,8000124,;426
2021-12-16T07:37:00.000Z;Lang Göns;RB;RB 41;41;15005;8003520;8003520%2021-12-16T07:37:00.000Z%,8003262,8001312,8004712,8000728,8000111,8000760,8002042,8000105,;426
2021-12-16T07:37:00.000Z;Lang Göns;RB;RB 40;40;15105;8003520;8003520%2021-12-16T07:37:00.000Z%,8003262,8001312,8004712,8000728,8000111,8000760,8002042,8000105,;426
2021-12-16T07:40:00.000Z;Lang Göns;RB;RB 49;49;15164;8003520;8003520%2021-12-16T07:40:00.000Z%,8002410,8000124,;426
2021-12-16T08:18:00.000Z;Lang Göns;RB;RB 41;41;15006;8003520;8003520%2021-12-16T08:18:00.000Z%,8002410,8000124,8002269,8000234,8002100,8002134,8004417,8004420,8003856,8000337,8000065,8001256,8000589,8000435,8005661,8004328,8006401,8000129,;426
2021-12-16T08:18:00.000Z;Lang Göns;RB;RB 40;40;15106;8003520;8003520%2021-12-16T08:18:00.000Z%,8002410,8000124,8001618,8000383,8000633,8006340,8001694,8003213,8001668,8005577,8000161,8001271,8004405,8000074,;426
2021-12-16T08:40:00.000Z;Lang Göns;RB;RB 49;49;15170;8003520;8003520%2021-12-16T08:40:00.000Z%,8002410,8000124,;426
2021-12-16T08:43:00.000Z;Lang Göns;RB;RB 49;49;15077;8003520;8003520%2021-12-16T08:43:00.000Z%,8003262,8001312,8004712,8000728,8000111,8000632,8000158,8004713,8001199,8002572,8000150,;426
2021-12-16T09:15:00.000Z;Lang Göns;RB;RB 49;49;15076;8003520;8003520%2021-12-16T09:15:00.000Z%,8002410,8000124,;426
2021-12-16T09:37:00.000Z;Lang Göns;RB;RB 41;41;15009;8003520;8003520%2021-12-16T09:37:00.000Z%,8003262,8001312,8004712,8000728,8000111,8000760,8002042,8000105,;426
2021-12-16T09:37:00.000Z;Lang Göns;RB;RB 40;40;15109;8003520;8003520%2021-12-16T09:37:00.000Z%,8003262,8001312,8004712,8000728,8000111,8000760,8002042,8000105,;426
2021-12-16T10:18:00.000Z;Lang Göns;RB;RB 41;41;15010;8003520;8003520%2021-12-16T10:18:00.000Z%,8002410,8000124,8002269,8000234,8002100,8002134,8004417,8004420,8003856,8000337,8000065,8001256,8000589,8000435,8005661,8004328,8006401,8000129,;426
2021-12-16T10:18:00.000Z;Lang Göns;RB;RB 40;40;15110;8003520;8003520%2021-12-16T10:18:00.000Z%,8002410,8000124,8001618,8000383,8000633,8006340,8001694,8003213,8001668,8005577,8000161,8001271,8004405,8000074,;426
2021-12-16T10:43:00.000Z;Lang Göns;RB;RB 49;49;15079;8003520;8003520%2021-12-16T10:43:00.000Z%,8003262,8001312,8004712,8000728,8000111,8000632,8000158,8004713,8001199,8002572,8000150,;426
2021-12-16T11:10:00.000Z;Lang Göns;RB;RB 49;49;15081;8003520;8003520%2021-12-16T11:10:00.000Z%,8003262,8001312,8004712,8000728,8000111,8000632,8000158,8004713,8001199,8002572,8000150,;426
2021-12-16T11:15:00.000Z;Lang Göns;RB;RB 49;49;15078;8003520;8003520%2021-12-16T11:15:00.000Z%,8002410,8000124,;426
2021-12-16T11:37:00.000Z;Lang Göns;RB;RB 41;41;15013;8003520;8003520%2021-12-16T11:37:00.000Z%,8003262,8001312,8004712,8000728,8000111,8000760,8002042,8000105,;426
2021-12-16T11:37:00.000Z;Lang Göns;RB;RB 40;40;15113;8003520;8003520%2021-12-16T11:37:00.000Z%,8003262,8001312,8004712,8000728,8000111,8000760,8002042,8000105,;426
2021-12-16T11:40:00.000Z;Lang Göns;RB;RB 49;49;15158;8003520;8003520%2021-12-16T11:40:00.000Z%,8002410,8000124,;426
2021-12-16T12:13:00.000Z;Lang Göns;RB;RB 49;49;15175;8003520;8003520%2021-12-16T12:13:00.000Z%,8003262,8001312,8004712,8000728,8000111,8000632,8000158,8004713,8001199,8002572,8000150,;426
2021-12-16T12:18:00.000Z;Lang Göns;RB;RB 41;41;15014;8003520;8003520%2021-12-16T12:18:00.000Z%,8002410,8000124,8002269,8000234,8002100,8002134,8004417,8004420,8003856,8000337,;426
2021-12-16T12:18:00.000Z;Lang Göns;RB;RB 40;40;15114;8003520;8003520%2021-12-16T12:18:00.000Z%,8002410,8000124,8001618,8000383,8000633,8006340,8001694,8003213,8001668,8005577,8000161,8001271,8004405,8000074,;426
2021-12-16T12:43:00.000Z;Lang Göns;RB;RB 49;49;15083;8003520;8003520%2021-12-16T12:43:00.000Z%,8003262,8001312,8004712,8000728,8000111,8000632,8000158,8004713,8001199,8002572,8000150,;426
2021-12-16T12:50:00.000Z;Lang Göns;RB;RB 49;49;15066;8003520;8003520%2021-12-16T12:50:00.000Z%,8002410,8000124,8002269,8000234,8002100,8002134,8004417,8004420,8003856,8000337,;426
2021-12-16T13:10:00.000Z;Lang Göns;RB;RB 49;49;15085;8003520;8003520%2021-12-16T13:10:00.000Z%,8003262,8001312,8004712,8000728,8000111,8000632,8000158,8004713,8001199,8002572,8000150,;426
2021-12-16T13:15:00.000Z;Lang Göns;RB;RB 49;49;15080;8003520;8003520%2021-12-16T13:15:00.000Z%,8002410,8000124,;426
2021-12-16T13:37:00.000Z;Lang Göns;RB;RB 41;41;15017;8003520;8003520%2021-12-16T13:37:00.000Z%,8003262,8001312,8004712,8000728,8000111,8000760,8002042,8000105,;426
2021-12-16T13:37:00.000Z;Lang Göns;RB;RB 40;40;15117;8003520;8003520%2021-12-16T13:37:00.000Z%,8003262,8001312,8004712,8000728,8000111,8000760,8002042,8000105,;426
2021-12-16T13:40:00.000Z;Lang Göns;RB;RB 49;49;15082;8003520;8003520%2021-12-16T13:40:00.000Z%,8002410,8000124,;426
2021-12-16T14:13:00.000Z;Lang Göns;RB;RB 49;49;15087;8003520;8003520%2021-12-16T14:13:00.000Z%,8003262,8001312,8004712,8000728,8000111,8000632,8000158,8004713,8001199,8002572,8000150,;426
2021-12-16T14:18:00.000Z;Lang Göns;RB;RB 41;41;15018;8003520;8003520%2021-12-16T14:18:00.000Z%,8002410,8000124,8002269,8000234,8002100,8002134,8004417,8004420,8003856,8000337,8000065,8001256,8000589,8000435,8005661,8004328,8006401,8000129,;426
2021-12-16T14:18:00.000Z;Lang Göns;RB;RB 40;40;15118;8003520;8003520%2021-12-16T14:18:00.000Z%,8002410,8000124,8001618,8000383,8000633,8006340,8001694,8003213,8001668,8005577,8000161,8001271,8004405,8000074,;426
2021-12-16T14:40:00.000Z;Lang Göns;RB;RB 49;49;15084;8003520;8003520%2021-12-16T14:40:00.000Z%,8002410,8000124,;426
2021-12-16T14:43:00.000Z;Lang Göns;RB;RB 49;49;15089;8003520;8003520%2021-12-16T14:43:00.000Z%,8003262,8001312,8004712,8000728,8000111,8000632,8000158,8004713,8001199,8002572,8000150,;426
2021-12-16T15:13:00.000Z;Lang Göns;RB;RB 49;49;15091;8003520;8003520%2021-12-16T15:13:00.000Z%,8003262,8001312,8004712,8000728,8000111,8000632,8000158,8004713,8001199,8002572,8000150,;426
2021-12-16T15:21:00.000Z;Lang Göns;RE;RE 30;30;4172;8003520;8003520%2021-12-16T15:21:00.000Z%,8002410,8000124,8000234,8002134,8004417,8003856,8000337,;602
2021-12-16T15:37:00.000Z;Lang Göns;RB;RB 41;41;15021;8003520;8003520%2021-12-16T15:37:00.000Z%,8003262,8001312,8004712,8000728,8000111,8000760,8002042,8000105,;426
2021-12-16T15:37:00.000Z;Lang Göns;RB;RB 40;40;15121;8003520;8003520%2021-12-16T15:37:00.000Z%,8003262,8001312,8004712,8000728,8000111,8000760,8002042,8000105,;426
2021-12-16T15:50:00.000Z;Lang Göns;RE;RE 30;30;4174;8003520;8003520%2021-12-16T15:50:00.000Z%,8002410,8000124,;602
2021-12-16T16:13:00.000Z;Lang Göns;RB;RB 41;41;15093;8003520;8003520%2021-12-16T16:13:00.000Z%,8003262,8001312,8004712,8000728,8000111,8000632,8000158,8004713,8001199,8002572,8000150,;426
2021-12-16T16:18:00.000Z;Lang Göns;RB;RB 41;41;15022;8003520;8003520%2021-12-16T16:18:00.000Z%,8002410,8000124,8002269,8000234,8002100,8002134,8004417,8004420,8003856,8000337,8000065,8001256,8000589,8000435,8005661,8004328,8006401,8000129,;426
2021-12-16T16:18:00.000Z;Lang Göns;RB;RB 40;40;15122;8003520;8003520%2021-12-16T16:18:00.000Z%,8002410,8000124,8001618,8000383,8000633,8006340,8001694,8003213,8001668,8005577,8000161,8001271,8004405,8000074,;426
2021-12-16T16:43:00.000Z;Lang Göns;RB;RB 49;49;15095;8003520;8003520%2021-12-16T16:43:00.000Z%,8003262,8001312,8004712,8000728,8000111,8000632,8000158,8004713,8001199,8002572,8000150,;426
2021-12-16T16:49:00.000Z;Lang Göns;RB;RB 49;49;15160;8003520;8003520%2021-12-16T16:49:00.000Z%,8002410,8000124,;426
2021-12-16T17:13:00.000Z;Lang Göns;RB;RB 49;49;15155;8003520;8003520%2021-12-16T17:13:00.000Z%,8003262,8001312,8004712,8000728,8000111,;426
2021-12-16T17:18:00.000Z;Lang Göns;RB;RB 49;49;15088;8003520;8003520%2021-12-16T17:18:00.000Z%,8002410,8000124,;426
2021-12-16T17:37:00.000Z;Lang Göns;RB;RB 41;41;15025;8003520;8003520%2021-12-16T17:37:00.000Z%,8003262,8001312,8004712,8000728,8000111,8000760,8002042,8000105,;426
2021-12-16T17:37:00.000Z;Lang Göns;RB;RB 40;40;15125;8003520;8003520%2021-12-16T17:37:00.000Z%,8003262,8001312,8004712,8000728,8000111,8000760,8002042,8000105,;426
2021-12-16T17:49:00.000Z;Lang Göns;RE;RE 30;30;4178;8003520;8003520%2021-12-16T17:49:00.000Z%,8002410,8000124,8000234,8002100,8002134,8004417,8004420,8003856,8000337,;602
2021-12-16T18:18:00.000Z;Lang Göns;RB;RB 41;41;15026;8003520;8003520%2021-12-16T18:18:00.000Z%,8002410,8000124,8002269,8000234,8002100,8002134,8004417,8004420,8003856,8000337,8000065,8001256,8000589,8000435,8005661,8004328,8006401,8000129,;426
2021-12-16T18:18:00.000Z;Lang Göns;RB;RB 40;40;15126;8003520;8003520%2021-12-16T18:18:00.000Z%,8002410,8000124,8001618,8000383,8000633,8006340,8001694,8003213,8001668,8005577,8000161,8001271,8004405,8000074,;426
2021-12-16T18:43:00.000Z;Lang Göns;RB;RB 49;49;15097;8003520;8003520%2021-12-16T18:43:00.000Z%,8003262,8001312,8004712,8000728,8000111,8000632,8000158,8004713,8001199,8002572,8000150,;426
2021-12-16T18:48:00.000Z;Lang Göns;RE;RE 30;30;15380;8003520;8003520%2021-12-16T18:48:00.000Z%,8002410,8000124,;602
2021-12-16T19:15:00.000Z;Lang Göns;RB;RB 49;49;15090;8003520;8003520%2021-12-16T19:15:00.000Z%,8002410,8000124,;426
2021-12-16T19:39:00.000Z;Lang Göns;RB;RB 41;41;15029;8003520;8003520%2021-12-16T19:39:00.000Z%,8003262,8001312,8004712,8000728,8000111,8000760,8002042,8000105,;426
2021-12-16T19:39:00.000Z;Lang Göns;RB;RB 40;40;15129;8003520;8003520%2021-12-16T19:39:00.000Z%,8003262,8001312,8004712,8000728,8000111,8000760,8002042,8000105,;426
2021-12-15T20:52:00.000Z;Laubenheim(Nahe);RB;RB 65;65;12749;8003568;8003568%2021-12-15T20:52:00.000Z%0,8004172,8000039,;426
2021-12-15T21:04:00.000Z;Laubenheim(Nahe);RB;RB 65;65;12750;8003568;8003568%2021-12-15T21:04:00.000Z%,8000585,8001177,8000021,;426
2021-12-16T04:24:00.000Z;Laubenheim(Nahe);RB;RB 65;65;12702;8003568;8003568%2021-12-16T04:24:00.000Z%,8000585,8001177,8000021,8000726,8000517,8002879,8000505,8005111,8003070,8006483,8087062,8000372,8002875,8000189,;426
2021-12-16T04:32:00.000Z;Laubenheim(Nahe);RB;RB 65;65;12707;8003568;8003568%2021-12-16T04:32:00.000Z%,8004172,8000039,;426
2021-12-16T04:54:00.000Z;Laubenheim(Nahe);RB;RB 65;65;12704;8003568;8003568%2021-12-16T04:54:00.000Z%,8000585,8001177,8000021,8000726,8000517,8002879,8000505,8005111,8003070,8006483,8087062,8000372,8002875,8000189,;426
2021-12-16T05:23:00.000Z;Laubenheim(Nahe);RB;RB 65;65;12728;8003568;8003568%2021-12-16T05:23:00.000Z%,8000585,8001177,8000021,8000726,8000505,8005111,8003070,8006483,8087062,8000372,8000189,;426
2021-12-16T05:32:00.000Z;Laubenheim(Nahe);RB;RB 65;65;12701;8003568;8003568%2021-12-16T05:32:00.000Z%,8004172,8000039,;426
2021-12-16T05:52:00.000Z;Laubenheim(Nahe);RB;RB 65;65;12703;8003568;8003568%2021-12-16T05:52:00.000Z%,8004172,8000039,;426
2021-12-16T05:59:00.000Z;Laubenheim(Nahe);RB;RB 65;65;12706;8003568;8003568%2021-12-16T05:59:00.000Z%,8000585,8001177,8000021,8000726,8000517,8002879,8000505,8005111,8003070,8006483,8087062,8000372,8000189,;426
2021-12-16T06:21:00.000Z;Laubenheim(Nahe);RB;RB 65;65;12708;8003568;8003568%2021-12-16T06:21:00.000Z%,8000585,8001177,8000021,8000726,8000517,8002879,8000505,8005111,8003070,8006483,8087062,8000372,8002875,8000189,8003515,8004938,8007482,8005715,8004557,8004396,8002286,8004993,8001727,8005857,8000491,8004929,8003481,;426
2021-12-16T06:32:00.000Z;Laubenheim(Nahe);RB;RB 65;65;12853;8003568;8003568%2021-12-16T06:32:00.000Z%,8004172,8000039,;426
2021-12-16T06:54:00.000Z;Laubenheim(Nahe);RB;RB 65;65;12709;8003568;8003568%2021-12-16T06:54:00.000Z%,8004172,8000039,;426
2021-12-16T07:04:00.000Z;Laubenheim(Nahe);RB;RB 65;65;12710;8003568;8003568%2021-12-16T07:04:00.000Z%,8000585,8001177,8000021,8000726,8000517,8002879,8000505,8005111,8003070,8006483,8087062,8000372,8000189,;426
2021-12-16T07:54:00.000Z;Laubenheim(Nahe);RB;RB 65;65;12711;8003568;8003568%2021-12-16T07:54:00.000Z%,8004172,8000039,;426
2021-12-16T08:04:00.000Z;Laubenheim(Nahe);RB;RB 65;65;12714;8003568;8003568%2021-12-16T08:04:00.000Z%,8000585,8001177,8000021,8000726,8000517,8002879,8000505,8005111,8003070,8006483,8087062,8000372,8000189,;426
2021-12-16T08:52:00.000Z;Laubenheim(Nahe);RB;RB 65;65;12715;8003568;8003568%2021-12-16T08:52:00.000Z%,8004172,8000039,;426
2021-12-16T09:04:00.000Z;Laubenheim(Nahe);RB;RB 65;65;12716;8003568;8003568%2021-12-16T09:04:00.000Z%,8000585,8001177,8000021,8000726,8000517,8002879,8000505,8005111,8003070,8006483,8087062,8000372,8000189,;426
2021-12-16T09:52:00.000Z;Laubenheim(Nahe);RB;RB 65;65;12719;8003568;8003568%2021-12-16T09:52:00.000Z%,8004172,8000039,;426
2021-12-16T10:04:00.000Z;Laubenheim(Nahe);RB;RB 65;65;12718;8003568;8003568%2021-12-16T10:04:00.000Z%,8000585,8001177,8000021,8000726,8000517,8002879,8000505,8005111,8003070,8006483,8087062,8000372,8000189,;426
2021-12-16T10:52:00.000Z;Laubenheim(Nahe);RB;RB 65;65;12721;8003568;8003568%2021-12-16T10:52:00.000Z%,8004172,8000039,;426
2021-12-16T11:04:00.000Z;Laubenheim(Nahe);RB;RB 65;65;12720;8003568;8003568%2021-12-16T11:04:00.000Z%,8000585,8001177,8000021,8000726,8000517,8002879,8000505,8005111,8003070,8006483,8087062,8000372,8000189,;426
2021-12-16T11:52:00.000Z;Laubenheim(Nahe);RB;RB 65;65;12725;8003568;8003568%2021-12-16T11:52:00.000Z%,8004172,8000039,;426
2021-12-16T12:04:00.000Z;Laubenheim(Nahe);RB;RB 65;65;12724;8003568;8003568%2021-12-16T12:04:00.000Z%,8000585,8001177,8000021,8000726,8000517,8002879,8000505,8005111,8003070,8006483,8087062,8000372,8000189,;426
2021-12-16T12:22:00.000Z;Laubenheim(Nahe);RB;RB 65;65;12723;8003568;8003568%2021-12-16T12:22:00.000Z%,8004172,8000039,;426
2021-12-16T12:46:00.000Z;Laubenheim(Nahe);RB;RB 65;65;12726;8003568;8003568%2021-12-16T12:46:00.000Z%,8000585,8001177,8000021,;426
2021-12-16T12:52:00.000Z;Laubenheim(Nahe);RB;RB 65;65;12727;8003568;8003568%2021-12-16T12:52:00.000Z%,8004172,8000039,;426
2021-12-16T13:04:00.000Z;Laubenheim(Nahe);RB;RB 65;65;12730;8003568;8003568%2021-12-16T13:04:00.000Z%,8000585,8001177,8000021,8000726,8000517,8002879,8000505,8005111,8003070,8006483,8087062,8000372,8000189,;426
2021-12-16T13:22:00.000Z;Laubenheim(Nahe);RB;RB 65;65;12729;8003568;8003568%2021-12-16T13:22:00.000Z%,8004172,8000039,;426
2021-12-16T13:52:00.000Z;Laubenheim(Nahe);RB;RB 65;65;12731;8003568;8003568%2021-12-16T13:52:00.000Z%,8004172,8000039,;426
2021-12-16T14:04:00.000Z;Laubenheim(Nahe);RB;RB 65;65;12732;8003568;8003568%2021-12-16T14:04:00.000Z%,8000585,8001177,8000021,8000726,8000517,8002879,8000505,8005111,8003070,8006483,8087062,8000372,8000189,;426
2021-12-16T14:52:00.000Z;Laubenheim(Nahe);RB;RB 65;65;12733;8003568;8003568%2021-12-16T14:52:00.000Z%,8004172,8000039,;426
2021-12-16T15:04:00.000Z;Laubenheim(Nahe);RB;RB 65;65;12734;8003568;8003568%2021-12-16T15:04:00.000Z%,8000585,8001177,8000021,8000726,8000517,8002879,8000505,8005111,8003070,8006483,8087062,8000372,8000189,;426
2021-12-16T15:31:00.000Z;Laubenheim(Nahe);RB;RB 65;65;12736;8003568;8003568%2021-12-16T15:31:00.000Z%,8000585,8001177,8000021,;426
2021-12-16T15:43:00.000Z;Laubenheim(Nahe);RB;RB 65;65;12735;8003568;8003568%2021-12-16T15:43:00.000Z%,8004172,8000039,;426
2021-12-16T16:04:00.000Z;Laubenheim(Nahe);RB;RB 65;65;12738;8003568;8003568%2021-12-16T16:04:00.000Z%,8000585,8001177,8000021,8000726,8000517,8002879,8000505,8005111,8003070,8006483,8087062,8000372,8000189,;426
2021-12-16T16:09:00.000Z;Laubenheim(Nahe);RB;RB 65;65;12717;8003568;8003568%2021-12-16T16:09:00.000Z%,8004172,8000039,;426
2021-12-16T16:22:00.000Z;Laubenheim(Nahe);RB;RB 65;65;12739;8003568;8003568%2021-12-16T16:22:00.000Z%,8004172,8000039,;426
2021-12-16T16:40:00.000Z;Laubenheim(Nahe);RB;RB 65;65;12740;8003568;8003568%2021-12-16T16:40:00.000Z%,8000585,8001177,8000021,;426
2021-12-16T16:52:00.000Z;Laubenheim(Nahe);RB;RB 65;65;12741;8003568;8003568%2021-12-16T16:52:00.000Z%,8004172,8000039,;426
2021-12-16T17:04:00.000Z;Laubenheim(Nahe);RB;RB 65;65;12754;8003568;8003568%2021-12-16T17:04:00.000Z%,8000585,8001177,8000021,8000726,8000517,8002879,8000505,8005111,8003070,8006483,8087062,8000372,8002875,8000189,;426
2021-12-16T17:54:00.000Z;Laubenheim(Nahe);RB;RB 65;65;12743;8003568;8003568%2021-12-16T17:54:00.000Z%,8004172,8000039,;426
2021-12-16T18:04:00.000Z;Laubenheim(Nahe);RB;RB 65;65;12744;8003568;8003568%2021-12-16T18:04:00.000Z%,8000585,8001177,8000021,8000726,8000517,8002879,8000505,8005111,8003070,8006483,8087062,8000372,8000189,;426
2021-12-16T18:52:00.000Z;Laubenheim(Nahe);RB;RB 65;65;12745;8003568;8003568%2021-12-16T18:52:00.000Z%,8004172,8000039,;426
2021-12-16T19:04:00.000Z;Laubenheim(Nahe);RB;RB 65;65;29663;8003568;8003568%2021-12-16T19:04:00.000Z%,8000585,8001177,8000021,;426
2021-12-16T19:52:00.000Z;Laubenheim(Nahe);RB;RB 65;65;12747;8003568;8003568%2021-12-16T19:52:00.000Z%,8004172,8000039,;426
2021-12-16T20:04:00.000Z;Laubenheim(Nahe);RB;RB 65;65;12748;8003568;8003568%2021-12-16T20:04:00.000Z%,8000585,8001177,8000021,8000726,8000517,8002879,8000505,8005111,8003070,8006483,8087062,8000372,8000189,;426
2021-12-15T20:46:00.000Z;Legden;RB;RB 51;51;20283;8003608;8003608%2021-12-15T20:46:00.000Z%0,8002972,8000066,8003658,8000083,8003783,8005525,8005526,8001097,8000239,8004883,8001530,8001533,8000080,;426
2021-12-15T21:11:00.000Z;Legden;RB;RB 51;51;20284;8003608;8003608%2021-12-15T21:12:00.000Z%1,8000437,8001808,8000382,8400011,8400012,8400212,;426
2021-12-16T04:46:00.000Z;Legden;RB;RB 51;51;14611;8003608;8003608%2021-12-16T04:46:00.000Z%,8002972,8000066,8003658,8000083,8003783,8005525,8005526,8001097,8000239,8004883,8001530,8001533,8000080,;426
2021-12-16T05:11:00.000Z;Legden;RB;RB 51;51;20252;8003608;8003608%2021-12-16T05:11:00.000Z%,8000437,8001808,8000382,8400011,8400012,8400212,;426
2021-12-16T05:46:00.000Z;Legden;RB;RB 51;51;20251;8003608;8003608%2021-12-16T05:46:00.000Z%,8002972,8000066,8003658,8000083,8003783,8005525,8005526,8001097,8000239,8004883,8001530,8001533,8000080,;426
2021-12-16T06:16:00.000Z;Legden;RB;RB 51;51;20254;8003608;8003608%2021-12-16T06:16:00.000Z%,8000437,8001808,8000382,8400011,8400012,8400212,;426
2021-12-16T06:46:00.000Z;Legden;RB;RB 51;51;20253;8003608;8003608%2021-12-16T06:46:00.000Z%,8002972,8000066,8003658,8000083,8003783,8005525,8005526,8001097,8000239,8004883,8001530,8001533,8000080,;426
2021-12-16T07:11:00.000Z;Legden;RB;RB 51;51;20256;8003608;8003608%2021-12-16T07:11:00.000Z%,8000437,8001808,8000382,8400011,8400012,8400212,;426
2021-12-16T07:46:00.000Z;Legden;RB;RB 51;51;20257;8003608;8003608%2021-12-16T07:46:00.000Z%,8002972,8000066,8003658,8000083,8003783,8005525,8005526,8001097,8000239,8004883,8001530,8001533,8000080,;426
2021-12-16T08:11:00.000Z;Legden;RB;RB 51;51;20258;8003608;8003608%2021-12-16T08:11:00.000Z%,8000437,8001808,8000382,8400011,8400012,8400212,;426
2021-12-16T08:46:00.000Z;Legden;RB;RB 51;51;20259;8003608;8003608%2021-12-16T08:46:00.000Z%,8002972,8000066,8003658,8000083,8003783,8005525,8005526,8001097,8000239,8004883,8001530,8001533,8000080,;426
2021-12-16T09:11:00.000Z;Legden;RB;RB 51;51;20260;8003608;8003608%2021-12-16T09:11:00.000Z%,8000437,8001808,8000382,8400011,8400012,8400212,;426
2021-12-16T09:46:00.000Z;Legden;RB;RB 51;51;20261;8003608;8003608%2021-12-16T09:46:00.000Z%,8002972,8000066,8003658,8000083,8003783,8005525,8005526,8001097,8000239,8004883,8001530,8001533,8000080,;426
2021-12-16T10:11:00.000Z;Legden;RB;RB 51;51;20262;8003608;8003608%2021-12-16T10:11:00.000Z%,8000437,8001808,8000382,8400011,8400012,8400212,;426
2021-12-16T10:46:00.000Z;Legden;RB;RB 51;51;20263;8003608;8003608%2021-12-16T10:46:00.000Z%,8002972,8000066,8003658,8000083,8003783,8005525,8005526,8001097,8000239,8004883,8001530,8001533,8000080,;426
2021-12-16T11:11:00.000Z;Legden;RB;RB 51;51;20264;8003608;8003608%2021-12-16T11:11:00.000Z%,8000437,8001808,8000382,8400011,8400012,8400212,;426
2021-12-16T11:46:00.000Z;Legden;RB;RB 51;51;20265;8003608;8003608%2021-12-16T11:46:00.000Z%,8002972,8000066,8003658,8000083,8003783,8005525,8005526,8001097,8000239,8004883,8001530,8001533,8000080,;426
2021-12-16T12:11:00.000Z;Legden;RB;RB 51;51;20266;8003608;8003608%2021-12-16T12:11:00.000Z%,8000437,8001808,8000382,8400011,8400012,8400212,;426
2021-12-16T12:46:00.000Z;Legden;RB;RB 51;51;20267;8003608;8003608%2021-12-16T12:46:00.000Z%,8002972,8000066,8003658,8000083,8003783,8005525,8005526,8001097,8000239,8004883,8001530,8001533,8000080,;426
2021-12-16T13:11:00.000Z;Legden;RB;RB 51;51;20268;8003608;8003608%2021-12-16T13:11:00.000Z%,8000437,8001808,8000382,8400011,8400012,8400212,;426
2021-12-16T13:46:00.000Z;Legden;RB;RB 51;51;20269;8003608;8003608%2021-12-16T13:46:00.000Z%,8002972,8000066,8003658,8000083,8003783,8005525,8005526,8001097,8000239,8004883,8001530,8001533,8000080,;426
2021-12-16T14:11:00.000Z;Legden;RB;RB 51;51;20270;8003608;8003608%2021-12-16T14:11:00.000Z%,8000437,8001808,8000382,8400011,8400012,8400212,;426
2021-12-16T14:46:00.000Z;Legden;RB;RB 51;51;20271;8003608;8003608%2021-12-16T14:46:00.000Z%,8002972,8000066,8003658,8000083,8003783,8005525,8005526,8001097,8000239,8004883,8001530,8001533,8000080,;426
2021-12-16T15:11:00.000Z;Legden;RB;RB 51;51;20272;8003608;8003608%2021-12-16T15:11:00.000Z%,8000437,8001808,8000382,8400011,8400012,8400212,;426
2021-12-16T15:46:00.000Z;Legden;RB;RB 51;51;20273;8003608;8003608%2021-12-16T15:46:00.000Z%,8002972,8000066,8003658,8000083,8003783,8005525,8005526,8001097,8000239,8004883,8001530,8001533,8000080,;426
2021-12-16T16:11:00.000Z;Legden;RB;RB 51;51;20274;8003608;8003608%2021-12-16T16:11:00.000Z%,8000437,8001808,8000382,8400011,8400012,8400212,;426
2021-12-16T16:46:00.000Z;Legden;RB;RB 51;51;20275;8003608;8003608%2021-12-16T16:46:00.000Z%,8002972,8000066,8003658,8000083,8003783,8005525,8005526,8001097,8000239,8004883,8001530,8001533,8000080,;426
2021-12-16T17:11:00.000Z;Legden;RB;RB 51;51;20276;8003608;8003608%2021-12-16T17:11:00.000Z%,8000437,8001808,8000382,8400011,8400012,8400212,;426
2021-12-16T17:46:00.000Z;Legden;RB;RB 51;51;20277;8003608;8003608%2021-12-16T17:46:00.000Z%,8002972,8000066,8003658,8000083,8003783,8005525,8005526,8001097,8000239,8004883,8001530,8001533,8000080,;426
2021-12-16T18:11:00.000Z;Legden;RB;RB 51;51;20278;8003608;8003608%2021-12-16T18:11:00.000Z%,8000437,8001808,8000382,8400011,8400012,8400212,;426
2021-12-16T18:46:00.000Z;Legden;RB;RB 51;51;20279;8003608;8003608%2021-12-16T18:46:00.000Z%,8002972,8000066,8003658,8000083,8003783,8005525,8005526,8001097,8000239,8004883,8001530,8001533,8000080,;426
2021-12-16T19:11:00.000Z;Legden;RB;RB 51;51;20280;8003608;8003608%2021-12-16T19:11:00.000Z%,8000437,8001808,8000382,8400011,8400012,8400212,;426
2021-12-16T19:46:00.000Z;Legden;RB;RB 51;51;20281;8003608;8003608%2021-12-16T19:46:00.000Z%,8002972,8000066,8003658,8000083,8003783,8005525,8005526,8001097,8000239,8004883,8001530,8001533,8000080,;426
2021-12-16T20:11:00.000Z;Legden;RB;RB 51;51;20282;8003608;8003608%2021-12-16T20:11:00.000Z%,8000437,8001808,8000382,8400011,8400012,8400212,;426
2021-12-15T20:43:00.000Z;Lutum;RB;RB 63;63;14736;8003804;8003804%2021-12-15T20:44:00.000Z%1,8001343,8000066,;426
2021-12-15T21:14:00.000Z;Lutum;RB;RB 63;63;14739;8003804;8003804%2021-12-15T21:14:00.000Z%,8000970,8002670,8004190,8003934,8000263,;426
2021-12-15T21:43:00.000Z;Lutum;RB;RB 63;63;14738;8003804;8003804%2021-12-15T21:43:00.000Z%,8001343,8000066,;426
2021-12-15T22:43:00.000Z;Lutum;RB;RB 63;63;14740;8003804;8003804%2021-12-15T22:43:00.000Z%,8001343,8000066,;426
2021-12-16T04:14:00.000Z;Lutum;RB;RB 63;63;14701;8003804;8003804%2021-12-16T04:14:00.000Z%,8000970,8002670,8004190,8003934,8000263,;426
2021-12-16T04:44:00.000Z;Lutum;RB;RB 63;63;14881;8003804;8003804%2021-12-16T04:44:00.000Z%,8000970,8002670,8004190,8003934,8000263,;426
2021-12-16T05:13:00.000Z;Lutum;RB;RB 63;63;14880;8003804;8003804%2021-12-16T05:13:00.000Z%,8001343,8000066,;426
2021-12-16T05:44:00.000Z;Lutum;RB;RB 63;63;14883;8003804;8003804%2021-12-16T05:44:00.000Z%,8000970,8002670,8004190,8003934,8000263,;426
2021-12-16T06:13:00.000Z;Lutum;RB;RB 63;63;14882;8003804;8003804%2021-12-16T06:13:00.000Z%,8001343,8000066,;426
2021-12-16T06:43:00.000Z;Lutum;RB;RB 63;63;14704;8003804;8003804%2021-12-16T06:43:00.000Z%,8001343,8000066,;426
2021-12-16T07:14:00.000Z;Lutum;RB;RB 63;63;14711;8003804;8003804%2021-12-16T07:14:00.000Z%,8000970,8002670,8004190,8003934,8000263,8004173,;426
2021-12-16T07:43:00.000Z;Lutum;RB;RB 63;63;14708;8003804;8003804%2021-12-16T07:43:00.000Z%,8001343,8000066,;426
2021-12-16T08:14:00.000Z;Lutum;RB;RB 63;63;14713;8003804;8003804%2021-12-16T08:14:00.000Z%,8000970,8002670,8004190,8003934,8000263,8004173,;426
2021-12-16T08:43:00.000Z;Lutum;RB;RB 63;63;14710;8003804;8003804%2021-12-16T08:43:00.000Z%,8001343,8000066,;426
2021-12-16T09:14:00.000Z;Lutum;RB;RB 63;63;14715;8003804;8003804%2021-12-16T09:14:00.000Z%,8000970,8002670,8004190,8003934,8000263,8004173,;426
2021-12-16T09:43:00.000Z;Lutum;RB;RB 63;63;14712;8003804;8003804%2021-12-16T09:43:00.000Z%,8001343,8000066,;426
2021-12-16T10:14:00.000Z;Lutum;RB;RB 63;63;14717;8003804;8003804%2021-12-16T10:14:00.000Z%,8000970,8002670,8004190,8003934,8000263,8004173,;426
2021-12-16T10:43:00.000Z;Lutum;RB;RB 63;63;14714;8003804;8003804%2021-12-16T10:43:00.000Z%,8001343,8000066,;426
2021-12-16T11:14:00.000Z;Lutum;RB;RB 63;63;14719;8003804;8003804%2021-12-16T11:14:00.000Z%,8000970,8002670,8004190,8003934,8000263,8004173,;426
2021-12-16T11:43:00.000Z;Lutum;RB;RB 63;63;14716;8003804;8003804%2021-12-16T11:43:00.000Z%,8001343,8000066,;426
2021-12-16T12:14:00.000Z;Lutum;RB;RB 63;63;14721;8003804;8003804%2021-12-16T12:14:00.000Z%,8000970,8002670,8004190,8003934,8000263,8004173,;426
2021-12-16T12:44:00.000Z;Lutum;RB;RB 63;63;14889;8003804;8003804%2021-12-16T12:44:00.000Z%,8000970,8002670,8004190,8003934,8000263,;426
2021-12-16T13:14:00.000Z;Lutum;RB;RB 63;63;14723;8003804;8003804%2021-12-16T13:14:00.000Z%,8000970,8002670,8004190,8003934,8000263,8004173,;426
2021-12-16T13:43:00.000Z;Lutum;RB;RB 63;63;14722;8003804;8003804%2021-12-16T13:43:00.000Z%,8001343,8000066,;426
2021-12-16T14:14:00.000Z;Lutum;RB;RB 63;63;14725;8003804;8003804%2021-12-16T14:14:00.000Z%,8000970,8002670,8004190,8003934,8000263,8004173,;426
2021-12-16T14:43:00.000Z;Lutum;RB;RB 63;63;14724;8003804;8003804%2021-12-16T14:43:00.000Z%,8001343,8000066,;426
2021-12-16T15:14:00.000Z;Lutum;RB;RB 63;63;14727;8003804;8003804%2021-12-16T15:14:00.000Z%,8000970,8002670,8004190,8003934,8000263,8004173,;426
2021-12-16T15:43:00.000Z;Lutum;RB;RB 63;63;14726;8003804;8003804%2021-12-16T15:43:00.000Z%,8001343,8000066,;426
2021-12-16T16:14:00.000Z;Lutum;RB;RB 63;63;14729;8003804;8003804%2021-12-16T16:14:00.000Z%,8000970,8002670,8004190,8003934,8000263,8004173,;426
2021-12-16T16:43:00.000Z;Lutum;RB;RB 63;63;14728;8003804;8003804%2021-12-16T16:43:00.000Z%,8001343,8000066,;426
2021-12-16T17:14:00.000Z;Lutum;RB;RB 63;63;14731;8003804;8003804%2021-12-16T17:14:00.000Z%,8000970,8002670,8004190,8003934,8000263,8004173,;426
2021-12-16T17:43:00.000Z;Lutum;RB;RB 63;63;14730;8003804;8003804%2021-12-16T17:43:00.000Z%,8001343,8000066,;426
2021-12-16T18:14:00.000Z;Lutum;RB;RB 63;63;14733;8003804;8003804%2021-12-16T18:14:00.000Z%,8000970,8002670,8004190,8003934,8000263,8004173,;426
2021-12-16T18:43:00.000Z;Lutum;RB;RB 63;63;14732;8003804;8003804%2021-12-16T18:43:00.000Z%,8001343,8000066,;426
2021-12-16T19:14:00.000Z;Lutum;RB;RB 63;63;14735;8003804;8003804%2021-12-16T19:14:00.000Z%,8000970,8002670,8004190,8003934,8000263,;426
2021-12-16T19:43:00.000Z;Lutum;RB;RB 63;63;14734;8003804;8003804%2021-12-16T19:43:00.000Z%,8001343,8000066,;426
2021-12-16T20:14:00.000Z;Lutum;RB;RB 63;63;14737;8003804;8003804%2021-12-16T20:14:00.000Z%,8000970,8002670,8004190,8003934,8000263,;426
2021-12-15T20:51:00.000Z;Mainz-Mombach;RB;RB 26;26;25437;8003821;8003821%2021-12-15T20:51:00.000Z%0,8000240,;426
2021-12-15T21:07:00.000Z;Mainz-Mombach;RB;RB 26;26;25392;8003821;8003821%2021-12-15T21:07:00.000Z%0,8001237,8005950,8002692,8003075,8000375,8000975,8000976,8000039,;426
2021-12-15T22:07:00.000Z;Mainz-Mombach;RB;RB 26;26;25394;8003821;8003821%2021-12-15T22:07:00.000Z%0,8001237,8005950,8002692,8003075,8000375,8000975,8000976,8000039,8005896,8004379,8000683,8004601,8005645,8002861,8000742,8000045,8005622,8005070,8000206,8003341,8003352,8006035,8006303,8000331,8004200,8001186,8000694,8005580,8000310,;426
2021-12-15T22:20:00.000Z;Mainz-Mombach;RB;RB 26;26;25439;8003821;8003821%2021-12-15T22:20:00.000Z%0,8000240,;426
2021-12-15T23:12:00.000Z;Mainz-Mombach;RB;RB 26;26;25398;8003821;8003821%2021-12-15T23:12:00.000Z%0,8001237,8005950,8002692,8003075,8000375,8000975,8000976,8000039,;426
2021-12-16T03:44:00.000Z;Mainz-Mombach;RB;RB 26;26;25361;8003821;8003821%2021-12-16T03:44:00.000Z%,8000240,;426
2021-12-16T04:12:00.000Z;Mainz-Mombach;RB;RB 26;26;25360;8003821;8003821%2021-12-16T04:12:00.000Z%,8001237,8005950,8002692,8003075,8000375,8000975,8000976,8000039,8005896,8004379,8000683,8004601,8005645,8002861,8000742,8000045,8005622,8005070,8000206,;426
2021-12-16T04:18:00.000Z;Mainz-Mombach;RB;RB 26;26;25363;8003821;8003821%2021-12-16T04:18:00.000Z%,8000240,;426
2021-12-16T04:48:00.000Z;Mainz-Mombach;RB;RB 26;26;25365;8003821;8003821%2021-12-16T04:48:00.000Z%,8000240,;426
2021-12-16T04:51:00.000Z;Mainz-Mombach;RB;RB 26;26;25412;8003821;8003821%2021-12-16T04:51:00.000Z%,8001237,8005950,8002692,8003075,8000375,8000975,8000976,8000039,8005896,8004379,8000683,8004601,8005645,8002861,8000742,8000045,8005622,8005070,8000206,8003341,8003352,8006035,8006303,8000331,8004200,8001186,8000694,8005580,8000310,8004604,8005153,8001085,8001082,8001091,8000044,8005152,8005499,8001215,8003160,8003361,8003363,8000207,;426
2021-12-16T05:18:00.000Z;Mainz-Mombach;RB;RB 26;26;25367;8003821;8003821%2021-12-16T05:18:00.000Z%,8000240,;426
2021-12-16T05:28:00.000Z;Mainz-Mombach;RB;RB 26;26;25362;8003821;8003821%2021-12-16T05:28:00.000Z%,8001237,8005950,8002692,8003075,8000375,8000975,8000976,8000039,8005896,8004379,8000683,8004601,8005645,8002861,8000742,8000045,8005622,8005070,8000206,;426
2021-12-16T05:48:00.000Z;Mainz-Mombach;RB;RB 26;26;25369;8003821;8003821%2021-12-16T05:48:00.000Z%,8000240,;426
2021-12-16T06:05:00.000Z;Mainz-Mombach;RB;RB 26;26;25414;8003821;8003821%2021-12-16T06:05:00.000Z%,8001237,8005950,8002692,8003075,8000375,8000975,8000976,8000039,8005896,8004379,8000683,8004601,8005645,8002861,8000742,8000045,8005622,8005070,8000206,8003341,8003352,8006035,8006303,8000331,8004200,8001186,8000694,8005580,8000310,8004604,8005153,8001085,8001082,8001091,8000044,8005152,8005499,8001215,8003160,8003361,8003363,8000207,;426
2021-12-16T06:21:00.000Z;Mainz-Mombach;RB;RB 26;26;25449;8003821;8003821%2021-12-16T06:21:00.000Z%,8000240,;426
2021-12-16T06:40:00.000Z;Mainz-Mombach;RB;RB 26;26;25364;8003821;8003821%2021-12-16T06:40:00.000Z%,8001237,8005950,8002692,8003075,8000375,8000975,8000976,8000039,;426
2021-12-16T06:50:00.000Z;Mainz-Mombach;RB;RB 26;26;25371;8003821;8003821%2021-12-16T06:50:00.000Z%,8000240,;426
2021-12-16T07:07:00.000Z;Mainz-Mombach;RB;RB 26;26;25416;8003821;8003821%2021-12-16T07:07:00.000Z%,8001237,8005950,8002692,8003075,8000375,8000975,8000976,8000039,8005896,8004379,8000683,8004601,8005645,8002861,8000742,8000045,8005622,8005070,8000206,8003341,8003352,8006035,8006303,8000331,8004200,8001186,8000694,8005580,8000310,8004604,8005153,8001085,8001082,8001091,8000044,8005152,8005499,8001215,8003160,8003361,8003363,8000207,;426
2021-12-16T07:20:00.000Z;Mainz-Mombach;RB;RB 26;26;25409;8003821;8003821%2021-12-16T07:20:00.000Z%,8000240,;426
2021-12-16T07:36:00.000Z;Mainz-Mombach;RB;RB 26;26;25366;8003821;8003821%2021-12-16T07:36:00.000Z%,8001237,8005950,8002692,8003075,8000375,8000975,8000976,8000039,;426
2021-12-16T07:50:00.000Z;Mainz-Mombach;RB;RB 26;26;25411;8003821;8003821%2021-12-16T07:50:00.000Z%,8000240,;426
2021-12-16T08:07:00.000Z;Mainz-Mombach;RB;RB 26;26;25418;8003821;8003821%2021-12-16T08:07:00.000Z%,8001237,8005950,8002692,8003075,8000375,8000975,8000976,8000039,8005896,8004379,8000683,8004601,8005645,8002861,8000742,8000045,8005622,8005070,8000206,8003341,8003352,8006035,8006303,8000331,8004200,8001186,8000694,8005580,8000310,8004604,8005153,8001085,8001082,8001091,8000044,8005152,8005499,8001215,8003160,8003361,8003363,8000207,;426
2021-12-16T08:20:00.000Z;Mainz-Mombach;RB;RB 26;26;25373;8003821;8003821%2021-12-16T08:20:00.000Z%,8000240,;426
2021-12-16T08:36:00.000Z;Mainz-Mombach;RB;RB 26;26;25368;8003821;8003821%2021-12-16T08:36:00.000Z%,8001237,8005950,8002692,8003075,8000375,8000975,8000976,8000039,;426
2021-12-16T08:50:00.000Z;Mainz-Mombach;RB;RB 26;26;25413;8003821;8003821%2021-12-16T08:50:00.000Z%,8000240,;426
2021-12-16T09:07:00.000Z;Mainz-Mombach;RB;RB 26;26;25420;8003821;8003821%2021-12-16T09:07:00.000Z%,8001237,8005950,8002692,8003075,8000375,8000975,8000976,8000039,8005896,8004379,8000683,8004601,8005645,8002861,8000742,8000045,8005622,8005070,8000206,8003341,8003352,8006035,8006303,8000331,8004200,8001186,8000694,8005580,8000310,8004604,8005153,8001085,8001082,8001091,8000044,8005152,8005499,8001215,8003160,8003361,8003363,8000207,;426
2021-12-16T09:22:00.000Z;Mainz-Mombach;RB;RB 26;26;25375;8003821;8003821%2021-12-16T09:22:00.000Z%,8000240,;426
2021-12-16T09:36:00.000Z;Mainz-Mombach;RB;RB 26;26;25370;8003821;8003821%2021-12-16T09:36:00.000Z%,8001237,8005950,8002692,8003075,8000375,8000975,8000976,8000039,;426
2021-12-16T09:53:00.000Z;Mainz-Mombach;RB;RB 26;26;25415;8003821;8003821%2021-12-16T09:53:00.000Z%,8000240,;426
2021-12-16T10:07:00.000Z;Mainz-Mombach;RB;RB 26;26;25422;8003821;8003821%2021-12-16T10:07:00.000Z%,8001237,8005950,8002692,8003075,8000375,8000975,8000976,8000039,8005896,8004379,8000683,8004601,8005645,8002861,8000742,8000045,8005622,8005070,8000206,8003341,8003352,8006035,8006303,8000331,8004200,8001186,8000694,8005580,8000310,8004604,8005153,8001085,8001082,8001091,8000044,8005152,8005499,8001215,8003160,8003361,8003363,8000207,;426
2021-12-16T10:22:00.000Z;Mainz-Mombach;RB;RB 26;26;25377;8003821;8003821%2021-12-16T10:22:00.000Z%,8000240,;426
2021-12-16T10:36:00.000Z;Mainz-Mombach;RB;RB 26;26;25372;8003821;8003821%2021-12-16T10:36:00.000Z%,8001237,8005950,8002692,8003075,8000375,8000975,8000976,8000039,8005896,8004379,8000683,8004601,;426
2021-12-16T10:50:00.000Z;Mainz-Mombach;RB;RB 26;26;25417;8003821;8003821%2021-12-16T10:50:00.000Z%,8000240,;426
2021-12-16T11:07:00.000Z;Mainz-Mombach;RB;RB 26;26;25424;8003821;8003821%2021-12-16T11:07:00.000Z%,8001237,8005950,8002692,8003075,8000375,8000975,8000976,8000039,8005896,8004379,8000683,8004601,8005645,8002861,8000742,8000045,8005622,8005070,8000206,8003341,8003352,8006035,8006303,8000331,8004200,8001186,8000694,8005580,8000310,8004604,8005153,8001085,8001082,8001091,8000044,8005152,8005499,8001215,8003160,8003361,8003363,8000207,;426
2021-12-16T11:22:00.000Z;Mainz-Mombach;RB;RB 26;26;25379;8003821;8003821%2021-12-16T11:22:00.000Z%,8000240,;426
2021-12-16T11:36:00.000Z;Mainz-Mombach;RB;RB 26;26;25374;8003821;8003821%2021-12-16T11:36:00.000Z%,8001237,8005950,8002692,8003075,8000375,8000975,8000976,8000039,8005896,8004379,8000683,8004601,;426
2021-12-15T20:52:00.000Z;Marktbreit;RB;RB 80;80;58144;8003881;8003881%2021-12-15T20:53:00.000Z%1,8000818,8002333,8006488,8006582,8000260,;426
2021-12-15T21:03:00.000Z;Marktbreit;RB;RB 80;80;58145;8003881;8003881%2021-12-15T21:04:00.000Z%1,8005947,8000091,8001278,8004521,8000009,8005907,8000534,8000385,8000122,;426
2021-12-15T22:26:00.000Z;Marktbreit;RB;RB 80;80;58149;8003881;8003881%2021-12-15T22:26:00.000Z%,8005947,8000091,8001278,8004521,8000009,8005907,8000534,8000385,8000122,;426
2021-12-15T22:54:00.000Z;Marktbreit;RB;RB 80;80;58148;8003881;8003881%2021-12-15T22:54:00.000Z%,8000818,8002333,8006488,8006582,8000260,;426
2021-12-16T03:52:00.000Z;Marktbreit;RB;RB 80;80;58101;8003881;8003881%2021-12-16T03:52:00.000Z%,8005947,8000091,8001278,8004521,8000009,8005907,8000534,8000385,8000122,;426
2021-12-16T04:23:00.000Z;Marktbreit;RB;RB 80;80;58100;8003881;8003881%2021-12-16T04:23:00.000Z%,8000818,8002333,8006488,8006582,8000260,;426
2021-12-16T04:51:00.000Z;Marktbreit;RB;RB 80;80;58152;8003881;8003881%2021-12-16T04:51:00.000Z%,8000818,8002333,8006488,8006582,8000260,;426
2021-12-16T04:54:00.000Z;Marktbreit;RB;RB 80;80;58105;8003881;8003881%2021-12-16T04:54:00.000Z%,8005947,8000091,8001278,8004521,8000009,8005907,8000534,8000385,8000122,;426
2021-12-16T05:07:00.000Z;Marktbreit;RB;RB 80;80;58102;8003881;8003881%2021-12-16T05:07:00.000Z%,8000818,8002333,8006488,8006582,8000260,;426
2021-12-16T05:49:00.000Z;Marktbreit;RB;RB 80;80;58106;8003881;8003881%2021-12-16T05:49:00.000Z%,8000818,8002333,8006488,8006582,8000260,;426
2021-12-16T05:56:00.000Z;Marktbreit;RB;RB 80;80;58111;8003881;8003881%2021-12-16T05:56:00.000Z%,8005947,8000091,8001278,8004521,8000009,8005907,8000534,8000385,8000122,;426
2021-12-16T06:20:00.000Z;Marktbreit;RB;RB 80;80;58108;8003881;8003881%2021-12-16T06:20:00.000Z%,8000818,8002333,8006488,8006582,8000260,;426
2021-12-16T06:42:00.000Z;Marktbreit;RB;RB 80;80;58110;8003881;8003881%2021-12-16T06:42:00.000Z%,8000818,8002333,8006488,8006582,8000260,;426
2021-12-16T07:03:00.000Z;Marktbreit;RB;RB 80;80;58115;8003881;8003881%2021-12-16T07:03:00.000Z%,8005947,8000091,8001278,8004521,8000009,8005907,8000534,8000385,8000122,;426
2021-12-16T07:24:00.000Z;Marktbreit;RB;RB 80;80;58154;8003881;8003881%2021-12-16T07:24:00.000Z%,8000818,8002333,8006488,8006582,8000260,;426
2021-12-16T07:53:00.000Z;Marktbreit;RB;RB 80;80;58116;8003881;8003881%2021-12-16T07:53:00.000Z%,8000818,8002333,8006488,8006582,8000260,;426
2021-12-16T08:05:00.000Z;Marktbreit;RB;RB 80;80;58117;8003881;8003881%2021-12-16T08:05:00.000Z%,8005947,8000091,8001278,8004521,8000009,8005907,8000534,8000385,8000122,;426
2021-12-16T08:52:00.000Z;Marktbreit;RB;RB 80;80;58118;8003881;8003881%2021-12-16T08:52:00.000Z%,8000818,8002333,8006488,8006582,8000260,;426
2021-12-16T09:03:00.000Z;Marktbreit;RB;RB 80;80;58119;8003881;8003881%2021-12-16T09:03:00.000Z%,8005947,8000091,8001278,8004521,8000009,8005907,8000534,8000385,8000122,;426
2021-12-16T09:51:00.000Z;Marktbreit;RB;RB 80;80;58120;8003881;8003881%2021-12-16T09:51:00.000Z%,8000818,8002333,8006488,8006582,8000260,;426
2021-12-16T10:03:00.000Z;Marktbreit;RB;RB 80;80;58121;8003881;8003881%2021-12-16T10:03:00.000Z%,8005947,8000091,8001278,8004521,8000009,8005907,8000534,8000385,8000122,;426
2021-12-16T10:52:00.000Z;Marktbreit;RB;RB 80;80;58122;8003881;8003881%2021-12-16T10:52:00.000Z%,8000818,8002333,8006488,8006582,8000260,;426
2021-12-16T11:03:00.000Z;Marktbreit;RB;RB 80;80;58123;8003881;8003881%2021-12-16T11:03:00.000Z%,8005947,8000091,8001278,8004521,8000009,8005907,8000534,8000385,8000122,;426
2021-12-16T11:52:00.000Z;Marktbreit;RB;RB 80;80;58124;8003881;8003881%2021-12-16T11:52:00.000Z%,8000818,8002333,8006488,8006582,8000260,;426
2021-12-16T12:05:00.000Z;Marktbreit;RB;RB 80;80;58125;8003881;8003881%2021-12-16T12:05:00.000Z%,8005947,8000091,8001278,8004521,8000009,8005907,8000534,8000385,8000122,;426
2021-12-16T12:21:00.000Z;Marktbreit;RB;RB 80;80;58156;8003881;8003881%2021-12-16T12:21:00.000Z%,8000818,8002333,8006488,8006582,8000260,;426
2021-12-16T12:52:00.000Z;Marktbreit;RB;RB 80;80;58126;8003881;8003881%2021-12-16T12:52:00.000Z%,8000818,8002333,8006488,8006582,8000260,;426
2021-12-16T13:03:00.000Z;Marktbreit;RB;RB 80;80;58127;8003881;8003881%2021-12-16T13:03:00.000Z%,8005947,8000091,8001278,8004521,8000009,8005907,8000534,8000385,8000122,;426
2021-12-16T13:28:00.000Z;Marktbreit;RB;RB 80;80;58158;8003881;8003881%2021-12-16T13:28:00.000Z%,8000818,8002333,8006488,8006582,8000260,;426
2021-12-16T13:51:00.000Z;Marktbreit;RB;RB 80;80;58128;8003881;8003881%2021-12-16T13:51:00.000Z%,8000818,8002333,8006488,8006582,8000260,;426
2021-12-16T14:03:00.000Z;Marktbreit;RB;RB 80;80;58129;8003881;8003881%2021-12-16T14:03:00.000Z%,8005947,8000091,8001278,8004521,8000009,8005907,8000534,8000385,8000122,;426
2021-12-16T14:30:00.000Z;Marktbreit;RB;RB 80;80;58160;8003881;8003881%2021-12-16T14:30:00.000Z%,8000818,8002333,8006488,8006582,8000260,;426
2021-12-16T14:52:00.000Z;Marktbreit;RB;RB 80;80;58132;8003881;8003881%2021-12-16T14:52:00.000Z%,8000818,8002333,8006488,8006582,8000260,;426
2021-12-16T15:03:00.000Z;Marktbreit;RB;RB 80;80;58133;8003881;8003881%2021-12-16T15:03:00.000Z%,8005947,8000091,8001278,8004521,8000009,8005907,8000534,8000385,8000122,;426
2021-12-16T15:30:00.000Z;Marktbreit;RB;RB 80;80;58162;8003881;8003881%2021-12-16T15:30:00.000Z%,8000818,8002333,8006488,8006582,8000260,;426
2021-12-16T15:50:00.000Z;Marktbreit;RB;RB 80;80;58134;8003881;8003881%2021-12-16T15:50:00.000Z%,8000818,8002333,8006488,8006582,8000260,;426
2021-12-16T16:05:00.000Z;Marktbreit;RB;RB 80;80;58135;8003881;8003881%2021-12-16T16:05:00.000Z%,8005947,8000091,8001278,8004521,8000009,8005907,8000534,8000385,8000122,;426
2021-12-16T16:30:00.000Z;Marktbreit;RB;RB 80;80;58164;8003881;8003881%2021-12-16T16:30:00.000Z%,8000818,8002333,8006488,8006582,8000260,;426
2021-12-16T16:52:00.000Z;Marktbreit;RB;RB 80;80;58136;8003881;8003881%2021-12-16T16:52:00.000Z%,8000818,8002333,8006488,8006582,8000260,;426
2021-12-16T17:03:00.000Z;Marktbreit;RB;RB 80;80;58137;8003881;8003881%2021-12-16T17:03:00.000Z%,8005947,8000091,8001278,8004521,8000009,8005907,8000534,8000385,8000122,;426
2021-12-16T17:30:00.000Z;Marktbreit;RB;RB 80;80;58166;8003881;8003881%2021-12-16T17:30:00.000Z%,8000818,8002333,8006488,8006582,8000260,;426
2021-12-16T17:51:00.000Z;Marktbreit;RB;RB 80;80;58138;8003881;8003881%2021-12-16T17:51:00.000Z%,8000818,8002333,8006488,8006582,8000260,;426
2021-12-16T18:03:00.000Z;Marktbreit;RB;RB 80;80;58139;8003881;8003881%2021-12-16T18:03:00.000Z%,8005947,8000091,8001278,8004521,8000009,8005907,8000534,8000385,8000122,;426
2021-12-16T18:52:00.000Z;Marktbreit;RB;RB 80;80;58140;8003881;8003881%2021-12-16T18:52:00.000Z%,8000818,8002333,8006488,8006582,8000260,;426
2021-12-16T19:03:00.000Z;Marktbreit;RB;RB 80;80;58141;8003881;8003881%2021-12-16T19:03:00.000Z%,8005947,8000091,8001278,8004521,8000009,8005907,8000534,8000385,8000122,;426
2021-12-16T19:52:00.000Z;Marktbreit;RB;RB 80;80;58142;8003881;8003881%2021-12-16T19:52:00.000Z%,8000818,8002333,8006488,8006582,8000260,;426
2021-12-16T20:03:00.000Z;Marktbreit;RB;RB 80;80;58143;8003881;8003881%2021-12-16T20:03:00.000Z%,8005947,8000091,8001278,8004521,8000009,8005907,8000534,8000385,8000122,;426
2021-12-15T22:22:00.000Z;Maxhütte-Haidhof;RE;RE 40;40;3577;8003922;8003922%2021-12-15T22:22:00.000Z%,8004987,8000309,;602
2021-12-16T04:30:00.000Z;Maxhütte-Haidhof;RE;RE 43;43;3588;8003922;8003922%2021-12-16T04:30:00.000Z%,8000027,8000566,8005800,8000269,8002793,8003580,8000284,;602
2021-12-16T05:53:00.000Z;Maxhütte-Haidhof;RE;RE 40;40;3543;8003922;8003922%2021-12-16T05:53:00.000Z%,8004987,8000309,;602
2021-12-16T06:48:00.000Z;Maxhütte-Haidhof;RE;RE 40;40;3546;8003922;8003922%2021-12-16T06:48:00.000Z%,8000027,8000566,8005800,8000269,8001929,8002612,8002794,8000284,;602
2021-12-16T07:10:00.000Z;Maxhütte-Haidhof;RE;RE 40;40;3547;8003922;8003922%2021-12-16T07:10:00.000Z%,8004987,8000309,;602
2021-12-16T07:58:00.000Z;Maxhütte-Haidhof;RE;RE 40;40;3548;8003922;8003922%2021-12-16T07:58:00.000Z%,8000027,8000566,8005800,8000269,8001929,8002612,8002794,8000284,;602
2021-12-16T08:09:00.000Z;Maxhütte-Haidhof;RE;RE 40;40;3549;8003922;8003922%2021-12-16T08:09:00.000Z%,8004987,8000309,;602
2021-12-16T08:47:00.000Z;Maxhütte-Haidhof;RE;RE 40;40;3550;8003922;8003922%2021-12-16T08:47:00.000Z%,8000027,8000566,8005800,8000269,8001929,8002612,8002794,8000284,;602
2021-12-16T09:10:00.000Z;Maxhütte-Haidhof;RE;RE 40;40;3551;8003922;8003922%2021-12-16T09:10:00.000Z%,8004987,8000309,;602
2021-12-16T09:48:00.000Z;Maxhütte-Haidhof;RE;RE 40;40;3552;8003922;8003922%2021-12-16T09:48:00.000Z%,8000027,8000566,8005800,8000269,8001929,8002612,8002794,8000284,;602
2021-12-16T10:09:00.000Z;Maxhütte-Haidhof;RE;RE 40;40;3553;8003922;8003922%2021-12-16T10:09:00.000Z%,8004987,8000309,;602
2021-12-16T10:47:00.000Z;Maxhütte-Haidhof;RE;RE 40;40;3554;8003922;8003922%2021-12-16T10:47:00.000Z%,8000027,8000566,8005800,8000269,8001929,8002612,8002794,8000284,;602
2021-12-16T11:10:00.000Z;Maxhütte-Haidhof;RE;RE 40;40;3555;8003922;8003922%2021-12-16T11:10:00.000Z%,8004987,8000309,;602
2021-12-16T11:49:00.000Z;Maxhütte-Haidhof;RE;RE 40;40;3556;8003922;8003922%2021-12-16T11:49:00.000Z%,8000027,8000566,8005800,8000269,8001929,8002612,8002794,8000284,;602
2021-12-16T12:09:00.000Z;Maxhütte-Haidhof;RE;RE 40;40;3557;8003922;8003922%2021-12-16T12:09:00.000Z%,8004987,8000309,;602
2021-12-16T12:49:00.000Z;Maxhütte-Haidhof;RE;RE 40;40;3558;8003922;8003922%2021-12-16T12:49:00.000Z%,8000027,8000566,8005800,8000269,8001929,8002612,8002794,8000284,;602
2021-12-16T13:10:00.000Z;Maxhütte-Haidhof;RE;RE 40;40;3559;8003922;8003922%2021-12-16T13:10:00.000Z%,8004987,8000309,;602
2021-12-16T13:50:00.000Z;Maxhütte-Haidhof;RE;RE 40;40;3560;8003922;8003922%2021-12-16T13:50:00.000Z%,8000027,8000566,8005800,8000269,8001929,8002612,8002794,8000284,;602
2021-12-16T14:47:00.000Z;Maxhütte-Haidhof;RE;RE 40;40;3562;8003922;8003922%2021-12-16T14:47:00.000Z%,8000027,8000566,8005800,8000269,8001929,8002612,8002794,8000284,;602
2021-12-16T15:10:00.000Z;Maxhütte-Haidhof;RE;RE 40;40;3563;8003922;8003922%2021-12-16T15:10:00.000Z%,8004987,8000309,;602
2021-12-16T15:53:00.000Z;Maxhütte-Haidhof;RE;RE 40;40;3564;8003922;8003922%2021-12-16T15:53:00.000Z%,8000027,8000566,8005800,8000269,8001929,8002612,8002794,8000284,;602
2021-12-16T16:10:00.000Z;Maxhütte-Haidhof;RE;RE 40;40;3565;8003922;8003922%2021-12-16T16:10:00.000Z%,8004987,8000309,;602
2021-12-16T17:10:00.000Z;Maxhütte-Haidhof;RE;RE 40;40;3567;8003922;8003922%2021-12-16T17:10:00.000Z%,8004987,8000309,;602
2021-12-16T17:48:00.000Z;Maxhütte-Haidhof;RE;RE 40;40;3568;8003922;8003922%2021-12-16T17:48:00.000Z%,8000027,8000566,8005800,8000269,8001929,8002612,8002794,8000284,;602
2021-12-16T18:10:00.000Z;Maxhütte-Haidhof;RE;RE 40;40;3569;8003922;8003922%2021-12-16T18:10:00.000Z%,8004987,8000309,;602
2021-12-16T18:51:00.000Z;Maxhütte-Haidhof;RE;RE 40;40;3570;8003922;8003922%2021-12-16T18:51:00.000Z%,8000027,8000566,8005800,8000269,8001929,8002612,8002794,8000284,;602
2021-12-16T19:10:00.000Z;Maxhütte-Haidhof;RE;RE 40;40;3571;8003922;8003922%2021-12-16T19:10:00.000Z%,8004987,8000309,;602
2021-12-15T20:48:00.000Z;Mellrichstadt Bf;RB;RB 40;40;80761;8003959;8003959%2021-12-15T20:48:00.000Z%0,8000730,8001290,8004169,8005199,8001620,8004865,8000032,8005479,8005481,;426
2021-12-15T21:06:00.000Z;Mellrichstadt Bf;RB;RB 40;40;80758;8003959;8003959%2021-12-15T21:06:00.000Z%0,8012750,8011183,8013329,8010142,;426
2021-12-15T21:58:00.000Z;Mellrichstadt Bf;RB;RB 40;40;80763;8003959;8003959%2021-12-15T21:58:00.000Z%0,8000730,8001290,8004169,8005199,8001620,8004865,8004453,8000032,;426
2021-12-15T22:15:00.000Z;Mellrichstadt Bf;RB;RB 40;40;80760;8003959;8003959%2021-12-15T22:15:00.000Z%0,8012750,8011183,8013329,8012770,8010230,;426
2021-12-16T03:37:00.000Z;Mellrichstadt Bf;RB;RB 40;40;80723;8003959;8003959%2021-12-16T03:37:00.000Z%,8000730,8001290,8004169,8005199,8001620,8004629,8000714,8001935,8001742,8006380,8002568,8002567,8001435,8004090,8006257,8004013,8002341,8006554,8003329,8000120,;426
2021-12-16T04:06:00.000Z;Mellrichstadt Bf;RB;RB 40;40;80725;8003959;8003959%2021-12-16T04:06:00.000Z%,8000730,8001290,8004169,8005199,8001620,8004865,8004453,8000032,;426
2021-12-16T04:48:00.000Z;Mellrichstadt Bf;RB;RB 40;40;80727;8003959;8003959%2021-12-16T04:48:00.000Z%,8000730,8001290,8004169,8005199,8001620,8004865,8004453,8000032,8005479,8005481,;426
2021-12-16T05:05:00.000Z;Mellrichstadt Bf;RE;RE 7;7;3750;8003959;8003959%2021-12-16T05:05:00.000Z%,8012750,8010142,8010345,8010391,8010137,8010274,8010007,8010242,8010101,;602
2021-12-16T05:23:00.000Z;Mellrichstadt Bf;RE;RE 7;7;3751;8003959;8003959%2021-12-16T05:23:00.000Z%,8000730,8001290,8004169,8005199,8001620,8004865,8004453,8000032,8005198,8000260,;602
2021-12-16T06:07:00.000Z;Mellrichstadt Bf;RB;RB 40;40;80724;8003959;8003959%2021-12-16T06:07:00.000Z%,8012750,8011183,8013329,8012770,8010230,;426
2021-12-16T06:09:00.000Z;Mellrichstadt Bf;RB;RB 40;40;80729;8003959;8003959%2021-12-16T06:09:00.000Z%,8000730,8001290,8004169,8005199,8001620,8004865,8004453,8000032,8005479,8005481,;426
2021-12-16T06:46:00.000Z;Mellrichstadt Bf;RB;RB 40;40;80726;8003959;8003959%2021-12-16T06:46:00.000Z%,8012750,8011183,8013329,8012770,8010230,;426
2021-12-16T06:47:00.000Z;Mellrichstadt Bf;RB;RB 40;40;80731;8003959;8003959%2021-12-16T06:47:00.000Z%,8000730,8001290,8004169,8005199,8001620,8004865,8000032,8005479,8005481,;426
2021-12-16T07:49:00.000Z;Mellrichstadt Bf;RE;RE 7;7;3755;8003959;8003959%2021-12-16T07:49:00.000Z%,8000730,8004169,8001620,8000032,8000260,;602
2021-12-16T08:06:00.000Z;Mellrichstadt Bf;RE;RE 7;7;3752;8003959;8003959%2021-12-16T08:06:00.000Z%,8010142,8010345,8010391,8010274,8010007,8010242,8010101,;602
2021-12-16T08:48:00.000Z;Mellrichstadt Bf;RB;RB 40;40;80735;8003959;8003959%2021-12-16T08:48:00.000Z%,8000730,8001290,8004169,8005199,8001620,8004865,8000032,8005479,8005481,;426
2021-12-16T09:07:00.000Z;Mellrichstadt Bf;RB;RB 40;40;80732;8003959;8003959%2021-12-16T09:07:00.000Z%,8012750,8011183,8013329,8012770,8010230,;426
2021-12-16T09:49:00.000Z;Mellrichstadt Bf;RE;RE 7;7;3757;8003959;8003959%2021-12-16T09:49:00.000Z%,8000730,8004169,8001620,8000032,8000260,;602
2021-12-16T10:06:00.000Z;Mellrichstadt Bf;RE;RE 7;7;3754;8003959;8003959%2021-12-16T10:06:00.000Z%,8010142,8010345,8010391,8010274,8010007,8010242,8010101,;602
2021-12-16T10:48:00.000Z;Mellrichstadt Bf;RB;RB 40;40;80739;8003959;8003959%2021-12-16T10:48:00.000Z%,8000730,8001290,8004169,8005199,8001620,8004865,8000032,8005479,8005481,;426
2021-12-16T11:07:00.000Z;Mellrichstadt Bf;RB;RB 40;40;80736;8003959;8003959%2021-12-16T11:07:00.000Z%,8012750,8011183,8013329,8012770,8010230,;426
2021-12-16T11:49:00.000Z;Mellrichstadt Bf;RE;RE 7;7;3759;8003959;8003959%2021-12-16T11:49:00.000Z%,8000730,8004169,8001620,8000032,8000260,;602
2021-12-16T12:06:00.000Z;Mellrichstadt Bf;RE;RE 7;7;3756;8003959;8003959%2021-12-16T12:06:00.000Z%,8010142,8010345,8010391,8010274,8010007,8010242,8010101,;602
2021-12-16T12:10:00.000Z;Mellrichstadt Bf;RB;RB 40;40;80743;8003959;8003959%2021-12-16T12:10:00.000Z%,8000730,8001290,8004169,8005199,8001620,8004865,8004453,8000032,;426
2021-12-16T12:28:00.000Z;Mellrichstadt Bf;RB;RB 40;40;80740;8003959;8003959%2021-12-16T12:28:00.000Z%,8012750,8011183,8013329,8012770,8010230,;426
2021-12-16T12:48:00.000Z;Mellrichstadt Bf;RB;RB 40;40;80745;8003959;8003959%2021-12-16T12:48:00.000Z%,8000730,8001290,8004169,8005199,8001620,8004865,8000032,8005479,8005481,;426
2021-12-16T13:49:00.000Z;Mellrichstadt Bf;RE;RE 7;7;3761;8003959;8003959%2021-12-16T13:49:00.000Z%,8000730,8004169,8001620,8000032,8000260,;602
2021-12-16T14:06:00.000Z;Mellrichstadt Bf;RE;RE 7;7;3758;8003959;8003959%2021-12-16T14:06:00.000Z%,8010142,8010345,8010391,8010274,8010007,8010242,8010101,;602
2021-12-16T15:03:00.000Z;Mellrichstadt Bf;RB;RB 40;40;80751;8003959;8003959%2021-12-16T15:03:00.000Z%,8000730,8001290,8004169,8005199,8001620,8004865,8004453,8000032,;426
2021-12-16T15:07:00.000Z;Mellrichstadt Bf;RB;RB 40;40;80748;8003959;8003959%2021-12-16T15:07:00.000Z%,8012750,8011183,8013329,8012770,8010230,;426
2021-12-16T15:40:00.000Z;Mellrichstadt Bf;RB;RB 40;40;80753;8003959;8003959%2021-12-16T15:40:00.000Z%,8000730,8001290,8004169,8005199,8001620,8004865,8004453,8000032,8005479,8005481,;426
2021-12-16T15:49:00.000Z;Mellrichstadt Bf;RE;RE 7;7;3763;8003959;8003959%2021-12-16T15:49:00.000Z%,8000730,8004169,8001620,8000032,8000260,;602
2021-12-16T16:06:00.000Z;Mellrichstadt Bf;RE;RE 7;7;3760;8003959;8003959%2021-12-16T16:06:00.000Z%,8010142,8010345,8010391,8010274,8010007,8010242,8010101,;602
2021-12-16T16:48:00.000Z;Mellrichstadt Bf;RB;RB 40;40;80755;8003959;8003959%2021-12-16T16:48:00.000Z%,8000730,8001290,8004169,8005199,8001620,8004865,8000032,8005479,8005481,;426
2021-12-16T17:07:00.000Z;Mellrichstadt Bf;RB;RB 40;40;80752;8003959;8003959%2021-12-16T17:07:00.000Z%,8012750,8011183,8013329,8012770,8010230,;426
2021-12-16T17:49:00.000Z;Mellrichstadt Bf;RE;RE 7;7;3765;8003959;8003959%2021-12-16T17:49:00.000Z%,8000730,8004169,8001620,8000032,8000260,;602
2021-12-16T18:06:00.000Z;Mellrichstadt Bf;RE;RE 7;7;3762;8003959;8003959%2021-12-16T18:06:00.000Z%,8010142,8010345,8010391,8010274,8010007,8010242,8010101,;602
2021-12-16T18:48:00.000Z;Mellrichstadt Bf;RB;RB 40;40;80759;8003959;8003959%2021-12-16T18:48:00.000Z%,8000730,8001290,8004169,8005199,8001620,8004865,8000032,8005479,8005481,;426
2021-12-16T19:07:00.000Z;Mellrichstadt Bf;RB;RB 40;40;80756;8003959;8003959%2021-12-16T19:07:00.000Z%,8012750,8011183,8013329,8012770,8010230,;426
2021-12-16T19:49:00.000Z;Mellrichstadt Bf;RE;RE 7;7;3767;8003959;8003959%2021-12-16T19:49:00.000Z%,8000730,8004169,8001620,8000032,;602
2021-12-16T20:06:00.000Z;Mellrichstadt Bf;RE;RE 7;7;3764;8003959;8003959%2021-12-16T20:06:00.000Z%,8012750,8010142,8010345,8010391,8010137,8010274,8010007,8010242,8010101,;602
2021-12-15T20:33:00.000Z;Mering-St Afra;RE;RE 9;9;57068;8004008;8004008%2021-12-15T20:33:00.000Z%0,8003299,8000661,8000658,8000013,8000662,8004318,8006378,8001439,8002263,8003483,8001468,8002074,8003123,8001276,8004030,8004654,8000139,8003627,8004239,8006730,8000170,;602
2021-12-15T20:33:00.000Z;Mering-St Afra;RE;RE 87;87;57168;8004008;8004008%2021-12-15T20:33:00.000Z%0,8003299,8000661,8000658,8000013,8000662,8002256,8002162,8003560,8002761,8003952,8006363,8004451,8003989,8000778,8000078,8004731,8000122,;602
2021-12-15T20:53:00.000Z;Mering-St Afra;RE;RE 8;8;57067;8004008;8004008%2021-12-15T20:56:00.000Z%3,8003982,8000545,8002623,8004204,8004158,8000261,;602
2021-12-15T20:53:00.000Z;Mering-St Afra;RE;RE 9;9;57167;8004008;8004008%2021-12-15T20:56:00.000Z%3,8003982,8000545,8002623,8004204,8004158,8000261,;602
2021-12-15T21:33:00.000Z;Mering-St Afra;RE;RE 9;9;57070;8004008;8004008%2021-12-15T21:33:00.000Z%,8003299,8000661,8000658,8000013,8000662,8004318,8006378,8001439,8002263,8003483,8001468,8002074,8003123,8001276,8004030,8004654,8000139,8003627,8004239,8006730,8000170,;602
2021-12-15T21:33:00.000Z;Mering-St Afra;RE;RE 87;87;57170;8004008;8004008%2021-12-15T21:33:00.000Z%,8003299,8000661,8000658,8000013,8000662,8002256,8002162,8003560,8002761,8003952,8006363,8004451,8003989,8000778,8000078,;602
2021-12-15T21:53:00.000Z;Mering-St Afra;RB;RB RE 9;RE 9;57169;8004008;8004008%2021-12-15T21:53:00.000Z%,8003982,8004158,8000261,;426
2021-12-15T22:33:00.000Z;Mering-St Afra;RE;RE 9;9;57072;8004008;8004008%2021-12-15T22:33:00.000Z%,8003299,8000661,8000658,8000013,8000662,8004318,8006378,8001439,8002263,8003483,8001468,8002074,8003123,8001276,8004030,8004654,8000139,8003627,8004239,8006730,8000170,;602
2021-12-15T22:33:00.000Z;Mering-St Afra;RE;RE 87;87;57172;8004008;8004008%2021-12-15T22:33:00.000Z%,8003299,8000661,8000658,8000013,8000662,8002256,8002162,8003560,8002761,8003952,8006363,8004451,8003989,8000778,8000078,;602
2021-12-15T22:55:00.000Z;Mering-St Afra;RE;RE 9;9;57071;8004008;8004008%2021-12-15T22:55:00.000Z%,8003982,8000545,8002623,8004204,8004158,8000261,;602
2021-12-15T23:42:00.000Z;Mering-St Afra;RE;RE 9;9;57150;8004008;8004008%2021-12-15T23:42:00.000Z%,8003299,8000661,8000658,8000013,;602
2021-12-16T03:49:00.000Z;Mering-St Afra;RE;RE 9;9;57001;8004008;8004008%2021-12-16T03:49:00.000Z%,8003982,8004158,8000261,;602
2021-12-16T03:59:00.000Z;Mering-St Afra;RE;RE 9;9;57002;8004008;8004008%2021-12-16T03:59:00.000Z%,8003299,8000661,8000658,8000013,8000662,8004318,8006378,8001439,8002263,8003483,8001468,8002074,8003123,8001276,8004030,8004654,8000139,8003627,8004239,8006730,8000170,;602
2021-12-16T04:15:00.000Z;Mering-St Afra;RB;RB 87;87;57003;8004008;8004008%2021-12-16T04:15:00.000Z%,8003982,8000545,8002623,8004204,8004158,8000261,;426
2021-12-16T04:15:00.000Z;Mering-St Afra;RB;RB 86;86;57103;8004008;8004008%2021-12-16T04:15:00.000Z%,8003982,8000545,8002623,8004204,8004158,8000261,;426
2021-12-16T04:26:00.000Z;Mering-St Afra;RE;RE 9;9;57004;8004008;8004008%2021-12-16T04:26:00.000Z%,8003299,8000661,8000658,8000013,8000662,8004318,8006378,8001439,8002263,8003483,8001468,8003123,8001276,8004030,8004654,8000139,8003627,8004239,8006730,8000170,;602
2021-12-16T04:53:00.000Z;Mering-St Afra;RB;RB 87;87;57005;8004008;8004008%2021-12-16T04:53:00.000Z%,8003982,8004158,8000261,;426
2021-12-16T04:53:00.000Z;Mering-St Afra;RB;RB 86;86;57105;8004008;8004008%2021-12-16T04:53:00.000Z%,8003982,8004158,8000261,;426
2021-12-16T05:04:00.000Z;Mering-St Afra;RE;RE 9;9;57006;8004008;8004008%2021-12-16T05:04:00.000Z%,8003299,8000661,8000658,8000013,8000662,8004318,8006378,8001439,8002263,8003483,8001468,8002074,8003123,8001276,8004030,8004654,8000139,8003627,8004239,8006730,8000170,;602
2021-12-16T05:04:00.000Z;Mering-St Afra;RE;RE 8;8;57106;8004008;8004008%2021-12-16T05:04:00.000Z%,8003299,8000661,8000658,8000013,8000662,8003952,8004451,8003989,8000078,8004731,8000122,;602
2021-12-16T05:19:00.000Z;Mering-St Afra;RE;RE 9;9;57007;8004008;8004008%2021-12-16T05:19:00.000Z%,8003982,8004158,8000261,;602
2021-12-16T05:32:00.000Z;Mering-St Afra;RB;RB 87;87;57093;8004008;8004008%2021-12-16T05:32:00.000Z%,8003982,8004158,8000261,;426
2021-12-16T05:33:00.000Z;Mering-St Afra;RB;RB 87;87;57008;8004008;8004008%2021-12-16T05:33:00.000Z%,8003299,8000661,8000658,8000013,8000662,8002256,8002162,8003560,8002761,8003952,8006363,8004451,8003989,8000778,8000078,;426
2021-12-16T05:45:00.000Z;Mering-St Afra;RE;RE 9;9;57317;8004008;8004008%2021-12-16T05:45:00.000Z%,8003982,8004158,8000261,;602
2021-12-16T05:53:00.000Z;Mering-St Afra;RE;RE 9;9;57009;8004008;8004008%2021-12-16T05:53:00.000Z%,8003982,8004158,8000261,;602
2021-12-16T06:04:00.000Z;Mering-St Afra;RB;RB 86;86;57095;8004008;8004008%2021-12-16T06:04:00.000Z%,8003982,8004158,8000261,;426
2021-12-16T06:05:00.000Z;Mering-St Afra;RE;RE 9;9;57010;8004008;8004008%2021-12-16T06:05:00.000Z%,8003299,8000661,8000658,8000013,8000662,8004318,8006378,8001439,8002263,8003483,8001468,8002074,8003123,8001276,8004030,8004654,8000139,8003627,8004239,8006730,8000170,;602
2021-12-16T06:18:00.000Z;Mering-St Afra;RB;RB 87;87;57011;8004008;8004008%2021-12-16T06:18:00.000Z%,8003982,8000545,8002623,8004204,8004158,8000261,;426
2021-12-16T06:18:00.000Z;Mering-St Afra;RB;RB RE 9;RE 9;57111;8004008;8004008%2021-12-16T06:18:00.000Z%,8003982,8000545,8002623,8004204,8004158,8000261,;426
2021-12-16T06:33:00.000Z;Mering-St Afra;RB;RB 86;86;57012;8004008;8004008%2021-12-16T06:33:00.000Z%,8003299,8000661,8000658,8000013,8000662,8004318,8006378,8001439,8002263,8003483,8001468,;426
2021-12-16T06:33:00.000Z;Mering-St Afra;RB;RB 87;87;57112;8004008;8004008%2021-12-16T06:33:00.000Z%,8003299,8000661,8000658,8000013,8000662,8002256,8002162,8003560,8002761,8003952,8006363,8004451,8003989,8000778,8000078,;426
2021-12-16T06:53:00.000Z;Mering-St Afra;RE;RE 8;8;57013;8004008;8004008%2021-12-16T06:53:00.000Z%,8003982,8004158,8000261,;602
2021-12-16T06:53:00.000Z;Mering-St Afra;RE;RE 9;9;57113;8004008;8004008%2021-12-16T06:53:00.000Z%,8003982,8004158,8000261,;602
2021-12-16T06:53:00.000Z;Mering-St Afra;RE;RE 87;87;57205;8004008;8004008%2021-12-16T06:53:00.000Z%,8003982,8004158,8000261,;602
2021-12-16T07:04:00.000Z;Mering-St Afra;RE;RE 9;9;57014;8004008;8004008%2021-12-16T07:04:00.000Z%,8003299,8000661,8000658,8000013,8000662,8004318,8006378,8001439,8002263,8003483,8001468,8002074,8003123,8001276,8004030,8004654,8000139,8003627,8004239,8006730,8000170,;602
2021-12-16T07:04:00.000Z;Mering-St Afra;RE;RE 8;8;57114;8004008;8004008%2021-12-16T07:04:00.000Z%,8003299,8000661,8000658,8000013,8000662,8003952,8004451,8003989,8000078,8004731,8000122,;602
2021-12-16T07:20:00.000Z;Mering-St Afra;RB;RB 87;87;57015;8004008;8004008%2021-12-16T07:20:00.000Z%,8003982,8000545,8002623,8004204,8004158,8000261,;426
2021-12-16T07:32:00.000Z;Mering-St Afra;RB;RB 86;86;57016;8004008;8004008%2021-12-16T07:32:00.000Z%,8003299,8000661,8000658,8000013,8000662,8004318,8006378,8001439,8002263,8003483,8001468,;426
2021-12-16T07:32:00.000Z;Mering-St Afra;RB;RB 87;87;57116;8004008;8004008%2021-12-16T07:32:00.000Z%,8003299,8000661,8000658,8000013,8000662,8002256,8002162,8003560,8002761,8003952,8006363,8004451,8003989,8000778,8000078,;426
2021-12-16T07:53:00.000Z;Mering-St Afra;RE;RE 9;9;57017;8004008;8004008%2021-12-16T07:53:00.000Z%,8003982,8004158,8000261,;602
2021-12-16T08:03:00.000Z;Mering-St Afra;RE;RE 9;9;57018;8004008;8004008%2021-12-16T08:03:00.000Z%,8003299,8000661,8000658,8000013,8000662,8004318,8006378,8001439,8002263,8003483,8001468,8002074,8003123,8001276,8004030,8004654,8000139,8003627,8004239,8006730,8000170,;602
2021-12-16T08:19:00.000Z;Mering-St Afra;RB;RB 87;87;57019;8004008;8004008%2021-12-16T08:19:00.000Z%,8003982,8000545,8002623,8004204,8004158,8000261,;426
2021-12-16T08:19:00.000Z;Mering-St Afra;RB;RB 86;86;57119;8004008;8004008%2021-12-16T08:19:00.000Z%,8003982,8000545,8002623,8004204,8004158,8000261,;426
2021-12-16T08:33:00.000Z;Mering-St Afra;RB;RB 86;86;57020;8004008;8004008%2021-12-16T08:33:00.000Z%,8003299,8000661,8000658,8000013,8000662,8004318,8006378,8001439,8002263,8003483,8001468,;426
2021-12-16T08:33:00.000Z;Mering-St Afra;RB;RB 87;87;57120;8004008;8004008%2021-12-16T08:33:00.000Z%,8003299,8000661,8000658,8000013,8000662,8002256,8002162,8003560,8002761,8003952,8006363,8004451,8003989,8000778,8000078,;426
2021-12-16T08:53:00.000Z;Mering-St Afra;RE;RE 9;9;57121;8004008;8004008%2021-12-16T08:53:00.000Z%,8003982,8004158,8000261,;602
2021-12-16T08:53:00.000Z;Mering-St Afra;RE;RE 8;8;57021;8004008;8004008%2021-12-16T08:53:00.000Z%,8003982,8004158,8000261,;602
2021-12-16T09:05:00.000Z;Mering-St Afra;RE;RE 9;9;57022;8004008;8004008%2021-12-16T09:05:00.000Z%,8003299,8000661,8000658,8000013,8000662,8004318,8006378,8001439,8002263,8003483,8001468,8002074,8003123,8001276,8004030,8004654,8000139,8003627,8004239,8006730,8000170,;602
2021-12-16T09:05:00.000Z;Mering-St Afra;RE;RE 8;8;57122;8004008;8004008%2021-12-16T09:05:00.000Z%,8003299,8000661,8000658,8000013,8000662,8003952,8004451,8003989,8000078,8004731,8000122,;602
2021-12-16T09:19:00.000Z;Mering-St Afra;RB;RB 87;87;57023;8004008;8004008%2021-12-16T09:19:00.000Z%,8003982,8004158,8000261,;426
2021-12-16T09:19:00.000Z;Mering-St Afra;RB;RB 86;86;57123;8004008;8004008%2021-12-16T09:19:00.000Z%,8003982,8004158,8000261,;426
2021-12-16T09:32:00.000Z;Mering-St Afra;RB;RB 86;86;57024;8004008;8004008%2021-12-16T09:32:00.000Z%,8003299,8000661,8000658,8000013,8000662,8004318,8006378,8001439,8002263,8003483,8001468,;426
2021-12-16T09:32:00.000Z;Mering-St Afra;RB;RB 87;87;57124;8004008;8004008%2021-12-16T09:32:00.000Z%,8003299,8000661,8000658,8000013,8000662,8002256,8002162,8003560,8002761,8003952,8006363,8004451,8003989,8000778,8000078,;426
2021-12-16T09:53:00.000Z;Mering-St Afra;RE;RE 9;9;57025;8004008;8004008%2021-12-16T09:53:00.000Z%,8003982,8004158,8000261,;602
2021-12-16T10:04:00.000Z;Mering-St Afra;RE;RE 9;9;57026;8004008;8004008%2021-12-16T10:04:00.000Z%,8003299,8000661,8000658,8000013,8000662,8004318,8006378,8001439,8002263,8003483,8001468,8002074,8003123,8001276,8004030,8004654,8000139,8003627,8004239,8006730,8000170,;602
2021-12-16T10:19:00.000Z;Mering-St Afra;RB;RB 87;87;57027;8004008;8004008%2021-12-16T10:19:00.000Z%,8003982,8000545,8002623,8004204,8004158,8000261,;426
2021-12-16T10:19:00.000Z;Mering-St Afra;RB;RB 86;86;57127;8004008;8004008%2021-12-16T10:19:00.000Z%,8003982,8000545,8002623,8004204,8004158,8000261,;426
2021-12-16T10:33:00.000Z;Mering-St Afra;RB;RB 86;86;57028;8004008;8004008%2021-12-16T10:33:00.000Z%,8003299,8000661,8000658,8000013,8000662,8004318,8006378,8001439,8002263,8003483,8001468,;426
2021-12-16T10:33:00.000Z;Mering-St Afra;RB;RB 87;87;57128;8004008;8004008%2021-12-16T10:33:00.000Z%,8003299,8000661,8000658,8000013,8000662,8002256,8002162,8003560,8002761,8003952,8006363,8004451,8003989,8000778,8000078,;426
2021-12-16T10:53:00.000Z;Mering-St Afra;RE;RE 8;8;57029;8004008;8004008%2021-12-16T10:53:00.000Z%,8003982,8004158,8000261,;602
2021-12-16T10:53:00.000Z;Mering-St Afra;RE;RE 9;9;57129;8004008;8004008%2021-12-16T10:53:00.000Z%,8003982,8004158,8000261,;602
2021-12-16T11:04:00.000Z;Mering-St Afra;RE;RE 9;9;57030;8004008;8004008%2021-12-16T11:04:00.000Z%,8003299,8000661,8000658,8000013,8000662,8004318,8006378,8001439,8002263,8003483,8001468,8002074,8003123,8001276,8004030,8004654,8000139,8003627,8004239,8006730,8000170,;602
2021-12-16T11:04:00.000Z;Mering-St Afra;RE;RE 8;8;57130;8004008;8004008%2021-12-16T11:04:00.000Z%,8003299,8000661,8000658,8000013,8000662,8003952,8004451,8003989,8000078,8004731,8000122,;602
2021-12-16T11:19:00.000Z;Mering-St Afra;RB;RB 87;87;57031;8004008;8004008%2021-12-16T11:19:00.000Z%,8003982,8004158,8000261,;426
2021-12-16T11:19:00.000Z;Mering-St Afra;RB;RB 86;86;57131;8004008;8004008%2021-12-16T11:19:00.000Z%,8003982,8004158,8000261,;426
2021-12-16T11:32:00.000Z;Mering-St Afra;RB;RB 86;86;57032;8004008;8004008%2021-12-16T11:32:00.000Z%,8003299,8000661,8000658,8000013,8000662,8004318,8006378,8001439,8002263,8003483,8001468,;426
2021-12-16T11:32:00.000Z;Mering-St Afra;RB;RB 87;87;57132;8004008;8004008%2021-12-16T11:32:00.000Z%,8003299,8000661,8000658,8000013,8000662,8002256,8002162,8003560,8002761,8003952,8006363,8004451,8003989,8000778,8000078,;426
2021-12-16T11:53:00.000Z;Mering-St Afra;RE;RE 9;9;57033;8004008;8004008%2021-12-16T11:53:00.000Z%,8003982,8004158,8000261,;602
2021-12-16T12:04:00.000Z;Mering-St Afra;RE;RE 9;9;57034;8004008;8004008%2021-12-16T12:04:00.000Z%,8003299,8000661,8000658,8000013,8000662,8004318,8006378,8001439,8002263,8003483,8001468,8002074,8003123,8001276,8004030,8004654,8000139,8003627,8004239,8006730,8000170,;602
2021-12-16T12:19:00.000Z;Mering-St Afra;RB;RB 87;87;57035;8004008;8004008%2021-12-16T12:19:00.000Z%,8003982,8000545,8002623,8004204,8004158,8000261,;426
2021-12-16T12:19:00.000Z;Mering-St Afra;RB;RB 86;86;57135;8004008;8004008%2021-12-16T12:19:00.000Z%,8003982,8000545,8002623,8004204,8004158,8000261,;426
2021-12-16T12:33:00.000Z;Mering-St Afra;RB;RB 86;86;57036;8004008;8004008%2021-12-16T12:33:00.000Z%,8003299,8000661,8000658,8000013,8000662,8004318,8006378,8001439,8002263,8003483,8001468,;426
2021-12-16T12:33:00.000Z;Mering-St Afra;RB;RB 87;87;57136;8004008;8004008%2021-12-16T12:33:00.000Z%,8003299,8000661,8000658,8000013,8000662,8002256,8002162,8003560,8002761,8003952,8006363,8004451,8003989,8000778,8000078,;426
2021-12-16T12:53:00.000Z;Mering-St Afra;RE;RE 8;8;57037;8004008;8004008%2021-12-16T12:53:00.000Z%,8003982,8004158,8000261,;602
2021-12-16T12:53:00.000Z;Mering-St Afra;RE;RE 9;9;57137;8004008;8004008%2021-12-16T12:53:00.000Z%,8003982,8004158,8000261,;602
2021-12-16T13:04:00.000Z;Mering-St Afra;RE;RE 9;9;57038;8004008;8004008%2021-12-16T13:04:00.000Z%,8003299,8000661,8000658,8000013,8000662,8004318,8006378,8001439,8002263,8003483,8001468,8002074,8003123,8001276,8004030,8004654,8000139,8003627,8004239,8006730,8000170,;602
2021-12-16T13:04:00.000Z;Mering-St Afra;RE;RE 8;8;57138;8004008;8004008%2021-12-16T13:04:00.000Z%,8003299,8000661,8000658,8000013,8000662,8003952,8004451,8003989,8000078,8004731,8000122,;602
2021-12-16T13:19:00.000Z;Mering-St Afra;RB;RB 87;87;57039;8004008;8004008%2021-12-16T13:19:00.000Z%,8003982,8004158,8000261,;426
2021-12-16T13:19:00.000Z;Mering-St Afra;RB;RB 86;86;57139;8004008;8004008%2021-12-16T13:19:00.000Z%,8003982,8004158,8000261,;426
2021-12-16T13:32:00.000Z;Mering-St Afra;RB;RB 86;86;57040;8004008;8004008%2021-12-16T13:32:00.000Z%,8003299,8000661,8000658,8000013,8000662,8004318,8006378,8001439,8002263,8003483,8001468,;426
2021-12-16T13:32:00.000Z;Mering-St Afra;RB;RB 87;87;57140;8004008;8004008%2021-12-16T13:32:00.000Z%,8003299,8000661,8000658,8000013,8000662,8002256,8002162,8003560,8002761,8003952,8006363,8004451,8003989,8000778,8000078,;426
2021-12-16T13:53:00.000Z;Mering-St Afra;RE;RE 9;9;57041;8004008;8004008%2021-12-16T13:53:00.000Z%,8003982,8004158,8000261,;602
2021-12-16T14:04:00.000Z;Mering-St Afra;RE;RE 9;9;57042;8004008;8004008%2021-12-16T14:04:00.000Z%,8003299,8000661,8000658,8000013,8000662,8004318,8006378,8001439,8002263,8003483,8001468,8002074,8003123,8001276,8004030,8004654,8000139,8003627,8004239,8006730,8000170,;602
2021-12-16T14:19:00.000Z;Mering-St Afra;RB;RB 87;87;57043;8004008;8004008%2021-12-16T14:19:00.000Z%,8003982,8000545,8002623,8004204,8004158,8000261,;426
2021-12-16T14:19:00.000Z;Mering-St Afra;RB;RB 86;86;57143;8004008;8004008%2021-12-16T14:19:00.000Z%,8003982,8000545,8002623,8004204,8004158,8000261,;426
2021-12-16T14:34:00.000Z;Mering-St Afra;RB;RB 86;86;57044;8004008;8004008%2021-12-16T14:34:00.000Z%,8003299,8000661,8000658,8000013,8000662,8004318,8006378,8001439,8002263,8003483,8001468,;426
2021-12-16T14:34:00.000Z;Mering-St Afra;RB;RB 87;87;57144;8004008;8004008%2021-12-16T14:34:00.000Z%,8003299,8000661,8000658,8000013,8000662,8002256,8002162,8003560,8002761,8003952,8006363,8004451,8003989,8000778,8000078,;426
2021-12-16T14:53:00.000Z;Mering-St Afra;RE;RE 8;8;57045;8004008;8004008%2021-12-16T14:53:00.000Z%,8003982,8004158,8000261,;602
2021-12-16T14:53:00.000Z;Mering-St Afra;RE;RE 9;9;57145;8004008;8004008%2021-12-16T14:53:00.000Z%,8003982,8004158,8000261,;602
2021-12-16T15:04:00.000Z;Mering-St Afra;RE;RE 9;9;57046;8004008;8004008%2021-12-16T15:04:00.000Z%,8003299,8000661,8000658,8000013,8000662,8004318,8006378,8001439,8002263,8003483,8001468,8002074,8003123,8001276,8004030,8004654,8000139,8003627,8004239,8006730,8000170,;602
2021-12-16T15:04:00.000Z;Mering-St Afra;RE;RE 8;8;57146;8004008;8004008%2021-12-16T15:04:00.000Z%,8003299,8000661,8000658,8000013,8000662,8003952,8004451,8003989,8000078,8004731,8000122,;602
2021-12-16T15:20:00.000Z;Mering-St Afra;RB;RB 87;87;57047;8004008;8004008%2021-12-16T15:20:00.000Z%,8003982,8004158,8000261,;426
2021-12-16T15:20:00.000Z;Mering-St Afra;RB;RB 86;86;57147;8004008;8004008%2021-12-16T15:20:00.000Z%,8003982,8004158,8000261,;426
2021-12-16T15:32:00.000Z;Mering-St Afra;RB;RB 86;86;57048;8004008;8004008%2021-12-16T15:32:00.000Z%,8003299,8000661,8000658,8000013,8000662,8004318,8006378,8001439,8002263,8003483,8001468,;426
2021-12-16T15:53:00.000Z;Mering-St Afra;RE;RE 9;9;57049;8004008;8004008%2021-12-16T15:53:00.000Z%,8003982,8004158,8000261,;602
2021-12-16T16:04:00.000Z;Mering-St Afra;RE;RE 9;9;57050;8004008;8004008%2021-12-16T16:04:00.000Z%,8003299,8000661,8000658,8000013,8000662,8004318,8006378,8001439,8002263,8003483,8001468,8002074,8003123,8001276,8004030,8004654,8000139,8003627,8004239,8006730,8000170,;602
2021-12-16T16:15:00.000Z;Mering-St Afra;RB;RB 87;87;57092;8004008;8004008%2021-12-16T16:15:00.000Z%,8003299,8000661,8000658,8000013,8000662,8002256,8002162,8003560,8002761,8003952,8006363,8004451,8003989,8000778,8000078,;426
2021-12-16T16:19:00.000Z;Mering-St Afra;RB;RB 87;87;57051;8004008;8004008%2021-12-16T16:19:00.000Z%,8003982,8004158,8000261,;426
2021-12-16T16:19:00.000Z;Mering-St Afra;RB;RB 86;86;57151;8004008;8004008%2021-12-16T16:19:00.000Z%,8003982,8004158,8000261,;426
2021-12-16T16:33:00.000Z;Mering-St Afra;RB;RB 86;86;57052;8004008;8004008%2021-12-16T16:33:00.000Z%,8003299,8000661,8000658,8000013,8000662,8004318,8006378,8001439,8002263,8003483,8001468,;426
2021-12-16T16:33:00.000Z;Mering-St Afra;RB;RB 87;87;57152;8004008;8004008%2021-12-16T16:33:00.000Z%,8003299,8000661,8000658,8000013,8000662,8002256,8002162,8003560,8002761,8003952,8006363,8004451,8003989,8000778,8000078,8006533,8001628,8002593,8002994,8004071,8000280,;426
2021-12-16T16:53:00.000Z;Mering-St Afra;RE;RE 8;8;57053;8004008;8004008%2021-12-16T16:53:00.000Z%,8003982,8004158,8000261,;602
2021-12-16T16:53:00.000Z;Mering-St Afra;RE;RE 9;9;57153;8004008;8004008%2021-12-16T16:53:00.000Z%,8003982,8004158,8000261,;602
2021-12-16T16:53:00.000Z;Mering-St Afra;RE;RE 87;87;57281;8004008;8004008%2021-12-16T16:53:00.000Z%,8003982,8004158,8000261,;602
2021-12-16T17:04:00.000Z;Mering-St Afra;RE;RE 9;9;57054;8004008;8004008%2021-12-16T17:04:00.000Z%,8003299,8000661,8000658,8000013,8000662,8004318,8006378,8001439,8002263,8003483,8001468,8002074,8003123,8001276,8004030,8004654,8000139,8003627,8004239,8006730,8000170,;602
2021-12-16T17:04:00.000Z;Mering-St Afra;RE;RE 8;8;57154;8004008;8004008%2021-12-16T17:04:00.000Z%,8003299,8000661,8000658,8000013,8000662,8003952,8004451,8003989,8000078,8004731,8000122,;602
2021-12-16T17:04:00.000Z;Mering-St Afra;RE;RE 89;89;57232;8004008;8004008%2021-12-16T17:04:00.000Z%,8003299,8000661,8000658,8000013,8000662,8003952,8004451,8003989,8000078,8006533,8001628,8002593,8002994,8004071,8000280,8004796,8005908,8001090,8000655,8003569,8006376,8000380,8006217,8000002,;602
2021-12-16T17:19:00.000Z;Mering-St Afra;RB;RB 86;86;57155;8004008;8004008%2021-12-16T17:19:00.000Z%,8003982,8004158,8000261,;426
2021-12-16T17:35:00.000Z;Mering-St Afra;RB;RB 86;86;57056;8004008;8004008%2021-12-16T17:35:00.000Z%,8003299,8000661,8000658,8000013,8000662,8004318,8006378,8001439,8002263,8003483,8001468,;426
2021-12-16T17:35:00.000Z;Mering-St Afra;RB;RB 87;87;57156;8004008;8004008%2021-12-16T17:35:00.000Z%,8003299,8000661,8000658,8000013,8000662,8002256,8002162,8003560,8002761,8003952,8006363,8004451,8003989,8000778,8000078,;426
2021-12-16T17:46:00.000Z;Mering-St Afra;RB;RB 86;86;57098;8004008;8004008%2021-12-16T17:46:00.000Z%,8000661,8000658,8000013,8000662,8004318,8006378,8001439,8002263,;426
2021-12-16T17:53:00.000Z;Mering-St Afra;RE;RE 9;9;57057;8004008;8004008%2021-12-16T17:53:00.000Z%,8003982,8004158,8000261,;602
2021-12-15T20:54:00.000Z;Mühlheim(b Tuttlingen);RE;RE 55;55;3235;8004111;8004111%2021-12-15T20:55:00.000Z%1,8002096,8000933,8000069,8003969,8000160,8005087,8004182,8001684,8000499,8005333,8001013,8002789,8001015,8000170,;602
2021-12-15T21:07:00.000Z;Mühlheim(b Tuttlingen);RE;RE 55;55;22862;8004111;8004111%2021-12-15T21:08:00.000Z%1,8000163,8000182,8002214,8000077,8001485,8001482,8001483,8003336,8003339,8003854,8000366,;602
2021-12-16T04:43:00.000Z;Mühlheim(b Tuttlingen);RE;RE 55;55;22985;8004111;8004111%2021-12-16T04:43:00.000Z%,8002096,8000933,8000069,;602
2021-12-16T07:51:00.000Z;Mühlheim(b Tuttlingen);RE;RE 55;55;3211;8004111;8004111%2021-12-16T07:51:00.000Z%,8002096,8000933,8002656,8000069,8003969,8000160,8005087,8004182,8001684,8005333,8001013,8000170,;602
2021-12-16T08:51:00.000Z;Mühlheim(b Tuttlingen);RE;RE 55;55;3213;8004111;8004111%2021-12-16T08:51:00.000Z%,8002096,8000933,8002656,8000069,8005568,8003969,8000160,8005087,8004968,8004182,8001684,8005333,8001013,8000170,;602
2021-12-16T09:05:00.000Z;Mühlheim(b Tuttlingen);RE;RE 55;55;3206;8004111;8004111%2021-12-16T09:05:00.000Z%,8000163,8000182,8002214,8000077,;602
2021-12-16T10:05:00.000Z;Mühlheim(b Tuttlingen);RE;RE 55;55;3208;8004111;8004111%2021-12-16T10:05:00.000Z%,8000163,8000182,8002214,8000077,;602
2021-12-16T10:51:00.000Z;Mühlheim(b Tuttlingen);RE;RE 55;55;3217;8004111;8004111%2021-12-16T10:51:00.000Z%,8002096,8000933,8000069,8005568,8003969,8000160,8005087,8004182,8001684,8005333,8001013,8000170,;602
2021-12-16T11:05:00.000Z;Mühlheim(b Tuttlingen);RE;RE 55;55;3210;8004111;8004111%2021-12-16T11:05:00.000Z%,8000163,8000182,8002214,8000077,;602
2021-12-16T12:51:00.000Z;Mühlheim(b Tuttlingen);RE;RE 55;55;3221;8004111;8004111%2021-12-16T12:51:00.000Z%,8002096,8000933,8002656,8000069,8005568,8003969,8000160,8005087,8004968,8004182,8001684,8005333,8001013,8000170,;602
2021-12-16T13:05:00.000Z;Mühlheim(b Tuttlingen);RE;RE 55;55;3214;8004111;8004111%2021-12-16T13:05:00.000Z%,8000163,8000182,8002214,8000077,;602
2021-12-16T13:51:00.000Z;Mühlheim(b Tuttlingen);RE;RE 55;55;3223;8004111;8004111%2021-12-16T13:51:00.000Z%,8002096,8000933,8000069,8003969,8000160,8005087,8004182,8001684,8005333,8001013,8000170,;602
2021-12-16T14:05:00.000Z;Mühlheim(b Tuttlingen);RE;RE 55;55;3216;8004111;8004111%2021-12-16T14:05:00.000Z%,8000163,8000182,8002214,8000077,;602
2021-12-16T14:51:00.000Z;Mühlheim(b Tuttlingen);RE;RE 55;55;3225;8004111;8004111%2021-12-16T14:51:00.000Z%,8002096,8000933,8000069,8005568,8003969,8000160,8005087,8004182,8001684,8005333,8001013,8000170,;602
2021-12-16T15:05:00.000Z;Mühlheim(b Tuttlingen);RE;RE 55;55;3218;8004111;8004111%2021-12-16T15:05:00.000Z%,8000163,8000182,8002214,8000077,;602
2021-12-16T15:50:00.000Z;Mühlheim(b Tuttlingen);RE;RE 55;55;3227;8004111;8004111%2021-12-16T15:50:00.000Z%,8002096,8000933,8002656,8000069,8003969,8000160,8005087,8004182,8001684,8005333,8001013,8000170,;602
2021-12-16T16:05:00.000Z;Mühlheim(b Tuttlingen);RE;RE 55;55;3220;8004111;8004111%2021-12-16T16:05:00.000Z%,8000163,8000182,8002214,8000077,;602
2021-12-16T16:51:00.000Z;Mühlheim(b Tuttlingen);RE;RE 55;55;3229;8004111;8004111%2021-12-16T16:51:00.000Z%,8002096,8000933,8000069,8005568,8003969,8000160,8005087,8004968,8004182,8001684,8005333,8001013,8000170,;602
2021-12-16T17:05:00.000Z;Mühlheim(b Tuttlingen);RE;RE 55;55;3222;8004111;8004111%2021-12-16T17:05:00.000Z%,8000163,8000182,8002214,8000077,;602
2021-12-16T17:51:00.000Z;Mühlheim(b Tuttlingen);RE;RE 55;55;3231;8004111;8004111%2021-12-16T17:51:00.000Z%,8002096,8000933,8002656,8000069,8003969,8000160,8005087,8004182,8001684,8005333,8001013,8000170,;602
2021-12-16T18:51:00.000Z;Mühlheim(b Tuttlingen);RE;RE 55;55;3233;8004111;8004111%2021-12-16T18:51:00.000Z%,8002096,8000933,8002656,8000069,8005568,8003969,8000160,8005087,8004182,8001684,8005333,8001013,8000170,;602
2021-12-16T19:05:00.000Z;Mühlheim(b Tuttlingen);RE;RE 55;55;3226;8004111;8004111%2021-12-16T19:05:00.000Z%,8000163,8000182,8002214,8000077,8000366,;602
2021-12-15T21:00:00.000Z;Münster(Hessen);RB;RB 61;61;15693;8004171;8004171%2021-12-15T21:00:00.000Z%0,8000362,;426
2021-12-15T21:16:00.000Z;Münster(Hessen);RB;RB 61;61;15696;8004171;8004171%2021-12-15T21:16:00.000Z%,8001814,8000285,8006031,8004653,8002315,8001554,8079151,8005636,8001236,8004246,8000105,;426
2021-12-15T22:00:00.000Z;Münster(Hessen);RB;RB 61;61;15697;8004171;8004171%2021-12-15T22:00:00.000Z%,8000362,;426
2021-12-15T22:16:00.000Z;Münster(Hessen);RB;RB 61;61;15698;8004171;8004171%2021-12-15T22:16:00.000Z%,8001814,8000285,8006031,8004653,8002315,8001554,8079151,8005636,8001236,8004246,8000105,;426
2021-12-15T23:00:00.000Z;Münster(Hessen);RB;RB 61;61;15699;8004171;8004171%2021-12-15T23:00:00.000Z%,8000362,;426
2021-12-16T00:00:00.000Z;Münster(Hessen);RB;RB 61;61;15491;8004171;8004171%2021-12-16T00:00:00.000Z%,8000362,;426
2021-12-16T03:43:00.000Z;Münster(Hessen);RB;RB 61;61;15600;8004171;8004171%2021-12-16T03:43:00.000Z%,8001814,8000285,8006031,8004653,8002315,8001554,8079151,8005636,8001236,8004246,;426
2021-12-16T03:59:00.000Z;Münster(Hessen);RB;RB 61;61;15601;8004171;8004171%2021-12-16T03:59:00.000Z%,8000362,;426
2021-12-16T04:16:00.000Z;Münster(Hessen);RB;RB 61;61;15602;8004171;8004171%2021-12-16T04:16:00.000Z%,8001814,8000285,8006031,8004653,8002315,8001554,8079151,8005636,8001236,8000105,;426
2021-12-16T04:42:00.000Z;Münster(Hessen);RB;RB 61;61;15606;8004171;8004171%2021-12-16T04:42:00.000Z%,8001814,8000285,8006031,8004653,8002315,8001554,8079151,8005636,8001236,8004246,;426
2021-12-16T04:59:00.000Z;Münster(Hessen);RB;RB 61;61;15603;8004171;8004171%2021-12-16T04:59:00.000Z%,8000362,;426
2021-12-16T05:16:00.000Z;Münster(Hessen);RB;RB 61;61;15610;8004171;8004171%2021-12-16T05:16:00.000Z%,8001814,8000285,8006031,8004653,8002315,8001554,8079151,8005636,8001236,8000105,;426
2021-12-16T05:44:00.000Z;Münster(Hessen);RB;RB 61;61;15614;8004171;8004171%2021-12-16T05:44:00.000Z%,8001814,8000285,8006031,8004653,8002315,8001554,8079151,8005636,8001236,8000105,;426
2021-12-16T06:00:00.000Z;Münster(Hessen);RB;RB 61;61;15607;8004171;8004171%2021-12-16T06:00:00.000Z%,8000362,;426
2021-12-16T06:14:00.000Z;Münster(Hessen);RB;RB 61;61;15618;8004171;8004171%2021-12-16T06:14:00.000Z%,8001814,8000285,8006031,8004653,8002315,8001554,8079151,8005636,8001236,8004246,8002041,;426
2021-12-16T06:29:00.000Z;Münster(Hessen);RB;RB 61;61;15611;8004171;8004171%2021-12-16T06:29:00.000Z%,8000362,;426
2021-12-16T07:00:00.000Z;Münster(Hessen);RB;RB 61;61;15615;8004171;8004171%2021-12-16T07:00:00.000Z%,8000362,;426
2021-12-16T07:16:00.000Z;Münster(Hessen);RB;RB 61;61;15622;8004171;8004171%2021-12-16T07:16:00.000Z%,8001814,8000285,8006031,8004653,8002315,8001554,8079151,8005636,8001236,8000105,;426
2021-12-16T07:43:00.000Z;Münster(Hessen);RB;RB 61;61;15670;8004171;8004171%2021-12-16T07:43:00.000Z%,8001814,8000285,8006031,8004653,8002315,8001554,8079151,8005636,8001236,8004246,;426
2021-12-16T08:00:00.000Z;Münster(Hessen);RB;RB 61;61;15621;8004171;8004171%2021-12-16T08:00:00.000Z%,8000362,;426
2021-12-16T08:16:00.000Z;Münster(Hessen);RB;RB 61;61;15626;8004171;8004171%2021-12-16T08:16:00.000Z%,8001814,8000285,8006031,8004653,8002315,8001554,8079151,8005636,8001236,8000105,;426
2021-12-16T09:00:00.000Z;Münster(Hessen);RB;RB 61;61;15627;8004171;8004171%2021-12-16T09:00:00.000Z%,8000362,;426
2021-12-16T09:16:00.000Z;Münster(Hessen);RB;RB 61;61;15630;8004171;8004171%2021-12-16T09:16:00.000Z%,8001814,8000285,8006031,8004653,8002315,8001554,8079151,8005636,8001236,8000105,;426
2021-12-16T10:00:00.000Z;Münster(Hessen);RB;RB 61;61;15633;8004171;8004171%2021-12-16T10:00:00.000Z%,8000362,;426
2021-12-16T10:16:00.000Z;Münster(Hessen);RB;RB 61;61;15634;8004171;8004171%2021-12-16T10:16:00.000Z%,8001814,8000285,8006031,8004653,8002315,8001554,8079151,8005636,8001236,8000105,;426
2021-12-16T11:00:00.000Z;Münster(Hessen);RB;RB 61;61;15639;8004171;8004171%2021-12-16T11:00:00.000Z%,8000362,;426
2021-12-16T11:16:00.000Z;Münster(Hessen);RB;RB 61;61;15638;8004171;8004171%2021-12-16T11:16:00.000Z%,8001814,8000285,8006031,8004653,8002315,8001554,8079151,8005636,8001236,8000105,;426
2021-12-16T12:00:00.000Z;Münster(Hessen);RB;RB 61;61;15645;8004171;8004171%2021-12-16T12:00:00.000Z%,8000362,;426
2021-12-16T12:16:00.000Z;Münster(Hessen);RB;RB 61;61;15642;8004171;8004171%2021-12-16T12:16:00.000Z%,8001814,8000285,8006031,8004653,8002315,8001554,8079151,8005636,8001236,8000105,;426
2021-12-16T13:00:00.000Z;Münster(Hessen);RB;RB 61;61;15651;8004171;8004171%2021-12-16T13:00:00.000Z%,8000362,;426
2021-12-16T13:16:00.000Z;Münster(Hessen);RB;RB 61;61;15646;8004171;8004171%2021-12-16T13:16:00.000Z%,8001814,8000285,8006031,8004653,8002315,8001554,8079151,8005636,8001236,8000105,;426
2021-12-16T14:00:00.000Z;Münster(Hessen);RB;RB 61;61;15657;8004171;8004171%2021-12-16T14:00:00.000Z%,8000362,;426
2021-12-16T14:16:00.000Z;Münster(Hessen);RB;RB 61;61;15650;8004171;8004171%2021-12-16T14:16:00.000Z%,8001814,8000285,8006031,8004653,8002315,8001554,8079151,8005636,8001236,8000105,;426
2021-12-16T15:00:00.000Z;Münster(Hessen);RB;RB 61;61;15663;8004171;8004171%2021-12-16T15:00:00.000Z%,8000362,;426
2021-12-16T15:16:00.000Z;Münster(Hessen);RB;RB 61;61;15654;8004171;8004171%2021-12-16T15:16:00.000Z%,8001814,8000285,8006031,8004653,8002315,8001554,8079151,8005636,8001236,8000105,;426
2021-12-16T16:00:00.000Z;Münster(Hessen);RB;RB 61;61;15669;8004171;8004171%2021-12-16T16:00:00.000Z%,8000362,;426
2021-12-16T16:16:00.000Z;Münster(Hessen);RB;RB 61;61;15658;8004171;8004171%2021-12-16T16:16:00.000Z%,8001814,8000285,8006031,8004653,8002315,8001554,8079151,8005636,8001236,8000105,;426
2021-12-16T17:00:00.000Z;Münster(Hessen);RB;RB 61;61;15675;8004171;8004171%2021-12-16T17:00:00.000Z%,8000362,;426
2021-12-16T17:16:00.000Z;Münster(Hessen);RB;RB 61;61;15662;8004171;8004171%2021-12-16T17:16:00.000Z%,8001814,8000285,8006031,8004653,8002315,8001554,8079151,8005636,8001236,8000105,;426
2021-12-16T18:00:00.000Z;Münster(Hessen);RB;RB 61;61;15681;8004171;8004171%2021-12-16T18:00:00.000Z%,8000362,;426
2021-12-16T18:16:00.000Z;Münster(Hessen);RB;RB 61;61;15666;8004171;8004171%2021-12-16T18:16:00.000Z%,8001814,8000285,8006031,8004653,8002315,8001554,8079151,8005636,8001236,8000105,;426
2021-12-16T18:33:00.000Z;Münster(Hessen);RB;RB 61;61;15683;8004171;8004171%2021-12-16T18:33:00.000Z%,8000362,;426
2021-12-16T19:00:00.000Z;Münster(Hessen);RB;RB 61;61;15687;8004171;8004171%2021-12-16T19:00:00.000Z%,8000362,;426
2021-12-16T19:16:00.000Z;Münster(Hessen);RB;RB 61;61;15692;8004171;8004171%2021-12-16T19:16:00.000Z%,8001814,8000285,8006031,8004653,8002315,8001554,8079151,8005636,8001236,8004246,8000105,;426
2021-12-16T20:00:00.000Z;Münster(Hessen);RB;RB 61;61;15691;8004171;8004171%2021-12-16T20:00:00.000Z%,8000362,;426
2021-12-16T20:16:00.000Z;Münster(Hessen);RB;RB 61;61;15694;8004171;8004171%2021-12-16T20:16:00.000Z%,8001814,8000285,8006031,8004653,8002315,8001554,8079151,8005636,8001236,8004246,8000105,;426
2021-12-15T20:21:00.000Z;Neubrücke(Nahe);RE;RE 3;3;29532;8004253;8004253%2021-12-15T20:24:00.000Z%3,8000154,8005659,8000875,8000272,8000323,;602
2021-12-15T20:45:00.000Z;Neubrücke(Nahe);RB;RB 33;33;29639;8004253;8004253%2021-12-15T20:45:00.000Z%0,8002995,8004444,8003452,8003040,8001991,8003298,8003295,8002880,8003899,8004080,8005583,8005678,8004463,8000726,8000021,8000121,8003075,8000240,;426
2021-12-15T21:03:00.000Z;Neubrücke(Nahe);RB;RB 73;73;76744;8004253;8004253%2021-12-15T21:03:00.000Z%0,8079083,8000154,8006170,8004199,8002929,8000792,8005659,8004555,8004392,8000875,8006392,8000272,8003516,8000967,8002132,8002117,8005797,8005796,8001570,8003108,8000323,;426
2021-12-15T21:19:00.000Z;Neubrücke(Nahe);RE;RE 3;3;29534;8004253;8004253%2021-12-15T21:19:00.000Z%0,8000154,8005659,8000875,8000272,8000323,;602
2021-12-15T21:42:00.000Z;Neubrücke(Nahe);RE;RE 3;3;29535;8004253;8004253%2021-12-15T21:42:00.000Z%0,8003040,8003295,8005583,8005678,8000726,8000021,8000121,8004614,8000375,8003075,8002692,8005950,8001237,8000240,;602
2021-12-15T22:19:00.000Z;Neubrücke(Nahe);RE;RE 3;3;29536;8004253;8004253%2021-12-15T22:19:00.000Z%0,8000154,8005659,8000875,8000272,8000323,;602
2021-12-15T23:19:00.000Z;Neubrücke(Nahe);RE;RE 3;3;29538;8004253;8004253%2021-12-15T23:19:00.000Z%0,8000154,8005659,8000875,8000272,8000323,;602
2021-12-16T03:29:00.000Z;Neubrücke(Nahe);RE;RE 3;3;29501;8004253;8004253%2021-12-16T03:29:00.000Z%,8003040,8003295,8005583,8005678,8000726,8000021,8000121,8003075,8000240,8005220,8070004,8000105,;602
2021-12-16T04:29:00.000Z;Neubrücke(Nahe);RE;RE 3;3;29503;8004253;8004253%2021-12-16T04:29:00.000Z%,8003040,8003295,8005583,8005678,8000726,8000021,8000121,8003075,8000240,8005220,8070004,8000105,;602
2021-12-16T04:34:00.000Z;Neubrücke(Nahe);RB;RB 73;73;76706;8004253;8004253%2021-12-16T04:34:00.000Z%,8079083,8000154,8006170,8004199,8002929,8000792,8005659,8004555,8004392,8000875,8006392,8000272,8003516,8000967,8002132,8002117,8005797,8005796,8001570,8003108,8000323,8001990,8004909,8003980,8000378,8005346,8000272,;426
2021-12-16T05:25:00.000Z;Neubrücke(Nahe);RB;RB 33;33;29500;8004253;8004253%2021-12-16T05:25:00.000Z%,8079083,8000154,8006170,8004199,8002929,8000792,8005659,8000875,8000272,8000323,;426
2021-12-16T05:32:00.000Z;Neubrücke(Nahe);RE;RE 3;3;29505;8004253;8004253%2021-12-16T05:32:00.000Z%,8003040,8003295,8005583,8005678,8000726,8000021,8000121,8003075,8000240,8003816,8000241,8005220,8070004,8002050,8000105,;602
2021-12-16T05:55:00.000Z;Neubrücke(Nahe);RB;RB 33;33;29559;8004253;8004253%2021-12-16T05:55:00.000Z%,8002995,8002707,8004444,8003452,8003040,8001991,8003298,8003295,8002880,8003899,8004080,8005583,8005678,8004463,8000726,8000021,8000121,8004614,8000375,8003075,8002692,8000240,;426
2021-12-16T05:55:00.000Z;Neubrücke(Nahe);RB;RB 73;73;76712;8004253;8004253%2021-12-16T05:55:00.000Z%,8079083,8000154,8006170,8004199,8002929,8000792,8005659,8004555,8004392,8000875,8000272,8003516,8005796,8001570,8000323,;426
2021-12-16T06:14:00.000Z;Neubrücke(Nahe);RE;RE 3;3;29504;8004253;8004253%2021-12-16T06:14:00.000Z%,8000154,8006170,8005659,8000875,8000272,8000323,;602
2021-12-16T06:39:00.000Z;Neubrücke(Nahe);RE;RE 3;3;29507;8004253;8004253%2021-12-16T06:39:00.000Z%,8003040,8003295,8005583,8005678,8000726,8000021,8003075,8000240,8003816,8000241,8005220,8070004,8002050,8000105,;602
2021-12-16T06:55:00.000Z;Neubrücke(Nahe);RB;RB 73;73;76714;8004253;8004253%2021-12-16T06:55:00.000Z%,8079083,8000154,8006170,8004199,8002929,8000792,8005659,8004555,8004392,8000875,8006392,8000272,8003516,8000967,8002132,8002117,8005797,8005796,8001570,8003108,8000323,;426
2021-12-16T07:19:00.000Z;Neubrücke(Nahe);RE;RE 3;3;29506;8004253;8004253%2021-12-16T07:19:00.000Z%,8000154,8005659,8000875,8000272,8000323,;602
2021-12-16T07:38:00.000Z;Neubrücke(Nahe);RE;RE 3;3;29509;8004253;8004253%2021-12-16T07:38:00.000Z%,8003040,8003295,8005583,8005678,8000726,8000021,8003075,8000240,;602
2021-12-16T08:03:00.000Z;Neubrücke(Nahe);RB;RB 73;73;12840;8004253;8004253%2021-12-16T08:03:00.000Z%,8079083,8000154,8006170,8004199,8002929,8000792,8005659,8004555,8004392,8000875,8006392,8000272,8003516,8000967,8002132,8002117,8005797,8005796,8001570,8003108,8000323,;426
2021-12-16T08:19:00.000Z;Neubrücke(Nahe);RE;RE 3;3;29508;8004253;8004253%2021-12-16T08:19:00.000Z%,8000154,8005659,8000875,8000272,8000323,;602
2021-12-16T08:39:00.000Z;Neubrücke(Nahe);RE;RE 3;3;29511;8004253;8004253%2021-12-16T08:39:00.000Z%,8003040,8003295,8005583,8005678,8000726,8000021,8003075,8000240,8003816,8000241,8005220,8070004,8002050,8000105,;602
2021-12-16T09:03:00.000Z;Neubrücke(Nahe);RB;RB 73;73;76718;8004253;8004253%2021-12-16T09:03:00.000Z%,8079083,8000154,8006170,8004199,8002929,8000792,8005659,8004555,8004392,8000875,8006392,8000272,8003516,8000967,8002132,8002117,8005797,8005796,8001570,8003108,8000323,;426
2021-12-16T09:19:00.000Z;Neubrücke(Nahe);RE;RE 3;3;29510;8004253;8004253%2021-12-16T09:19:00.000Z%,8000154,8005659,8000875,8000272,8000323,;602
2021-12-16T09:38:00.000Z;Neubrücke(Nahe);RE;RE 3;3;29513;8004253;8004253%2021-12-16T09:38:00.000Z%,8003040,8003295,8005583,8005678,8000726,8000021,8003075,8000240,;602
2021-12-16T10:03:00.000Z;Neubrücke(Nahe);RB;RB 73;73;12842;8004253;8004253%2021-12-16T10:03:00.000Z%,8079083,8000154,8006170,8004199,8002929,8000792,8005659,8004555,8004392,8000875,8006392,8000272,8003516,8000967,8002132,8002117,8005797,8005796,8001570,8003108,8000323,;426
2021-12-16T10:20:00.000Z;Neubrücke(Nahe);RE;RE 3;3;29512;8004253;8004253%2021-12-16T10:20:00.000Z%,8000154,8005659,8000875,8000272,8000323,;602
2021-12-16T10:39:00.000Z;Neubrücke(Nahe);RE;RE 3;3;29515;8004253;8004253%2021-12-16T10:39:00.000Z%,8003040,8003295,8005583,8005678,8000726,8000021,8003075,8000240,8003816,8000241,8005220,8070004,8002050,8000105,;602
2021-12-16T11:03:00.000Z;Neubrücke(Nahe);RB;RB 73;73;12844;8004253;8004253%2021-12-16T11:03:00.000Z%,8079083,8000154,8006170,8004199,8002929,8000792,8005659,8004555,8004392,8000875,8006392,8000272,8003516,8000967,8002132,8002117,8005797,8005796,8001570,8003108,8000323,;426
2021-12-16T11:19:00.000Z;Neubrücke(Nahe);RE;RE 3;3;29514;8004253;8004253%2021-12-16T11:19:00.000Z%,8000154,8005659,8000875,8000272,8000323,;602
2021-12-16T11:38:00.000Z;Neubrücke(Nahe);RE;RE 3;3;29517;8004253;8004253%2021-12-16T11:38:00.000Z%,8003040,8003295,8005583,8000726,8000021,8000121,8003075,8000240,;602
2021-12-16T12:03:00.000Z;Neubrücke(Nahe);RB;RB 73;73;76724;8004253;8004253%2021-12-16T12:03:00.000Z%,8079083,8000154,8006170,8004199,8002929,8000792,8005659,8004555,8004392,8000875,8006392,8000272,8003516,8000967,8002132,8002117,8005797,8005796,8001570,8003108,8000323,;426
2021-12-16T12:19:00.000Z;Neubrücke(Nahe);RE;RE 3;3;29516;8004253;8004253%2021-12-16T12:19:00.000Z%,8000154,8005659,8000875,8000272,8000323,;602
2021-12-16T12:39:00.000Z;Neubrücke(Nahe);RE;RE 3;3;29519;8004253;8004253%2021-12-16T12:39:00.000Z%,8003040,8003295,8005583,8005678,8000726,8000021,8003075,8000240,8003816,8000241,8005220,8070004,8002050,8000105,;602
2021-12-16T13:00:00.000Z;Neubrücke(Nahe);RB;RB 33;33;29637;8004253;8004253%2021-12-16T13:00:00.000Z%,8002995,8002707,8004444,8003452,8003040,8001991,8003298,8003295,;426
2021-12-16T13:03:00.000Z;Neubrücke(Nahe);RB;RB 73;73;76726;8004253;8004253%2021-12-16T13:03:00.000Z%,8079083,8000154,8006170,8004199,8002929,8000792,8005659,8004555,8004392,8000875,8006392,8000272,8003516,8000967,8002132,8002117,8005797,8005796,8001570,8003108,8000323,;426
2021-12-16T13:19:00.000Z;Neubrücke(Nahe);RE;RE 3;3;29518;8004253;8004253%2021-12-16T13:19:00.000Z%,8000154,8005659,8000875,8000272,8000323,;602
2021-12-16T13:38:00.000Z;Neubrücke(Nahe);RE;RE 3;3;29521;8004253;8004253%2021-12-16T13:38:00.000Z%,8003040,8003295,8005583,8005678,8000726,8000021,8003075,8000240,8005220,8070004,8002050,8000105,;602
2021-12-16T14:03:00.000Z;Neubrücke(Nahe);RB;RB 73;73;76728;8004253;8004253%2021-12-16T14:03:00.000Z%,8079083,8000154,8006170,8004199,8002929,8000792,8005659,8004555,8004392,8000875,8006392,8000272,8003516,8000967,8002132,8002117,8005797,8005796,8001570,8003108,8000323,;426
2021-12-16T14:19:00.000Z;Neubrücke(Nahe);RE;RE 3;3;29520;8004253;8004253%2021-12-16T14:19:00.000Z%,8000154,8005659,8000875,8000272,8000323,;602
2021-12-16T14:39:00.000Z;Neubrücke(Nahe);RE;RE 3;3;29523;8004253;8004253%2021-12-16T14:39:00.000Z%,8003040,8003295,8005583,8005678,8000726,8000021,8003075,8000240,8003816,8000241,8005220,8070004,8002050,8000105,;602
2021-12-16T15:03:00.000Z;Neubrücke(Nahe);RB;RB 73;73;76730;8004253;8004253%2021-12-16T15:03:00.000Z%,8079083,8000154,8006170,8004199,8002929,8000792,8005659,8004555,8004392,8000875,8006392,8000272,8003516,8000967,8002132,8002117,8005797,8005796,8001570,8003108,8000323,;426
2021-12-16T15:19:00.000Z;Neubrücke(Nahe);RE;RE 3;3;29522;8004253;8004253%2021-12-16T15:19:00.000Z%,8000154,8005659,8000875,8000272,8000323,;602
2021-12-16T15:39:00.000Z;Neubrücke(Nahe);RE;RE 3;3;29525;8004253;8004253%2021-12-16T15:39:00.000Z%,8003040,8003295,8005583,8005678,8000726,8000021,8003075,8000240,8005220,8070004,8002050,8000105,;602
2021-12-16T16:03:00.000Z;Neubrücke(Nahe);RB;RB 73;73;76732;8004253;8004253%2021-12-16T16:03:00.000Z%,8079083,8000154,8006170,8004199,8002929,8000792,8005659,8004555,8004392,8000875,8006392,8000272,8003516,8000967,8002132,8002117,8005797,8005796,8001570,8003108,8000323,;426
2021-12-16T16:19:00.000Z;Neubrücke(Nahe);RE;RE 3;3;29524;8004253;8004253%2021-12-16T16:19:00.000Z%,8000154,8005659,8000875,8000272,8000323,;602
2021-12-16T16:39:00.000Z;Neubrücke(Nahe);RE;RE 3;3;29527;8004253;8004253%2021-12-16T16:39:00.000Z%,8003040,8003295,8005583,8005678,8000726,8000021,8003075,8000240,8003816,8000241,8005220,8070004,8002050,8000105,;602
2021-12-16T17:03:00.000Z;Neubrücke(Nahe);RB;RB 73;73;76734;8004253;8004253%2021-12-16T17:03:00.000Z%,8079083,8000154,8006170,8004199,8002929,8000792,8005659,8004555,8004392,8000875,8006392,8000272,8003516,8000967,8002132,8002117,8005797,8005796,8001570,8003108,8000323,;426
2021-12-16T17:19:00.000Z;Neubrücke(Nahe);RE;RE 3;3;29526;8004253;8004253%2021-12-16T17:19:00.000Z%,8000154,8005659,8000875,8000272,8000323,;602
2021-12-16T17:38:00.000Z;Neubrücke(Nahe);RE;RE 3;3;29529;8004253;8004253%2021-12-16T17:38:00.000Z%,8003040,8003295,8005583,8005678,8000726,8000021,8003075,8000240,;602
2021-12-16T18:03:00.000Z;Neubrücke(Nahe);RB;RB 73;73;76736;8004253;8004253%2021-12-16T18:03:00.000Z%,8079083,8000154,8006170,8004199,8002929,8000792,8005659,8004555,8004392,8000875,8006392,8000272,8003516,8000967,8002132,8002117,8005797,8005796,8001570,8003108,8000323,;426
2021-12-16T18:24:00.000Z;Neubrücke(Nahe);RE;RE 3;3;29528;8004253;8004253%2021-12-16T18:24:00.000Z%,8000154,8005659,8000875,8000272,8000323,;602
2021-12-16T18:39:00.000Z;Neubrücke(Nahe);RE;RE 3;3;29531;8004253;8004253%2021-12-16T18:39:00.000Z%,8003040,8003295,8005583,8005678,8000726,8000021,8003075,8000240,8003816,8000241,8005220,8070004,8002050,8000105,;602
2021-12-16T19:03:00.000Z;Neubrücke(Nahe);RB;RB 73;73;76740;8004253;8004253%2021-12-16T19:03:00.000Z%,8079083,8000154,8006170,8004199,8002929,8000792,8005659,8004555,8004392,8000875,8006392,8000272,8003516,8000967,8002132,8002117,8005797,8005796,8001570,8003108,8000323,;426
2021-12-16T19:19:00.000Z;Neubrücke(Nahe);RE;RE 3;3;29530;8004253;8004253%2021-12-16T19:19:00.000Z%,8000154,8005659,8000875,8000272,8000323,;602
2021-12-16T19:38:00.000Z;Neubrücke(Nahe);RE;RE 3;3;29533;8004253;8004253%2021-12-16T19:38:00.000Z%,8003040,8003295,8005583,8005678,8000726,8000021,8003075,8000240,8003816,8000241,8005220,8070004,8002050,8000105,;602
2021-12-16T20:03:00.000Z;Neubrücke(Nahe);RB;RB 73;73;76742;8004253;8004253%2021-12-16T20:03:00.000Z%,8079083,8000154,8006170,8004199,8002929,8000792,8005659,8004555,8004392,8000875,8006392,8000272,8003516,8000967,8002132,8002117,8005797,8005796,8001570,8003108,8000323,;426
2021-12-15T20:39:00.000Z;Neuhof(Kr Fulda);RE;RE 50;50;4530;8004295;8004295%2021-12-15T20:45:00.000Z%6,8000115,;602
2021-12-15T21:18:00.000Z;Neuhof(Kr Fulda);RE;RE 50;50;4537;8004295;8004295%2021-12-15T21:18:00.000Z%,8002010,8000891,8005690,8005261,8006132,8000117,8003550,8000150,8000349,8002041,8000105,;602
2021-12-15T21:39:00.000Z;Neuhof(Kr Fulda);RE;RE 50;50;4532;8004295;8004295%2021-12-15T21:39:00.000Z%0,8000115,;602
2021-12-15T22:21:00.000Z;Neuhof(Kr Fulda);RE;RE 50;50;4539;8004295;8004295%2021-12-15T22:21:00.000Z%,8002010,8000891,8005690,8005261,8006132,8000117,8003550,8000150,8000349,8002041,8000105,;602
2021-12-15T22:39:00.000Z;Neuhof(Kr Fulda);RE;RE 50;50;4534;8004295;8004295%2021-12-15T22:39:00.000Z%,8000115,8003016,8001283,8004297,8000020,8002103,8000029,;602
2021-12-15T23:39:00.000Z;Neuhof(Kr Fulda);RE;RE 50;50;4536;8004295;8004295%2021-12-15T23:39:00.000Z%,8000115,;602
2021-12-16T03:10:00.000Z;Neuhof(Kr Fulda);RE;RE 50;50;4501;8004295;8004295%2021-12-16T03:10:00.000Z%,8002010,8000891,8005690,8005261,8006132,8000117,8003550,8000150,8000349,8002041,8000105,;602
2021-12-16T03:46:00.000Z;Neuhof(Kr Fulda);RE;RE 50;50;4547;8004295;8004295%2021-12-16T03:46:00.000Z%,8002010,8000891,8005690,8005261,8006132,8000117,8003550,8000150,8000349,8002041,8000105,;602
2021-12-16T04:25:00.000Z;Neuhof(Kr Fulda);RE;RE 50;50;4503;8004295;8004295%2021-12-16T04:25:00.000Z%,8002010,8000891,8005690,8005261,8006132,8000117,8003550,8000150,8000349,8002041,8000105,;602
2021-12-16T04:32:00.000Z;Neuhof(Kr Fulda);RE;RE 50;50;15545;8004295;8004295%2021-12-16T04:32:00.000Z%,8000115,;602
2021-12-16T04:48:00.000Z;Neuhof(Kr Fulda);RE;RE 50;50;15549;8004295;8004295%2021-12-16T04:48:00.000Z%,8000115,;602
2021-12-16T05:09:00.000Z;Neuhof(Kr Fulda);RE;RE 50;50;4549;8004295;8004295%2021-12-16T05:09:00.000Z%,8002010,8000891,8006132,8000150,8002041,8000105,;602
2021-12-16T05:18:00.000Z;Neuhof(Kr Fulda);RE;RE 50;50;4505;8004295;8004295%2021-12-16T05:18:00.000Z%,8002010,8000891,8005690,8005261,8006132,8000117,8003550,8000150,8000349,8002041,8000105,;602
2021-12-16T05:25:00.000Z;Neuhof(Kr Fulda);RE;RE 50;50;4545;8004295;8004295%2021-12-16T05:25:00.000Z%,8002010,8000891,8005690,8005261,8006132,8000117,8003550,8000150,8002877,8002041,8000105,;602
2021-12-16T05:30:00.000Z;Neuhof(Kr Fulda);RE;RE 50;50;4500;8004295;8004295%2021-12-16T05:30:00.000Z%,8000115,;602
2021-12-16T06:18:00.000Z;Neuhof(Kr Fulda);RE;RE 50;50;4507;8004295;8004295%2021-12-16T06:18:00.000Z%,8002010,8000891,8005690,8005261,8006132,8000117,8003550,8000150,8000349,8002041,8000105,;602
2021-12-16T06:22:00.000Z;Neuhof(Kr Fulda);RB;RB 51;51;15553;8004295;8004295%2021-12-16T06:22:00.000Z%,8000115,;426
2021-12-16T06:39:00.000Z;Neuhof(Kr Fulda);RE;RE 50;50;4502;8004295;8004295%2021-12-16T06:39:00.000Z%,8000115,;602
2021-12-16T07:18:00.000Z;Neuhof(Kr Fulda);RE;RE 50;50;4509;8004295;8004295%2021-12-16T07:18:00.000Z%,8002010,8000891,8005690,8005261,8006132,8000117,8003550,8000150,8000349,8002041,8000105,;602
2021-12-16T07:39:00.000Z;Neuhof(Kr Fulda);RE;RE 50;50;4504;8004295;8004295%2021-12-16T07:39:00.000Z%,8000115,;602
2021-12-16T08:18:00.000Z;Neuhof(Kr Fulda);RE;RE 50;50;4511;8004295;8004295%2021-12-16T08:18:00.000Z%,8002010,8000891,8005690,8005261,8006132,8000117,8003550,8000150,8000349,8002041,8000105,;602
2021-12-16T08:39:00.000Z;Neuhof(Kr Fulda);RE;RE 50;50;4506;8004295;8004295%2021-12-16T08:39:00.000Z%,8000115,;602
2021-12-16T09:18:00.000Z;Neuhof(Kr Fulda);RE;RE 50;50;4513;8004295;8004295%2021-12-16T09:18:00.000Z%,8002010,8000891,8005690,8005261,8006132,8000117,8003550,8000150,8000349,8002041,8000105,;602
2021-12-16T09:39:00.000Z;Neuhof(Kr Fulda);RE;RE 50;50;4508;8004295;8004295%2021-12-16T09:39:00.000Z%,8000115,;602
2021-12-16T10:18:00.000Z;Neuhof(Kr Fulda);RE;RE 50;50;4515;8004295;8004295%2021-12-16T10:18:00.000Z%,8002010,8000891,8005690,8005261,8006132,8000117,8003550,8000150,8000349,8002041,8000105,;602
2021-12-16T10:39:00.000Z;Neuhof(Kr Fulda);RE;RE 50;50;4510;8004295;8004295%2021-12-16T10:39:00.000Z%,8000115,;602
2021-12-16T11:18:00.000Z;Neuhof(Kr Fulda);RE;RE 50;50;4517;8004295;8004295%2021-12-16T11:18:00.000Z%,8002010,8000891,8005690,8005261,8006132,8000117,8003550,8000150,8000349,8002041,8000105,;602
2021-12-16T11:39:00.000Z;Neuhof(Kr Fulda);RE;RE 50;50;4512;8004295;8004295%2021-12-16T11:39:00.000Z%,8000115,;602
2021-12-16T12:18:00.000Z;Neuhof(Kr Fulda);RE;RE 50;50;4519;8004295;8004295%2021-12-16T12:18:00.000Z%,8002010,8000891,8005690,8005261,8006132,8000117,8003550,8000150,8000349,8002041,8000105,;602
2021-12-16T12:36:00.000Z;Neuhof(Kr Fulda);RE;RE RB51;RB51;15551;8004295;8004295%2021-12-16T12:36:00.000Z%,8002010,8000891,8000150,8002041,8000105,;602
2021-12-16T12:39:00.000Z;Neuhof(Kr Fulda);RE;RE 50;50;4514;8004295;8004295%2021-12-16T12:39:00.000Z%,8000115,;602
2021-12-16T13:18:00.000Z;Neuhof(Kr Fulda);RE;RE 50;50;4521;8004295;8004295%2021-12-16T13:18:00.000Z%,8002010,8000891,8005690,8005261,8006132,8000117,8003550,8000150,8000349,8002041,8000105,;602
2021-12-16T13:39:00.000Z;Neuhof(Kr Fulda);RE;RE 50;50;4516;8004295;8004295%2021-12-16T13:39:00.000Z%,8000115,;602
2021-12-16T14:18:00.000Z;Neuhof(Kr Fulda);RE;RE 50;50;4523;8004295;8004295%2021-12-16T14:18:00.000Z%,8002010,8000891,8005690,8005261,8006132,8000117,8003550,8000150,8000349,8002041,8000105,;602
2021-12-16T14:39:00.000Z;Neuhof(Kr Fulda);RE;RE 50;50;4518;8004295;8004295%2021-12-16T14:39:00.000Z%,8000115,;602
2021-12-16T15:18:00.000Z;Neuhof(Kr Fulda);RE;RE 50;50;4525;8004295;8004295%2021-12-16T15:18:00.000Z%,8002010,8000891,8005690,8005261,8006132,8000117,8003550,8000150,8000349,8002041,8000105,;602
2021-12-16T15:39:00.000Z;Neuhof(Kr Fulda);RE;RE 50;50;4520;8004295;8004295%2021-12-16T15:39:00.000Z%,8000115,;602
2021-12-16T16:18:00.000Z;Neuhof(Kr Fulda);RE;RE 50;50;4527;8004295;8004295%2021-12-16T16:18:00.000Z%,8002010,8000891,8005690,8005261,8006132,8000117,8003550,8000150,8000349,8002041,8000105,;602
2021-12-16T16:20:00.000Z;Neuhof(Kr Fulda);RE;RE 50;50;4540;8004295;8004295%2021-12-16T16:20:00.000Z%,8000115,8003016,8000020,8000029,;602
2021-12-16T16:39:00.000Z;Neuhof(Kr Fulda);RE;RE 50;50;4522;8004295;8004295%2021-12-16T16:39:00.000Z%,8000115,;602
2021-12-16T17:17:00.000Z;Neuhof(Kr Fulda);RE;RE 50;50;4542;8004295;8004295%2021-12-16T17:17:00.000Z%,8000115,;602
2021-12-16T17:18:00.000Z;Neuhof(Kr Fulda);RE;RE 50;50;4529;8004295;8004295%2021-12-16T17:18:00.000Z%,8002010,8000891,8005690,8005261,8006132,8000117,8003550,8000150,8000349,8002041,8000105,;602
2021-12-16T17:39:00.000Z;Neuhof(Kr Fulda);RE;RE 50;50;4524;8004295;8004295%2021-12-16T17:39:00.000Z%,8000115,;602
2021-12-16T18:12:00.000Z;Neuhof(Kr Fulda);RE;RE 50;50;4544;8004295;8004295%2021-12-16T18:12:00.000Z%,8000115,;602
2021-12-16T18:18:00.000Z;Neuhof(Kr Fulda);RE;RE 50;50;4531;8004295;8004295%2021-12-16T18:18:00.000Z%,8002010,8000891,8005690,8005261,8006132,8000117,8003550,8000150,8000349,8002041,8000105,;602
2021-12-16T18:39:00.000Z;Neuhof(Kr Fulda);RE;RE 50;50;4526;8004295;8004295%2021-12-16T18:39:00.000Z%,8000115,;602
2021-12-16T19:18:00.000Z;Neuhof(Kr Fulda);RE;RE 50;50;4533;8004295;8004295%2021-12-16T19:18:00.000Z%,8002010,8000891,8005690,8005261,8006132,8000117,8003550,8000150,8000349,8002041,8000105,;602
2021-12-16T19:39:00.000Z;Neuhof(Kr Fulda);RE;RE 50;50;4528;8004295;8004295%2021-12-16T19:39:00.000Z%,8000115,;602
2021-12-16T20:17:00.000Z;Neuhof(Kr Fulda);RE;RE 50;50;4535;8004295;8004295%2021-12-16T20:17:00.000Z%,8002010,8000891,8005690,8005261,8006132,8000117,8003550,8000150,8000349,8002041,8000105,;602
2021-12-15T20:56:00.000Z;Niederweimar;RB;RB 41;41;15033;8004420;8004420%2021-12-15T20:56:00.000Z%,8004417,8002134,8002100,8000234,8002269,8000124,;426
2021-12-15T20:58:00.000Z;Niederweimar;RB;RB 41;41;15030;8004420;8004420%2021-12-15T21:00:00.000Z%2,8003856,8000337,;426
2021-12-15T21:51:00.000Z;Niederweimar;RB;RB 41;41;15035;8004420;8004420%2021-12-15T21:51:00.000Z%,8004417,8002134,8002100,8000234,8002269,8000124,8002410,8003520,8003262,8001312,8004712,8000728,8000111,8002042,8000105,;426
2021-12-15T22:02:00.000Z;Niederweimar;RB;RB 41;41;15032;8004420;8004420%2021-12-15T22:02:00.000Z%,8003856,8000337,;426
2021-12-15T22:56:00.000Z;Niederweimar;RB;RB 41;41;15034;8004420;8004420%2021-12-15T22:56:00.000Z%,8003856,8000337,;426
2021-12-16T01:08:00.000Z;Niederweimar;RB;RB 41;41;15036;8004420;8004420%2021-12-16T01:08:00.000Z%,8003856,8000337,;426
2021-12-16T03:07:00.000Z;Niederweimar;RB;RB 41;41;15039;8004420;8004420%2021-12-16T03:07:00.000Z%,8004417,8002134,8002100,8000234,8002269,8000124,8002410,8003520,8003262,8001312,8004712,8000728,8000111,8000760,8002042,8000105,;426
2021-12-16T03:48:00.000Z;Niederweimar;RB;RB 41;41;15041;8004420;8004420%2021-12-16T03:48:00.000Z%,8004417,8002134,8002100,8000234,8002269,8000124,8002410,8003520,8003262,8001312,8004712,8000728,8000111,8002042,8000105,;426
2021-12-16T04:08:00.000Z;Niederweimar;RB;RB 41;41;15040;8004420;8004420%2021-12-16T04:08:00.000Z%,8003856,8000337,8000065,8001256,8000589,8000435,8005661,8004328,8006401,8000129,;426
2021-12-16T04:56:00.000Z;Niederweimar;RB;RB 41;41;15001;8004420;8004420%2021-12-16T04:56:00.000Z%,8004417,8002134,8002100,8000234,8002269,8000124,8002410,8003520,8003262,8001312,8004712,8000728,8000111,8000760,8002042,8000105,;426
2021-12-16T04:58:00.000Z;Niederweimar;RB;RB 41;41;15042;8004420;8004420%2021-12-16T04:58:00.000Z%,8003856,8000337,8000065,8001256,8000589,8000435,8005661,8004328,8006401,8000129,;426
2021-12-16T05:24:00.000Z;Niederweimar;RB;RB 41;41;15047;8004420;8004420%2021-12-16T05:24:00.000Z%,8004417,8002134,8002100,8000234,8002269,8000124,;426
2021-12-16T05:56:00.000Z;Niederweimar;RB;RB 41;41;15003;8004420;8004420%2021-12-16T05:56:00.000Z%,8004417,8002134,8002100,8000234,8002269,8000124,8001312,8000728,8000111,8002042,8000105,;426
2021-12-16T05:57:00.000Z;Niederweimar;RB;RB 41;41;15000;8004420;8004420%2021-12-16T05:57:00.000Z%,8003856,8000337,8000065,8001256,8000589,8000435,8005661,8004328,8006401,8000129,;426
2021-12-16T06:10:00.000Z;Niederweimar;RE;RE 30;30;15373;8004420;8004420%2021-12-16T06:10:00.000Z%,8004417,8002134,8002100,8000234,8002269,8000124,8001312,8000728,8000111,8002042,8000105,;602
2021-12-16T06:27:00.000Z;Niederweimar;RB;RB 41;41;15049;8004420;8004420%2021-12-16T06:27:00.000Z%,8004417,8002134,8002100,8000234,8002269,8000124,8002410,8003520,8003262,8001312,8004712,8000728,8000111,;426
2021-12-16T06:28:00.000Z;Niederweimar;RB;RB 41;41;15048;8004420;8004420%2021-12-16T06:28:00.000Z%,8003856,8000337,8000065,8001256,8000589,8000435,;426
2021-12-16T06:56:00.000Z;Niederweimar;RB;RB 41;41;15005;8004420;8004420%2021-12-16T06:56:00.000Z%,8004417,8002134,8002100,8000234,8002269,8000124,8002410,8003520,8003262,8001312,8004712,8000728,8000111,8000760,8002042,8000105,;426
2021-12-16T06:58:00.000Z;Niederweimar;RB;RB 41;41;15002;8004420;8004420%2021-12-16T06:58:00.000Z%,8003856,8000337,8000065,8001256,8000589,8000435,8005661,8004328,8006401,8000129,;426
2021-12-16T07:26:00.000Z;Niederweimar;RB;RB 41;41;15051;8004420;8004420%2021-12-16T07:26:00.000Z%,8004417,8002134,8002100,8000234,8002269,8000124,;426
2021-12-16T07:28:00.000Z;Niederweimar;RB;RB 49;49;15180;8004420;8004420%2021-12-16T07:28:00.000Z%,8003856,8000337,;426
2021-12-16T07:56:00.000Z;Niederweimar;RB;RB 41;41;15007;8004420;8004420%2021-12-16T07:56:00.000Z%,8004417,8002134,8002100,8000234,8002269,8000124,8001312,8000728,8000111,8002042,8000105,;426
2021-12-16T07:58:00.000Z;Niederweimar;RB;RB 41;41;15004;8004420;8004420%2021-12-16T07:58:00.000Z%,8003856,8000337,8000065,8001256,8000589,8000435,8005661,;426
2021-12-16T08:27:00.000Z;Niederweimar;RB;RB 41;41;15053;8004420;8004420%2021-12-16T08:27:00.000Z%,8004417,8002134,8002100,8000234,8002269,8000124,;426
2021-12-16T08:28:00.000Z;Niederweimar;RB;RB 49;49;15150;8004420;8004420%2021-12-16T08:28:00.000Z%,8003856,8000337,;426
2021-12-16T08:56:00.000Z;Niederweimar;RB;RB 41;41;15009;8004420;8004420%2021-12-16T08:56:00.000Z%,8004417,8002134,8002100,8000234,8002269,8000124,8002410,8003520,8003262,8001312,8004712,8000728,8000111,8000760,8002042,8000105,;426
2021-12-16T08:58:00.000Z;Niederweimar;RB;RB 41;41;15006;8004420;8004420%2021-12-16T08:58:00.000Z%,8003856,8000337,8000065,8001256,8000589,8000435,8005661,8004328,8006401,8000129,;426
2021-12-16T09:27:00.000Z;Niederweimar;RB;RB 41;41;15045;8004420;8004420%2021-12-16T09:27:00.000Z%,8004417,8002134,8002100,8000234,8002269,8000124,;426
2021-12-16T09:28:00.000Z;Niederweimar;RB;RB 41;41;15152;8004420;8004420%2021-12-16T09:28:00.000Z%,8003856,8000337,;426
2021-12-16T09:56:00.000Z;Niederweimar;RB;RB 41;41;15011;8004420;8004420%2021-12-16T09:56:00.000Z%,8004417,8002134,8002100,8000234,8002269,8000124,8001312,8000728,8000111,8002042,8000105,;426
2021-12-16T09:57:00.000Z;Niederweimar;RB;RB 41;41;15008;8004420;8004420%2021-12-16T09:57:00.000Z%,8003856,8000337,8000065,8001256,8000589,8000435,8005661,;426
2021-12-16T10:27:00.000Z;Niederweimar;RB;RB 41;41;15189;8004420;8004420%2021-12-16T10:27:00.000Z%,8004417,8002134,8002100,8000234,8002269,8000124,;426
2021-12-16T10:28:00.000Z;Niederweimar;RB;RB 41;41;15154;8004420;8004420%2021-12-16T10:28:00.000Z%,8003856,8000337,;426
2021-12-16T10:56:00.000Z;Niederweimar;RB;RB 41;41;15013;8004420;8004420%2021-12-16T10:56:00.000Z%,8004417,8002134,8002100,8000234,8002269,8000124,8002410,8003520,8003262,8001312,8004712,8000728,8000111,8000760,8002042,8000105,;426
2021-12-16T10:58:00.000Z;Niederweimar;RB;RB 41;41;15010;8004420;8004420%2021-12-16T10:58:00.000Z%,8003856,8000337,8000065,8001256,8000589,8000435,8005661,8004328,8006401,8000129,;426
2021-12-16T11:27:00.000Z;Niederweimar;RB;RB 41;41;15191;8004420;8004420%2021-12-16T11:27:00.000Z%,8004417,8002134,8002100,8000234,8002269,8000124,;426
2021-12-16T11:28:00.000Z;Niederweimar;RB;RB 41;41;15054;8004420;8004420%2021-12-16T11:28:00.000Z%,8003856,8000337,;426
2021-12-16T11:56:00.000Z;Niederweimar;RB;RB 41;41;15015;8004420;8004420%2021-12-16T11:56:00.000Z%,8004417,8002134,8002100,8000234,8002269,8000124,8001312,8000728,8000111,8002042,8000105,;426
2021-12-16T11:58:00.000Z;Niederweimar;RB;RB 41;41;15012;8004420;8004420%2021-12-16T11:58:00.000Z%,8003856,8000337,8000065,8001256,8000589,8000435,8005661,;426
2021-12-16T12:27:00.000Z;Niederweimar;RB;RB 41;41;15055;8004420;8004420%2021-12-16T12:27:00.000Z%,8004417,8002134,8002100,8000234,8002269,8000124,;426
2021-12-16T12:28:00.000Z;Niederweimar;RB;RB 41;41;15056;8004420;8004420%2021-12-16T12:28:00.000Z%,8003856,8000337,8000065,8001256,8000589,8000435,8005661,8004328,8006401,8000129,;426
2021-12-16T12:56:00.000Z;Niederweimar;RB;RB 41;41;15017;8004420;8004420%2021-12-16T12:56:00.000Z%,8004417,8002134,8002100,8000234,8002269,8000124,8002410,8003520,8003262,8001312,8004712,8000728,8000111,8000760,8002042,8000105,;426
2021-12-16T12:58:00.000Z;Niederweimar;RB;RB 41;41;15014;8004420;8004420%2021-12-16T12:58:00.000Z%,8003856,8000337,;426
2021-12-16T13:27:00.000Z;Niederweimar;RB;RB 41;41;15057;8004420;8004420%2021-12-16T13:27:00.000Z%,8004417,8002134,8002100,8000234,8002269,8000124,;426
2021-12-16T13:28:00.000Z;Niederweimar;RB;RB 49;49;15066;8004420;8004420%2021-12-16T13:28:00.000Z%,8003856,8000337,;426
2021-12-16T13:56:00.000Z;Niederweimar;RB;RB 41;41;15019;8004420;8004420%2021-12-16T13:56:00.000Z%,8004417,8002134,8002100,8000234,8002269,8000124,8001312,8000728,8000111,8002042,8000105,;426
2021-12-16T13:58:00.000Z;Niederweimar;RB;RB 41;41;15016;8004420;8004420%2021-12-16T13:58:00.000Z%,8003856,8000337,8000065,8001256,8000589,8000435,8005661,;426
2021-12-16T14:27:00.000Z;Niederweimar;RB;RB 41;41;15059;8004420;8004420%2021-12-16T14:27:00.000Z%,8004417,8002134,8002100,8000234,8002269,8000124,;426
2021-12-16T14:28:00.000Z;Niederweimar;RB;RB 41;41;15060;8004420;8004420%2021-12-16T14:28:00.000Z%,8003856,8000337,;426
2021-12-16T14:56:00.000Z;Niederweimar;RB;RB 41;41;15021;8004420;8004420%2021-12-16T14:56:00.000Z%,8004417,8002134,8002100,8000234,8002269,8000124,8002410,8003520,8003262,8001312,8004712,8000728,8000111,8000760,8002042,8000105,;426
2021-12-16T14:58:00.000Z;Niederweimar;RB;RB 41;41;15018;8004420;8004420%2021-12-16T14:58:00.000Z%,8003856,8000337,8000065,8001256,8000589,8000435,8005661,8004328,8006401,8000129,;426
2021-12-16T15:27:00.000Z;Niederweimar;RB;RB 41;41;15061;8004420;8004420%2021-12-16T15:27:00.000Z%,8004417,8002134,8002100,8000234,8002269,8000124,;426
2021-12-16T15:28:00.000Z;Niederweimar;RB;RB 41;41;15062;8004420;8004420%2021-12-16T15:28:00.000Z%,8003856,8000337,;426
2021-12-16T15:56:00.000Z;Niederweimar;RB;RB 41;41;15023;8004420;8004420%2021-12-16T15:56:00.000Z%,8004417,8002134,8002100,8000234,8002269,8000124,8001312,8000728,8000111,8002042,8000105,;426
2021-12-16T15:58:00.000Z;Niederweimar;RB;RB 41;41;15020;8004420;8004420%2021-12-16T15:58:00.000Z%,8003856,8000337,8000065,8001256,8000589,8000435,8005661,8004328,8006401,8000129,;426
2021-12-16T16:27:00.000Z;Niederweimar;RB;RB 41;41;15065;8004420;8004420%2021-12-16T16:27:00.000Z%,8004417,8002134,8002100,8000234,8002269,8000124,;426
2021-12-16T16:56:00.000Z;Niederweimar;RB;RB 41;41;15025;8004420;8004420%2021-12-16T16:56:00.000Z%,8004417,8002134,8002100,8000234,8002269,8000124,8002410,8003520,8003262,8001312,8004712,8000728,8000111,8000760,8002042,8000105,;426
2021-12-16T16:58:00.000Z;Niederweimar;RB;RB 41;41;15022;8004420;8004420%2021-12-16T16:58:00.000Z%,8003856,8000337,8000065,8001256,8000589,8000435,8005661,8004328,8006401,8000129,;426
2021-12-16T17:28:00.000Z;Niederweimar;RB;RB 41;41;15064;8004420;8004420%2021-12-16T17:28:00.000Z%,8003856,8000337,8000065,8001256,8000589,8000435,8005661,;426
2021-12-16T17:56:00.000Z;Niederweimar;RB;RB 41;41;15027;8004420;8004420%2021-12-16T17:56:00.000Z%,8004417,8002134,8002100,8000234,8002269,8000124,8001312,8000728,8000111,8002042,8000105,;426
2021-12-16T17:58:00.000Z;Niederweimar;RB;RB 41;41;15024;8004420;8004420%2021-12-16T17:58:00.000Z%,8003856,8000337,8000065,8001256,8000589,8000435,8005661,8004328,8006401,8000129,;426
2021-12-16T18:29:00.000Z;Niederweimar;RE;RE 30;30;4178;8004420;8004420%2021-12-16T18:29:00.000Z%,8003856,8000337,;602
2021-12-16T18:56:00.000Z;Niederweimar;RB;RB 41;41;15029;8004420;8004420%2021-12-16T18:56:00.000Z%,8004417,8002134,8002100,8000234,8002269,8000124,8002410,8003520,8003262,8001312,8004712,8000728,8000111,8000760,8002042,8000105,;426
2021-12-16T18:58:00.000Z;Niederweimar;RB;RB 41;41;15026;8004420;8004420%2021-12-16T18:58:00.000Z%,8003856,8000337,8000065,8001256,8000589,8000435,8005661,8004328,8006401,8000129,;426
2021-12-16T19:56:00.000Z;Niederweimar;RB;RB 41;41;15031;8004420;8004420%2021-12-16T19:56:00.000Z%,8004417,8002134,8002100,8000234,8002269,8000124,8001312,8000728,8000111,8002042,8000105,;426
2021-12-16T19:58:00.000Z;Niederweimar;RB;RB 41;41;15028;8004420;8004420%2021-12-16T19:58:00.000Z%,8003856,8000337,;426
2021-12-15T20:20:00.000Z;Münster-Häger;RB;RB 64;64;20232;8004426;8004426%2021-12-15T20:20:00.000Z%0,8000518,8004461,8001096,8005712,8000062,8004001,8004613,8000382,8400011,8400012,8400212,;426
2021-12-15T20:33:00.000Z;Münster-Häger;RB;RB 64;64;20229;8004426;8004426%2021-12-15T20:33:00.000Z%0,8004173,8000263,;426
2021-12-15T21:20:00.000Z;Münster-Häger;RB;RB 64;64;20234;8004426;8004426%2021-12-15T21:20:00.000Z%,8000518,8004461,8001096,8005712,8000062,8004001,8004613,8000382,8400011,8400012,8400212,;426
2021-12-15T21:33:00.000Z;Münster-Häger;RB;RB 64;64;20231;8004426;8004426%2021-12-15T21:33:00.000Z%0,8004173,8000263,;426
2021-12-15T22:20:00.000Z;Münster-Häger;RB;RB 64;64;20236;8004426;8004426%2021-12-15T22:20:00.000Z%,8000518,8004461,8001096,8005712,8000062,8004001,8004613,8000382,8400011,8400012,8400212,;426
2021-12-15T22:33:00.000Z;Münster-Häger;RB;RB 64;64;20233;8004426;8004426%2021-12-15T22:33:00.000Z%,8004173,8000263,;426
2021-12-15T23:20:00.000Z;Münster-Häger;RB;RB 64;64;20238;8004426;8004426%2021-12-15T23:20:00.000Z%,8000518,8004461,8001096,8005712,8000062,8004001,8004613,8000382,;426
2021-12-16T04:20:00.000Z;Münster-Häger;RB;RB 64;64;20200;8004426;8004426%2021-12-16T04:20:00.000Z%,8000518,8004461,8001096,8005712,8000062,8004001,8004613,8000382,8400011,8400012,8400212,;426
2021-12-16T04:33:00.000Z;Münster-Häger;RB;RB 64;64;14981;8004426;8004426%2021-12-16T04:33:00.000Z%,8004173,8000263,;426
2021-12-16T05:03:00.000Z;Münster-Häger;RB;RB 64;64;14983;8004426;8004426%2021-12-16T05:03:00.000Z%,8004173,8000263,;426
2021-12-16T05:20:00.000Z;Münster-Häger;RB;RB 64;64;20202;8004426;8004426%2021-12-16T05:20:00.000Z%,8000518,8004461,8001096,8005712,8000062,8004001,8004613,8000382,8400011,8400012,8400212,;426
2021-12-16T05:33:00.000Z;Münster-Häger;RB;RB 64;64;14985;8004426;8004426%2021-12-16T05:33:00.000Z%,8004173,8000263,;426
2021-12-16T05:49:00.000Z;Münster-Häger;RB;RB 64;64;14980;8004426;8004426%2021-12-16T05:49:00.000Z%,8000518,8004461,8001096,8005712,8000062,;426
2021-12-16T06:03:00.000Z;Münster-Häger;RB;RB 64;64;14987;8004426;8004426%2021-12-16T06:03:00.000Z%,8004173,8000263,;426
2021-12-16T06:20:00.000Z;Münster-Häger;RB;RB 64;64;20204;8004426;8004426%2021-12-16T06:20:00.000Z%,8000518,8004461,8001096,8005712,8000062,8004001,8004613,8000382,8400011,8400012,8400212,;426
2021-12-16T06:33:00.000Z;Münster-Häger;RB;RB 64;64;20201;8004426;8004426%2021-12-16T06:33:00.000Z%,8004173,8000263,;426
2021-12-16T06:49:00.000Z;Münster-Häger;RB;RB 64;64;14982;8004426;8004426%2021-12-16T06:49:00.000Z%,8000518,8004461,8001096,8005712,8000062,;426
2021-12-16T07:03:00.000Z;Münster-Häger;RB;RB 64;64;14989;8004426;8004426%2021-12-16T07:03:00.000Z%,8004173,8000263,;426
2021-12-16T07:20:00.000Z;Münster-Häger;RB;RB 64;64;20206;8004426;8004426%2021-12-16T07:20:00.000Z%,8000518,8004461,8001096,8005712,8000062,8004001,8004613,8000382,8400011,8400012,8400212,;426
2021-12-16T07:33:00.000Z;Münster-Häger;RB;RB 64;64;20203;8004426;8004426%2021-12-16T07:33:00.000Z%,8004173,8000263,;426
2021-12-16T08:03:00.000Z;Münster-Häger;RB;RB 64;64;14991;8004426;8004426%2021-12-16T08:03:00.000Z%,8004173,8000263,;426
2021-12-16T08:20:00.000Z;Münster-Häger;RB;RB 64;64;20208;8004426;8004426%2021-12-16T08:20:00.000Z%,8000518,8004461,8001096,8005712,8000062,8004001,8004613,8000382,8400011,8400012,8400212,;426
2021-12-16T08:33:00.000Z;Münster-Häger;RB;RB 64;64;20205;8004426;8004426%2021-12-16T08:33:00.000Z%,8004173,8000263,;426
2021-12-16T09:20:00.000Z;Münster-Häger;RB;RB 64;64;20210;8004426;8004426%2021-12-16T09:20:00.000Z%,8000518,8004461,8001096,8005712,8000062,8004001,8004613,8000382,8400011,8400012,8400212,;426
2021-12-16T09:33:00.000Z;Münster-Häger;RB;RB 64;64;20207;8004426;8004426%2021-12-16T09:33:00.000Z%,8004173,8000263,;426
2021-12-16T10:20:00.000Z;Münster-Häger;RB;RB 64;64;20212;8004426;8004426%2021-12-16T10:20:00.000Z%,8000518,8004461,8001096,8005712,8000062,8004001,8004613,8000382,8400011,8400012,8400212,;426
2021-12-16T10:33:00.000Z;Münster-Häger;RB;RB 64;64;20209;8004426;8004426%2021-12-16T10:33:00.000Z%,8004173,8000263,;426
2021-12-16T11:20:00.000Z;Münster-Häger;RB;RB 64;64;20214;8004426;8004426%2021-12-16T11:20:00.000Z%,8000518,8004461,8001096,8005712,8000062,8004001,8004613,8000382,8400011,8400012,8400212,;426
2021-12-16T11:33:00.000Z;Münster-Häger;RB;RB 64;64;20211;8004426;8004426%2021-12-16T11:33:00.000Z%,8004173,8000263,;426
2021-12-16T12:20:00.000Z;Münster-Häger;RB;RB 64;64;20216;8004426;8004426%2021-12-16T12:20:00.000Z%,8000518,8004461,8001096,8005712,8000062,8004001,8004613,8000382,8400011,8400012,8400212,;426
2021-12-16T12:33:00.000Z;Münster-Häger;RB;RB 64;64;20213;8004426;8004426%2021-12-16T12:33:00.000Z%,8004173,8000263,;426
2021-12-16T12:49:00.000Z;Münster-Häger;RB;RB 64;64;14984;8004426;8004426%2021-12-16T12:49:00.000Z%,8000518,8004461,8001096,8005712,8000062,8004001,8004613,8000382,;426
2021-12-16T13:20:00.000Z;Münster-Häger;RB;RB 64;64;20218;8004426;8004426%2021-12-16T13:20:00.000Z%,8000518,8004461,8001096,8005712,8000062,8004001,8004613,8000382,8400011,8400012,8400212,;426
2021-12-16T13:33:00.000Z;Münster-Häger;RB;RB 64;64;20215;8004426;8004426%2021-12-16T13:33:00.000Z%,8004173,8000263,;426
2021-12-16T13:49:00.000Z;Münster-Häger;RB;RB 64;64;14986;8004426;8004426%2021-12-16T13:49:00.000Z%,8000518,8004461,8001096,8005712,8000062,8004001,8004613,8000382,;426
2021-12-16T14:03:00.000Z;Münster-Häger;RB;RB 64;64;14993;8004426;8004426%2021-12-16T14:03:00.000Z%,8004173,8000263,;426
2021-12-16T14:20:00.000Z;Münster-Häger;RB;RB 64;64;20220;8004426;8004426%2021-12-16T14:20:00.000Z%,8000518,8004461,8001096,8005712,8000062,8004001,8004613,8000382,8400011,8400012,8400212,;426
2021-12-16T14:33:00.000Z;Münster-Häger;RB;RB 64;64;20217;8004426;8004426%2021-12-16T14:33:00.000Z%,8004173,8000263,;426
2021-12-16T14:49:00.000Z;Münster-Häger;RB;RB 64;64;14988;8004426;8004426%2021-12-16T14:49:00.000Z%,8000518,8004461,8001096,8005712,8000062,8004001,8004613,8000382,;426
2021-12-16T15:03:00.000Z;Münster-Häger;RB;RB 64;64;14995;8004426;8004426%2021-12-16T15:03:00.000Z%,8004173,8000263,;426
2021-12-16T15:20:00.000Z;Münster-Häger;RB;RB 64;64;20222;8004426;8004426%2021-12-16T15:20:00.000Z%,8000518,8004461,8001096,8005712,8000062,8004001,8004613,8000382,8400011,8400012,8400212,;426
2021-12-16T15:33:00.000Z;Münster-Häger;RB;RB 64;64;20219;8004426;8004426%2021-12-16T15:33:00.000Z%,8004173,8000263,;426
2021-12-16T15:49:00.000Z;Münster-Häger;RB;RB 64;64;14990;8004426;8004426%2021-12-16T15:49:00.000Z%,8000518,8004461,8001096,8005712,8000062,8004001,8004613,8000382,;426
2021-12-16T16:03:00.000Z;Münster-Häger;RB;RB 64;64;14997;8004426;8004426%2021-12-16T16:03:00.000Z%,8004173,8000263,;426
2021-12-16T16:20:00.000Z;Münster-Häger;RB;RB 64;64;20224;8004426;8004426%2021-12-16T16:20:00.000Z%,8000518,8004461,8001096,8005712,8000062,8004001,8004613,8000382,8400011,8400012,8400212,;426
2021-12-16T16:33:00.000Z;Münster-Häger;RB;RB 64;64;20221;8004426;8004426%2021-12-16T16:33:00.000Z%,8004173,8000263,;426
2021-12-16T16:49:00.000Z;Münster-Häger;RB;RB 64;64;14992;8004426;8004426%2021-12-16T16:49:00.000Z%,8000518,8004461,8001096,8005712,8000062,8004001,8004613,8000382,;426
2021-12-16T17:03:00.000Z;Münster-Häger;RB;RB 64;64;14999;8004426;8004426%2021-12-16T17:03:00.000Z%,8004173,8000263,;426
2021-12-16T17:20:00.000Z;Münster-Häger;RB;RB 64;64;20226;8004426;8004426%2021-12-16T17:20:00.000Z%,8000518,8004461,8001096,8005712,8000062,8004001,8004613,8000382,8400011,8400012,8400212,;426
2021-12-16T17:33:00.000Z;Münster-Häger;RB;RB 64;64;20223;8004426;8004426%2021-12-16T17:33:00.000Z%,8004173,8000263,;426
2021-12-16T17:49:00.000Z;Münster-Häger;RB;RB 64;64;14994;8004426;8004426%2021-12-16T17:49:00.000Z%,8000518,8004461,8001096,8005712,8000062,8004001,8004613,8000382,;426
2021-12-16T18:20:00.000Z;Münster-Häger;RB;RB 64;64;20228;8004426;8004426%2021-12-16T18:20:00.000Z%,8000518,8004461,8001096,8005712,8000062,8004001,8004613,8000382,8400011,8400012,8400212,;426
2021-12-16T18:33:00.000Z;Münster-Häger;RB;RB 64;64;20225;8004426;8004426%2021-12-16T18:33:00.000Z%,8004173,8000263,;426
2021-12-16T19:20:00.000Z;Münster-Häger;RB;RB 64;64;20230;8004426;8004426%2021-12-16T19:20:00.000Z%,8000518,8004461,8001096,8005712,8000062,8004001,8004613,8000382,8400011,8400012,8400212,;426
2021-12-16T19:33:00.000Z;Münster-Häger;RB;RB 64;64;20227;8004426;8004426%2021-12-16T19:33:00.000Z%,8004173,8000263,;426
2021-12-15T20:23:00.000Z;Neustadt-Böbig;RB;RB 45;45;13613;8004489;8004489%2021-12-15T20:24:00.000Z%1,8000275,;426
2021-12-15T20:34:00.000Z;Neustadt-Böbig;RB;RB 45;45;13612;8004489;8004489%2021-12-15T20:34:00.000Z%0,8004189,8001399,8006125,8000698,;426
2021-12-15T20:49:00.000Z;Neustadt-Böbig;RB;RB 45;45;13615;8004489;8004489%2021-12-15T20:50:00.000Z%1,8000275,;426
2021-12-15T21:24:00.000Z;Neustadt-Böbig;RB;RB 45;45;13614;8004489;8004489%2021-12-15T21:24:00.000Z%,8004189,8001399,8006125,8000698,;426
2021-12-15T21:55:00.000Z;Neustadt-Böbig;RB;RB 45;45;13619;8004489;8004489%2021-12-15T21:55:00.000Z%,8000275,;426
2021-12-16T03:54:00.000Z;Neustadt-Böbig;RB;RB 45;45;13504;8004489;8004489%2021-12-16T03:54:00.000Z%,8004189,8001399,8006125,8000698,;426
2021-12-16T04:40:00.000Z;Neustadt-Böbig;RB;RB 45;45;13501;8004489;8004489%2021-12-16T04:40:00.000Z%,8000275,;426
2021-12-16T04:55:00.000Z;Neustadt-Böbig;RB;RB 45;45;13506;8004489;8004489%2021-12-16T04:55:00.000Z%,8004189,8001399,8006125,8000698,;426
2021-12-16T05:10:00.000Z;Neustadt-Böbig;RB;RB 45;45;13510;8004489;8004489%2021-12-16T05:10:00.000Z%,8004189,8001399,8006125,8000698,;426
2021-12-16T05:18:00.000Z;Neustadt-Böbig;RB;RB 45;45;13503;8004489;8004489%2021-12-16T05:18:00.000Z%,8000275,;426
2021-12-16T05:37:00.000Z;Neustadt-Böbig;RB;RB 45;45;13514;8004489;8004489%2021-12-16T05:37:00.000Z%,8004189,8001399,8006125,8000698,;426
2021-12-16T05:51:00.000Z;Neustadt-Böbig;RB;RB 45;45;13507;8004489;8004489%2021-12-16T05:51:00.000Z%,8000275,;426
2021-12-16T06:04:00.000Z;Neustadt-Böbig;RB;RB 45;45;13509;8004489;8004489%2021-12-16T06:04:00.000Z%,8000275,;426
2021-12-16T06:17:00.000Z;Neustadt-Böbig;RB;RB 45;45;13518;8004489;8004489%2021-12-16T06:17:00.000Z%,8004189,8001399,8006125,8000698,;426
2021-12-16T06:35:00.000Z;Neustadt-Böbig;RB;RB 45;45;13513;8004489;8004489%2021-12-16T06:35:00.000Z%,8000275,;426
2021-12-16T06:46:00.000Z;Neustadt-Böbig;RB;RB 45;45;13522;8004489;8004489%2021-12-16T06:46:00.000Z%,8004189,8001399,8006125,8000698,;426
2021-12-16T06:57:00.000Z;Neustadt-Böbig;RB;RB 45;45;13519;8004489;8004489%2021-12-16T06:57:00.000Z%,8000275,;426
2021-12-16T07:06:00.000Z;Neustadt-Böbig;RB;RB 51;51;12441;8004489;8004489%2021-12-16T07:06:00.000Z%,8000275,8004306,8003809,8001663,8001665,8003349,8000216,8003080,8005146,8005713,8006468,8003172,8006536,8000254,8084067,8003186,8003187,8003183,8000191,;426
2021-12-16T07:08:00.000Z;Neustadt-Böbig;RB;RB 45;45;13526;8004489;8004489%2021-12-16T07:08:00.000Z%,8004189,8001399,8006125,8000698,;426
2021-12-16T07:23:00.000Z;Neustadt-Böbig;RB;RB 45;45;13525;8004489;8004489%2021-12-16T07:23:00.000Z%,8000275,;426
2021-12-16T07:34:00.000Z;Neustadt-Böbig;RB;RB 45;45;13528;8004489;8004489%2021-12-16T07:34:00.000Z%,8004189,8001399,8006125,8000698,;426
2021-12-16T07:49:00.000Z;Neustadt-Böbig;RB;RB 45;45;13527;8004489;8004489%2021-12-16T07:49:00.000Z%,8000275,;426
2021-12-16T08:08:00.000Z;Neustadt-Böbig;RB;RB 45;45;13534;8004489;8004489%2021-12-16T08:08:00.000Z%,8004189,8001399,8006125,8000698,;426
2021-12-16T08:23:00.000Z;Neustadt-Böbig;RB;RB 45;45;13531;8004489;8004489%2021-12-16T08:23:00.000Z%,8000275,;426
2021-12-16T08:34:00.000Z;Neustadt-Böbig;RB;RB 45;45;13536;8004489;8004489%2021-12-16T08:34:00.000Z%,8004189,8001399,8006125,8000698,;426
2021-12-16T08:49:00.000Z;Neustadt-Böbig;RB;RB 45;45;13533;8004489;8004489%2021-12-16T08:49:00.000Z%,8000275,;426
2021-12-16T09:08:00.000Z;Neustadt-Böbig;RB;RB 45;45;13540;8004489;8004489%2021-12-16T09:08:00.000Z%,8004189,8001399,8006125,8000698,;426
2021-12-16T09:23:00.000Z;Neustadt-Böbig;RB;RB 45;45;13537;8004489;8004489%2021-12-16T09:23:00.000Z%,8000275,;426
2021-12-16T09:34:00.000Z;Neustadt-Böbig;RB;RB 45;45;13542;8004489;8004489%2021-12-16T09:34:00.000Z%,8004189,8001399,8006125,8000698,;426
2021-12-16T09:49:00.000Z;Neustadt-Böbig;RB;RB 45;45;13539;8004489;8004489%2021-12-16T09:49:00.000Z%,8000275,;426
2021-12-16T10:08:00.000Z;Neustadt-Böbig;RB;RB 45;45;13548;8004489;8004489%2021-12-16T10:08:00.000Z%,8004189,8001399,8006125,8000698,;426
2021-12-16T10:23:00.000Z;Neustadt-Böbig;RB;RB 45;45;13543;8004489;8004489%2021-12-16T10:23:00.000Z%,8000275,;426
2021-12-16T10:34:00.000Z;Neustadt-Böbig;RB;RB 45;45;13550;8004489;8004489%2021-12-16T10:34:00.000Z%,8004189,8001399,8006125,8000698,;426
2021-12-16T10:49:00.000Z;Neustadt-Böbig;RB;RB 45;45;13545;8004489;8004489%2021-12-16T10:49:00.000Z%,8000275,;426
2021-12-16T11:08:00.000Z;Neustadt-Böbig;RB;RB 45;45;13554;8004489;8004489%2021-12-16T11:08:00.000Z%,8004189,8001399,8006125,8000698,;426
2021-12-16T11:23:00.000Z;Neustadt-Böbig;RB;RB 45;45;13549;8004489;8004489%2021-12-16T11:23:00.000Z%,8000275,;426
2021-12-16T11:34:00.000Z;Neustadt-Böbig;RB;RB 45;45;13556;8004489;8004489%2021-12-16T11:34:00.000Z%,8004189,8001399,8006125,8000698,;426
2021-12-16T11:49:00.000Z;Neustadt-Böbig;RB;RB 45;45;13551;8004489;8004489%2021-12-16T11:49:00.000Z%,8000275,;426
2021-12-16T12:08:00.000Z;Neustadt-Böbig;RB;RB 45;45;13562;8004489;8004489%2021-12-16T12:08:00.000Z%,8004189,8001399,8006125,8000698,;426
2021-12-16T12:24:00.000Z;Neustadt-Böbig;RB;RB 45;45;13555;8004489;8004489%2021-12-16T12:24:00.000Z%,8000275,;426
2021-12-16T12:34:00.000Z;Neustadt-Böbig;RB;RB 45;45;13566;8004489;8004489%2021-12-16T12:34:00.000Z%,8004189,8001399,8006125,8000698,;426
2021-12-16T12:49:00.000Z;Neustadt-Böbig;RB;RB 45;45;13557;8004489;8004489%2021-12-16T12:49:00.000Z%,8000275,;426
2021-12-16T13:08:00.000Z;Neustadt-Böbig;RB;RB 45;45;13570;8004489;8004489%2021-12-16T13:08:00.000Z%,8004189,8001399,8006125,8000698,;426
2021-12-16T13:23:00.000Z;Neustadt-Böbig;RB;RB 45;45;13565;8004489;8004489%2021-12-16T13:23:00.000Z%,8000275,;426
2021-12-16T13:34:00.000Z;Neustadt-Böbig;RB;RB 45;45;13572;8004489;8004489%2021-12-16T13:34:00.000Z%,8004189,8001399,8006125,8000698,;426
2021-12-16T13:49:00.000Z;Neustadt-Böbig;RB;RB 45;45;13567;8004489;8004489%2021-12-16T13:49:00.000Z%,8000275,;426
2021-12-16T14:08:00.000Z;Neustadt-Böbig;RB;RB 45;45;13576;8004489;8004489%2021-12-16T14:08:00.000Z%,8004189,8001399,8006125,8000698,;426
2021-12-16T14:23:00.000Z;Neustadt-Böbig;RB;RB 45;45;13573;8004489;8004489%2021-12-16T14:23:00.000Z%,8000275,;426
2021-12-16T14:34:00.000Z;Neustadt-Böbig;RB;RB 45;45;13578;8004489;8004489%2021-12-16T14:34:00.000Z%,8004189,8001399,8006125,8000698,;426
2021-12-16T14:49:00.000Z;Neustadt-Böbig;RB;RB 45;45;13575;8004489;8004489%2021-12-16T14:49:00.000Z%,8000275,;426
2021-12-16T15:08:00.000Z;Neustadt-Böbig;RB;RB 45;45;13582;8004489;8004489%2021-12-16T15:08:00.000Z%,8004189,8001399,8006125,8000698,;426
2021-12-16T15:23:00.000Z;Neustadt-Böbig;RB;RB 45;45;13579;8004489;8004489%2021-12-16T15:23:00.000Z%,8000275,;426
2021-12-16T15:34:00.000Z;Neustadt-Böbig;RB;RB 45;45;13584;8004489;8004489%2021-12-16T15:34:00.000Z%,8004189,8001399,8006125,8000698,;426
2021-12-16T15:49:00.000Z;Neustadt-Böbig;RB;RB 45;45;13581;8004489;8004489%2021-12-16T15:49:00.000Z%,8000275,;426
2021-12-16T16:08:00.000Z;Neustadt-Böbig;RB;RB 45;45;13588;8004489;8004489%2021-12-16T16:08:00.000Z%,8004189,8001399,8006125,8000698,;426
2021-12-16T16:23:00.000Z;Neustadt-Böbig;RB;RB 45;45;13585;8004489;8004489%2021-12-16T16:23:00.000Z%,8000275,;426
2021-12-16T16:34:00.000Z;Neustadt-Böbig;RB;RB 45;45;13590;8004489;8004489%2021-12-16T16:34:00.000Z%,8004189,8001399,8006125,8000698,;426
2021-12-16T16:49:00.000Z;Neustadt-Böbig;RB;RB 45;45;13589;8004489;8004489%2021-12-16T16:49:00.000Z%,8000275,;426
2021-12-16T17:08:00.000Z;Neustadt-Böbig;RB;RB 45;45;13594;8004489;8004489%2021-12-16T17:08:00.000Z%,8004189,8001399,8006125,8000698,;426
2021-12-16T17:23:00.000Z;Neustadt-Böbig;RB;RB 45;45;13593;8004489;8004489%2021-12-16T17:23:00.000Z%,8000275,;426
2021-12-16T17:34:00.000Z;Neustadt-Böbig;RB;RB 45;45;13596;8004489;8004489%2021-12-16T17:34:00.000Z%,8004189,8001399,8006125,8000698,;426
2021-12-16T17:49:00.000Z;Neustadt-Böbig;RB;RB 45;45;13595;8004489;8004489%2021-12-16T17:49:00.000Z%,8000275,;426
2021-12-16T18:08:00.000Z;Neustadt-Böbig;RB;RB 45;45;13600;8004489;8004489%2021-12-16T18:08:00.000Z%,8004189,8001399,8006125,8000698,;426
2021-12-16T18:23:00.000Z;Neustadt-Böbig;RB;RB 45;45;13601;8004489;8004489%2021-12-16T18:23:00.000Z%,8000275,;426
2021-12-16T18:34:00.000Z;Neustadt-Böbig;RB;RB 45;45;13602;8004489;8004489%2021-12-16T18:34:00.000Z%,8004189,8001399,8006125,8000698,;426
2021-12-16T18:49:00.000Z;Neustadt-Böbig;RB;RB 45;45;13603;8004489;8004489%2021-12-16T18:49:00.000Z%,8000275,;426
2021-12-16T19:08:00.000Z;Neustadt-Böbig;RB;RB 45;45;13606;8004489;8004489%2021-12-16T19:08:00.000Z%,8004189,8001399,8006125,8000698,;426
2021-12-16T19:23:00.000Z;Neustadt-Böbig;RB;RB 45;45;13607;8004489;8004489%2021-12-16T19:23:00.000Z%,8000275,;426
2021-12-16T19:34:00.000Z;Neustadt-Böbig;RB;RB 45;45;13608;8004489;8004489%2021-12-16T19:34:00.000Z%,8004189,8001399,8006125,8000698,;426
2021-12-16T19:49:00.000Z;Neustadt-Böbig;RB;RB 45;45;13609;8004489;8004489%2021-12-16T19:49:00.000Z%,8000275,;426
2021-12-16T20:08:00.000Z;Neustadt-Böbig;RB;RB 45;45;13610;8004489;8004489%2021-12-16T20:08:00.000Z%,8004189,8001399,8006125,8000698,;426
2021-12-15T20:24:00.000Z;Oberbrechen;RB;RB 22;22;15286;8004518;8004518%2021-12-15T20:26:00.000Z%2,8004364,8003696,8001883,8000229,;426
2021-12-15T21:24:00.000Z;Oberbrechen;RB;RB 22;22;15288;8004518;8004518%2021-12-15T21:25:00.000Z%1,8004364,8003696,8001883,8000229,;426
2021-12-15T21:33:00.000Z;Oberbrechen;RB;RB 22;22;15285;8004518;8004518%2021-12-15T21:33:00.000Z%,8004409,8001322,8006535,8003041,8004400,8002935,8000106,8000105,;426
2021-12-15T22:24:00.000Z;Oberbrechen;RB;RB 22;22;15290;8004518;8004518%2021-12-15T22:24:00.000Z%,8004364,8003696,8001883,8000229,;426
2021-12-16T00:26:00.000Z;Oberbrechen;RB;RB 22;22;15294;8004518;8004518%2021-12-16T00:26:00.000Z%,8004364,8003696,8001883,8000229,;426
2021-12-16T03:33:00.000Z;Oberbrechen;RB;RB 22;22;15241;8004518;8004518%2021-12-16T03:33:00.000Z%,8004409,8001322,8006535,8003041,8004400,8002935,8000106,8000105,;426
2021-12-16T04:03:00.000Z;Oberbrechen;RB;RB 22;22;15243;8004518;8004518%2021-12-16T04:03:00.000Z%,8004409,8001322,8006535,8003041,8004400,8002935,8000106,8000105,;426
2021-12-16T04:33:00.000Z;Oberbrechen;RB;RB 22;22;15245;8004518;8004518%2021-12-16T04:33:00.000Z%,8004409,8001322,8006535,8003041,8004400,8002935,8000106,8000105,;426
2021-12-16T04:47:00.000Z;Oberbrechen;RB;RB 22;22;15247;8004518;8004518%2021-12-16T04:47:00.000Z%,8004409,8001322,8006535,8003041,8004400,8002935,8000106,8000105,;426
2021-12-16T05:17:00.000Z;Oberbrechen;RB;RB 22;22;15249;8004518;8004518%2021-12-16T05:17:00.000Z%,8004409,8001322,8006535,8003041,8004400,8002935,8000106,8000105,;426
2021-12-16T05:47:00.000Z;Oberbrechen;RB;RB 22;22;15253;8004518;8004518%2021-12-16T05:47:00.000Z%,8004409,8001322,8006535,8003041,8004400,8002935,8000106,8000105,;426
2021-12-16T05:54:00.000Z;Oberbrechen;RB;RB 22;22;15240;8004518;8004518%2021-12-16T05:54:00.000Z%,8004364,8003696,8001883,8000229,;426
2021-12-16T06:09:00.000Z;Oberbrechen;RB;RB 22;22;15242;8004518;8004518%2021-12-16T06:09:00.000Z%,8004364,8003696,8001883,8000229,;426
2021-12-16T06:33:00.000Z;Oberbrechen;RB;RB 22;22;15255;8004518;8004518%2021-12-16T06:33:00.000Z%,8004409,8001322,8006535,8003041,8004400,8002935,8000106,8000105,;426
2021-12-16T06:39:00.000Z;Oberbrechen;RB;RB 22;22;15246;8004518;8004518%2021-12-16T06:39:00.000Z%,8004364,8003696,8001883,8000229,;426
2021-12-16T07:24:00.000Z;Oberbrechen;RB;RB 22;22;15248;8004518;8004518%2021-12-16T07:24:00.000Z%,8004364,8003696,8001883,8000229,;426
2021-12-16T07:33:00.000Z;Oberbrechen;RB;RB 22;22;15257;8004518;8004518%2021-12-16T07:33:00.000Z%,8004409,8001322,8006535,8003041,8004400,8002935,8000106,8000105,;426
2021-12-16T08:24:00.000Z;Oberbrechen;RB;RB 22;22;15250;8004518;8004518%2021-12-16T08:24:00.000Z%,8004364,8003696,8001883,8000229,;426
2021-12-16T08:33:00.000Z;Oberbrechen;RB;RB 22;22;15259;8004518;8004518%2021-12-16T08:33:00.000Z%,8004409,8001322,8006535,8003041,8004400,8002935,8000106,8000105,;426
2021-12-16T09:24:00.000Z;Oberbrechen;RB;RB 22;22;15252;8004518;8004518%2021-12-16T09:24:00.000Z%,8004364,8003696,8001883,8000229,;426
2021-12-16T09:33:00.000Z;Oberbrechen;RB;RB 22;22;15261;8004518;8004518%2021-12-16T09:33:00.000Z%,8004409,8001322,8006535,8003041,8004400,8002935,8000106,8000105,;426
2021-12-16T10:24:00.000Z;Oberbrechen;RB;RB 22;22;15254;8004518;8004518%2021-12-16T10:24:00.000Z%,8004364,8003696,8001883,8000229,;426
2021-12-16T10:33:00.000Z;Oberbrechen;RB;RB 22;22;15263;8004518;8004518%2021-12-16T10:33:00.000Z%,8004409,8001322,8006535,8003041,8004400,8002935,8000106,8000105,;426
2021-12-16T11:24:00.000Z;Oberbrechen;RB;RB 22;22;15256;8004518;8004518%2021-12-16T11:24:00.000Z%,8004364,8003696,8001883,8000229,;426
2021-12-16T11:33:00.000Z;Oberbrechen;RB;RB 22;22;15265;8004518;8004518%2021-12-16T11:33:00.000Z%,8004409,8001322,8006535,8003041,8004400,8002935,8000106,8000105,;426
2021-12-16T12:24:00.000Z;Oberbrechen;RB;RB 22;22;15258;8004518;8004518%2021-12-16T12:24:00.000Z%,8004364,8003696,8001883,8000229,;426
2021-12-16T12:33:00.000Z;Oberbrechen;RB;RB 22;22;15267;8004518;8004518%2021-12-16T12:33:00.000Z%,8004409,8001322,8006535,8003041,8004400,8002935,8000106,8000105,;426
2021-12-16T13:24:00.000Z;Oberbrechen;RB;RB 22;22;15260;8004518;8004518%2021-12-16T13:24:00.000Z%,8004364,8003696,8001883,8000229,;426
2021-12-16T13:33:00.000Z;Oberbrechen;RB;RB 22;22;15269;8004518;8004518%2021-12-16T13:33:00.000Z%,8004409,8001322,8006535,8003041,8004400,8002935,8000106,8000105,;426
2021-12-16T14:24:00.000Z;Oberbrechen;RB;RB 22;22;15262;8004518;8004518%2021-12-16T14:24:00.000Z%,8004364,8003696,8001883,8000229,;426
2021-12-16T14:33:00.000Z;Oberbrechen;RB;RB 22;22;15271;8004518;8004518%2021-12-16T14:33:00.000Z%,8004409,8001322,8006535,8003041,8004400,8002935,8000106,8000105,;426
2021-12-16T15:09:00.000Z;Oberbrechen;RB;RB 22;22;15264;8004518;8004518%2021-12-16T15:09:00.000Z%,8004364,8003696,8001883,8000229,;426
2021-12-16T15:33:00.000Z;Oberbrechen;RB;RB 22;22;15273;8004518;8004518%2021-12-16T15:33:00.000Z%,8004409,8001322,8006535,8003041,8004400,8002935,8000106,8000105,;426
2021-12-16T15:39:00.000Z;Oberbrechen;RB;RB 22;22;15268;8004518;8004518%2021-12-16T15:39:00.000Z%,8004364,8003696,8001883,8000229,;426
2021-12-16T16:09:00.000Z;Oberbrechen;RB;RB 22;22;15270;8004518;8004518%2021-12-16T16:09:00.000Z%,8004364,8003696,8001883,8000229,;426
2021-12-16T16:33:00.000Z;Oberbrechen;RB;RB 22;22;15275;8004518;8004518%2021-12-16T16:33:00.000Z%,8004409,8001322,8006535,8003041,8004400,8002935,8000106,8000105,;426
2021-12-16T16:39:00.000Z;Oberbrechen;RB;RB 22;22;15274;8004518;8004518%2021-12-16T16:39:00.000Z%,8004364,8003696,8001883,8000229,;426
2021-12-16T17:09:00.000Z;Oberbrechen;RB;RB 22;22;15276;8004518;8004518%2021-12-16T17:09:00.000Z%,8004364,8003696,8001883,8000229,;426
2021-12-16T17:33:00.000Z;Oberbrechen;RB;RB 22;22;15277;8004518;8004518%2021-12-16T17:33:00.000Z%,8004409,8001322,8006535,8003041,8004400,8002935,8000106,8000105,;426
2021-12-16T17:39:00.000Z;Oberbrechen;RB;RB 22;22;15280;8004518;8004518%2021-12-16T17:39:00.000Z%,8004364,8003696,8001883,8000229,;426
2021-12-16T18:24:00.000Z;Oberbrechen;RB;RB 22;22;15282;8004518;8004518%2021-12-16T18:24:00.000Z%,8004364,8003696,8001883,8000229,;426
2021-12-16T18:33:00.000Z;Oberbrechen;RB;RB 22;22;15279;8004518;8004518%2021-12-16T18:33:00.000Z%,8004409,8001322,8006535,8003041,8004400,8002935,8000106,8000105,;426
2021-12-16T19:24:00.000Z;Oberbrechen;RB;RB 22;22;15284;8004518;8004518%2021-12-16T19:24:00.000Z%,8004364,8003696,8001883,8000229,;426
2021-12-16T19:33:00.000Z;Oberbrechen;RB;RB 22;22;15281;8004518;8004518%2021-12-16T19:33:00.000Z%,8004409,8001322,8006535,8003041,8004400,8002935,8000106,8000105,;426
2021-12-15T20:18:00.000Z;Oberhausen-Sterkrade;RE;RE 19;19;20036;8004542;8004542%2021-12-15T20:18:00.000Z%0,8004540,8001469,8006098,8002109,8000242,8006356,8003943,8002536,8001780,8004024,8004878,8001773,8400735,8400071,;602
2021-12-15T21:18:00.000Z;Oberhausen-Sterkrade;RE;RE 19;19;20038;8004542;8004542%2021-12-15T21:18:00.000Z%0,8004540,8001469,8006098,8002109,8000242,8006356,8003943,8002536,8001780,8004024,8004878,8001773,8400735,8400071,;602
2021-12-15T22:18:00.000Z;Oberhausen-Sterkrade;RE;RE 19;19;20040;8004542;8004542%2021-12-15T22:18:00.000Z%,8004540,8001469,8006098,8002109,8000242,8006356,8003943,8002536,8001780,8004024,8004878,8001773,8400735,8400071,;602
2021-12-15T23:18:00.000Z;Oberhausen-Sterkrade;RE;RE 19;19;20042;8004542;8004542%2021-12-15T23:18:00.000Z%0,8004540,8001469,8006098,8002109,8000242,8006356,8003943,8002536,8001780,8004024,8004878,8001773,;602
2021-12-16T00:18:00.000Z;Oberhausen-Sterkrade;RE;RE 19;19;20000;8004542;8004542%2021-12-16T00:18:00.000Z%,8004540,8001469,8006098,8002109,8000242,8006356,8003943,8002536,8001780,8004024,8004878,8001773,;602
2021-12-16T01:18:00.000Z;Oberhausen-Sterkrade;RE;RE 19;19;20002;8004542;8004542%2021-12-16T01:18:00.000Z%,8004540,8001469,8006098,8002109,8000242,;602
2021-12-16T03:45:00.000Z;Oberhausen-Sterkrade;RE;RE 19;19;1905;8004542;8004542%2021-12-16T03:45:00.000Z%,8000286,;602
2021-12-16T04:18:00.000Z;Oberhausen-Sterkrade;RE;RE 19;19;20055;8004542;8004542%2021-12-16T04:18:00.000Z%,8004540,8001469,8006098,8002109,8000242,8006356,8003943,8002536,8001780,8004024,8004878,8001773,8400735,8400071,;602
2021-12-15T20:49:00.000Z;Obernhof(Lahn);RB;RB 23;23;12633;8004567;8004567%2021-12-15T20:53:00.000Z%4,8003593,8000786,8001950,8001457,8000229,;426
2021-12-15T21:49:00.000Z;Obernhof(Lahn);RB;RB 23;23;12635;8004567;8004567%2021-12-15T21:50:00.000Z%1,8003593,8000786,8001950,8001457,8000229,;426
2021-12-15T22:11:00.000Z;Obernhof(Lahn);RB;RB 23;23;12994;8004567;8004567%2021-12-15T22:11:00.000Z%,8004206,8001389,8000701,8000702,8004435,8002114,8000278,8000206,;426
2021-12-15T22:56:00.000Z;Obernhof(Lahn);RB;RB 23;23;12637;8004567;8004567%2021-12-15T22:56:00.000Z%,8003593,8000786,8001950,8001457,8000229,;426
2021-12-16T04:11:00.000Z;Obernhof(Lahn);RB;RB 23;23;12600;8004567;8004567%2021-12-16T04:11:00.000Z%,8004206,8001389,8000701,8000702,8004435,8002114,8000278,8000206,8003341,8006035,8006303,8000331,;426
2021-12-16T04:19:00.000Z;Obernhof(Lahn);RB;RB 23;23;12641;8004567;8004567%2021-12-16T04:19:00.000Z%,8003593,8000786,8001950,8001457,8000229,;426
2021-12-16T04:41:00.000Z;Obernhof(Lahn);RB;RB 23;23;12690;8004567;8004567%2021-12-16T04:41:00.000Z%,8004206,8001389,8000701,8000702,8004435,8002114,8000278,8000206,;426
2021-12-16T04:49:00.000Z;Obernhof(Lahn);RB;RB 23;23;12601;8004567;8004567%2021-12-16T04:49:00.000Z%,8003593,8000786,8001950,8001457,8000229,;426
2021-12-16T05:11:00.000Z;Obernhof(Lahn);RB;RB 23;23;12602;8004567;8004567%2021-12-16T05:11:00.000Z%,8004206,8001389,8000701,8000702,8004435,8002114,8000278,8000206,;426
2021-12-16T05:35:00.000Z;Obernhof(Lahn);RB;RB 23;23;12699;8004567;8004567%2021-12-16T05:35:00.000Z%,8003593,8000786,8001950,8001457,8000229,;426
2021-12-16T05:41:00.000Z;Obernhof(Lahn);RB;RB 23;23;12692;8004567;8004567%2021-12-16T05:41:00.000Z%,8004206,8001389,8000701,8000702,8004435,8002114,8000278,8000206,8003341,8006035,8006303,8000331,;426
2021-12-16T05:49:00.000Z;Obernhof(Lahn);RB;RB 23;23;12603;8004567;8004567%2021-12-16T05:49:00.000Z%,8003593,8000786,8001950,8001457,8000229,;426
2021-12-16T05:53:00.000Z;Obernhof(Lahn);RB;RB 23;23;12642;8004567;8004567%2021-12-16T05:53:00.000Z%,8004206,8001389,8000701,8000702,8004435,8002114,8000278,8000206,;426
2021-12-16T06:11:00.000Z;Obernhof(Lahn);RB;RB 23;23;12604;8004567;8004567%2021-12-16T06:11:00.000Z%,8004206,8001389,8000701,8000702,8004435,8002114,8000278,8000206,8003341,8006035,8000331,8004020,8004826,8003455,8004393,8005865,8003415,8000248,;426
2021-12-16T06:41:00.000Z;Obernhof(Lahn);RB;RB 23;23;12694;8004567;8004567%2021-12-16T06:41:00.000Z%,8004206,8001389,8000701,8000702,8004435,8002114,8000278,8000206,;426
2021-12-16T06:49:00.000Z;Obernhof(Lahn);RB;RB 23;23;12605;8004567;8004567%2021-12-16T06:49:00.000Z%,8003593,8000786,8001950,8001457,8000229,;426
2021-12-16T07:11:00.000Z;Obernhof(Lahn);RB;RB 23;23;12606;8004567;8004567%2021-12-16T07:11:00.000Z%,8004206,8001389,8000701,8000702,8004435,8002114,8000278,8000206,8003341,8006035,8006303,8000331,8004020,8004826,8003455,8004393,8005865,8003415,8000248,;426
2021-12-16T08:03:00.000Z;Obernhof(Lahn);RB;RB 23;23;12607;8004567;8004567%2021-12-16T08:03:00.000Z%,8003593,8000786,8001950,8001457,8000229,;426
2021-12-16T08:11:00.000Z;Obernhof(Lahn);RB;RB 23;23;12608;8004567;8004567%2021-12-16T08:11:00.000Z%,8004206,8001389,8000701,8000702,8004435,8002114,8000278,8000206,8003341,8006035,8006303,8000331,8004020,8004826,8003455,8004393,8005865,8003415,8000248,;426
2021-12-16T08:49:00.000Z;Obernhof(Lahn);RB;RB 23;23;12609;8004567;8004567%2021-12-16T08:49:00.000Z%,8003593,8000786,8001950,8001457,8000229,;426
2021-12-16T09:11:00.000Z;Obernhof(Lahn);RB;RB 23;23;12610;8004567;8004567%2021-12-16T09:11:00.000Z%,8004206,8001389,8000701,8000702,8004435,8002114,8000278,8000206,8003341,8006035,8006303,8000331,8004020,8004826,8003455,8004393,8005865,8003415,8000248,;426
2021-12-16T09:49:00.000Z;Obernhof(Lahn);RB;RB 23;23;12611;8004567;8004567%2021-12-16T09:49:00.000Z%,8003593,8000786,8001950,8001457,8000229,;426
2021-12-16T10:11:00.000Z;Obernhof(Lahn);RB;RB 23;23;12612;8004567;8004567%2021-12-16T10:11:00.000Z%,8004206,8001389,8000701,8000702,8004435,8002114,8000278,8000206,8003341,8006035,8006303,8000331,8004020,8004826,8003455,8004393,8005865,8003415,8000248,;426
2021-12-16T10:49:00.000Z;Obernhof(Lahn);RB;RB 23;23;12613;8004567;8004567%2021-12-16T10:49:00.000Z%,8003593,8000786,8001950,8001457,8000229,;426
2021-12-16T11:11:00.000Z;Obernhof(Lahn);RB;RB 23;23;12614;8004567;8004567%2021-12-16T11:11:00.000Z%,8004206,8001389,8000701,8000702,8004435,8002114,8000278,8000206,8003341,8006035,8006303,8000331,;426
2021-12-16T11:49:00.000Z;Obernhof(Lahn);RB;RB 23;23;12615;8004567;8004567%2021-12-16T11:49:00.000Z%,8003593,8000786,8001950,8001457,8000229,;426
2021-12-16T12:11:00.000Z;Obernhof(Lahn);RB;RB 23;23;12616;8004567;8004567%2021-12-16T12:11:00.000Z%,8004206,8001389,8000701,8000702,8004435,8002114,8000278,8000206,8003341,8006035,8000331,8004020,8004826,8003455,8004393,8005865,8003415,8000248,;426
2021-12-16T12:41:00.000Z;Obernhof(Lahn);RB;RB 23;23;12696;8004567;8004567%2021-12-16T12:41:00.000Z%,8004206,8001389,8000701,8000702,8004435,8002114,8000278,8000206,;426
2021-12-16T12:49:00.000Z;Obernhof(Lahn);RB;RB 23;23;12617;8004567;8004567%2021-12-16T12:49:00.000Z%,8003593,8000786,8001950,8001457,8000229,;426
2021-12-16T13:11:00.000Z;Obernhof(Lahn);RB;RB 23;23;12618;8004567;8004567%2021-12-16T13:11:00.000Z%,8004206,8001389,8000701,8000702,8004435,8002114,8000278,8000206,8003341,8006035,8006303,8000331,8004020,8004826,8003455,8004393,8005865,8003415,8000248,;426
2021-12-16T13:19:00.000Z;Obernhof(Lahn);RB;RB 23;23;12647;8004567;8004567%2021-12-16T13:19:00.000Z%,8003593,8000786,8001950,8001457,8000229,;426
2021-12-16T14:06:00.000Z;Obernhof(Lahn);RB;RB 23;23;12619;8004567;8004567%2021-12-16T14:06:00.000Z%,8003593,8000786,8001950,8001457,8000229,;426
2021-12-16T14:11:00.000Z;Obernhof(Lahn);RB;RB 23;23;12620;8004567;8004567%2021-12-16T14:11:00.000Z%,8004206,8001389,8000701,8000702,8004435,8002114,8000278,8000206,8003341,8006035,8006303,8000331,8004020,8004826,8003455,8004393,8005865,8003415,8000248,;426
2021-12-16T14:49:00.000Z;Obernhof(Lahn);RB;RB 23;23;12621;8004567;8004567%2021-12-16T14:49:00.000Z%,8003593,8000786,8001950,8001457,8000229,;426
2021-12-16T15:11:00.000Z;Obernhof(Lahn);RB;RB 23;23;12622;8004567;8004567%2021-12-16T15:11:00.000Z%,8004206,8001389,8000701,8000702,8004435,8002114,8000278,8000206,8003341,8006035,8006303,8000331,8004020,8004826,8003455,8004393,8005865,8003415,8000248,;426
2021-12-16T15:49:00.000Z;Obernhof(Lahn);RB;RB 23;23;12623;8004567;8004567%2021-12-16T15:49:00.000Z%,8003593,8000786,8001950,8001457,8000229,;426
2021-12-16T16:11:00.000Z;Obernhof(Lahn);RB;RB 23;23;12624;8004567;8004567%2021-12-16T16:11:00.000Z%,8004206,8001389,8000701,8000702,8004435,8002114,8000278,8000206,8003341,8006035,8006303,8000331,8004020,8004826,8003455,8004393,8005865,8003415,8000248,;426
2021-12-16T16:19:00.000Z;Obernhof(Lahn);RB;RB 23;23;12693;8004567;8004567%2021-12-16T16:19:00.000Z%,8003593,8000786,8001950,8001457,8000229,;426
2021-12-16T16:49:00.000Z;Obernhof(Lahn);RB;RB 23;23;12625;8004567;8004567%2021-12-16T16:49:00.000Z%,8003593,8000786,8001950,8001457,8000229,;426
2021-12-16T17:11:00.000Z;Obernhof(Lahn);RB;RB 23;23;12626;8004567;8004567%2021-12-16T17:11:00.000Z%,8004206,8001389,8000701,8000702,8004435,8002114,8000278,8000206,8003341,8006035,8006303,8000331,8004020,8004826,8003455,8004393,8005865,8003415,8000248,;426
2021-12-16T17:19:00.000Z;Obernhof(Lahn);RB;RB 23;23;12695;8004567;8004567%2021-12-16T17:19:00.000Z%,8003593,8000786,8001950,8001457,8000229,;426
2021-12-16T17:49:00.000Z;Obernhof(Lahn);RB;RB 23;23;12627;8004567;8004567%2021-12-16T17:49:00.000Z%,8003593,8000786,8001950,8001457,8000229,;426
2021-12-16T18:11:00.000Z;Obernhof(Lahn);RB;RB 23;23;12628;8004567;8004567%2021-12-16T18:11:00.000Z%,8004206,8001389,8000701,8000702,8004435,8002114,8000278,8000206,8003341,8006035,8006303,8000331,8004020,8004826,8003455,8004393,8005865,8003415,8000248,;426
2021-12-16T18:19:00.000Z;Obernhof(Lahn);RB;RB 23;23;12697;8004567;8004567%2021-12-16T18:19:00.000Z%,8003593,8000786,8001950,8001457,8000229,;426
2021-12-16T18:49:00.000Z;Obernhof(Lahn);RB;RB 23;23;12629;8004567;8004567%2021-12-16T18:49:00.000Z%,8003593,8000786,8001950,8001457,8000229,;426
2021-12-16T19:11:00.000Z;Obernhof(Lahn);RB;RB 23;23;12630;8004567;8004567%2021-12-16T19:11:00.000Z%,8004206,8001389,8000701,8000702,8004435,8002114,8000278,8000206,8003341,8006035,8006303,8000331,8004020,8004826,8003455,8004393,8005865,8003415,8000248,;426
2021-12-16T19:49:00.000Z;Obernhof(Lahn);RB;RB 23;23;12631;8004567;8004567%2021-12-16T19:49:00.000Z%,8003593,8000786,8001950,8001457,8000229,;426
2021-12-16T20:11:00.000Z;Obernhof(Lahn);RB;RB 23;23;12632;8004567;8004567%2021-12-16T20:11:00.000Z%,8004206,8001389,8000701,8000702,8004435,8002114,8000278,8000206,8003341,8006035,8006303,8000331,8004020,8004826,8003455,8004393,8005865,8003415,8000248,;426
2021-12-15T20:21:00.000Z;Oelde;RE;RE 6;6;91838;8004626;8004626%2021-12-15T20:21:00.000Z%0,8004251,8000441,8002680,8000149,8003168,8000080,8000041,8006226,8000098,8000259,8000086,8000082,8000085,8073368,8003330,;602
2021-12-15T20:37:00.000Z;Oelde;RE;RE 6;6;91835;8004626;8004626%2021-12-15T20:37:00.000Z%0,8000315,8002461,8000036,8000162,8000233,8000732,8004868,8000252,;602
2021-12-15T20:49:00.000Z;Oelde;RB;RB 69;69;90090;8004626;8004626%2021-12-15T20:49:00.000Z%0,8004251,8000441,8002680,8000149,8001045,8003986,8001558,8005102,8002841,8000263,;426
2021-12-15T21:07:00.000Z;Oelde;RB;RB 69;69;90085;8004626;8004626%2021-12-15T21:07:00.000Z%0,8000315,8002461,8003096,8000048,8000036,;426
2021-12-15T21:21:00.000Z;Oelde;RE;RE 6;6;89740;8004626;8004626%2021-12-15T21:21:00.000Z%0,8004251,8000441,8002680,8000149,8003168,8000080,8000041,8006226,8000098,8000259,8000086,8000082,8000085,;602
2021-12-15T21:37:00.000Z;Oelde;RE;RE 6;6;91837;8004626;8004626%2021-12-15T21:37:00.000Z%0,8000315,8002461,8000036,8000162,8000233,8000732,8004868,8000252,;602
2021-12-15T22:21:00.000Z;Oelde;RE;RE 6;6;89742;8004626;8004626%2021-12-15T22:21:00.000Z%,8004251,8000441,8002680,8000149,8003168,8000080,8000041,8006226,8000098,8000259,8000086,8000082,8000085,;602
2021-12-15T22:37:00.000Z;Oelde;RE;RE 6;6;91839;8004626;8004626%2021-12-15T22:38:00.000Z%1,8000315,8002461,8000048,8000036,;602
2021-12-15T23:29:00.000Z;Oelde;RB;RB 69;69;89996;8004626;8004626%2021-12-15T23:29:00.000Z%,8004251,8000441,8002680,8000149,;426
2021-12-16T00:26:00.000Z;Oelde;RB;RB 69;69;89997;8004626;8004626%2021-12-16T00:26:00.000Z%,8000315,8002461,8003096,8000048,8000036,;426
2021-12-16T04:07:00.000Z;Oelde;RB;RB 69;69;89963;8004626;8004626%2021-12-16T04:07:00.000Z%,8000315,8002461,8003096,8000048,8000036,;426
2021-12-16T04:21:00.000Z;Oelde;RE;RE 6;6;91806;8004626;8004626%2021-12-16T04:21:00.000Z%,8004251,8000441,8002680,8000149,8003168,8000080,8000041,8006226,8000098,8000259,8000086,8000082,8000085,8073368,8003330,;602
2021-12-16T04:37:00.000Z;Oelde;RE;RE 6;6;89703;8004626;8004626%2021-12-16T04:37:00.000Z%,8000315,8002461,8000036,8000162,8000233,8000732,8004868,8000252,;602
2021-12-16T04:49:00.000Z;Oelde;RB;RB 69;69;89964;8004626;8004626%2021-12-16T04:49:00.000Z%,8004251,8000441,8002680,8000149,8001045,8003986,8001558,8005102,8002841,8000263,;426
2021-12-16T05:07:00.000Z;Oelde;RB;RB 69;69;89965;8004626;8004626%2021-12-16T05:07:00.000Z%,8000315,8002461,8003096,8000048,8000036,8001118,8000162,;426
2021-12-16T05:21:00.000Z;Oelde;RE;RE 6;6;91808;8004626;8004626%2021-12-16T05:21:00.000Z%,8004251,8000441,8002680,8000149,8003168,8000080,8000041,8006226,8000098,8000259,8000086,8000082,8000085,8073368,8003330,;602
2021-12-16T05:37:00.000Z;Oelde;RE;RE 6;6;89705;8004626;8004626%2021-12-16T05:37:00.000Z%,8000315,8002461,8000036,8000162,8000233,8000732,8004868,8000252,;602
2021-12-16T05:49:00.000Z;Oelde;RB;RB 69;69;89966;8004626;8004626%2021-12-16T05:49:00.000Z%,8004251,8000441,8002680,8000149,8001045,8003986,8001558,8005102,8002841,8000263,;426
2021-12-16T06:07:00.000Z;Oelde;RB;RB 69;69;89967;8004626;8004626%2021-12-16T06:07:00.000Z%,8000315,8002461,8003096,8000048,8000036,;426
2021-12-16T06:21:00.000Z;Oelde;RE;RE 6;6;91810;8004626;8004626%2021-12-16T06:21:00.000Z%,8004251,8000441,8002680,8000149,8003168,8000080,8000041,8006226,8000098,8000259,8000086,8000082,8000085,8073368,8003330,;602
2021-12-16T06:33:00.000Z;Oelde;RE;RE 6;6;89707;8004626;8004626%2021-12-16T06:33:00.000Z%,8000315,8002461,8000036,8000162,8000233,8000732,8004868,8000252,;602
2021-12-16T06:49:00.000Z;Oelde;RB;RB 69;69;89968;8004626;8004626%2021-12-16T06:49:00.000Z%,8004251,8000441,8002680,8000149,8001045,8003986,8001558,8005102,8002841,8000263,;426
2021-12-16T07:07:00.000Z;Oelde;RB;RB 69;69;89969;8004626;8004626%2021-12-16T07:07:00.000Z%,8000315,8002461,8003096,8000048,8000036,;426
2021-12-16T07:23:00.000Z;Oelde;RE;RE 6;6;91812;8004626;8004626%2021-12-16T07:23:00.000Z%,8004251,8000441,8002680,8000149,8003168,8000080,8000041,8006226,8000098,8000259,8000086,8000082,8000085,8073368,8003330,;602
2021-12-16T07:37:00.000Z;Oelde;RE;RE 6;6;89709;8004626;8004626%2021-12-16T07:37:00.000Z%,8000315,8002461,8000036,8000162,8000233,8000732,8004868,8000252,;602
2021-12-16T07:49:00.000Z;Oelde;RB;RB 69;69;89970;8004626;8004626%2021-12-16T07:49:00.000Z%,8004251,8000441,8002680,8000149,8001045,8003986,8001558,8005102,8002841,8000263,;426
2021-12-16T08:07:00.000Z;Oelde;RB;RB 69;69;89971;8004626;8004626%2021-12-16T08:07:00.000Z%,8000315,8002461,8003096,8000048,8000036,;426
2021-12-16T08:21:00.000Z;Oelde;RE;RE 6;6;91814;8004626;8004626%2021-12-16T08:21:00.000Z%,8004251,8000441,8002680,8000149,8003168,8000080,8000041,8006226,8000098,8000259,8000086,8000082,8000085,8073368,8003330,;602
2021-12-16T08:37:00.000Z;Oelde;RE;RE 6;6;91811;8004626;8004626%2021-12-16T08:37:00.000Z%,8000315,8002461,8000036,8000162,8000233,8000732,8004868,8000252,;602
2021-12-16T08:49:00.000Z;Oelde;RB;RB 69;69;89972;8004626;8004626%2021-12-16T08:49:00.000Z%,8004251,8000441,8002680,8000149,8001045,8003986,8001558,8005102,8002841,8000263,;426
2021-12-16T09:07:00.000Z;Oelde;RB;RB 69;69;89973;8004626;8004626%2021-12-16T09:07:00.000Z%,8000315,8002461,8003096,8000048,8000036,;426
2021-12-16T09:21:00.000Z;Oelde;RE;RE 6;6;91816;8004626;8004626%2021-12-16T09:21:00.000Z%,8004251,8000441,8002680,8000149,8003168,8000080,8000041,8006226,8000098,8000259,8000086,8000082,8000085,8073368,8003330,;602
2021-12-16T09:37:00.000Z;Oelde;RE;RE 6;6;91813;8004626;8004626%2021-12-16T09:37:00.000Z%,8000315,8002461,8000036,8000162,8000233,8000732,8004868,8000252,;602
2021-12-16T09:49:00.000Z;Oelde;RB;RB 69;69;89974;8004626;8004626%2021-12-16T09:49:00.000Z%,8004251,8000441,8002680,8000149,8001045,8003986,8001558,8005102,8002841,8000263,;426
2021-12-16T10:07:00.000Z;Oelde;RB;RB 69;69;89975;8004626;8004626%2021-12-16T10:07:00.000Z%,8000315,8002461,8003096,8000048,8000036,;426
2021-12-16T10:21:00.000Z;Oelde;RE;RE 6;6;91818;8004626;8004626%2021-12-16T10:21:00.000Z%,8004251,8000441,8002680,8000149,8003168,8000080,8000041,8006226,8000098,8000259,8000086,8000082,8000085,8073368,8003330,;602
2021-12-16T10:37:00.000Z;Oelde;RE;RE 6;6;91815;8004626;8004626%2021-12-16T10:37:00.000Z%,8000315,8002461,8000036,8000162,8000233,8000732,8004868,8000252,;602
2021-12-16T10:49:00.000Z;Oelde;RB;RB 69;69;89976;8004626;8004626%2021-12-16T10:49:00.000Z%,8004251,8000441,8002680,8000149,8001045,8003986,8001558,8005102,8002841,8000263,;426
2021-12-16T11:07:00.000Z;Oelde;RB;RB 69;69;89977;8004626;8004626%2021-12-16T11:07:00.000Z%,8000315,8002461,8003096,8000048,8000036,;426
2021-12-16T11:21:00.000Z;Oelde;RE;RE 6;6;91820;8004626;8004626%2021-12-16T11:21:00.000Z%,8004251,8000441,8002680,8000149,8003168,8000080,8000041,8006226,8000098,8000259,8000086,8000082,8000085,8073368,8003330,;602
2021-12-16T11:37:00.000Z;Oelde;RE;RE 6;6;91817;8004626;8004626%2021-12-16T11:37:00.000Z%,8000315,8002461,8000036,8000162,8000233,8000732,8004868,8000252,;602
2021-12-16T11:49:00.000Z;Oelde;RB;RB 69;69;89978;8004626;8004626%2021-12-16T11:49:00.000Z%,8004251,8000441,8002680,8000149,8001045,8003986,8001558,8005102,8002841,8000263,;426
2021-12-16T12:07:00.000Z;Oelde;RB;RB 69;69;89979;8004626;8004626%2021-12-16T12:07:00.000Z%,8000315,8002461,8003096,8000048,8000036,;426
2021-12-16T12:21:00.000Z;Oelde;RE;RE 6;6;91822;8004626;8004626%2021-12-16T12:21:00.000Z%,8004251,8000441,8002680,8000149,8003168,8000080,8000041,8006226,8000098,8000259,8000086,8000082,8000085,8073368,8003330,;602
2021-12-16T12:34:00.000Z;Oelde;RE;RE 6;6;91819;8004626;8004626%2021-12-16T12:34:00.000Z%,8000315,8002461,8000036,8000162,8000233,8000732,8004868,8000252,;602
2021-12-16T12:49:00.000Z;Oelde;RB;RB 69;69;89980;8004626;8004626%2021-12-16T12:49:00.000Z%,8004251,8000441,8002680,8000149,8001045,8003986,8001558,8005102,8002841,8000263,;426
2021-12-16T13:07:00.000Z;Oelde;RB;RB 69;69;89981;8004626;8004626%2021-12-16T13:07:00.000Z%,8000315,8002461,8003096,8000048,8000036,;426
2021-12-16T13:23:00.000Z;Oelde;RE;RE 6;6;91824;8004626;8004626%2021-12-16T13:23:00.000Z%,8004251,8000441,8002680,8000149,8003168,8000080,8000041,8006226,8000098,8000259,8000086,8000082,8000085,8073368,8003330,;602
2021-12-16T13:37:00.000Z;Oelde;RE;RE 6;6;91821;8004626;8004626%2021-12-16T13:37:00.000Z%,8000315,8002461,8000036,8000162,8000233,8000732,8004868,8000252,;602
2021-12-16T13:49:00.000Z;Oelde;RB;RB 69;69;89982;8004626;8004626%2021-12-16T13:49:00.000Z%,8004251,8000441,8002680,8000149,8001045,8003986,8001558,8005102,8002841,8000263,;426
2021-12-16T14:07:00.000Z;Oelde;RB;RB 69;69;89983;8004626;8004626%2021-12-16T14:07:00.000Z%,8000315,8002461,8003096,8000048,8000036,;426
2021-12-16T14:21:00.000Z;Oelde;RE;RE 6;6;89726;8004626;8004626%2021-12-16T14:21:00.000Z%,8004251,8000441,8002680,8000149,8003168,8000080,8000041,8006226,8000098,8000259,8000086,8000082,8000085,8073368,8003330,;602
2021-12-16T14:37:00.000Z;Oelde;RE;RE 6;6;91823;8004626;8004626%2021-12-16T14:37:00.000Z%,8000315,8002461,8000036,8000162,8000233,8000732,8004868,8000252,;602
2021-12-16T14:49:00.000Z;Oelde;RB;RB 69;69;89984;8004626;8004626%2021-12-16T14:49:00.000Z%,8004251,8000441,8002680,8000149,8001045,8003986,8001558,8005102,8002841,8000263,;426
2021-12-16T15:07:00.000Z;Oelde;RB;RB 69;69;89985;8004626;8004626%2021-12-16T15:07:00.000Z%,8000315,8002461,8003096,8000048,8000036,;426
2021-12-16T15:21:00.000Z;Oelde;RE;RE 6;6;91828;8004626;8004626%2021-12-16T15:21:00.000Z%,8004251,8000441,8002680,8000149,8003168,8000080,8000041,8006226,8000098,8000259,8000086,8000082,8000085,8073368,8003330,;602
2021-12-16T15:37:00.000Z;Oelde;RE;RE 6;6;91825;8004626;8004626%2021-12-16T15:37:00.000Z%,8000315,8002461,8000036,8000162,8000233,8000732,8004868,8000252,;602
2021-12-16T15:49:00.000Z;Oelde;RB;RB 69;69;89986;8004626;8004626%2021-12-16T15:49:00.000Z%,8004251,8000441,8002680,8000149,8001045,8003986,8001558,8005102,8002841,8000263,;426
2021-12-16T16:07:00.000Z;Oelde;RB;RB 69;69;89987;8004626;8004626%2021-12-16T16:07:00.000Z%,8000315,8002461,8003096,8000048,8000036,;426
2021-12-16T16:21:00.000Z;Oelde;RE;RE 6;6;91830;8004626;8004626%2021-12-16T16:21:00.000Z%,8004251,8000441,8002680,8000149,8003168,8000080,8000041,8006226,8000098,8000259,8000086,8000082,8000085,8073368,8003330,;602
2021-12-16T16:37:00.000Z;Oelde;RE;RE 6;6;91827;8004626;8004626%2021-12-16T16:37:00.000Z%,8000315,8002461,8000036,8000162,8000233,8000732,8004868,8000252,;602
2021-12-16T16:49:00.000Z;Oelde;RB;RB 69;69;89988;8004626;8004626%2021-12-16T16:49:00.000Z%,8004251,8000441,8002680,8000149,8001045,8003986,8001558,8005102,8002841,8000263,;426
2021-12-16T17:07:00.000Z;Oelde;RB;RB 69;69;89989;8004626;8004626%2021-12-16T17:07:00.000Z%,8000315,8002461,8003096,8000048,8000036,;426
2021-12-16T17:21:00.000Z;Oelde;RE;RE 6;6;91832;8004626;8004626%2021-12-16T17:21:00.000Z%,8004251,8000441,8002680,8000149,8003168,8000080,8000041,8006226,8000098,8000259,8000086,8000082,8000085,8073368,8003330,;602
2021-12-16T17:37:00.000Z;Oelde;RE;RE 6;6;91829;8004626;8004626%2021-12-16T17:37:00.000Z%,8000315,8002461,8000036,8000162,8000233,8000732,8004868,8000252,;602
2021-12-16T17:49:00.000Z;Oelde;RB;RB 69;69;89990;8004626;8004626%2021-12-16T17:49:00.000Z%,8004251,8000441,8002680,8000149,8001045,8003986,8001558,8005102,8002841,8000263,;426
2021-12-16T18:07:00.000Z;Oelde;RB;RB 69;69;89991;8004626;8004626%2021-12-16T18:07:00.000Z%,8000315,8002461,8003096,8000048,8000036,;426
2021-12-16T18:21:00.000Z;Oelde;RE;RE 6;6;91834;8004626;8004626%2021-12-16T18:21:00.000Z%,8004251,8000441,8002680,8000149,8003168,8000080,8000041,8006226,8000098,8000259,8000086,8000082,8000085,8073368,8003330,;602
2021-12-16T18:34:00.000Z;Oelde;RE;RE 6;6;91831;8004626;8004626%2021-12-16T18:34:00.000Z%,8000315,8002461,8000036,8000162,8000233,8000732,8004868,8000252,;602
2021-12-16T18:49:00.000Z;Oelde;RB;RB 69;69;89992;8004626;8004626%2021-12-16T18:49:00.000Z%,8004251,8000441,8002680,8000149,8001045,8003986,8001558,8005102,8002841,8000263,;426
2021-12-16T19:07:00.000Z;Oelde;RB;RB 69;69;89993;8004626;8004626%2021-12-16T19:07:00.000Z%,8000315,8002461,8003096,8000048,8000036,;426
2021-12-16T19:23:00.000Z;Oelde;RE;RE 6;6;91836;8004626;8004626%2021-12-16T19:23:00.000Z%,8004251,8000441,8002680,8000149,8003168,8000080,8000041,8006226,8000098,8000259,8000086,8000082,8000085,8073368,8003330,;602
2021-12-16T19:37:00.000Z;Oelde;RE;RE 6;6;91833;8004626;8004626%2021-12-16T19:37:00.000Z%,8000315,8002461,8000036,8000162,8000233,8000732,8004868,8000252,;602
2021-12-16T19:49:00.000Z;Oelde;RB;RB 69;69;89994;8004626;8004626%2021-12-16T19:49:00.000Z%,8004251,8000441,8002680,8000149,8001045,8003986,8001558,8005102,8002841,8000263,;426
2021-12-16T20:07:00.000Z;Oelde;RB;RB 69;69;89995;8004626;8004626%2021-12-16T20:07:00.000Z%,8000315,8002461,8003096,8000048,8000036,;426
2021-12-15T20:23:00.000Z;Oker;RB;RB 82;82;14135;8004665;8004665%2021-12-15T20:24:00.000Z%1,8000019,;426
2021-12-15T20:42:00.000Z;Oker;RB;RB 82;82;14136;8004665;8004665%2021-12-15T20:42:00.000Z%0,8000130,8003522,8000043,8000352,8000213,8005264,8000283,8004441,8000128,;426
2021-12-15T21:07:00.000Z;Oker;RB;RB 82;82;14137;8004665;8004665%2021-12-15T21:07:00.000Z%0,8000019,;426
2021-12-15T21:30:00.000Z;Oker;RB;RB 82;82;14138;8004665;8004665%2021-12-15T21:30:00.000Z%,8000130,8003522,8000043,8000352,8000213,;426
2021-12-16T05:16:00.000Z;Oker;RB;RB 82;82;14101;8004665;8004665%2021-12-16T05:16:00.000Z%,8000019,;426
2021-12-16T05:35:00.000Z;Oker;RB;RB 82;82;14104;8004665;8004665%2021-12-16T05:35:00.000Z%,8000130,8003522,8000043,8000352,8000213,;426
2021-12-16T06:23:00.000Z;Oker;RB;RB 82;82;14103;8004665;8004665%2021-12-16T06:23:00.000Z%,8000019,;426
2021-12-16T06:42:00.000Z;Oker;RB;RB 82;82;14106;8004665;8004665%2021-12-16T06:42:00.000Z%,8000130,8003522,8000043,8000352,8000213,8005264,8000283,8004441,8000128,;426
2021-12-16T08:23:00.000Z;Oker;RB;RB 82;82;14111;8004665;8004665%2021-12-16T08:23:00.000Z%,8000019,;426
2021-12-16T08:42:00.000Z;Oker;RB;RB 82;82;14112;8004665;8004665%2021-12-16T08:42:00.000Z%,8000130,8003522,8000043,8000352,8000213,8005264,8000283,8004441,8000128,;426
2021-12-16T09:07:00.000Z;Oker;RB;RB 82;82;14113;8004665;8004665%2021-12-16T09:07:00.000Z%,8000019,;426
2021-12-16T09:30:00.000Z;Oker;RB;RB 82;82;14114;8004665;8004665%2021-12-16T09:30:00.000Z%,8000130,8003522,8000043,8000352,8000213,;426
2021-12-16T10:23:00.000Z;Oker;RB;RB 82;82;14115;8004665;8004665%2021-12-16T10:23:00.000Z%,8000019,;426
2021-12-16T10:42:00.000Z;Oker;RB;RB 82;82;14116;8004665;8004665%2021-12-16T10:42:00.000Z%,8000130,8003522,8000043,8000352,8000213,8005264,8000283,8004441,8000128,;426
2021-12-16T11:07:00.000Z;Oker;RB;RB 82;82;14117;8004665;8004665%2021-12-16T11:07:00.000Z%,8000019,;426
2021-12-16T11:30:00.000Z;Oker;RB;RB 82;82;14118;8004665;8004665%2021-12-16T11:30:00.000Z%,8000130,8003522,8000043,8000352,8000213,;426
2021-12-16T12:23:00.000Z;Oker;RB;RB 82;82;14119;8004665;8004665%2021-12-16T12:23:00.000Z%,8000019,;426
2021-12-16T12:42:00.000Z;Oker;RB;RB 82;82;14120;8004665;8004665%2021-12-16T12:42:00.000Z%,8000130,8003522,8000043,8000352,8000213,8005264,8000283,8004441,8000128,;426
2021-12-16T13:07:00.000Z;Oker;RB;RB 82;82;14121;8004665;8004665%2021-12-16T13:07:00.000Z%,8000019,;426
2021-12-16T13:30:00.000Z;Oker;RB;RB 82;82;14122;8004665;8004665%2021-12-16T13:30:00.000Z%,8000130,8003522,8000043,8000352,8000213,;426
2021-12-16T14:23:00.000Z;Oker;RB;RB 82;82;14123;8004665;8004665%2021-12-16T14:23:00.000Z%,8000019,;426
2021-12-16T14:42:00.000Z;Oker;RB;RB 82;82;14124;8004665;8004665%2021-12-16T14:42:00.000Z%,8000130,8003522,8000043,8000352,8000213,8005264,8000283,8004441,8000128,;426
2021-12-16T15:07:00.000Z;Oker;RB;RB 82;82;14125;8004665;8004665%2021-12-16T15:07:00.000Z%,8000019,;426
2021-12-16T15:30:00.000Z;Oker;RB;RB 82;82;14126;8004665;8004665%2021-12-16T15:30:00.000Z%,8000130,8003522,8000043,8000352,8000213,;426
2021-12-16T16:23:00.000Z;Oker;RB;RB 82;82;14127;8004665;8004665%2021-12-16T16:23:00.000Z%,8000019,;426
2021-12-16T16:42:00.000Z;Oker;RB;RB 82;82;14128;8004665;8004665%2021-12-16T16:42:00.000Z%,8000130,8003522,8000043,8000352,8000213,8005264,8000283,8004441,8000128,;426
2021-12-16T17:07:00.000Z;Oker;RB;RB 82;82;14129;8004665;8004665%2021-12-16T17:07:00.000Z%,8000019,;426
2021-12-16T17:30:00.000Z;Oker;RB;RB 82;82;14130;8004665;8004665%2021-12-16T17:30:00.000Z%,8000130,8003522,8000043,8000352,8000213,;426
2021-12-16T18:23:00.000Z;Oker;RB;RB 82;82;14131;8004665;8004665%2021-12-16T18:23:00.000Z%,8000019,;426
2021-12-16T18:42:00.000Z;Oker;RB;RB 82;82;14132;8004665;8004665%2021-12-16T18:42:00.000Z%,8000130,8003522,8000043,8000352,8000213,8005264,8000283,8004441,8000128,;426
2021-12-15T20:51:00.000Z;Osterhofen(Nby);RE;RE 3;3;4089;8004700;8004700%2021-12-15T20:51:00.000Z%0,8000301,8006181,8003506,8001466,8006537,8000217,8004084,8002078,8000261,;602
2021-12-15T21:12:00.000Z;Osterhofen(Nby);RE;RE 3;3;4088;8004700;8004700%2021-12-15T21:12:00.000Z%0,8006086,8000298,;602
2021-12-15T22:16:00.000Z;Osterhofen(Nby);RE;RE 3;3;4090;8004700;8004700%2021-12-15T22:16:00.000Z%0,8006086,8000298,;602
2021-12-15T22:44:00.000Z;Osterhofen(Nby);RE;RE 3;3;4091;8004700;8004700%2021-12-15T22:44:00.000Z%,8000301,8006181,8003506,8001466,8006537,8000217,;602
2021-12-16T00:05:00.000Z;Osterhofen(Nby);RE;RE 3;3;4092;8004700;8004700%2021-12-16T00:05:00.000Z%,8006086,8000298,;602
2021-12-16T04:04:00.000Z;Osterhofen(Nby);RE;RE 3;3;4051;8004700;8004700%2021-12-16T04:04:00.000Z%,8000301,8006181,8003506,8001466,8006537,8000217,8004084,8002078,8000261,;602
2021-12-16T04:48:00.000Z;Osterhofen(Nby);RE;RE 3;3;4053;8004700;8004700%2021-12-16T04:48:00.000Z%,8000301,8006181,8003506,8001466,8006537,8000217,8004084,8002078,8000261,;602
2021-12-16T05:09:00.000Z;Osterhofen(Nby);RE;RE 3;3;4050;8004700;8004700%2021-12-16T05:09:00.000Z%,8006086,8000298,;602
2021-12-16T05:31:00.000Z;Osterhofen(Nby);RE;RE 3;3;4055;8004700;8004700%2021-12-16T05:31:00.000Z%,8000301,8006181,8003506,8001466,8006537,8000217,8002078,8000261,;602
2021-12-16T05:52:00.000Z;Osterhofen(Nby);RE;RE 3;3;4052;8004700;8004700%2021-12-16T05:52:00.000Z%,8006086,8000298,;602
2021-12-16T06:10:00.000Z;Osterhofen(Nby);RE;RE 3;3;4059;8004700;8004700%2021-12-16T06:10:00.000Z%,8000301,8006181,8003506,8001466,8006537,8000217,8004084,8002078,8000261,;602
2021-12-16T06:35:00.000Z;Osterhofen(Nby);RE;RE 3;3;4054;8004700;8004700%2021-12-16T06:35:00.000Z%,8006086,8000298,;602
2021-12-16T06:51:00.000Z;Osterhofen(Nby);RE;RE 3;3;4061;8004700;8004700%2021-12-16T06:51:00.000Z%,8000301,8006181,8003506,8001466,8006537,8000217,8004084,8002078,8000261,;602
2021-12-16T07:10:00.000Z;Osterhofen(Nby);RE;RE 3;3;4056;8004700;8004700%2021-12-16T07:10:00.000Z%,8006086,8000298,;602
2021-12-16T07:51:00.000Z;Osterhofen(Nby);RE;RE 3;3;4063;8004700;8004700%2021-12-16T07:51:00.000Z%,8000301,8006181,8003506,8001466,8006537,8000217,8004084,8002078,8000261,;602
2021-12-16T08:12:00.000Z;Osterhofen(Nby);RE;RE 3;3;4060;8004700;8004700%2021-12-16T08:12:00.000Z%,8006086,8000298,;602
2021-12-16T08:44:00.000Z;Osterhofen(Nby);RE;RE 3;3;4065;8004700;8004700%2021-12-16T08:44:00.000Z%,8000301,8006181,8003506,8001466,8006537,8000217,8004084,8002078,8000261,;602
2021-12-16T09:14:00.000Z;Osterhofen(Nby);RE;RE 3;3;4062;8004700;8004700%2021-12-16T09:14:00.000Z%,8006086,8000298,;602
2021-12-16T09:51:00.000Z;Osterhofen(Nby);RE;RE 3;3;4067;8004700;8004700%2021-12-16T09:51:00.000Z%,8000301,8006181,8003506,8001466,8006537,8000217,8004084,8002078,8000261,;602
2021-12-16T10:12:00.000Z;Osterhofen(Nby);RE;RE 3;3;4064;8004700;8004700%2021-12-16T10:12:00.000Z%,8006086,8000298,;602
2021-12-16T10:44:00.000Z;Osterhofen(Nby);RE;RE 3;3;4069;8004700;8004700%2021-12-16T10:44:00.000Z%,8000301,8006181,8003506,8001466,8006537,8000217,8004084,8002078,8000261,;602
2021-12-16T11:14:00.000Z;Osterhofen(Nby);RE;RE 3;3;4066;8004700;8004700%2021-12-16T11:14:00.000Z%,8006086,8000298,;602
2021-12-16T11:44:00.000Z;Osterhofen(Nby);RE;RE 3;3;4071;8004700;8004700%2021-12-16T11:44:00.000Z%,8000301,8006181,8003506,8001466,8006537,8000217,8004084,8002078,8000261,;602
2021-12-16T12:12:00.000Z;Osterhofen(Nby);RE;RE 3;3;4068;8004700;8004700%2021-12-16T12:12:00.000Z%,8006086,8000298,;602
2021-12-16T12:44:00.000Z;Osterhofen(Nby);RE;RE 3;3;4073;8004700;8004700%2021-12-16T12:44:00.000Z%,8000301,8006181,8003506,8001466,8006537,8000217,8004084,8002078,8000261,;602
2021-12-16T13:14:00.000Z;Osterhofen(Nby);RE;RE 3;3;4070;8004700;8004700%2021-12-16T13:14:00.000Z%,8006086,8000298,;602
2021-12-16T13:51:00.000Z;Osterhofen(Nby);RE;RE 3;3;4075;8004700;8004700%2021-12-16T13:51:00.000Z%,8000301,8006181,8003506,8001466,8006537,8000217,8004084,8002078,8000261,;602
2021-12-16T14:14:00.000Z;Osterhofen(Nby);RE;RE 3;3;4072;8004700;8004700%2021-12-16T14:14:00.000Z%,8006086,8000298,;602
2021-12-16T14:44:00.000Z;Osterhofen(Nby);RE;RE 3;3;4077;8004700;8004700%2021-12-16T14:44:00.000Z%,8000301,8006181,8003506,8001466,8006537,8000217,8004084,8002078,8000261,;602
2021-12-16T15:14:00.000Z;Osterhofen(Nby);RE;RE 3;3;4074;8004700;8004700%2021-12-16T15:14:00.000Z%,8006086,8000298,;602
2021-12-16T15:51:00.000Z;Osterhofen(Nby);RE;RE 3;3;4079;8004700;8004700%2021-12-16T15:51:00.000Z%,8000301,8006181,8003506,8001466,8006537,8000217,8004084,8002078,8000261,;602
2021-12-16T16:12:00.000Z;Osterhofen(Nby);RE;RE 3;3;4076;8004700;8004700%2021-12-16T16:12:00.000Z%,8006086,8000298,;602
2021-12-16T16:44:00.000Z;Osterhofen(Nby);RE;RE 3;3;4081;8004700;8004700%2021-12-16T16:44:00.000Z%,8000301,8006181,8003506,8001466,8006537,8000217,8004084,8002078,8000261,;602
2021-12-16T17:14:00.000Z;Osterhofen(Nby);RE;RE 3;3;4078;8004700;8004700%2021-12-16T17:14:00.000Z%,8006086,8000298,;602
2021-12-16T17:51:00.000Z;Osterhofen(Nby);RE;RE 3;3;4083;8004700;8004700%2021-12-16T17:51:00.000Z%,8000301,8006181,8003506,8001466,8006537,8000217,8004084,8002078,8000261,;602
2021-12-16T18:12:00.000Z;Osterhofen(Nby);RE;RE 3;3;4082;8004700;8004700%2021-12-16T18:12:00.000Z%,8006086,8000298,;602
2021-12-16T18:44:00.000Z;Osterhofen(Nby);RE;RE 3;3;4085;8004700;8004700%2021-12-16T18:44:00.000Z%,8000301,8006181,8003506,8001466,8006537,8000217,8004084,8002078,8000261,;602
2021-12-16T19:14:00.000Z;Osterhofen(Nby);RE;RE 3;3;4084;8004700;8004700%2021-12-16T19:14:00.000Z%,8006086,8000298,;602
2021-12-16T19:51:00.000Z;Osterhofen(Nby);RE;RE 3;3;4087;8004700;8004700%2021-12-16T19:51:00.000Z%,8000301,8006181,8003506,8001466,8006537,8000217,8004084,8002078,8000261,;602
2021-12-16T20:12:00.000Z;Osterhofen(Nby);RE;RE 3;3;4086;8004700;8004700%2021-12-16T20:12:00.000Z%,8006086,8000298,;602
2021-12-15T20:50:00.000Z;Osterholz-Scharmbeck;RE;RE 8;8;4437;8004702;8004702%2021-12-15T20:50:00.000Z%0,8000050,8001160,8000413,8006076,8001489,8001949,8000279,8004322,8000268,8000152,;602
2021-12-15T21:10:00.000Z;Osterholz-Scharmbeck;RE;RE 8;8;4432;8004702;8004702%2021-12-15T21:11:00.000Z%1,8000051,8001168,;602
2021-12-16T04:50:00.000Z;Osterholz-Scharmbeck;RE;RE 8;8;4405;8004702;8004702%2021-12-16T04:50:00.000Z%,8000050,8001160,8000413,8006076,8001489,8001949,8000279,8004322,8000268,8000152,;602
2021-12-16T05:10:00.000Z;Osterholz-Scharmbeck;RE;RE 8;8;4400;8004702;8004702%2021-12-16T05:10:00.000Z%,8000051,8001168,;602
2021-12-16T05:50:00.000Z;Osterholz-Scharmbeck;RE;RE 9;9;4453;8004702;8004702%2021-12-16T05:50:00.000Z%,8000050,8003292,8005809,8000354,8005929,8000807,8001443,8003632,8001071,8000294,;602
2021-12-16T06:10:00.000Z;Osterholz-Scharmbeck;RE;RE 9;9;4450;8004702;8004702%2021-12-16T06:10:00.000Z%,8000051,8001168,;602
2021-12-16T06:50:00.000Z;Osterholz-Scharmbeck;RE;RE 8;8;4409;8004702;8004702%2021-12-16T06:50:00.000Z%,8000050,8001160,8000413,8006076,8001489,8001949,8000279,8004322,8000268,8000152,;602
2021-12-16T07:10:00.000Z;Osterholz-Scharmbeck;RE;RE 8;8;4404;8004702;8004702%2021-12-16T07:10:00.000Z%,8000051,8001168,;602
2021-12-16T07:50:00.000Z;Osterholz-Scharmbeck;RE;RE 9;9;4455;8004702;8004702%2021-12-16T07:50:00.000Z%,8000050,8003292,8005809,8000354,8005929,8000807,8001443,8003632,8001071,8000294,;602
2021-12-16T08:10:00.000Z;Osterholz-Scharmbeck;RE;RE 9;9;4452;8004702;8004702%2021-12-16T08:10:00.000Z%,8000051,8001168,;602
2021-12-16T08:50:00.000Z;Osterholz-Scharmbeck;RE;RE 8;8;4413;8004702;8004702%2021-12-16T08:50:00.000Z%,8000050,8001160,8000413,8006076,8001489,8001949,8000279,8004322,8000268,8000152,;602
2021-12-16T09:10:00.000Z;Osterholz-Scharmbeck;RE;RE 8;8;4408;8004702;8004702%2021-12-16T09:10:00.000Z%,8000051,8001168,;602
2021-12-16T09:35:00.000Z;Osterholz-Scharmbeck;IC;IC 2201;35;2201;8004702;8004702%2021-12-16T09:35:00.000Z%,8000050,8000294,8000263,8000307,8000192,8000118,8000286,8000086,8000085,8000207,;468
2021-12-16T09:50:00.000Z;Osterholz-Scharmbeck;RE;RE 9;9;4457;8004702;8004702%2021-12-16T09:50:00.000Z%,8000050,8003292,8005809,8000354,8005929,8000807,8001443,8003632,8001071,8000294,;602
2021-12-16T10:10:00.000Z;Osterholz-Scharmbeck;RE;RE 9;9;4454;8004702;8004702%2021-12-16T10:10:00.000Z%,8000051,8001168,;602
2021-12-16T10:50:00.000Z;Osterholz-Scharmbeck;RE;RE 8;8;4417;8004702;8004702%2021-12-16T10:50:00.000Z%,8000050,8001160,8000413,8006076,8001489,8001949,8000279,8004322,8000268,8000152,;602
2021-12-16T11:10:00.000Z;Osterholz-Scharmbeck;RE;RE 8;8;4412;8004702;8004702%2021-12-16T11:10:00.000Z%,8000051,8001168,;602
2021-12-16T11:50:00.000Z;Osterholz-Scharmbeck;RE;RE 9;9;4459;8004702;8004702%2021-12-16T11:50:00.000Z%,8000050,8003292,8005809,8000354,8005929,8000807,8001443,8003632,8001071,8000294,;602
2021-12-16T12:10:00.000Z;Osterholz-Scharmbeck;RE;RE 9;9;4456;8004702;8004702%2021-12-16T12:10:00.000Z%,8000051,8001168,;602
2021-12-16T12:50:00.000Z;Osterholz-Scharmbeck;RE;RE 8;8;4421;8004702;8004702%2021-12-16T12:50:00.000Z%,8000050,8001160,8000413,8006076,8001489,8001949,8000279,8004322,8000268,8000152,;602
2021-12-16T13:10:00.000Z;Osterholz-Scharmbeck;RE;RE 8;8;4416;8004702;8004702%2021-12-16T13:10:00.000Z%,8000051,8001168,;602
2021-12-16T13:50:00.000Z;Osterholz-Scharmbeck;RE;RE 9;9;4461;8004702;8004702%2021-12-16T13:50:00.000Z%,8000050,8001157,8003292,8005809,8000354,8005929,8000807,8001443,8003632,8001071,8000294,;602
2021-12-16T14:10:00.000Z;Osterholz-Scharmbeck;RE;RE 9;9;4458;8004702;8004702%2021-12-16T14:10:00.000Z%,8000051,8001168,;602
2021-12-16T14:24:00.000Z;Osterholz-Scharmbeck;IC;IC 2202;35;2202;8004702;8004702%2021-12-16T14:24:00.000Z%,8000051,8001168,;468
2021-12-16T14:50:00.000Z;Osterholz-Scharmbeck;RE;RE 8;8;4425;8004702;8004702%2021-12-16T14:50:00.000Z%,8000050,8001160,8000413,8006076,8001489,8001949,8000279,8004322,8000268,8000152,;602
2021-12-16T15:10:00.000Z;Osterholz-Scharmbeck;RE;RE 8;8;4420;8004702;8004702%2021-12-16T15:10:00.000Z%,8000051,8001168,;602
2021-12-16T15:50:00.000Z;Osterholz-Scharmbeck;RE;RE 9;9;4463;8004702;8004702%2021-12-16T15:50:00.000Z%,8000050,8003292,8005809,8000354,8005929,8000807,8001443,8003632,8001071,8000294,;602
2021-12-16T16:10:00.000Z;Osterholz-Scharmbeck;RE;RE 9;9;4460;8004702;8004702%2021-12-16T16:10:00.000Z%,8000051,8001168,;602
2021-12-16T16:50:00.000Z;Osterholz-Scharmbeck;RE;RE 8;8;4429;8004702;8004702%2021-12-16T16:50:00.000Z%,8000050,8001160,8000413,8006076,8001489,8001949,8000279,8004322,8000268,8000152,;602
2021-12-16T17:10:00.000Z;Osterholz-Scharmbeck;RE;RE 8;8;4424;8004702;8004702%2021-12-16T17:10:00.000Z%,8000051,8001168,;602
2021-12-16T17:50:00.000Z;Osterholz-Scharmbeck;RE;RE 9;9;4465;8004702;8004702%2021-12-16T17:50:00.000Z%,8000050,8003292,8005809,8000354,8005929,8000807,8001443,8003632,8001071,8000294,;602
2021-12-16T18:10:00.000Z;Osterholz-Scharmbeck;RE;RE 9;9;4462;8004702;8004702%2021-12-16T18:10:00.000Z%,8000051,8001168,;602
2021-12-16T18:50:00.000Z;Osterholz-Scharmbeck;RE;RE 8;8;4433;8004702;8004702%2021-12-16T18:50:00.000Z%,8000050,8001160,8000413,8006076,8001489,8001949,8000279,8004322,8000268,8000152,;602
2021-12-16T19:10:00.000Z;Osterholz-Scharmbeck;RE;RE 8;8;4428;8004702;8004702%2021-12-16T19:10:00.000Z%,8000051,8001168,;602
2021-12-16T19:50:00.000Z;Osterholz-Scharmbeck;RE;RE 9;9;4467;8004702;8004702%2021-12-16T19:50:00.000Z%,8000050,8003292,8005809,8000354,8005929,8000807,8001443,8003632,8001071,8000294,;602
2021-12-16T20:10:00.000Z;Osterholz-Scharmbeck;RE;RE 9;9;4464;8004702;8004702%2021-12-16T20:10:00.000Z%,8000051,8001168,;602
2021-12-15T20:55:00.000Z;Ostheim(b Butzbach);RB;RB 49;49;15099;8004712;8004712%2021-12-15T20:55:00.000Z%0,8000728,8000111,8000632,8000158,8004713,8001199,8002572,8000150,;426
2021-12-15T20:59:00.000Z;Ostheim(b Butzbach);RB;RB 49;49;15094;8004712;8004712%2021-12-15T21:00:00.000Z%1,8001312,8003262,8003520,8002410,8000124,;426
2021-12-15T21:54:00.000Z;Ostheim(b Butzbach);RB;RB 49;49;15157;8004712;8004712%2021-12-15T21:54:00.000Z%,8000728,8000111,;426
2021-12-15T22:08:00.000Z;Ostheim(b Butzbach);RB;RB 41;41;15034;8004712;8004712%2021-12-15T22:08:00.000Z%,8001312,8003262,8003520,8002410,8000124,8002269,8000234,8002100,8002134,8004417,8004420,8003856,8000337,;426
2021-12-15T22:08:00.000Z;Ostheim(b Butzbach);RB;RB 40;40;15134;8004712;8004712%2021-12-15T22:08:00.000Z%,8001312,8003262,8003520,8002410,8000124,8001618,8000383,8000633,8006340,8001694,8003213,8001668,8005577,8000161,8001271,8004405,8000074,;426
2021-12-15T22:33:00.000Z;Ostheim(b Butzbach);RB;RB 41;41;15035;8004712;8004712%2021-12-15T22:33:00.000Z%,8000728,8000111,8002042,8000105,;426
2021-12-15T22:33:00.000Z;Ostheim(b Butzbach);RB;RB 40;40;15135;8004712;8004712%2021-12-15T22:33:00.000Z%,8000728,8000111,8002042,8000105,;426
2021-12-15T22:59:00.000Z;Ostheim(b Butzbach);RB;RB 49;49;15096;8004712;8004712%2021-12-15T22:59:00.000Z%,8001312,8003262,8003520,8002410,8000124,;426
2021-12-16T00:25:00.000Z;Ostheim(b Butzbach);RB;RB 41;41;15036;8004712;8004712%2021-12-16T00:25:00.000Z%,8001312,8003262,8003520,8002410,8000124,8002269,8000234,8002100,8002134,8004417,8004420,8003856,8000337,;426
2021-12-16T03:32:00.000Z;Ostheim(b Butzbach);RB;RB 49;49;15067;8004712;8004712%2021-12-16T03:32:00.000Z%,8000728,8000111,8000632,8000158,8004713,8001199,8002572,8000150,;426
2021-12-16T03:49:00.000Z;Ostheim(b Butzbach);RB;RB 41;41;15039;8004712;8004712%2021-12-16T03:49:00.000Z%,8000728,8000111,8000760,8002042,8000105,;426
2021-12-16T04:29:00.000Z;Ostheim(b Butzbach);RB;RB 41;41;15052;8004712;8004712%2021-12-16T04:29:00.000Z%,8001312,8003262,8003520,8002410,8000124,;426
2021-12-16T04:33:00.000Z;Ostheim(b Butzbach);RB;RB 41;41;15041;8004712;8004712%2021-12-16T04:33:00.000Z%,8000728,8000111,8002042,8000105,;426
2021-12-16T04:33:00.000Z;Ostheim(b Butzbach);RB;RB 40;40;15141;8004712;8004712%2021-12-16T04:33:00.000Z%,8000728,8000111,8002042,8000105,;426
2021-12-16T04:59:00.000Z;Ostheim(b Butzbach);RB;RB 49;49;15069;8004712;8004712%2021-12-16T04:59:00.000Z%,8000728,8000111,8000632,8000158,8004713,8001199,8002572,8000150,;426
2021-12-16T05:28:00.000Z;Ostheim(b Butzbach);RB;RB 40;40;15071;8004712;8004712%2021-12-16T05:28:00.000Z%,8000728,8000111,8000632,8000158,8004713,8001199,8002572,8000150,;426
2021-12-16T05:29:00.000Z;Ostheim(b Butzbach);RB;RB 49;49;15070;8004712;8004712%2021-12-16T05:29:00.000Z%,8001312,8003262,8003520,8002410,8000124,;426
2021-12-16T05:53:00.000Z;Ostheim(b Butzbach);RB;RB 41;41;15001;8004712;8004712%2021-12-16T05:53:00.000Z%,8000728,8000111,8000760,8002042,8000105,;426
2021-12-16T05:53:00.000Z;Ostheim(b Butzbach);RB;RB 40;40;15101;8004712;8004712%2021-12-16T05:53:00.000Z%,8000728,8000111,8000760,8002042,8000105,;426
2021-12-16T05:59:00.000Z;Ostheim(b Butzbach);RB;RB 49;49;15072;8004712;8004712%2021-12-16T05:59:00.000Z%,8001312,8003262,8003520,8002410,8000124,;426
2021-12-16T06:06:00.000Z;Ostheim(b Butzbach);RB;RB 41;41;15002;8004712;8004712%2021-12-16T06:06:00.000Z%,8001312,8003262,8003520,8002410,8000124,8002269,8000234,8002100,8002134,8004417,8004420,8003856,8000337,8000065,8001256,8000589,8000435,8005661,8004328,8006401,8000129,;426
2021-12-16T06:06:00.000Z;Ostheim(b Butzbach);RB;RB 40;40;15102;8004712;8004712%2021-12-16T06:06:00.000Z%,8001312,8003262,8003520,8002410,8000124,8001618,8000383,8000633,8006340,8001694,8003213,8001668,8005577,8000161,8001271,8004405,8000074,;426
2021-12-16T06:18:00.000Z;Ostheim(b Butzbach);RB;RB 41;41;15073;8004712;8004712%2021-12-16T06:18:00.000Z%,8000728,8000111,;426
2021-12-16T06:30:00.000Z;Ostheim(b Butzbach);RE;RE 30;30;15372;8004712;8004712%2021-12-16T06:30:00.000Z%,8001312,8003262,8003520,8002410,8000124,;602
2021-12-16T06:39:00.000Z;Ostheim(b Butzbach);RB;RB 49;49;15151;8004712;8004712%2021-12-16T06:39:00.000Z%,8000728,8000111,8000632,8000158,8004713,8001199,8002572,8000150,;426
2021-12-16T06:53:00.000Z;Ostheim(b Butzbach);RB;RB 49;49;15075;8004712;8004712%2021-12-16T06:53:00.000Z%,8000728,8000111,8000632,8000158,8004713,8001199,8002572,8000150,;426
2021-12-16T07:06:00.000Z;Ostheim(b Butzbach);RB;RB 49;49;15074;8004712;8004712%2021-12-16T07:06:00.000Z%,8001312,8003262,8003520,8002410,8000124,;426
2021-12-16T07:16:00.000Z;Ostheim(b Butzbach);RB;RB 41;41;15049;8004712;8004712%2021-12-16T07:16:00.000Z%,8000728,8000111,;426
2021-12-16T07:29:00.000Z;Ostheim(b Butzbach);RB;RB 49;49;15164;8004712;8004712%2021-12-16T07:29:00.000Z%,8001312,8003262,8003520,8002410,8000124,;426
2021-12-16T07:48:00.000Z;Ostheim(b Butzbach);RB;RB 41;41;15005;8004712;8004712%2021-12-16T07:48:00.000Z%,8000728,8000111,8000760,8002042,8000105,;426
2021-12-16T07:48:00.000Z;Ostheim(b Butzbach);RB;RB 40;40;15105;8004712;8004712%2021-12-16T07:48:00.000Z%,8000728,8000111,8000760,8002042,8000105,;426
2021-12-16T08:08:00.000Z;Ostheim(b Butzbach);RB;RB 41;41;15006;8004712;8004712%2021-12-16T08:08:00.000Z%,8001312,8003262,8003520,8002410,8000124,8002269,8000234,8002100,8002134,8004417,8004420,8003856,8000337,8000065,8001256,8000589,8000435,8005661,8004328,8006401,8000129,;426
2021-12-16T08:08:00.000Z;Ostheim(b Butzbach);RB;RB 40;40;15106;8004712;8004712%2021-12-16T08:08:00.000Z%,8001312,8003262,8003520,8002410,8000124,8001618,8000383,8000633,8006340,8001694,8003213,8001668,8005577,8000161,8001271,8004405,8000074,;426
2021-12-16T08:29:00.000Z;Ostheim(b Butzbach);RB;RB 49;49;15170;8004712;8004712%2021-12-16T08:29:00.000Z%,8001312,8003262,8003520,8002410,8000124,;426
2021-12-16T08:54:00.000Z;Ostheim(b Butzbach);RB;RB 49;49;15077;8004712;8004712%2021-12-16T08:54:00.000Z%,8000728,8000111,8000632,8000158,8004713,8001199,8002572,8000150,;426
2021-12-16T09:06:00.000Z;Ostheim(b Butzbach);RB;RB 49;49;15076;8004712;8004712%2021-12-16T09:06:00.000Z%,8001312,8003262,8003520,8002410,8000124,;426
2021-12-16T09:48:00.000Z;Ostheim(b Butzbach);RB;RB 41;41;15009;8004712;8004712%2021-12-16T09:48:00.000Z%,8000728,8000111,8000760,8002042,8000105,;426
2021-12-16T09:48:00.000Z;Ostheim(b Butzbach);RB;RB 40;40;15109;8004712;8004712%2021-12-16T09:48:00.000Z%,8000728,8000111,8000760,8002042,8000105,;426
2021-12-16T10:08:00.000Z;Ostheim(b Butzbach);RB;RB 41;41;15010;8004712;8004712%2021-12-16T10:08:00.000Z%,8001312,8003262,8003520,8002410,8000124,8002269,8000234,8002100,8002134,8004417,8004420,8003856,8000337,8000065,8001256,8000589,8000435,8005661,8004328,8006401,8000129,;426
2021-12-16T10:08:00.000Z;Ostheim(b Butzbach);RB;RB 40;40;15110;8004712;8004712%2021-12-16T10:08:00.000Z%,8001312,8003262,8003520,8002410,8000124,8001618,8000383,8000633,8006340,8001694,8003213,8001668,8005577,8000161,8001271,8004405,8000074,;426
2021-12-16T10:54:00.000Z;Ostheim(b Butzbach);RB;RB 49;49;15079;8004712;8004712%2021-12-16T10:54:00.000Z%,8000728,8000111,8000632,8000158,8004713,8001199,8002572,8000150,;426
2021-12-16T11:06:00.000Z;Ostheim(b Butzbach);RB;RB 49;49;15078;8004712;8004712%2021-12-16T11:06:00.000Z%,8001312,8003262,8003520,8002410,8000124,;426
2021-12-16T11:21:00.000Z;Ostheim(b Butzbach);RB;RB 49;49;15081;8004712;8004712%2021-12-16T11:21:00.000Z%,8000728,8000111,8000632,8000158,8004713,8001199,8002572,8000150,;426
2021-12-16T11:29:00.000Z;Ostheim(b Butzbach);RB;RB 49;49;15158;8004712;8004712%2021-12-16T11:29:00.000Z%,8001312,8003262,8003520,8002410,8000124,;426
2021-12-16T11:48:00.000Z;Ostheim(b Butzbach);RB;RB 41;41;15013;8004712;8004712%2021-12-16T11:48:00.000Z%,8000728,8000111,8000760,8002042,8000105,;426
2021-12-16T11:48:00.000Z;Ostheim(b Butzbach);RB;RB 40;40;15113;8004712;8004712%2021-12-16T11:48:00.000Z%,8000728,8000111,8000760,8002042,8000105,;426
2021-12-16T12:08:00.000Z;Ostheim(b Butzbach);RB;RB 41;41;15014;8004712;8004712%2021-12-16T12:08:00.000Z%,8001312,8003262,8003520,8002410,8000124,8002269,8000234,8002100,8002134,8004417,8004420,8003856,8000337,;426
2021-12-16T12:08:00.000Z;Ostheim(b Butzbach);RB;RB 40;40;15114;8004712;8004712%2021-12-16T12:08:00.000Z%,8001312,8003262,8003520,8002410,8000124,8001618,8000383,8000633,8006340,8001694,8003213,8001668,8005577,8000161,8001271,8004405,8000074,;426
2021-12-16T12:23:00.000Z;Ostheim(b Butzbach);RB;RB 49;49;15175;8004712;8004712%2021-12-16T12:23:00.000Z%,8000728,8000111,8000632,8000158,8004713,8001199,8002572,8000150,;426
2021-12-16T12:39:00.000Z;Ostheim(b Butzbach);RB;RB 49;49;15066;8004712;8004712%2021-12-16T12:39:00.000Z%,8001312,8003262,8003520,8002410,8000124,8002269,8000234,8002100,8002134,8004417,8004420,8003856,8000337,;426
2021-12-16T12:54:00.000Z;Ostheim(b Butzbach);RB;RB 49;49;15083;8004712;8004712%2021-12-16T12:54:00.000Z%,8000728,8000111,8000632,8000158,8004713,8001199,8002572,8000150,;426
2021-12-16T13:06:00.000Z;Ostheim(b Butzbach);RB;RB 49;49;15080;8004712;8004712%2021-12-16T13:06:00.000Z%,8001312,8003262,8003520,8002410,8000124,;426
2021-12-16T13:21:00.000Z;Ostheim(b Butzbach);RB;RB 49;49;15085;8004712;8004712%2021-12-16T13:21:00.000Z%,8000728,8000111,8000632,8000158,8004713,8001199,8002572,8000150,;426
2021-12-16T13:29:00.000Z;Ostheim(b Butzbach);RB;RB 49;49;15082;8004712;8004712%2021-12-16T13:29:00.000Z%,8001312,8003262,8003520,8002410,8000124,;426
2021-12-16T13:48:00.000Z;Ostheim(b Butzbach);RB;RB 41;41;15017;8004712;8004712%2021-12-16T13:48:00.000Z%,8000728,8000111,8000760,8002042,8000105,;426
2021-12-16T13:48:00.000Z;Ostheim(b Butzbach);RB;RB 40;40;15117;8004712;8004712%2021-12-16T13:48:00.000Z%,8000728,8000111,8000760,8002042,8000105,;426
2021-12-16T14:08:00.000Z;Ostheim(b Butzbach);RB;RB 41;41;15018;8004712;8004712%2021-12-16T14:08:00.000Z%,8001312,8003262,8003520,8002410,8000124,8002269,8000234,8002100,8002134,8004417,8004420,8003856,8000337,8000065,8001256,8000589,8000435,8005661,8004328,8006401,8000129,;426
2021-12-16T14:08:00.000Z;Ostheim(b Butzbach);RB;RB 40;40;15118;8004712;8004712%2021-12-16T14:08:00.000Z%,8001312,8003262,8003520,8002410,8000124,8001618,8000383,8000633,8006340,8001694,8003213,8001668,8005577,8000161,8001271,8004405,8000074,;426
2021-12-16T14:24:00.000Z;Ostheim(b Butzbach);RB;RB 49;49;15087;8004712;8004712%2021-12-16T14:24:00.000Z%,8000728,8000111,8000632,8000158,8004713,8001199,8002572,8000150,;426
2021-12-16T14:29:00.000Z;Ostheim(b Butzbach);RB;RB 49;49;15084;8004712;8004712%2021-12-16T14:29:00.000Z%,8001312,8003262,8003520,8002410,8000124,;426
2021-12-16T14:54:00.000Z;Ostheim(b Butzbach);RB;RB 49;49;15089;8004712;8004712%2021-12-16T14:54:00.000Z%,8000728,8000111,8000632,8000158,8004713,8001199,8002572,8000150,;426
2021-12-16T15:10:00.000Z;Ostheim(b Butzbach);RE;RE 30;30;4172;8004712;8004712%2021-12-16T15:10:00.000Z%,8001312,8003262,8003520,8002410,8000124,8000234,8002134,8004417,8003856,8000337,;602
2021-12-16T15:24:00.000Z;Ostheim(b Butzbach);RB;RB 49;49;15091;8004712;8004712%2021-12-16T15:24:00.000Z%,8000728,8000111,8000632,8000158,8004713,8001199,8002572,8000150,;426
2021-12-16T15:38:00.000Z;Ostheim(b Butzbach);RE;RE 30;30;4174;8004712;8004712%2021-12-16T15:38:00.000Z%,8001312,8003262,8003520,8002410,8000124,;602
2021-12-16T15:48:00.000Z;Ostheim(b Butzbach);RB;RB 41;41;15021;8004712;8004712%2021-12-16T15:48:00.000Z%,8000728,8000111,8000760,8002042,8000105,;426
2021-12-16T15:48:00.000Z;Ostheim(b Butzbach);RB;RB 40;40;15121;8004712;8004712%2021-12-16T15:48:00.000Z%,8000728,8000111,8000760,8002042,8000105,;426
2021-12-16T16:08:00.000Z;Ostheim(b Butzbach);RB;RB 41;41;15022;8004712;8004712%2021-12-16T16:08:00.000Z%,8001312,8003262,8003520,8002410,8000124,8002269,8000234,8002100,8002134,8004417,8004420,8003856,8000337,8000065,8001256,8000589,8000435,8005661,8004328,8006401,8000129,;426
2021-12-16T16:08:00.000Z;Ostheim(b Butzbach);RB;RB 40;40;15122;8004712;8004712%2021-12-16T16:08:00.000Z%,8001312,8003262,8003520,8002410,8000124,8001618,8000383,8000633,8006340,8001694,8003213,8001668,8005577,8000161,8001271,8004405,8000074,;426
2021-12-16T16:24:00.000Z;Ostheim(b Butzbach);RB;RB 41;41;15093;8004712;8004712%2021-12-16T16:24:00.000Z%,8000728,8000111,8000632,8000158,8004713,8001199,8002572,8000150,;426
2021-12-16T16:39:00.000Z;Ostheim(b Butzbach);RB;RB 49;49;15160;8004712;8004712%2021-12-16T16:39:00.000Z%,8001312,8003262,8003520,8002410,8000124,;426
2021-12-16T16:54:00.000Z;Ostheim(b Butzbach);RB;RB 49;49;15095;8004712;8004712%2021-12-16T16:54:00.000Z%,8000728,8000111,8000632,8000158,8004713,8001199,8002572,8000150,;426
2021-12-16T17:07:00.000Z;Ostheim(b Butzbach);RB;RB 49;49;15088;8004712;8004712%2021-12-16T17:07:00.000Z%,8001312,8003262,8003520,8002410,8000124,;426
2021-12-16T17:24:00.000Z;Ostheim(b Butzbach);RB;RB 49;49;15155;8004712;8004712%2021-12-16T17:24:00.000Z%,8000728,8000111,;426
2021-12-16T17:37:00.000Z;Ostheim(b Butzbach);RE;RE 30;30;4178;8004712;8004712%2021-12-16T17:37:00.000Z%,8001312,8003262,8003520,8002410,8000124,8000234,8002100,8002134,8004417,8004420,8003856,8000337,;602
2021-12-16T17:48:00.000Z;Ostheim(b Butzbach);RB;RB 41;41;15025;8004712;8004712%2021-12-16T17:48:00.000Z%,8000728,8000111,8000760,8002042,8000105,;426
2021-12-16T17:48:00.000Z;Ostheim(b Butzbach);RB;RB 40;40;15125;8004712;8004712%2021-12-16T17:48:00.000Z%,8000728,8000111,8000760,8002042,8000105,;426
2021-12-16T18:08:00.000Z;Ostheim(b Butzbach);RB;RB 41;41;15026;8004712;8004712%2021-12-16T18:08:00.000Z%,8001312,8003262,8003520,8002410,8000124,8002269,8000234,8002100,8002134,8004417,8004420,8003856,8000337,8000065,8001256,8000589,8000435,8005661,8004328,8006401,8000129,;426
2021-12-16T18:08:00.000Z;Ostheim(b Butzbach);RB;RB 40;40;15126;8004712;8004712%2021-12-16T18:08:00.000Z%,8001312,8003262,8003520,8002410,8000124,8001618,8000383,8000633,8006340,8001694,8003213,8001668,8005577,8000161,8001271,8004405,8000074,;426
2021-12-16T18:37:00.000Z;Ostheim(b Butzbach);RE;RE 30;30;15380;8004712;8004712%2021-12-16T18:37:00.000Z%,8001312,8003262,8003520,8002410,8000124,;602
2021-12-16T18:54:00.000Z;Ostheim(b Butzbach);RB;RB 49;49;15097;8004712;8004712%2021-12-16T18:54:00.000Z%,8000728,8000111,8000632,8000158,8004713,8001199,8002572,8000150,;426
2021-12-16T19:06:00.000Z;Ostheim(b Butzbach);RB;RB 49;49;15090;8004712;8004712%2021-12-16T19:06:00.000Z%,8001312,8003262,8003520,8002410,8000124,;426
2021-12-16T19:50:00.000Z;Ostheim(b Butzbach);RB;RB 41;41;15029;8004712;8004712%2021-12-16T19:50:00.000Z%,8000728,8000111,8000760,8002042,8000105,;426
2021-12-16T19:50:00.000Z;Ostheim(b Butzbach);RB;RB 40;40;15129;8004712;8004712%2021-12-16T19:50:00.000Z%,8000728,8000111,8000760,8002042,8000105,;426
2021-12-16T20:08:00.000Z;Ostheim(b Butzbach);RB;RB 41;41;15030;8004712;8004712%2021-12-16T20:08:00.000Z%,8001312,8003262,8003520,8002410,8000124,8002269,8000234,8002100,8002134,8004417,8004420,8003856,8000337,;426
2021-12-16T20:08:00.000Z;Ostheim(b Butzbach);RB;RB 40;40;15130;8004712;8004712%2021-12-16T20:08:00.000Z%,8001312,8003262,8003520,8002410,8000124,8001618,8000383,8000633,8006340,8001694,8003213,8001668,8005577,8000161,;426
2021-12-15T21:03:00.000Z;Worms-Pfeddersheim;RB;RB 35;35;13873;8004788;8004788%2021-12-15T21:04:00.000Z%1,8000257,;426
2021-12-15T21:27:00.000Z;Worms-Pfeddersheim;RB;RB 35;35;13880;8004788;8004788%2021-12-15T21:27:00.000Z%,8000663,8004345,8002473,8001813,8000558,8000007,;426
2021-12-16T04:06:00.000Z;Worms-Pfeddersheim;RB;RB 35;35;13502;8004788;8004788%2021-12-16T04:06:00.000Z%,8000257,;426
2021-12-16T04:33:00.000Z;Worms-Pfeddersheim;RB;RB 35;35;13505;8004788;8004788%2021-12-16T04:33:00.000Z%,8000663,8002958,8001043,8070096,8000137,8003285,8002798,8000374,8006292,8003498,8002014,8002025,8000332,;426
2021-12-16T04:43:00.000Z;Worms-Pfeddersheim;RB;RB 35;35;29285;8004788;8004788%2021-12-16T04:43:00.000Z%,8000663,8004345,8002473,8001813,8000007,8000468,8000602,8006183,8002191,8005637,8006312,8000121,8000976,;426
2021-12-16T04:44:00.000Z;Worms-Pfeddersheim;RB;RB 35;35;13821;8004788;8004788%2021-12-16T04:44:00.000Z%,8000257,;426
2021-12-16T05:21:00.000Z;Worms-Pfeddersheim;RB;RB 35;35;13823;8004788;8004788%2021-12-16T05:21:00.000Z%,8000257,;426
2021-12-16T05:35:00.000Z;Worms-Pfeddersheim;RB;RB 35;35;13825;8004788;8004788%2021-12-16T05:35:00.000Z%,8000257,8002934,8000503,;426
2021-12-16T05:40:00.000Z;Worms-Pfeddersheim;RB;RB 35;35;13822;8004788;8004788%2021-12-16T05:40:00.000Z%,8000663,;426
2021-12-16T06:01:00.000Z;Worms-Pfeddersheim;RB;RB 35;35;13829;8004788;8004788%2021-12-16T06:01:00.000Z%,8000257,;426
2021-12-16T06:03:00.000Z;Worms-Pfeddersheim;RB;RB 35;35;13828;8004788;8004788%2021-12-16T06:03:00.000Z%,8000663,8004345,8002473,8001813,8000558,8000007,8007474,8000327,8000340,8000652,;426
2021-12-16T06:13:00.000Z;Worms-Pfeddersheim;RB;RB 31;31;29232;8004788;8004788%2021-12-16T06:13:00.000Z%,8000257,;426
2021-12-16T06:38:00.000Z;Worms-Pfeddersheim;RB;RB 35;35;29289;8004788;8004788%2021-12-16T06:38:00.000Z%,8000663,;426
2021-12-16T06:53:00.000Z;Worms-Pfeddersheim;RB;RB 35;35;13832;8004788;8004788%2021-12-16T06:53:00.000Z%,8000663,8004345,8002473,8001813,8000558,8000007,8000468,8000602,8006183,8002191,8005637,8006312,8000121,8000976,;426
2021-12-16T06:53:00.000Z;Worms-Pfeddersheim;RB;RB 35;35;29290;8004788;8004788%2021-12-16T06:53:00.000Z%,8000257,;426
2021-12-16T07:04:00.000Z;Worms-Pfeddersheim;RB;RB 31;31;29234;8004788;8004788%2021-12-16T07:04:00.000Z%,8000257,;426
2021-12-16T07:55:00.000Z;Worms-Pfeddersheim;RB;RB 35;35;13834;8004788;8004788%2021-12-16T07:55:00.000Z%,8000663,8004345,8002473,8001813,8000558,8000007,8000468,8000602,8006183,8002191,8005637,8006312,8000121,8000976,;426
2021-12-16T08:03:00.000Z;Worms-Pfeddersheim;RB;RB 35;35;13833;8004788;8004788%2021-12-16T08:03:00.000Z%,8000257,;426
2021-12-16T08:38:00.000Z;Worms-Pfeddersheim;RB;RB 35;35;13835;8004788;8004788%2021-12-16T08:38:00.000Z%,8000257,;426
2021-12-16T08:55:00.000Z;Worms-Pfeddersheim;RB;RB 35;35;13836;8004788;8004788%2021-12-16T08:55:00.000Z%,8000663,8004345,8002473,8001813,8000558,8000007,8000468,8000602,8006183,8002191,8005637,8006312,8000121,8000976,;426
2021-12-16T09:03:00.000Z;Worms-Pfeddersheim;RB;RB 35;35;13837;8004788;8004788%2021-12-16T09:03:00.000Z%,8000257,;426
2021-12-16T09:55:00.000Z;Worms-Pfeddersheim;RB;RB 35;35;13838;8004788;8004788%2021-12-16T09:55:00.000Z%,8000663,8004345,8002473,8001813,8000558,8000007,8000468,8000602,8006183,8002191,8005637,8006312,8000121,8000976,;426
2021-12-16T10:03:00.000Z;Worms-Pfeddersheim;RB;RB 35;35;13839;8004788;8004788%2021-12-16T10:03:00.000Z%,8000257,;426
2021-12-16T10:55:00.000Z;Worms-Pfeddersheim;RB;RB 35;35;13840;8004788;8004788%2021-12-16T10:55:00.000Z%,8000663,8004345,8002473,8001813,8000558,8000007,8000468,8000602,8006183,8002191,8005637,8006312,8000121,8000976,;426
2021-12-16T11:03:00.000Z;Worms-Pfeddersheim;RB;RB 35;35;13841;8004788;8004788%2021-12-16T11:03:00.000Z%,8000257,;426
2021-12-16T11:55:00.000Z;Worms-Pfeddersheim;RB;RB 31;31;29259;8004788;8004788%2021-12-16T11:55:00.000Z%,8000663,8004345,8002473,8001813,8000558,8000007,8000468,8000602,8006534,8004352,8004349,8003316,8003820,8003817,8006136,8000240,;426
2021-12-16T12:03:00.000Z;Worms-Pfeddersheim;RB;RB 35;35;13843;8004788;8004788%2021-12-16T12:03:00.000Z%,8000257,;426
2021-12-16T12:23:00.000Z;Worms-Pfeddersheim;RB;RB 35;35;13846;8004788;8004788%2021-12-16T12:23:00.000Z%,8000663,8004345,8002473,8001813,8000558,8000007,;426
2021-12-16T12:38:00.000Z;Worms-Pfeddersheim;RB;RB 35;35;13845;8004788;8004788%2021-12-16T12:38:00.000Z%,8000257,;426
2021-12-16T12:55:00.000Z;Worms-Pfeddersheim;RB;RB 35;35;13848;8004788;8004788%2021-12-16T12:55:00.000Z%,8000663,8004345,8002473,8001813,8000558,8000007,8000468,8000602,8006183,8002191,8005637,8006312,8000121,8000976,;426
2021-12-16T13:04:00.000Z;Worms-Pfeddersheim;RB;RB 35;35;13847;8004788;8004788%2021-12-16T13:04:00.000Z%,8000257,;426
2021-12-16T13:23:00.000Z;Worms-Pfeddersheim;RB;RB 35;35;13850;8004788;8004788%2021-12-16T13:23:00.000Z%,8000663,;426
2021-12-16T13:38:00.000Z;Worms-Pfeddersheim;RB;RB 35;35;13849;8004788;8004788%2021-12-16T13:38:00.000Z%,8000257,;426
2021-12-16T13:55:00.000Z;Worms-Pfeddersheim;RB;RB 35;35;13852;8004788;8004788%2021-12-16T13:55:00.000Z%,8000663,8004345,8002473,8001813,8000558,8000007,8000468,8000602,8006183,8002191,8005637,8006312,8000121,8000976,;426
2021-12-16T14:03:00.000Z;Worms-Pfeddersheim;RB;RB 35;35;13851;8004788;8004788%2021-12-16T14:03:00.000Z%,8000257,;426
2021-12-16T14:23:00.000Z;Worms-Pfeddersheim;RB;RB 35;35;13854;8004788;8004788%2021-12-16T14:23:00.000Z%,8000663,;426
2021-12-16T14:38:00.000Z;Worms-Pfeddersheim;RB;RB 35;35;13853;8004788;8004788%2021-12-16T14:38:00.000Z%,8000257,;426
2021-12-16T14:55:00.000Z;Worms-Pfeddersheim;RB;RB 35;35;13856;8004788;8004788%2021-12-16T14:55:00.000Z%,8000663,8004345,8002473,8001813,8000558,8000007,8000468,8000602,8006183,8002191,8005637,8006312,8000121,8000976,;426
2021-12-16T15:03:00.000Z;Worms-Pfeddersheim;RB;RB 35;35;13855;8004788;8004788%2021-12-16T15:03:00.000Z%,8000257,;426
2021-12-16T15:20:00.000Z;Worms-Pfeddersheim;RB;RB 35;35;13858;8004788;8004788%2021-12-16T15:20:00.000Z%,8000663,;426
2021-12-16T15:38:00.000Z;Worms-Pfeddersheim;RB;RB 35;35;13857;8004788;8004788%2021-12-16T15:38:00.000Z%,8000257,;426
2021-12-16T15:55:00.000Z;Worms-Pfeddersheim;RB;RB 35;35;13862;8004788;8004788%2021-12-16T15:55:00.000Z%,8000663,8004345,8002473,8001813,8000558,8000007,8000468,8000602,8006183,8002191,8005637,8006312,8000121,8000976,;426
2021-12-16T16:04:00.000Z;Worms-Pfeddersheim;RB;RB 35;35;13859;8004788;8004788%2021-12-16T16:04:00.000Z%,8000257,;426
2021-12-16T16:23:00.000Z;Worms-Pfeddersheim;RB;RB 35;35;13864;8004788;8004788%2021-12-16T16:23:00.000Z%,8000663,;426
2021-12-16T16:36:00.000Z;Worms-Pfeddersheim;RB;RB 35;35;13861;8004788;8004788%2021-12-16T16:36:00.000Z%,8000257,;426
2021-12-16T16:58:00.000Z;Worms-Pfeddersheim;RB;RB 35;35;13868;8004788;8004788%2021-12-16T16:58:00.000Z%,8000663,8004345,8002473,8001813,8000558,8000007,8000468,8000602,8006183,8002191,8005637,8006312,8000121,8000976,;426
2021-12-16T17:03:00.000Z;Worms-Pfeddersheim;RB;RB 35;35;13863;8004788;8004788%2021-12-16T17:03:00.000Z%,8000257,;426
2021-12-16T17:23:00.000Z;Worms-Pfeddersheim;RB;RB 35;35;13870;8004788;8004788%2021-12-16T17:23:00.000Z%,8000663,;426
2021-12-16T17:38:00.000Z;Worms-Pfeddersheim;RB;RB 35;35;13865;8004788;8004788%2021-12-16T17:38:00.000Z%,8000257,;426
2021-12-16T17:55:00.000Z;Worms-Pfeddersheim;RB;RB 35;35;13872;8004788;8004788%2021-12-16T17:55:00.000Z%,8000663,8004345,8002473,8001813,8000558,8000007,8000468,8000602,8006183,8002191,8005637,8006312,8000121,8000976,;426
2021-12-16T18:03:00.000Z;Worms-Pfeddersheim;RB;RB 35;35;13867;8004788;8004788%2021-12-16T18:03:00.000Z%,8000257,;426
2021-12-16T18:23:00.000Z;Worms-Pfeddersheim;RB;RB 35;35;13874;8004788;8004788%2021-12-16T18:23:00.000Z%,8000663,;426
2021-12-16T18:55:00.000Z;Worms-Pfeddersheim;RB;RB 35;35;13876;8004788;8004788%2021-12-16T18:55:00.000Z%,8000663,8004345,8002473,8001813,8000558,8000007,8000468,8000602,8006183,8002191,8005637,8006312,8000121,8000976,;426
2021-12-16T19:03:00.000Z;Worms-Pfeddersheim;RB;RB 35;35;13869;8004788;8004788%2021-12-16T19:03:00.000Z%,8000257,;426
2021-12-16T19:55:00.000Z;Worms-Pfeddersheim;RB;RB 35;35;13878;8004788;8004788%2021-12-16T19:55:00.000Z%,8000663,8004345,8002473,8001813,8000558,8000007,;426
2021-12-16T20:03:00.000Z;Worms-Pfeddersheim;RB;RB 35;35;13871;8004788;8004788%2021-12-16T20:03:00.000Z%,8000257,;426
2021-12-15T21:54:00.000Z;Pforzheim-Weißenstein;RB;RB 74;74;17959;8004801;8004801%2021-12-15T21:54:00.000Z%,8006008,8004077,8000721,8002852,8000063,8000757,8006432,8004196,8004201,8004195,8004202,8000389,8001944,8000177,;426
2021-12-15T22:21:00.000Z;Pforzheim-Weißenstein;RB;RB 74;74;17960;8004801;8004801%2021-12-15T22:21:00.000Z%,8004799,8004804,8000299,;426
2021-12-16T03:46:00.000Z;Pforzheim-Weißenstein;RB;RB 74;74;17901;8004801;8004801%2021-12-16T03:46:00.000Z%,8006008,8004077,8000721,8002852,8000063,8000757,8006432,8004196,8004201,8004195,8004202,8000389,8001944,8000101,;426
2021-12-16T04:39:00.000Z;Pforzheim-Weißenstein;RB;RB 74;74;17900;8004801;8004801%2021-12-16T04:39:00.000Z%,8004799,8004804,8000299,;426
2021-12-16T05:09:00.000Z;Pforzheim-Weißenstein;RB;RB 74;74;17902;8004801;8004801%2021-12-16T05:09:00.000Z%,8004799,8004804,8000299,;426
2021-12-16T05:25:00.000Z;Pforzheim-Weißenstein;RB;RB 74;74;17903;8004801;8004801%2021-12-16T05:25:00.000Z%,8006008,8004077,8000721,8002852,8000063,8000757,8006432,8004196,8004201,8004195,8004202,8000389,8001944,8000177,;426
2021-12-16T05:52:00.000Z;Pforzheim-Weißenstein;RB;RB 74;74;17904;8004801;8004801%2021-12-16T05:52:00.000Z%,8004799,8000299,;426
2021-12-16T05:53:00.000Z;Pforzheim-Weißenstein;RB;RB 74;74;17907;8004801;8004801%2021-12-16T05:53:00.000Z%,8006008,8000721,8002852,8000063,8000757,8006432,8004196,8004201,8004195,8004202,8000389,8000177,;426
2021-12-16T06:18:00.000Z;Pforzheim-Weißenstein;RB;RB 74;74;17908;8004801;8004801%2021-12-16T06:18:00.000Z%,8004799,8004804,8000299,;426
2021-12-16T06:19:00.000Z;Pforzheim-Weißenstein;RB;RB 74;74;17909;8004801;8004801%2021-12-16T06:19:00.000Z%,8006008,8004077,8000721,8002852,8000063,8000757,8006432,8004196,8004201,8004195,8004202,8000389,8001944,8000177,;426
2021-12-16T06:50:00.000Z;Pforzheim-Weißenstein;RB;RB 74;74;17910;8004801;8004801%2021-12-16T06:50:00.000Z%,8004799,8004804,8000299,;426
2021-12-16T06:51:00.000Z;Pforzheim-Weißenstein;RB;RB 74;74;17911;8004801;8004801%2021-12-16T06:51:00.000Z%,8006008,8004077,8000721,8002852,8000063,8000757,8006432,8004196,8004201,8004195,8004202,8000389,8001944,8000177,;426
2021-12-16T07:18:00.000Z;Pforzheim-Weißenstein;RB;RB 74;74;17912;8004801;8004801%2021-12-16T07:18:00.000Z%,8004799,8004804,8000299,;426
2021-12-16T07:45:00.000Z;Pforzheim-Weißenstein;RB;RB 74;74;17915;8004801;8004801%2021-12-16T07:45:00.000Z%,8006008,8004077,8000721,8002852,8000063,8000757,8006432,8004196,8004201,8004195,8004202,8000389,8001944,8000177,8004104,8001946,8000959,8005197,8003248,8000141,;426
2021-12-16T08:14:00.000Z;Pforzheim-Weißenstein;RB;RB 74;74;17916;8004801;8004801%2021-12-16T08:14:00.000Z%,8004799,8004804,8000299,;426
2021-12-16T08:39:00.000Z;Pforzheim-Weißenstein;RB;RB 74;74;17918;8004801;8004801%2021-12-16T08:39:00.000Z%,8004799,8004804,8000299,;426
2021-12-16T08:46:00.000Z;Pforzheim-Weißenstein;RB;RB 74;74;17917;8004801;8004801%2021-12-16T08:46:00.000Z%,8006008,8004077,8000721,8002852,8000063,8000757,8006432,8004196,8004201,8004195,8004202,8000389,8001944,8000177,;426
2021-12-16T09:14:00.000Z;Pforzheim-Weißenstein;RB;RB 74;74;17920;8004801;8004801%2021-12-16T09:14:00.000Z%,8004799,8004804,8000299,;426
2021-12-16T09:45:00.000Z;Pforzheim-Weißenstein;RB;RB 74;74;17919;8004801;8004801%2021-12-16T09:45:00.000Z%,8006008,8004077,8000721,8002852,8000063,8000757,8006432,8004196,8004201,8004195,8004202,8000389,8001944,8000177,8004104,8001946,8000959,8005197,8003248,8000141,;426
2021-12-16T10:14:00.000Z;Pforzheim-Weißenstein;RB;RB 74;74;17922;8004801;8004801%2021-12-16T10:14:00.000Z%,8004799,8004804,8000299,;426
2021-12-16T10:15:00.000Z;Pforzheim-Weißenstein;RB;RB 74;74;17921;8004801;8004801%2021-12-16T10:15:00.000Z%,8006008,8004077,8000721,8002852,8000063,8000757,8006432,8004196,;426
2021-12-16T10:46:00.000Z;Pforzheim-Weißenstein;RB;RB 74;74;17923;8004801;8004801%2021-12-16T10:46:00.000Z%,8006008,8004077,8000721,8002852,8000063,8000757,8006432,8004196,8004201,8004195,8004202,8000389,8001944,8000177,;426
2021-12-16T11:14:00.000Z;Pforzheim-Weißenstein;RB;RB 74;74;17924;8004801;8004801%2021-12-16T11:14:00.000Z%,8004799,8004804,8000299,;426
2021-12-16T11:15:00.000Z;Pforzheim-Weißenstein;RB;RB 74;74;17925;8004801;8004801%2021-12-16T11:15:00.000Z%,8006008,8004077,8000721,8002852,8000063,8000757,8006432,8004196,8004201,;426
2021-12-16T11:40:00.000Z;Pforzheim-Weißenstein;RB;RB 74;74;17926;8004801;8004801%2021-12-16T11:40:00.000Z%,8004799,8004804,8000299,;426
2021-12-16T11:47:00.000Z;Pforzheim-Weißenstein;RB;RB 74;74;17927;8004801;8004801%2021-12-16T11:47:00.000Z%,8006008,8004077,8000721,8002852,8000063,8000757,8006432,8004196,8004201,8004195,8004202,8000389,8001944,8000177,;426
2021-12-16T12:14:00.000Z;Pforzheim-Weißenstein;RB;RB 74;74;17928;8004801;8004801%2021-12-16T12:14:00.000Z%,8004799,8004804,8000299,;426
2021-12-16T12:15:00.000Z;Pforzheim-Weißenstein;RB;RB 74;74;17929;8004801;8004801%2021-12-16T12:15:00.000Z%,8006008,8004077,8000721,8002852,8000063,8000757,8006432,8004196,8004201,;426
2021-12-16T12:42:00.000Z;Pforzheim-Weißenstein;RB;RB 74;74;17930;8004801;8004801%2021-12-16T12:42:00.000Z%,8004799,8004804,8000299,;426
2021-12-16T12:43:00.000Z;Pforzheim-Weißenstein;RB;RB 74;74;17931;8004801;8004801%2021-12-16T12:43:00.000Z%,8006008,8004077,8000721,8002852,8000063,8000757,8006432,8004196,8004201,8004195,8004202,8000389,8001944,8000177,;426
2021-12-16T13:14:00.000Z;Pforzheim-Weißenstein;RB;RB 74;74;17932;8004801;8004801%2021-12-16T13:14:00.000Z%,8004799,8004804,8000299,;426
2021-12-16T13:15:00.000Z;Pforzheim-Weißenstein;RB;RB 74;74;17933;8004801;8004801%2021-12-16T13:15:00.000Z%,8006008,8004077,8000721,8002852,8000063,8000757,8006432,8004196,8004201,;426
2021-12-16T13:40:00.000Z;Pforzheim-Weißenstein;RB;RB 74;74;17934;8004801;8004801%2021-12-16T13:40:00.000Z%,8004799,8004804,8000299,;426
2021-12-16T13:46:00.000Z;Pforzheim-Weißenstein;RB;RB 74;74;17935;8004801;8004801%2021-12-16T13:46:00.000Z%,8006008,8004077,8000721,8002852,8000063,8000757,8006432,8004196,8004201,8004195,8004202,8000389,8001944,8000177,;426
2021-12-16T14:14:00.000Z;Pforzheim-Weißenstein;RB;RB 74;74;17936;8004801;8004801%2021-12-16T14:14:00.000Z%,8004799,8004804,8000299,;426
2021-12-16T14:15:00.000Z;Pforzheim-Weißenstein;RB;RB 74;74;17937;8004801;8004801%2021-12-16T14:15:00.000Z%,8006008,8004077,8000721,8002852,8000063,8000757,8006432,8004196,8004201,;426
2021-12-16T14:42:00.000Z;Pforzheim-Weißenstein;RB;RB 74;74;17938;8004801;8004801%2021-12-16T14:42:00.000Z%,8004799,8004804,8000299,;426
2021-12-16T14:43:00.000Z;Pforzheim-Weißenstein;RB;RB 74;74;17939;8004801;8004801%2021-12-16T14:43:00.000Z%,8006008,8004077,8000721,8002852,8000063,8000757,8006432,8004196,8004201,8004195,8004202,8000389,8001944,8000177,;426
2021-12-16T15:14:00.000Z;Pforzheim-Weißenstein;RB;RB 74;74;17940;8004801;8004801%2021-12-16T15:14:00.000Z%,8004799,8004804,8000299,;426
2021-12-16T15:14:00.000Z;Pforzheim-Weißenstein;RB;RB 74;74;17941;8004801;8004801%2021-12-16T15:14:00.000Z%,8006008,8004077,8000721,8002852,8000063,8000757,8006432,8004196,8004201,8004195,8004202,8000389,;426
2021-12-16T15:40:00.000Z;Pforzheim-Weißenstein;RB;RB 74;74;17942;8004801;8004801%2021-12-16T15:40:00.000Z%,8004799,8004804,8000299,;426
2021-12-16T15:46:00.000Z;Pforzheim-Weißenstein;RB;RB 74;74;17943;8004801;8004801%2021-12-16T15:46:00.000Z%,8006008,8004077,8000721,8002852,8000063,8000757,8006432,8004196,8004201,8004195,8004202,8000389,8001944,8000177,;426
2021-12-16T16:14:00.000Z;Pforzheim-Weißenstein;RB;RB 74;74;17944;8004801;8004801%2021-12-16T16:14:00.000Z%,8004799,8004804,8000299,;426
2021-12-16T16:14:00.000Z;Pforzheim-Weißenstein;RB;RB 74;74;17945;8004801;8004801%2021-12-16T16:14:00.000Z%,8006008,8004077,8000721,8002852,8000063,8000757,8006432,8004196,8004201,8004195,8004202,8000389,8001944,8000177,8004104,8001946,8000959,8000731,8005197,8003248,8000141,;426
2021-12-16T16:42:00.000Z;Pforzheim-Weißenstein;RB;RB 74;74;17946;8004801;8004801%2021-12-16T16:42:00.000Z%,8004799,8004804,8000299,;426
2021-12-16T16:43:00.000Z;Pforzheim-Weißenstein;RB;RB 74;74;17947;8004801;8004801%2021-12-16T16:43:00.000Z%,8006008,8004077,8000721,8002852,8000063,8000757,8006432,8004196,8004201,8004195,8004202,8000389,8001944,8000177,;426
2021-12-16T17:14:00.000Z;Pforzheim-Weißenstein;RB;RB 74;74;17948;8004801;8004801%2021-12-16T17:14:00.000Z%,8004799,8004804,8000299,;426
2021-12-16T17:15:00.000Z;Pforzheim-Weißenstein;RB;RB 74;74;17949;8004801;8004801%2021-12-16T17:15:00.000Z%,8006008,8004077,8000721,8002852,8000063,8000757,8006432,8004196,8004201,;426
2021-12-16T17:40:00.000Z;Pforzheim-Weißenstein;RB;RB 74;74;17950;8004801;8004801%2021-12-16T17:40:00.000Z%,8004799,8004804,8000299,;426
2021-12-16T17:46:00.000Z;Pforzheim-Weißenstein;RB;RB 74;74;17951;8004801;8004801%2021-12-16T17:46:00.000Z%,8006008,8004077,8000721,8002852,8000063,8000757,8006432,8004196,8004201,8004195,8004202,8000389,8001944,8000177,8004104,8001946,8000959,8005197,8003248,8000141,;426
2021-12-16T18:14:00.000Z;Pforzheim-Weißenstein;RB;RB 74;74;17952;8004801;8004801%2021-12-16T18:14:00.000Z%,8004799,8004804,8000299,;426
2021-12-16T18:14:00.000Z;Pforzheim-Weißenstein;RB;RB 74;74;17953;8004801;8004801%2021-12-16T18:14:00.000Z%,8006008,8004077,8000721,8002852,8000063,8000757,8006432,8004196,8004201,8004195,8004202,8000389,8001944,8000177,;426
2021-12-16T18:43:00.000Z;Pforzheim-Weißenstein;RB;RB 74;74;17955;8004801;8004801%2021-12-16T18:43:00.000Z%,8006008,8004077,8000721,8002852,8000063,8000757,8006432,8004196,8004201,8004195,8004202,8000389,8001944,8000177,;426
2021-12-16T19:14:00.000Z;Pforzheim-Weißenstein;RB;RB 74;74;17954;8004801;8004801%2021-12-16T19:14:00.000Z%,8004799,8004804,8000299,;426
2021-12-16T19:40:00.000Z;Pforzheim-Weißenstein;RB;RB 74;74;17956;8004801;8004801%2021-12-16T19:40:00.000Z%,8004799,8004804,8000299,;426
2021-12-16T19:46:00.000Z;Pforzheim-Weißenstein;RB;RB 74;74;17957;8004801;8004801%2021-12-16T19:46:00.000Z%,8006008,8004077,8000721,8002852,8000063,8000757,8006432,8004196,8004201,8004195,8004202,8000389,8001944,8000177,8004104,8001946,8000959,8005197,8003248,8000141,;426
2021-12-16T20:14:00.000Z;Pforzheim-Weißenstein;RB;RB 74;74;17958;8004801;8004801%2021-12-16T20:14:00.000Z%,8004799,8004804,8000299,;426
2021-12-16T03:38:00.000Z;Pirmasens Hbf;RB;RB 55;55;12331;8004822;8004822%2021-12-16T03:38:00.000Z%,8000876,8005113,8004166,8002847,8002649,8002648,8006441,8005103,8005257,8000582,8000466,8005551,8002300,8003508,8003507,8000216,8006468,8003172,8000254,8084067,8003186,8003187,8003183,8000191,;426
2021-12-16T04:15:00.000Z;Pirmasens Hbf;RB;RB 68;68;12901;8004822;8004822%2021-12-16T04:15:00.000Z%,8000876,8005843,8002895,8005094,8001407,8001406,8005673,8001341,8006682,8006680,8000371,8000357,8001027,8006581,8002625,8000319,8005649,8005241,8000323,;426
2021-12-16T04:31:00.000Z;Pirmasens Hbf;RB;RB 64;64;12800;8004822;8004822%2021-12-16T04:31:00.000Z%,8000876,8006156,8005689,8005423,8002943,8002175,8000189,;426
2021-12-16T04:44:00.000Z;Pirmasens Hbf;RB;RB 55;55;12335;8004822;8004822%2021-12-16T04:44:00.000Z%,8000876,8005113,8004166,8002847,8002649,8002648,8006441,8005103,8005257,8000582,8000466,8005551,8002300,8003508,8003507,8000216,8003349,8001665,8001663,8003809,8004306,8000275,;426
2021-12-16T04:52:00.000Z;Pirmasens Hbf;RB;RB 68;68;12903;8004822;8004822%2021-12-16T04:52:00.000Z%,8000876,8005843,8002895,8005094,8001407,8001406,8005673,8001341,8006682,8006680,8000371,8000357,8001027,8006581,8002625,8000319,8005649,8005332,8005241,8000323,;426
2021-12-16T05:10:00.000Z;Pirmasens Hbf;RB;RB 64;64;12802;8004822;8004822%2021-12-16T05:10:00.000Z%,8000876,8006156,8005689,8005423,8002943,8002175,8000189,;426
2021-12-16T05:22:00.000Z;Pirmasens Hbf;RB;RB 68;68;12905;8004822;8004822%2021-12-16T05:22:00.000Z%,8000876,8005843,8002895,8005094,8001407,8001406,8005673,8001341,8006682,8006680,8000371,8000357,8001027,8006581,8002625,8000319,8005649,8005241,8000323,;426
2021-12-16T05:37:00.000Z;Pirmasens Hbf;RB;RB 64;64;12806;8004822;8004822%2021-12-16T05:37:00.000Z%,8000876,8006156,8005689,8005423,8002943,8002175,8000189,;426
2021-12-16T06:02:00.000Z;Pirmasens Hbf;RB;RB 68;68;12907;8004822;8004822%2021-12-16T06:02:00.000Z%,8000876,8005843,8002895,8005094,8001407,8001406,8005673,8001341,8006682,8006680,8000371,8000357,8001027,8006581,8002625,8000319,8005649,8005241,8000323,;426
2021-12-16T06:32:00.000Z;Pirmasens Hbf;RB;RB 64;64;12808;8004822;8004822%2021-12-16T06:32:00.000Z%,8000876,8006156,8005689,8005423,8002943,8002175,8000189,;426
2021-12-16T07:02:00.000Z;Pirmasens Hbf;RB;RB 55;55;12341;8004822;8004822%2021-12-16T07:02:00.000Z%,8000876,8005113,8004166,8002847,8002649,8002648,8006441,8005103,8005257,8000582,8000466,8005551,8002300,8003508,8003507,8000216,;426
2021-12-16T07:32:00.000Z;Pirmasens Hbf;RB;RB 68;68;12909;8004822;8004822%2021-12-16T07:32:00.000Z%,8000876,8005843,8002895,8005094,8001407,8001406,8005673,8001341,8006682,8006680,8000371,8000357,8001027,8006581,8002625,8000319,8005649,8005241,8000323,;426
2021-12-16T07:41:00.000Z;Pirmasens Hbf;RB;RB 64;64;12812;8004822;8004822%2021-12-16T07:41:00.000Z%,8000876,8006156,8005689,8005423,8002943,8002175,8000189,;426
2021-12-16T08:02:00.000Z;Pirmasens Hbf;RB;RB 55;55;12343;8004822;8004822%2021-12-16T08:02:00.000Z%,8000876,8005113,8004166,8002847,8002649,8002648,8006441,8005103,8005257,8000582,8000466,8005551,8002300,8003508,8003507,8000216,;426
2021-12-16T08:32:00.000Z;Pirmasens Hbf;RB;RB 68;68;12911;8004822;8004822%2021-12-16T08:32:00.000Z%,8000876,8005843,8002895,8005094,8001407,8001406,8005673,8001341,8006682,8006680,8000371,8000357,8001027,8006581,8002625,8000319,8005649,8005241,8000323,;426
2021-12-16T08:41:00.000Z;Pirmasens Hbf;RB;RB 64;64;12814;8004822;8004822%2021-12-16T08:41:00.000Z%,8000876,8006156,8005689,8005423,8002943,8002175,8000189,;426
2021-12-16T09:02:00.000Z;Pirmasens Hbf;RB;RB 55;55;12347;8004822;8004822%2021-12-16T09:02:00.000Z%,8000876,8005113,8004166,8002847,8002649,8002648,8006441,8005103,8005257,8000582,8000466,8005551,8002300,8003508,8003507,8000216,;426
2021-12-16T09:32:00.000Z;Pirmasens Hbf;RB;RB 68;68;12913;8004822;8004822%2021-12-16T09:32:00.000Z%,8000876,8005843,8002895,8005094,8001407,8001406,8005673,8001341,8006682,8006680,8000371,8000357,8001027,8006581,8002625,8000319,8005649,8005241,8000323,;426
2021-12-16T09:41:00.000Z;Pirmasens Hbf;RB;RB 64;64;12816;8004822;8004822%2021-12-16T09:41:00.000Z%,8000876,8006156,8005689,8005423,8002943,8002175,8000189,;426
2021-12-16T10:02:00.000Z;Pirmasens Hbf;RB;RB 55;55;12351;8004822;8004822%2021-12-16T10:02:00.000Z%,8000876,8005113,8004166,8002847,8002649,8002648,8006441,8005103,8005257,8000582,8000466,8005551,8002300,8003508,8003507,8000216,;426
2021-12-16T10:32:00.000Z;Pirmasens Hbf;RB;RB 68;68;12915;8004822;8004822%2021-12-16T10:32:00.000Z%,8000876,8005843,8002895,8005094,8001407,8001406,8005673,8001341,8006682,8006680,8000371,8000357,8001027,8006581,8002625,8000319,8005649,8005241,8000323,;426
2021-12-16T10:41:00.000Z;Pirmasens Hbf;RB;RB 64;64;12818;8004822;8004822%2021-12-16T10:41:00.000Z%,8000876,8006156,8005689,8005423,8002943,8002175,8000189,;426
2021-12-16T11:02:00.000Z;Pirmasens Hbf;RB;RB 55;55;12353;8004822;8004822%2021-12-16T11:02:00.000Z%,8000876,8005113,8004166,8002847,8002649,8002648,8006441,8005103,8005257,8000582,8000466,8005551,8002300,8003508,8003507,8000216,;426
2021-12-16T11:32:00.000Z;Pirmasens Hbf;RB;RB 68;68;12917;8004822;8004822%2021-12-16T11:32:00.000Z%,8000876,8005843,8002895,8005094,8001407,8001406,8005673,8001341,8006682,8006680,8000371,8000357,8001027,8006581,8002625,8000319,8005649,8005241,8000323,;426
2021-12-16T11:41:00.000Z;Pirmasens Hbf;RB;RB 64;64;12820;8004822;8004822%2021-12-16T11:41:00.000Z%,8000876,8006156,8005689,8005423,8002943,8002175,8000189,;426
2021-12-16T12:02:00.000Z;Pirmasens Hbf;RB;RB 55;55;12355;8004822;8004822%2021-12-16T12:02:00.000Z%,8000876,8005113,8004166,8002847,8002649,8002648,8006441,8005103,8005257,8000582,8000466,8005551,8002300,8003508,8003507,8000216,;426
2021-12-16T12:32:00.000Z;Pirmasens Hbf;RB;RB 68;68;12919;8004822;8004822%2021-12-16T12:32:00.000Z%,8000876,8005843,8002895,8005094,8001407,8001406,8005673,8001341,8006682,8006680,8000371,8000357,8001027,8006581,8002625,8000319,8005649,8005241,8000323,;426
2021-12-16T12:41:00.000Z;Pirmasens Hbf;RB;RB 64;64;12822;8004822;8004822%2021-12-16T12:41:00.000Z%,8000876,8006156,8005689,8005423,8002943,8002175,8000189,;426
2021-12-16T13:02:00.000Z;Pirmasens Hbf;RB;RB 55;55;12357;8004822;8004822%2021-12-16T13:02:00.000Z%,8000876,8005113,8004166,8002847,8002649,8002648,8006441,8005103,8005257,8000582,8000466,8005551,8002300,8003508,8003507,8000216,;426
2021-12-16T13:32:00.000Z;Pirmasens Hbf;RB;RB 68;68;12921;8004822;8004822%2021-12-16T13:32:00.000Z%,8000876,8005843,8002895,8005094,8001407,8001406,8005673,8001341,8006682,8006680,8000371,8000357,8001027,8006581,8002625,8000319,8005649,8005306,8000323,;426
2021-12-16T13:41:00.000Z;Pirmasens Hbf;RB;RB 64;64;12824;8004822;8004822%2021-12-16T13:41:00.000Z%,8000876,8006156,8005689,8005423,8002943,8002175,8000189,;426
2021-12-16T14:02:00.000Z;Pirmasens Hbf;RB;RB 55;55;12361;8004822;8004822%2021-12-16T14:02:00.000Z%,8000876,8005113,8004166,8002847,8002649,8002648,8006441,8005103,8005257,8000582,8000466,8005551,8002300,8003508,8003507,8000216,;426
2021-12-16T14:32:00.000Z;Pirmasens Hbf;RB;RB 68;68;12923;8004822;8004822%2021-12-16T14:32:00.000Z%,8000876,8005843,8002895,8005094,8001407,8001406,8005673,8001341,8006682,8006680,8000371,8000357,8001027,8006581,8002625,8000319,8005649,8005306,8000323,;426
2021-12-16T14:41:00.000Z;Pirmasens Hbf;RB;RB 64;64;12826;8004822;8004822%2021-12-16T14:41:00.000Z%,8000876,8006156,8005689,8005423,8002943,8002175,8000189,;426
2021-12-16T15:02:00.000Z;Pirmasens Hbf;RB;RB 55;55;12363;8004822;8004822%2021-12-16T15:02:00.000Z%,8000876,8005113,8004166,8002847,8002649,8002648,8006441,8005103,8005257,8000582,8000466,8005551,8002300,8003508,8003507,8000216,;426
2021-12-16T15:32:00.000Z;Pirmasens Hbf;RB;RB 68;68;12925;8004822;8004822%2021-12-16T15:32:00.000Z%,8000876,8005843,8002895,8005094,8001407,8001406,8005673,8001341,8006682,8006680,8000371,8000357,8001027,8006581,8002625,8000319,8005649,8005306,8000323,;426
2021-12-16T15:41:00.000Z;Pirmasens Hbf;RB;RB 64;64;12828;8004822;8004822%2021-12-16T15:41:00.000Z%,8000876,8006156,8005689,8005423,8002943,8002175,8000189,;426
2021-12-16T16:02:00.000Z;Pirmasens Hbf;RB;RB 55;55;12365;8004822;8004822%2021-12-16T16:02:00.000Z%,8000876,8005113,8004166,8002847,8002649,8002648,8006441,8005103,8005257,8000582,8000466,8005551,8002300,8003508,8003507,8000216,;426
2021-12-16T16:32:00.000Z;Pirmasens Hbf;RB;RB 68;68;12927;8004822;8004822%2021-12-16T16:32:00.000Z%,8000876,8005843,8002895,8005094,8001407,8001406,8005673,8001341,8006682,8006680,8000371,8000357,8001027,8006581,8002625,8000319,8005649,8005241,8000323,;426
2021-12-16T16:41:00.000Z;Pirmasens Hbf;RB;RB 64;64;12830;8004822;8004822%2021-12-16T16:41:00.000Z%,8000876,8006156,8005689,8005423,8002943,8002175,8000189,;426
2021-12-16T17:02:00.000Z;Pirmasens Hbf;RB;RB 55;55;12367;8004822;8004822%2021-12-16T17:02:00.000Z%,8000876,8005113,8004166,8002847,8002649,8002648,8006441,8005103,8005257,8000582,8000466,8005551,8002300,8003508,8003507,8000216,;426
2021-12-16T17:32:00.000Z;Pirmasens Hbf;RB;RB 68;68;12929;8004822;8004822%2021-12-16T17:32:00.000Z%,8000876,8005843,8002895,8005094,8001407,8001406,8005673,8001341,8006682,8006680,8000371,8000357,8001027,8006581,8002625,8000319,8005649,8005241,8000323,;426
2021-12-16T17:41:00.000Z;Pirmasens Hbf;RB;RB 64;64;12832;8004822;8004822%2021-12-16T17:41:00.000Z%,8000876,8006156,8005689,8005423,8002943,8002175,8000189,;426
2021-12-16T18:02:00.000Z;Pirmasens Hbf;RB;RB 55;55;12369;8004822;8004822%2021-12-16T18:02:00.000Z%,8000876,8005113,8004166,8002847,8002649,8002648,8006441,8005103,8005257,8000582,8000466,8005551,8002300,8003508,8003507,8000216,;426
2021-12-16T18:32:00.000Z;Pirmasens Hbf;RB;RB 68;68;12931;8004822;8004822%2021-12-16T18:32:00.000Z%,8000876,8005843,8002895,8005094,8001407,8001406,8005673,8001341,8006682,8006680,8000371,8000357,8001027,8006581,8002625,8000319,8005649,8005241,8000323,;426
2021-12-16T18:41:00.000Z;Pirmasens Hbf;RB;RB 64;64;12834;8004822;8004822%2021-12-16T18:41:00.000Z%,8000876,8006156,8005689,8005423,8002943,8002175,8000189,;426
2021-12-16T19:02:00.000Z;Pirmasens Hbf;RB;RB 55;55;12371;8004822;8004822%2021-12-16T19:02:00.000Z%,8000876,8005113,8004166,8002847,8002649,8002648,8006441,8005103,8005257,8000582,8000466,8005551,8002300,8003508,8003507,8000216,;426
2021-12-16T19:32:00.000Z;Pirmasens Hbf;RB;RB 68;68;12933;8004822;8004822%2021-12-16T19:32:00.000Z%,8000876,8005843,8002895,8005094,8001407,8001406,8005673,8001341,8006682,8006680,8000371,8000357,8001027,8006581,8002625,8000319,8005649,8005241,8000323,;426
2021-12-16T19:41:00.000Z;Pirmasens Hbf;RB;RB 64;64;12836;8004822;8004822%2021-12-16T19:41:00.000Z%,8000876,8006156,8005689,8005423,8002943,8002175,8000189,;426
2021-12-15T20:22:00.000Z;Pönitz(Holst);RE;RE 83;83;11132;8004848;8004848%2021-12-15T20:22:00.000Z%0,8001941,8003829,8004841,8000011,8004879,8004924,8000199,;602
2021-12-15T21:20:00.000Z;Pönitz(Holst);RB;RB 84;84;11134;8004848;8004848%2021-12-15T21:20:00.000Z%,8001941,8003829,8004841,8000011,8004879,8004924,8003477,8000199,;426
2021-12-15T21:39:00.000Z;Pönitz(Holst);RB;RB 84;84;11139;8004848;8004848%2021-12-15T21:39:00.000Z%0,8004750,8000749,8000237,8003785,8003781,8004952,8004057,8000058,8003577,8001646,8000238,;426
2021-12-15T22:20:00.000Z;Pönitz(Holst);RB;RB 84;84;11136;8004848;8004848%2021-12-15T22:20:00.000Z%,8001941,8003829,8004841,8000011,8004879,8004924,8003477,8000199,;426
2021-12-15T22:39:00.000Z;Pönitz(Holst);RB;RB 84;84;11141;8004848;8004848%2021-12-15T22:39:00.000Z%,8004750,8000749,8000237,8003785,8003781,8004952,8004057,8000058,;426
2021-12-15T23:39:00.000Z;Pönitz(Holst);RB;RB 84;84;11138;8004848;8004848%2021-12-15T23:39:00.000Z%,8001941,8003829,8004841,8000011,8004879,8004924,8003477,8000199,;426
2021-12-15T23:39:00.000Z;Pönitz(Holst);RB;RB 84;84;11143;8004848;8004848%2021-12-15T23:39:00.000Z%,8004750,8000749,8000237,;426
2021-12-16T03:09:00.000Z;Pönitz(Holst);RB;RB 84;84;11196;8004848;8004848%2021-12-16T03:09:00.000Z%,8001941,8003829,8004841,8000011,8004879,8004924,8003477,8000199,;426
2021-12-16T04:37:00.000Z;Pönitz(Holst);RB;RB 84;84;11105;8004848;8004848%2021-12-16T04:37:00.000Z%,8000749,8000237,8003785,8003781,8004952,8004057,8000058,8003577,8001646,8000238,;426
2021-12-16T04:49:00.000Z;Pönitz(Holst);RB;RB 84;84;11150;8004848;8004848%2021-12-16T04:49:00.000Z%,8001941,8003829,8004841,8000011,8004879,8004924,8003477,8000199,;426
2021-12-16T05:09:00.000Z;Pönitz(Holst);RB;RB 84;84;11157;8004848;8004848%2021-12-16T05:09:00.000Z%,8004750,8000749,8000237,;426
2021-12-16T05:49:00.000Z;Pönitz(Holst);RB;RB 84;84;11152;8004848;8004848%2021-12-16T05:49:00.000Z%,8001941,8003829,8004841,8000011,8004879,8004924,8003477,8000199,;426
2021-12-16T06:09:00.000Z;Pönitz(Holst);RB;RB 84;84;11159;8004848;8004848%2021-12-16T06:09:00.000Z%,8004750,8000749,8000237,;426
2021-12-16T06:21:00.000Z;Pönitz(Holst);RE;RE 83;83;11104;8004848;8004848%2021-12-16T06:21:00.000Z%,8001941,8003829,8004841,8004879,8004924,8000199,;602
2021-12-16T06:49:00.000Z;Pönitz(Holst);RB;RB 84;84;11154;8004848;8004848%2021-12-16T06:49:00.000Z%,8001941,8003829,8004841,8000011,8004879,8004924,8003477,8000199,;426
2021-12-16T07:09:00.000Z;Pönitz(Holst);RB;RB 84;84;11161;8004848;8004848%2021-12-16T07:09:00.000Z%,8004750,8000749,8000237,;426
2021-12-16T07:49:00.000Z;Pönitz(Holst);RB;RB 84;84;11156;8004848;8004848%2021-12-16T07:49:00.000Z%,8001941,8003829,8004841,8000011,8004879,8004924,8003477,8000199,;426
2021-12-16T08:09:00.000Z;Pönitz(Holst);RB;RB 84;84;11163;8004848;8004848%2021-12-16T08:09:00.000Z%,8004750,8000749,8000237,;426
2021-12-16T08:49:00.000Z;Pönitz(Holst);RB;RB 84;84;11158;8004848;8004848%2021-12-16T08:49:00.000Z%,8001941,8003829,8004841,8000011,8004879,8004924,8003477,8000199,;426
2021-12-16T09:09:00.000Z;Pönitz(Holst);RB;RB 84;84;11165;8004848;8004848%2021-12-16T09:09:00.000Z%,8004750,8000749,8000237,;426
2021-12-16T09:49:00.000Z;Pönitz(Holst);RB;RB 84;84;11160;8004848;8004848%2021-12-16T09:49:00.000Z%,8001941,8003829,8004841,8000011,8004879,8004924,8003477,8000199,;426
2021-12-16T10:09:00.000Z;Pönitz(Holst);RB;RB 84;84;11167;8004848;8004848%2021-12-16T10:09:00.000Z%,8004750,8000749,8000237,;426
2021-12-16T10:49:00.000Z;Pönitz(Holst);RB;RB 84;84;11162;8004848;8004848%2021-12-16T10:49:00.000Z%,8001941,8003829,8004841,8000011,8004879,8004924,8003477,8000199,;426
2021-12-16T11:09:00.000Z;Pönitz(Holst);RB;RB 84;84;11169;8004848;8004848%2021-12-16T11:09:00.000Z%,8004750,8000749,8000237,;426
2021-12-16T11:49:00.000Z;Pönitz(Holst);RB;RB 84;84;11164;8004848;8004848%2021-12-16T11:49:00.000Z%,8001941,8003829,8004841,8000011,8004879,8004924,8003477,8000199,;426
2021-12-16T12:09:00.000Z;Pönitz(Holst);RB;RB 84;84;11171;8004848;8004848%2021-12-16T12:09:00.000Z%,8004750,8000749,8000237,;426
2021-12-16T12:49:00.000Z;Pönitz(Holst);RB;RB 84;84;11166;8004848;8004848%2021-12-16T12:49:00.000Z%,8001941,8003829,8004841,8000011,8004879,8004924,8003477,8000199,;426
2021-12-16T13:09:00.000Z;Pönitz(Holst);RB;RB 84;84;11173;8004848;8004848%2021-12-16T13:09:00.000Z%,8004750,8000749,8000237,;426
2021-12-16T13:49:00.000Z;Pönitz(Holst);RB;RB 84;84;11168;8004848;8004848%2021-12-16T13:49:00.000Z%,8001941,8003829,8004841,8000011,8004879,8004924,8003477,8000199,;426
2021-12-16T14:09:00.000Z;Pönitz(Holst);RB;RB 84;84;11175;8004848;8004848%2021-12-16T14:09:00.000Z%,8004750,8000749,8000237,;426
2021-12-16T14:49:00.000Z;Pönitz(Holst);RB;RB 84;84;11170;8004848;8004848%2021-12-16T14:49:00.000Z%,8001941,8003829,8004841,8000011,8004879,8004924,8003477,8000199,;426
2021-12-16T15:09:00.000Z;Pönitz(Holst);RB;RB 84;84;11177;8004848;8004848%2021-12-16T15:09:00.000Z%,8004750,8000749,8000237,;426
2021-12-16T15:49:00.000Z;Pönitz(Holst);RB;RB 84;84;11172;8004848;8004848%2021-12-16T15:49:00.000Z%,8001941,8003829,8004841,8000011,8004879,8004924,8003477,8000199,;426
2021-12-16T16:09:00.000Z;Pönitz(Holst);RB;RB 84;84;11179;8004848;8004848%2021-12-16T16:09:00.000Z%,8004750,8000749,8000237,;426
2021-12-16T16:49:00.000Z;Pönitz(Holst);RB;RB 84;84;11174;8004848;8004848%2021-12-16T16:49:00.000Z%,8001941,8003829,8004841,8000011,8004879,8004924,8003477,8000199,;426
2021-12-16T17:09:00.000Z;Pönitz(Holst);RB;RB 84;84;11181;8004848;8004848%2021-12-16T17:09:00.000Z%,8004750,8000749,8000237,;426
2021-12-16T17:49:00.000Z;Pönitz(Holst);RB;RB 84;84;11176;8004848;8004848%2021-12-16T17:49:00.000Z%,8001941,8003829,8004841,8000011,8004879,8004924,8003477,8000199,;426
2021-12-16T18:09:00.000Z;Pönitz(Holst);RB;RB 84;84;11183;8004848;8004848%2021-12-16T18:09:00.000Z%,8004750,8000749,8000237,;426
2021-12-16T18:49:00.000Z;Pönitz(Holst);RB;RB 84;84;11178;8004848;8004848%2021-12-16T18:49:00.000Z%,8001941,8003829,8004841,8000011,8004879,8004924,8003477,8000199,;426
2021-12-16T19:09:00.000Z;Pönitz(Holst);RB;RB 84;84;11185;8004848;8004848%2021-12-16T19:09:00.000Z%,8004750,8000749,8000237,;426
2021-12-16T19:49:00.000Z;Pönitz(Holst);RB;RB 84;84;11180;8004848;8004848%2021-12-16T19:49:00.000Z%,8001941,8003829,8004841,8000011,8004879,8004924,8000199,;426
2021-12-16T20:09:00.000Z;Pönitz(Holst);RB;RB 84;84;11187;8004848;8004848%2021-12-16T20:09:00.000Z%,8004750,8000749,8000237,;426
2021-12-15T20:25:00.000Z;Porta Westfalica;RE;RE 6;6;91833;8004868;8004868%2021-12-15T20:32:00.000Z%7,8000252,;602
2021-12-15T20:33:00.000Z;Porta Westfalica;RE;RE 6;6;89740;8004868;8004868%2021-12-15T20:33:00.000Z%0,8000732,8000233,8000162,8000036,8002461,8000315,8004626,8004251,8000441,8002680,8000149,8003168,8000080,8000041,8006226,8000098,8000259,8000086,8000082,8000085,;602
2021-12-15T20:51:00.000Z;Porta Westfalica;RE;RE 78;78;52289;8004868;8004868%2021-12-15T20:51:00.000Z%,8000252,;602
2021-12-15T21:07:00.000Z;Porta Westfalica;RE;RE 78;78;52290;8004868;8004868%2021-12-15T21:07:00.000Z%0,8000732,8000233,8000162,8000036,;602
2021-12-15T21:25:00.000Z;Porta Westfalica;RE;RE 6;6;91835;8004868;8004868%2021-12-15T21:25:00.000Z%0,8000252,;602
2021-12-15T21:33:00.000Z;Porta Westfalica;RE;RE 6;6;89742;8004868;8004868%2021-12-15T21:33:00.000Z%,8000732,8000233,8000162,8000036,8002461,8000315,8004626,8004251,8000441,8002680,8000149,8003168,8000080,8000041,8006226,8000098,8000259,8000086,8000082,8000085,;602
2021-12-15T22:26:00.000Z;Porta Westfalica;RE;RE 6;6;91837;8004868;8004868%2021-12-15T22:26:00.000Z%0,8000252,;602
2021-12-15T22:54:00.000Z;Porta Westfalica;RE;RE 78;78;52291;8004868;8004868%2021-12-15T22:54:00.000Z%,8000252,;602
2021-12-15T23:35:00.000Z;Porta Westfalica;RE;RE 78;78;52292;8004868;8004868%2021-12-15T23:35:00.000Z%0,8000732,8000233,8000162,8001118,8000036,;602
2021-12-16T04:33:00.000Z;Porta Westfalica;RE;RE 6;6;91808;8004868;8004868%2021-12-16T04:33:00.000Z%,8000732,8000233,8000162,8000036,8002461,8000315,8004626,8004251,8000441,8002680,8000149,8003168,8000080,8000041,8006226,8000098,8000259,8000086,8000082,8000085,8073368,8003330,;602
2021-12-16T04:51:00.000Z;Porta Westfalica;RE;RE 78;78;52273;8004868;8004868%2021-12-16T04:51:00.000Z%,8000252,8004777,8000335,8000279,;602
2021-12-16T05:07:00.000Z;Porta Westfalica;RE;RE 78;78;52274;8004868;8004868%2021-12-16T05:07:00.000Z%,8000732,8000233,8000162,8000036,;602
2021-12-16T05:25:00.000Z;Porta Westfalica;RE;RE 6;6;89703;8004868;8004868%2021-12-16T05:25:00.000Z%,8000252,;602
2021-12-16T05:33:00.000Z;Porta Westfalica;RE;RE 6;6;91810;8004868;8004868%2021-12-16T05:33:00.000Z%,8000732,8000233,8000162,8000036,8002461,8000315,8004626,8004251,8000441,8002680,8000149,8003168,8000080,8000041,8006226,8000098,8000259,8000086,8000082,8000085,8073368,8003330,;602
2021-12-16T06:25:00.000Z;Porta Westfalica;RE;RE 6;6;89705;8004868;8004868%2021-12-16T06:25:00.000Z%,8000252,;602
2021-12-16T06:33:00.000Z;Porta Westfalica;RE;RE 6;6;91812;8004868;8004868%2021-12-16T06:33:00.000Z%,8000732,8000233,8000162,8000036,8002461,8000315,8004626,8004251,8000441,8002680,8000149,8003168,8000080,8000041,8006226,8000098,8000259,8000086,8000082,8000085,8073368,8003330,;602
2021-12-16T06:52:00.000Z;Porta Westfalica;RE;RE 78;78;52275;8004868;8004868%2021-12-16T06:52:00.000Z%,8000252,8004777,8000335,8000279,;602
2021-12-16T07:07:00.000Z;Porta Westfalica;RE;RE 78;78;52276;8004868;8004868%2021-12-16T07:07:00.000Z%,8000732,8000233,8000162,8000036,;602
2021-12-16T07:25:00.000Z;Porta Westfalica;RE;RE 6;6;89707;8004868;8004868%2021-12-16T07:25:00.000Z%,8000252,;602
2021-12-16T07:33:00.000Z;Porta Westfalica;RE;RE 6;6;91814;8004868;8004868%2021-12-16T07:33:00.000Z%,8000732,8000233,8000162,8000036,8002461,8000315,8004626,8004251,8000441,8002680,8000149,8003168,8000080,8000041,8006226,8000098,8000259,8000086,8000082,8000085,8073368,8003330,;602
2021-12-16T08:25:00.000Z;Porta Westfalica;RE;RE 6;6;89709;8004868;8004868%2021-12-16T08:25:00.000Z%,8000252,;602
2021-12-16T08:33:00.000Z;Porta Westfalica;RE;RE 6;6;91816;8004868;8004868%2021-12-16T08:33:00.000Z%,8000732,8000233,8000162,8000036,8002461,8000315,8004626,8004251,8000441,8002680,8000149,8003168,8000080,8000041,8006226,8000098,8000259,8000086,8000082,8000085,8073368,8003330,;602
2021-12-16T08:51:00.000Z;Porta Westfalica;RE;RE 78;78;52277;8004868;8004868%2021-12-16T08:51:00.000Z%,8000252,8004777,8000335,8000279,;602
2021-12-16T09:07:00.000Z;Porta Westfalica;RE;RE 78;78;52278;8004868;8004868%2021-12-16T09:07:00.000Z%,8000732,8000233,8000162,8000036,;602
2021-12-16T09:25:00.000Z;Porta Westfalica;RE;RE 6;6;91811;8004868;8004868%2021-12-16T09:25:00.000Z%,8000252,;602
2021-12-16T09:33:00.000Z;Porta Westfalica;RE;RE 6;6;91818;8004868;8004868%2021-12-16T09:33:00.000Z%,8000732,8000233,8000162,8000036,8002461,8000315,8004626,8004251,8000441,8002680,8000149,8003168,8000080,8000041,8006226,8000098,8000259,8000086,8000082,8000085,8073368,8003330,;602
2021-12-16T10:25:00.000Z;Porta Westfalica;RE;RE 6;6;91813;8004868;8004868%2021-12-16T10:25:00.000Z%,8000252,;602
2021-12-16T10:33:00.000Z;Porta Westfalica;RE;RE 6;6;91820;8004868;8004868%2021-12-16T10:33:00.000Z%,8000732,8000233,8000162,8000036,8002461,8000315,8004626,8004251,8000441,8002680,8000149,8003168,8000080,8000041,8006226,8000098,8000259,8000086,8000082,8000085,8073368,8003330,;602
2021-12-16T10:51:00.000Z;Porta Westfalica;RE;RE 78;78;52279;8004868;8004868%2021-12-16T10:51:00.000Z%,8000252,8004777,8000335,8000279,;602
2021-12-16T11:07:00.000Z;Porta Westfalica;RE;RE 78;78;52280;8004868;8004868%2021-12-16T11:07:00.000Z%,8000732,8000233,8000162,8000036,;602
2021-12-16T11:25:00.000Z;Porta Westfalica;RE;RE 6;6;91815;8004868;8004868%2021-12-16T11:25:00.000Z%,8000252,;602
2021-12-16T11:33:00.000Z;Porta Westfalica;RE;RE 6;6;91822;8004868;8004868%2021-12-16T11:33:00.000Z%,8000732,8000233,8000162,8000036,8002461,8000315,8004626,8004251,8000441,8002680,8000149,8003168,8000080,8000041,8006226,8000098,8000259,8000086,8000082,8000085,8073368,8003330,;602
2021-12-16T12:25:00.000Z;Porta Westfalica;RE;RE 6;6;91817;8004868;8004868%2021-12-16T12:25:00.000Z%,8000252,;602
2021-12-16T12:33:00.000Z;Porta Westfalica;RE;RE 6;6;91824;8004868;8004868%2021-12-16T12:33:00.000Z%,8000732,8000233,8000162,8000036,8002461,8000315,8004626,8004251,8000441,8002680,8000149,8003168,8000080,8000041,8006226,8000098,8000259,8000086,8000082,8000085,8073368,8003330,;602
2021-12-16T12:51:00.000Z;Porta Westfalica;RE;RE 78;78;52281;8004868;8004868%2021-12-16T12:51:00.000Z%,8000252,8004777,8000335,8000279,;602
2021-12-16T13:07:00.000Z;Porta Westfalica;RE;RE 78;78;52282;8004868;8004868%2021-12-16T13:07:00.000Z%,8000732,8000233,8000162,8000036,;602
2021-12-15T20:41:00.000Z;Raisdorf;RB;RB 84;84;11180;8004924;8004924%2021-12-15T20:41:00.000Z%0,8000199,;426
2021-12-15T20:54:00.000Z;Raisdorf;RB;RB 84;84;11139;8004924;8004924%2021-12-15T20:54:00.000Z%0,8004879,8000011,8004841,8003829,8001941,8004848,8004750,8000749,8000237,8003785,8003781,8004952,8004057,8000058,8003577,8001646,8000238,;426
2021-12-15T21:07:00.000Z;Raisdorf;RE;RE 83;83;11132;8004924;8004924%2021-12-15T21:08:00.000Z%1,8000199,;602
2021-12-15T21:54:00.000Z;Raisdorf;RB;RB 84;84;11141;8004924;8004924%2021-12-15T21:54:00.000Z%,8004879,8000011,8004841,8003829,8001941,8004848,8004750,8000749,8000237,8003785,8003781,8004952,8004057,8000058,;426
2021-12-15T22:06:00.000Z;Raisdorf;RB;RB 84;84;11134;8004924;8004924%2021-12-15T22:06:00.000Z%,8003477,8000199,;426
2021-12-15T22:54:00.000Z;Raisdorf;RB;RB 84;84;11143;8004924;8004924%2021-12-15T22:54:00.000Z%,8004879,8000011,8004841,8003829,8001941,8004848,8004750,8000749,8000237,;426
2021-12-15T23:06:00.000Z;Raisdorf;RB;RB 84;84;11136;8004924;8004924%2021-12-15T23:06:00.000Z%,8003477,8000199,;426
2021-12-15T23:54:00.000Z;Raisdorf;RB;RB 84;84;11195;8004924;8004924%2021-12-15T23:54:00.000Z%,8004879,;426
2021-12-16T00:34:00.000Z;Raisdorf;RB;RB 84;84;11138;8004924;8004924%2021-12-16T00:34:00.000Z%,8003477,8000199,;426
2021-12-16T03:54:00.000Z;Raisdorf;RB;RB 84;84;11105;8004924;8004924%2021-12-16T03:54:00.000Z%,8004879,8000011,8004841,8003829,8001941,8004848,8000749,8000237,8003785,8003781,8004952,8004057,8000058,8003577,8001646,8000238,;426
2021-12-16T03:55:00.000Z;Raisdorf;RB;RB 84;84;11196;8004924;8004924%2021-12-16T03:55:00.000Z%,8003477,8000199,;426
2021-12-16T04:24:00.000Z;Raisdorf;RB;RB 84;84;11157;8004924;8004924%2021-12-16T04:24:00.000Z%,8004879,8000011,8004841,8003829,8001941,8004848,8004750,8000749,8000237,;426
2021-12-16T04:52:00.000Z;Raisdorf;RE;RE 8X;8X;11447;8004924;8004924%2021-12-16T04:52:00.000Z%,8004879,8004841,8003829,8001941,8000749,8000237,8002628,8002549,;602
2021-12-16T05:07:00.000Z;Raisdorf;RE;RE 83;83;11100;8004924;8004924%2021-12-16T05:07:00.000Z%,8000199,;602
2021-12-16T05:19:00.000Z;Raisdorf;RB;RB 84;84;11159;8004924;8004924%2021-12-16T05:19:00.000Z%,8004879,8000011,8004841,8003829,8001941,8004848,8004750,8000749,8000237,;426
2021-12-16T05:41:00.000Z;Raisdorf;RB;RB 84;84;11150;8004924;8004924%2021-12-16T05:41:00.000Z%,8003477,8000199,;426
2021-12-16T05:52:00.000Z;Raisdorf;RE;RE 83;83;11109;8004924;8004924%2021-12-16T05:52:00.000Z%,8004879,8000011,8004841,8003829,8001941,8000749,8000237,8003785,8003781,8004952,8004057,8000058,8003577,8001646,8000238,;602
2021-12-16T06:07:00.000Z;Raisdorf;RE;RE 83;83;11102;8004924;8004924%2021-12-16T06:07:00.000Z%,8000199,;602
2021-12-16T06:19:00.000Z;Raisdorf;RB;RB 84;84;11161;8004924;8004924%2021-12-16T06:19:00.000Z%,8004879,8000011,8004841,8003829,8001941,8004848,8004750,8000749,8000237,;426
2021-12-16T06:41:00.000Z;Raisdorf;RB;RB 84;84;11152;8004924;8004924%2021-12-16T06:41:00.000Z%,8003477,8000199,;426
2021-12-16T06:52:00.000Z;Raisdorf;RE;RE 83;83;11111;8004924;8004924%2021-12-16T06:52:00.000Z%,8004879,8004841,8003829,8001941,8000749,8000237,8003785,8003781,8004952,8004057,8000058,8003577,8001646,8000238,;602
2021-12-16T07:07:00.000Z;Raisdorf;RE;RE 83;83;11104;8004924;8004924%2021-12-16T07:07:00.000Z%,8000199,;602
2021-12-16T07:19:00.000Z;Raisdorf;RB;RB 84;84;11163;8004924;8004924%2021-12-16T07:19:00.000Z%,8004879,8000011,8004841,8003829,8001941,8004848,8004750,8000749,8000237,;426
2021-12-16T07:41:00.000Z;Raisdorf;RB;RB 84;84;11154;8004924;8004924%2021-12-16T07:41:00.000Z%,8003477,8000199,;426
2021-12-16T07:52:00.000Z;Raisdorf;RE;RE 83;83;11113;8004924;8004924%2021-12-16T07:52:00.000Z%,8004879,8004841,8003829,8001941,8000749,8000237,8003785,8003781,8004952,8004057,8000058,8003577,8001646,8000238,;602
2021-12-16T08:07:00.000Z;Raisdorf;RE;RE 83;83;11106;8004924;8004924%2021-12-16T08:07:00.000Z%,8000199,;602
2021-12-16T08:19:00.000Z;Raisdorf;RB;RB 84;84;11165;8004924;8004924%2021-12-16T08:19:00.000Z%,8004879,8000011,8004841,8003829,8001941,8004848,8004750,8000749,8000237,;426
2021-12-16T08:41:00.000Z;Raisdorf;RB;RB 84;84;11156;8004924;8004924%2021-12-16T08:41:00.000Z%,8003477,8000199,;426
2021-12-16T08:52:00.000Z;Raisdorf;RE;RE 83;83;11115;8004924;8004924%2021-12-16T08:52:00.000Z%,8004879,8004841,8003829,8001941,8000749,8000237,8003785,8003781,8004952,8004057,8000058,8003577,8001646,8000238,;602
2021-12-16T09:07:00.000Z;Raisdorf;RE;RE 83;83;11108;8004924;8004924%2021-12-16T09:07:00.000Z%,8000199,;602
2021-12-16T09:19:00.000Z;Raisdorf;RB;RB 84;84;11167;8004924;8004924%2021-12-16T09:19:00.000Z%,8004879,8000011,8004841,8003829,8001941,8004848,8004750,8000749,8000237,;426
2021-12-16T09:41:00.000Z;Raisdorf;RB;RB 84;84;11158;8004924;8004924%2021-12-16T09:41:00.000Z%,8003477,8000199,;426
2021-12-16T09:52:00.000Z;Raisdorf;RE;RE 83;83;11117;8004924;8004924%2021-12-16T09:52:00.000Z%,8004879,8004841,8003829,8001941,8000749,8000237,8003785,8003781,8004952,8004057,8000058,8003577,8001646,8000238,;602
2021-12-16T10:07:00.000Z;Raisdorf;RE;RE 83;83;11110;8004924;8004924%2021-12-16T10:07:00.000Z%,8000199,;602
2021-12-16T10:19:00.000Z;Raisdorf;RB;RB 84;84;11169;8004924;8004924%2021-12-16T10:19:00.000Z%,8004879,8000011,8004841,8003829,8001941,8004848,8004750,8000749,8000237,;426
2021-12-16T10:41:00.000Z;Raisdorf;RB;RB 84;84;11160;8004924;8004924%2021-12-16T10:41:00.000Z%,8003477,8000199,;426
2021-12-16T10:52:00.000Z;Raisdorf;RE;RE 83;83;11119;8004924;8004924%2021-12-16T10:52:00.000Z%,8004879,8004841,8003829,8001941,8000749,8000237,8003785,8003781,8004952,8004057,8000058,8003577,8001646,8000238,;602
2021-12-16T11:07:00.000Z;Raisdorf;RE;RE 83;83;11112;8004924;8004924%2021-12-16T11:07:00.000Z%,8000199,;602
2021-12-16T11:19:00.000Z;Raisdorf;RB;RB 84;84;11171;8004924;8004924%2021-12-16T11:19:00.000Z%,8004879,8000011,8004841,8003829,8001941,8004848,8004750,8000749,8000237,;426
2021-12-16T11:41:00.000Z;Raisdorf;RB;RB 84;84;11162;8004924;8004924%2021-12-16T11:41:00.000Z%,8003477,8000199,;426
2021-12-16T11:52:00.000Z;Raisdorf;RE;RE 83;83;11121;8004924;8004924%2021-12-16T11:52:00.000Z%,8004879,8004841,8003829,8001941,8000749,8000237,8003785,8003781,8004952,8004057,8000058,8003577,8001646,8000238,;602
2021-12-16T12:07:00.000Z;Raisdorf;RE;RE 83;83;11114;8004924;8004924%2021-12-16T12:07:00.000Z%,8000199,;602
2021-12-16T12:19:00.000Z;Raisdorf;RB;RB 84;84;11173;8004924;8004924%2021-12-16T12:19:00.000Z%,8004879,8000011,8004841,8003829,8001941,8004848,8004750,8000749,8000237,;426
2021-12-16T12:41:00.000Z;Raisdorf;RB;RB 84;84;11164;8004924;8004924%2021-12-16T12:41:00.000Z%,8003477,8000199,;426
2021-12-16T12:52:00.000Z;Raisdorf;RE;RE 83;83;11123;8004924;8004924%2021-12-16T12:52:00.000Z%,8004879,8004841,8003829,8001941,8000749,8000237,8003785,8003781,8004952,8004057,8000058,8003577,8001646,8000238,;602
2021-12-16T13:07:00.000Z;Raisdorf;RE;RE 83;83;11116;8004924;8004924%2021-12-16T13:07:00.000Z%,8000199,;602
2021-12-16T13:19:00.000Z;Raisdorf;RB;RB 84;84;11175;8004924;8004924%2021-12-16T13:19:00.000Z%,8004879,8000011,8004841,8003829,8001941,8004848,8004750,8000749,8000237,;426
2021-12-16T13:41:00.000Z;Raisdorf;RB;RB 84;84;11166;8004924;8004924%2021-12-16T13:41:00.000Z%,8003477,8000199,;426
2021-12-16T13:52:00.000Z;Raisdorf;RE;RE 83;83;11125;8004924;8004924%2021-12-16T13:52:00.000Z%,8004879,8004841,8003829,8001941,8000749,8000237,8003785,8003781,8004952,8004057,8000058,8003577,8001646,8000238,;602
2021-12-16T14:07:00.000Z;Raisdorf;RE;RE 83;83;11118;8004924;8004924%2021-12-16T14:07:00.000Z%,8000199,;602
2021-12-16T14:19:00.000Z;Raisdorf;RB;RB 84;84;11177;8004924;8004924%2021-12-16T14:19:00.000Z%,8004879,8000011,8004841,8003829,8001941,8004848,8004750,8000749,8000237,;426
2021-12-16T14:41:00.000Z;Raisdorf;RB;RB 84;84;11168;8004924;8004924%2021-12-16T14:41:00.000Z%,8003477,8000199,;426
2021-12-16T14:52:00.000Z;Raisdorf;RE;RE 83;83;11127;8004924;8004924%2021-12-16T14:52:00.000Z%,8004879,8004841,8003829,8001941,8000749,8000237,8003785,8003781,8004952,8004057,8000058,8003577,8001646,8000238,;602
2021-12-16T15:07:00.000Z;Raisdorf;RE;RE 83;83;11120;8004924;8004924%2021-12-16T15:07:00.000Z%,8000199,;602
2021-12-16T15:19:00.000Z;Raisdorf;RB;RB 84;84;11179;8004924;8004924%2021-12-16T15:19:00.000Z%,8004879,8000011,8004841,8003829,8001941,8004848,8004750,8000749,8000237,;426
2021-12-16T15:41:00.000Z;Raisdorf;RB;RB 84;84;11170;8004924;8004924%2021-12-16T15:41:00.000Z%,8003477,8000199,;426
2021-12-16T15:52:00.000Z;Raisdorf;RE;RE 83;83;11129;8004924;8004924%2021-12-16T15:52:00.000Z%,8004879,8004841,8003829,8001941,8000749,8000237,;602
2021-12-16T16:07:00.000Z;Raisdorf;RE;RE 83;83;11122;8004924;8004924%2021-12-16T16:07:00.000Z%,8000199,;602
2021-12-16T16:19:00.000Z;Raisdorf;RB;RB 84;84;11181;8004924;8004924%2021-12-16T16:19:00.000Z%,8004879,8000011,8004841,8003829,8001941,8004848,8004750,8000749,8000237,;426
2021-12-16T16:41:00.000Z;Raisdorf;RB;RB 84;84;11172;8004924;8004924%2021-12-16T16:41:00.000Z%,8003477,8000199,;426
2021-12-16T16:52:00.000Z;Raisdorf;RE;RE 83;83;11131;8004924;8004924%2021-12-16T16:52:00.000Z%,8004879,8004841,8003829,8001941,8000749,8000237,8003785,8003781,8004952,8004057,8000058,8003577,8001646,8000238,;602
2021-12-16T17:07:00.000Z;Raisdorf;RE;RE 83;83;11124;8004924;8004924%2021-12-16T17:07:00.000Z%,8000199,;602
2021-12-16T17:19:00.000Z;Raisdorf;RB;RB 84;84;11183;8004924;8004924%2021-12-16T17:19:00.000Z%,8004879,8000011,8004841,8003829,8001941,8004848,8004750,8000749,8000237,;426
2021-12-16T17:41:00.000Z;Raisdorf;RB;RB 84;84;11174;8004924;8004924%2021-12-16T17:41:00.000Z%,8003477,8000199,;426
2021-12-16T17:52:00.000Z;Raisdorf;RE;RE 83;83;11133;8004924;8004924%2021-12-16T17:52:00.000Z%,8004879,8004841,8003829,8001941,8000749,8000237,8003785,8003781,8004952,8004057,8000058,8003577,8001646,8000238,;602
2021-12-16T18:07:00.000Z;Raisdorf;RE;RE 8X;8X;11446;8004924;8004924%2021-12-16T18:07:00.000Z%,8000199,;602
2021-12-16T18:19:00.000Z;Raisdorf;RB;RB 84;84;11185;8004924;8004924%2021-12-16T18:19:00.000Z%,8004879,8000011,8004841,8003829,8001941,8004848,8004750,8000749,8000237,;426
2021-12-16T18:41:00.000Z;Raisdorf;RB;RB 84;84;11176;8004924;8004924%2021-12-16T18:41:00.000Z%,8003477,8000199,;426
2021-12-16T18:52:00.000Z;Raisdorf;RE;RE 83;83;11135;8004924;8004924%2021-12-16T18:52:00.000Z%,8004879,8004841,8003829,8001941,8000749,8000237,8003785,8003781,8004952,8004057,8000058,8003577,8001646,8000238,;602
2021-12-16T19:07:00.000Z;Raisdorf;RE;RE 83;83;11128;8004924;8004924%2021-12-16T19:07:00.000Z%,8000199,;602
2021-12-16T19:19:00.000Z;Raisdorf;RB;RB 84;84;11187;8004924;8004924%2021-12-16T19:19:00.000Z%,8004879,8000011,8004841,8003829,8001941,8004848,8004750,8000749,8000237,;426
2021-12-16T19:41:00.000Z;Raisdorf;RB;RB 84;84;11178;8004924;8004924%2021-12-16T19:41:00.000Z%,8003477,8000199,;426
2021-12-16T19:52:00.000Z;Raisdorf;RE;RE 83;83;11137;8004924;8004924%2021-12-16T19:52:00.000Z%,8004879,8000011,8004841,8003829,8001941,8000749,8000237,8003785,8003781,8004952,8004057,8000058,8003577,8001646,8000238,;602
2021-12-16T20:07:00.000Z;Raisdorf;RE;RE 83;83;11130;8004924;8004924%2021-12-16T20:07:00.000Z%,8000199,;602
2021-12-15T21:13:00.000Z;Ramsenthal;RE;RE 32;32;3447;8004936;8004936%2021-12-15T21:14:00.000Z%1,8002605,8005895,8000267,8003763,8006017,8003476,8003813,8001289,8002878,8000228,;602
2021-12-16T04:53:00.000Z;Ramsenthal;RE;RE 38;38;59318;8004936;8004936%2021-12-16T04:53:00.000Z%,8002605,8005895,8000267,;602
2021-12-16T05:50:00.000Z;Ramsenthal;RE;RE 32;32;3444;8004936;8004936%2021-12-16T05:50:00.000Z%,8000974,8000028,8004759,8004284,8002794,8000284,;602
2021-12-16T12:08:00.000Z;Ramsenthal;RE;RE 38;38;59306;8004936;8004936%2021-12-16T12:08:00.000Z%,8002605,8005895,8000267,8003476,8001289,8002878,8000228,;602
2021-12-15T22:32:00.000Z;Regensburg-Prüfening;RE;RE 50;50;59494;8004983;8004983%2021-12-15T22:32:00.000Z%,8001925,8005966,8001430,8003485,8000882,8003921,8004755,8005543,8000822,8001400,8004305,8000284,;602
2021-12-15T23:23:00.000Z;Regensburg-Prüfening;RE;RE 50;50;59499;8004983;8004983%2021-12-15T23:23:00.000Z%,8000309,;602
2021-12-16T03:25:00.000Z;Regensburg-Prüfening;RE;RE 50;50;59490;8004983;8004983%2021-12-16T03:25:00.000Z%,8001925,8005966,8001430,8003485,8000882,8003921,8004755,8005543,8000822,8001400,8004305,8000284,;602
2021-12-16T04:35:00.000Z;Regensburg-Prüfening;RE;RE 50;50;59492;8004983;8004983%2021-12-16T04:35:00.000Z%,8005966,8003485,8000882,8004755,8000822,8004305,8000284,;602
2021-12-16T06:22:00.000Z;Regensburg-Prüfening;RE;RE 50;50;59493;8004983;8004983%2021-12-16T06:22:00.000Z%,8000309,;602
2021-12-15T21:01:00.000Z;Reichertshausen(Ilm);RB;RB 16;16;59108;8005008;8005008%2021-12-15T21:01:00.000Z%0,8004781,8000256,8000678,8000183,8003076,8003074,8002171,8001734,8005828,8000419,8001708,8001495,8005593,8004753,8000122,8006298,8001749,8004835,8004115,8002237,8005995,8005185,8005439,8000284,;426
2021-12-15T21:03:00.000Z;Reichertshausen(Ilm);RB;RB 16;16;59107;8005008;8005008%2021-12-15T21:04:00.000Z%1,8004747,8004775,8001354,8000261,;426
2021-12-15T21:56:00.000Z;Reichertshausen(Ilm);RB;RB 16;16;59174;8005008;8005008%2021-12-15T21:56:00.000Z%,8004781,8000256,8000678,8000183,8003076,;426
2021-12-15T22:05:00.000Z;Reichertshausen(Ilm);RB;RB 16;16;59163;8005008;8005008%2021-12-15T22:07:00.000Z%2,8004747,8004775,8001354,8000261,;426
2021-12-15T22:59:00.000Z;Reichertshausen(Ilm);RB;RB 16;16;59176;8005008;8005008%2021-12-15T22:59:00.000Z%,8004781,8000256,8000678,8000183,8003076,;426
2021-12-15T23:09:00.000Z;Reichertshausen(Ilm);RB;RB 16;16;59109;8005008;8005008%2021-12-15T23:10:00.000Z%1,8004747,8004775,8001354,8000261,;426
2021-12-16T00:00:00.000Z;Reichertshausen(Ilm);RB;RB 16;16;59170;8005008;8005008%2021-12-16T00:00:00.000Z%,8004781,8000256,8000678,8000183,8003076,;426
2021-12-16T04:03:00.000Z;Reichertshausen(Ilm);RB;RB 16;16;59171;8005008;8005008%2021-12-16T04:03:00.000Z%,8004747,8004775,8001354,8000261,;426
2021-12-16T04:45:00.000Z;Reichertshausen(Ilm);RB;RB 16;16;59086;8005008;8005008%2021-12-16T04:45:00.000Z%,8004781,8000256,8000678,8000183,8003076,8003074,8002171,8001734,8005828,8000419,8001708,8001495,8005593,8004753,8000122,8006298,8001749,8004835,8004115,8002237,8005995,8005185,8005439,8000284,;426
2021-12-16T05:00:00.000Z;Reichertshausen(Ilm);RB;RB 16;16;59141;8005008;8005008%2021-12-16T05:00:00.000Z%,8004747,8004775,8001354,8000261,;426
2021-12-16T05:37:00.000Z;Reichertshausen(Ilm);RB;RB 16;16;59177;8005008;8005008%2021-12-16T05:37:00.000Z%,8000261,;426
2021-12-16T05:48:00.000Z;Reichertshausen(Ilm);RB;RB 16;16;59146;8005008;8005008%2021-12-16T05:48:00.000Z%,8004781,8000256,8000678,8000183,8003076,8003074,8002171,8001734,8005828,8000419,8001708,8001495,8005593,8004753,8000122,;426
2021-12-16T05:52:00.000Z;Reichertshausen(Ilm);RB;RB 16;16;59179;8005008;8005008%2021-12-16T05:52:00.000Z%,8004775,8001354,8000261,;426
2021-12-16T05:59:00.000Z;Reichertshausen(Ilm);RB;RB 16;16;59143;8005008;8005008%2021-12-16T05:59:00.000Z%,8004747,8004775,8001354,8000261,;426
2021-12-16T06:25:00.000Z;Reichertshausen(Ilm);RB;RB 16;16;59181;8005008;8005008%2021-12-16T06:25:00.000Z%,8004747,8004775,8001354,8000261,;426
2021-12-16T06:55:00.000Z;Reichertshausen(Ilm);RB;RB 16;16;59090;8005008;8005008%2021-12-16T06:55:00.000Z%,8004781,8000256,8000678,8000183,8003076,8003074,8002171,8001734,8005828,8000419,8001708,8001495,8005593,8004753,8000122,8006298,8001749,8004835,8004115,8002237,8005995,8005185,8005439,8000284,;426
2021-12-16T07:03:00.000Z;Reichertshausen(Ilm);RB;RB 16;16;59085;8005008;8005008%2021-12-16T07:03:00.000Z%,8004747,8004775,8001354,8000261,;426
2021-12-16T07:54:00.000Z;Reichertshausen(Ilm);RB;RB 16;16;59148;8005008;8005008%2021-12-16T07:54:00.000Z%,8004781,8000256,8000678,8000183,8003076,8003074,8002171,8001734,8005828,8000419,8001708,8001495,8005593,8004753,8000122,;426
2021-12-16T08:05:00.000Z;Reichertshausen(Ilm);RB;RB 16;16;59145;8005008;8005008%2021-12-16T08:05:00.000Z%,8004747,8004775,8001354,8000261,;426
2021-12-16T08:57:00.000Z;Reichertshausen(Ilm);RB;RB 16;16;59092;8005008;8005008%2021-12-16T08:57:00.000Z%,8004781,8000256,8000678,8000183,8003076,8003074,8002171,8001734,8005828,8000419,8001708,8001495,8005593,8004753,8000122,8006298,8001749,8004835,8004115,8002237,8005995,8005185,8005439,8000284,;426
2021-12-16T09:07:00.000Z;Reichertshausen(Ilm);RB;RB 16;16;59089;8005008;8005008%2021-12-16T09:07:00.000Z%,8004747,8004775,8001354,8000261,;426
2021-12-16T09:56:00.000Z;Reichertshausen(Ilm);RB;RB 16;16;59150;8005008;8005008%2021-12-16T09:56:00.000Z%,8004781,8000256,8000678,8000183,8003076,8003074,8002171,8001734,8005828,8000419,8001708,8001495,8005593,8004753,8000122,;426
2021-12-16T10:04:00.000Z;Reichertshausen(Ilm);RB;RB 16;16;59147;8005008;8005008%2021-12-16T10:04:00.000Z%,8004747,8004775,8001354,8000261,;426
2021-12-16T10:56:00.000Z;Reichertshausen(Ilm);RB;RB 16;16;59096;8005008;8005008%2021-12-16T10:56:00.000Z%,8004781,8000256,8000678,8000183,8003076,8003074,8002171,8001734,8005828,8000419,8001708,8001495,8005593,8004753,8000122,8006298,8001749,8004835,8004115,8002237,8005995,8005185,8005439,8000284,;426
2021-12-16T11:02:00.000Z;Reichertshausen(Ilm);RB;RB 16;16;59093;8005008;8005008%2021-12-16T11:02:00.000Z%,8004747,8004775,8001354,8000261,;426
2021-12-16T11:56:00.000Z;Reichertshausen(Ilm);RB;RB 16;16;59154;8005008;8005008%2021-12-16T11:56:00.000Z%,8004781,8000256,8000678,8000183,8003076,8003074,8002171,8001734,8005828,8000419,8001708,8001495,8005593,8004753,8000122,;426
2021-12-16T12:03:00.000Z;Reichertshausen(Ilm);RB;RB 16;16;59151;8005008;8005008%2021-12-16T12:03:00.000Z%,8004747,8004775,8001354,8000261,;426
2021-12-16T12:54:00.000Z;Reichertshausen(Ilm);RB;RB 16;16;59098;8005008;8005008%2021-12-16T12:54:00.000Z%,8004781,8000256,8000678,8000183,8003076,8003074,8002171,8001734,8005828,8000419,8001708,8001495,8005593,8004753,8000122,8006298,8001749,8004835,8004115,8002237,8005995,8005185,8005439,8000284,;426
2021-12-16T13:06:00.000Z;Reichertshausen(Ilm);RB;RB 16;16;59139;8005008;8005008%2021-12-16T13:06:00.000Z%,8004747,8004775,8001354,8000261,;426
2021-12-16T13:55:00.000Z;Reichertshausen(Ilm);RB;RB 16;16;59156;8005008;8005008%2021-12-16T13:55:00.000Z%,8004781,8000256,8000678,8000183,8003076,8003074,8002171,8001734,8005828,8000419,8001708,8001495,8005593,8004753,8000122,;426
2021-12-16T14:05:00.000Z;Reichertshausen(Ilm);RB;RB 16;16;59153;8005008;8005008%2021-12-16T14:05:00.000Z%,8004747,8004775,8001354,8000261,;426
2021-12-16T14:05:00.000Z;Reichertshausen(Ilm);RB;RB 16;16;59178;8005008;8005008%2021-12-16T14:05:00.000Z%,8004781,;426
2021-12-16T14:56:00.000Z;Reichertshausen(Ilm);RB;RB 16;16;59102;8005008;8005008%2021-12-16T14:56:00.000Z%,8004781,8000256,8000678,8000183,8003076,8003074,8002171,8001734,8005828,8000419,8001708,8001495,8005593,8004753,8000122,8006298,8001749,8004835,8004115,8002237,8005995,8005185,8005439,8000284,;426
2021-12-16T15:05:00.000Z;Reichertshausen(Ilm);RB;RB 16;16;59097;8005008;8005008%2021-12-16T15:05:00.000Z%,8004747,8004775,8001354,8000261,;426
2021-12-16T15:20:00.000Z;Reichertshausen(Ilm);RB;RB 16;16;59187;8005008;8005008%2021-12-16T15:20:00.000Z%,8004775,8001354,8000261,;426
2021-12-16T15:57:00.000Z;Reichertshausen(Ilm);RB;RB 16;16;59160;8005008;8005008%2021-12-16T15:57:00.000Z%,8004781,8000256,8000678,8000183,8003076,8003074,8002171,8001734,8005828,8000419,8001708,8001495,8005593,8004753,8000122,;426
2021-12-16T16:03:00.000Z;Reichertshausen(Ilm);RB;RB 16;16;59157;8005008;8005008%2021-12-16T16:03:00.000Z%,8004747,8004775,8001354,8000261,;426
2021-12-16T16:56:00.000Z;Reichertshausen(Ilm);RB;RB 16;16;59104;8005008;8005008%2021-12-16T16:56:00.000Z%,8004781,8000256,8000678,8000183,8003076,8003074,8002171,8001734,8005828,8000419,8001708,8001495,8005593,8004753,8000122,8006298,8001749,8004835,8004115,8002237,8005995,8005185,8005439,8000284,;426
2021-12-16T17:04:00.000Z;Reichertshausen(Ilm);RB;RB 16;16;59099;8005008;8005008%2021-12-16T17:04:00.000Z%,8004747,8004775,8001354,8000261,;426
2021-12-16T17:56:00.000Z;Reichertshausen(Ilm);RB;RB 16;16;59162;8005008;8005008%2021-12-16T17:56:00.000Z%,8004781,8000256,8000678,8000183,8003076,8003074,8002171,8001734,8005828,8000419,8001708,8001495,8005593,8004753,8000122,;426
2021-12-16T18:06:00.000Z;Reichertshausen(Ilm);RB;RB 16;16;59159;8005008;8005008%2021-12-16T18:06:00.000Z%,8004747,8004775,8001354,8000261,;426
2021-12-16T18:53:00.000Z;Reichertshausen(Ilm);RB;RB 16;16;59106;8005008;8005008%2021-12-16T18:53:00.000Z%,8004781,8000256,8000678,8000183,8003076,8003074,8002171,8001734,8005828,8000419,8001708,8001495,8005593,8004753,8000122,8006298,8001749,8004835,8004115,8002237,8005995,8005185,8005439,8000284,;426
2021-12-16T19:08:00.000Z;Reichertshausen(Ilm);RB;RB 16;16;59101;8005008;8005008%2021-12-16T19:08:00.000Z%,8004747,8004775,8001354,8000261,;426
2021-12-16T19:51:00.000Z;Reichertshausen(Ilm);RB;RB 16;16;59164;8005008;8005008%2021-12-16T19:51:00.000Z%,8004781,8000256,8000678,8000183,8003076,8003074,8002171,8001734,8005828,8000419,8001708,8001495,8005593,8004753,8000122,;426
2021-12-16T20:04:00.000Z;Reichertshausen(Ilm);RB;RB 16;16;59161;8005008;8005008%2021-12-16T20:04:00.000Z%,8004747,8004775,8001354,8000261,;426
2021-12-15T20:20:00.000Z;Reinfeld(Holst);RE;RE 8;8;11435;8005019;8005019%2021-12-15T20:20:00.000Z%0,8000023,8002549,;602
2021-12-15T20:39:00.000Z;Reinfeld(Holst);RE;RE 8;8;11434;8005019;8005019%2021-12-15T20:40:00.000Z%1,8000237,;602
2021-12-15T21:20:00.000Z;Reinfeld(Holst);RE;RE 8;8;11437;8005019;8005019%2021-12-15T21:20:00.000Z%,8000023,;602
2021-12-15T21:39:00.000Z;Reinfeld(Holst);RE;RE 8;8;11436;8005019;8005019%2021-12-15T21:39:00.000Z%,8000237,;602
2021-12-15T22:20:00.000Z;Reinfeld(Holst);RE;RE 8;8;11439;8005019;8005019%2021-12-15T22:20:00.000Z%,8000023,;602
2021-12-15T22:55:00.000Z;Reinfeld(Holst);RE;RE 8;8;11438;8005019;8005019%2021-12-15T22:55:00.000Z%,8000237,;602
2021-12-15T23:28:00.000Z;Reinfeld(Holst);RE;RE 80;80;11441;8005019;8005019%2021-12-15T23:28:00.000Z%,8000023,;602
2021-12-15T23:58:00.000Z;Reinfeld(Holst);RE;RE 80;80;11440;8005019;8005019%2021-12-15T23:58:00.000Z%,8000237,;602
2021-12-16T00:42:00.000Z;Reinfeld(Holst);RB;RB 8;8;11342;8005019;8005019%2021-12-16T00:42:00.000Z%,8000237,;426
2021-12-16T03:28:00.000Z;Reinfeld(Holst);RB;RB 8;8;11301;8005019;8005019%2021-12-16T03:28:00.000Z%,8000023,8003478,8000804,8000480,8000446,8002558,8006197,8002628,8002549,;426
2021-12-16T04:20:00.000Z;Reinfeld(Holst);RE;RE 8;8;11403;8005019;8005019%2021-12-16T04:20:00.000Z%,8000023,8002549,;602
2021-12-16T04:39:00.000Z;Reinfeld(Holst);RE;RE 8;8;11402;8005019;8005019%2021-12-16T04:39:00.000Z%,8000237,;602
2021-12-16T04:48:00.000Z;Reinfeld(Holst);RE;RE 80;80;11455;8005019;8005019%2021-12-16T04:48:00.000Z%,8000023,8000446,8002549,;602
2021-12-16T05:20:00.000Z;Reinfeld(Holst);RE;RE 8;8;11405;8005019;8005019%2021-12-16T05:20:00.000Z%,8000023,8002549,;602
2021-12-16T05:39:00.000Z;Reinfeld(Holst);RE;RE 8;8;11404;8005019;8005019%2021-12-16T05:39:00.000Z%,8000237,;602
2021-12-16T05:48:00.000Z;Reinfeld(Holst);RE;RE 80;80;11457;8005019;8005019%2021-12-16T05:48:00.000Z%,8000023,8000446,8002549,;602
2021-12-16T06:10:00.000Z;Reinfeld(Holst);RE;RE 80;80;11454;8005019;8005019%2021-12-16T06:10:00.000Z%,8000237,;602
2021-12-16T06:20:00.000Z;Reinfeld(Holst);RE;RE 8;8;11407;8005019;8005019%2021-12-16T06:20:00.000Z%,8000023,8002549,;602
2021-12-16T06:39:00.000Z;Reinfeld(Holst);RE;RE 8;8;11406;8005019;8005019%2021-12-16T06:39:00.000Z%,8000237,;602
2021-12-16T06:52:00.000Z;Reinfeld(Holst);RE;RE 80;80;11459;8005019;8005019%2021-12-16T06:52:00.000Z%,8000023,8000446,8002549,;602
2021-12-16T07:10:00.000Z;Reinfeld(Holst);RE;RE 80;80;11456;8005019;8005019%2021-12-16T07:10:00.000Z%,8000237,;602
2021-12-16T07:20:00.000Z;Reinfeld(Holst);RE;RE 8;8;11409;8005019;8005019%2021-12-16T07:20:00.000Z%,8000023,8002549,;602
2021-12-16T07:39:00.000Z;Reinfeld(Holst);RE;RE 8;8;11408;8005019;8005019%2021-12-16T07:39:00.000Z%,8000237,;602
2021-12-16T07:48:00.000Z;Reinfeld(Holst);RE;RE 80;80;11461;8005019;8005019%2021-12-16T07:48:00.000Z%,8000023,8000446,8002549,;602
2021-12-16T08:10:00.000Z;Reinfeld(Holst);RE;RE 80;80;11458;8005019;8005019%2021-12-16T08:10:00.000Z%,8000237,;602
2021-12-16T08:20:00.000Z;Reinfeld(Holst);RE;RE 8;8;11411;8005019;8005019%2021-12-16T08:20:00.000Z%,8000023,8002549,;602
2021-12-16T08:39:00.000Z;Reinfeld(Holst);RE;RE 8;8;11410;8005019;8005019%2021-12-16T08:39:00.000Z%,8000237,;602
2021-12-16T08:48:00.000Z;Reinfeld(Holst);RE;RE 80;80;11463;8005019;8005019%2021-12-16T08:48:00.000Z%,8000023,8000446,8002549,;602
2021-12-16T09:10:00.000Z;Reinfeld(Holst);RE;RE 80;80;11460;8005019;8005019%2021-12-16T09:10:00.000Z%,8000237,;602
2021-12-16T09:20:00.000Z;Reinfeld(Holst);RE;RE 8;8;11413;8005019;8005019%2021-12-16T09:20:00.000Z%,8000023,8002549,;602
2021-12-16T09:39:00.000Z;Reinfeld(Holst);RE;RE 8;8;11412;8005019;8005019%2021-12-16T09:39:00.000Z%,8000237,;602
2021-12-16T09:48:00.000Z;Reinfeld(Holst);RE;RE 80;80;11465;8005019;8005019%2021-12-16T09:48:00.000Z%,8000023,8000446,8002549,;602
2021-12-16T10:10:00.000Z;Reinfeld(Holst);RE;RE 80;80;11462;8005019;8005019%2021-12-16T10:10:00.000Z%,8000237,;602
2021-12-16T10:20:00.000Z;Reinfeld(Holst);RE;RE 8;8;11415;8005019;8005019%2021-12-16T10:20:00.000Z%,8000023,8002549,;602
2021-12-16T10:39:00.000Z;Reinfeld(Holst);RE;RE 8;8;11414;8005019;8005019%2021-12-16T10:39:00.000Z%,8000237,;602
2021-12-16T10:48:00.000Z;Reinfeld(Holst);RE;RE 80;80;11467;8005019;8005019%2021-12-16T10:48:00.000Z%,8000023,8000446,8002549,;602
2021-12-16T11:10:00.000Z;Reinfeld(Holst);RE;RE 80;80;11464;8005019;8005019%2021-12-16T11:10:00.000Z%,8000237,;602
2021-12-16T11:20:00.000Z;Reinfeld(Holst);RE;RE 8;8;11417;8005019;8005019%2021-12-16T11:20:00.000Z%,8000023,8002549,;602
2021-12-16T11:39:00.000Z;Reinfeld(Holst);RE;RE 8;8;11416;8005019;8005019%2021-12-16T11:39:00.000Z%,8000237,;602
2021-12-16T11:48:00.000Z;Reinfeld(Holst);RE;RE 80;80;11469;8005019;8005019%2021-12-16T11:48:00.000Z%,8000023,8000446,8002549,;602
2021-12-16T12:10:00.000Z;Reinfeld(Holst);RE;RE 80;80;11466;8005019;8005019%2021-12-16T12:10:00.000Z%,8000237,;602
2021-12-16T12:20:00.000Z;Reinfeld(Holst);RE;RE 8;8;11419;8005019;8005019%2021-12-16T12:20:00.000Z%,8000023,8002549,;602
2021-12-16T12:39:00.000Z;Reinfeld(Holst);RE;RE 8;8;11418;8005019;8005019%2021-12-16T12:39:00.000Z%,8000237,;602
2021-12-16T12:48:00.000Z;Reinfeld(Holst);RE;RE 80;80;11471;8005019;8005019%2021-12-16T12:48:00.000Z%,8000023,8000446,8002549,;602
2021-12-16T13:10:00.000Z;Reinfeld(Holst);RE;RE 80;80;11468;8005019;8005019%2021-12-16T13:10:00.000Z%,8000237,;602
2021-12-16T13:20:00.000Z;Reinfeld(Holst);RE;RE 8;8;11421;8005019;8005019%2021-12-16T13:20:00.000Z%,8000023,8002549,;602
2021-12-16T13:39:00.000Z;Reinfeld(Holst);RE;RE 8;8;11420;8005019;8005019%2021-12-16T13:39:00.000Z%,8000237,;602
2021-12-16T13:48:00.000Z;Reinfeld(Holst);RE;RE 80;80;11473;8005019;8005019%2021-12-16T13:48:00.000Z%,8000023,8000446,8002549,;602
2021-12-16T14:10:00.000Z;Reinfeld(Holst);RE;RE 80;80;11470;8005019;8005019%2021-12-16T14:10:00.000Z%,8000237,;602
2021-12-16T14:20:00.000Z;Reinfeld(Holst);RE;RE 8;8;11423;8005019;8005019%2021-12-16T14:20:00.000Z%,8000023,8002549,;602
2021-12-16T14:39:00.000Z;Reinfeld(Holst);RE;RE 8;8;11422;8005019;8005019%2021-12-16T14:39:00.000Z%,8000237,;602
2021-12-16T14:48:00.000Z;Reinfeld(Holst);RE;RE 80;80;11475;8005019;8005019%2021-12-16T14:48:00.000Z%,8000023,8000446,8002549,;602
2021-12-16T15:10:00.000Z;Reinfeld(Holst);RE;RE 80;80;11472;8005019;8005019%2021-12-16T15:10:00.000Z%,8000237,;602
2021-12-16T15:20:00.000Z;Reinfeld(Holst);RE;RE 8;8;11425;8005019;8005019%2021-12-16T15:20:00.000Z%,8000023,8002549,;602
2021-12-16T15:39:00.000Z;Reinfeld(Holst);RE;RE 8;8;11424;8005019;8005019%2021-12-16T15:39:00.000Z%,8000237,;602
2021-12-16T15:48:00.000Z;Reinfeld(Holst);RE;RE 80;80;11477;8005019;8005019%2021-12-16T15:48:00.000Z%,8000023,8000446,8002549,;602
2021-12-16T16:10:00.000Z;Reinfeld(Holst);RE;RE 80;80;11474;8005019;8005019%2021-12-16T16:10:00.000Z%,8000237,;602
2021-12-16T16:20:00.000Z;Reinfeld(Holst);RE;RE 8;8;11427;8005019;8005019%2021-12-16T16:20:00.000Z%,8000023,8002549,;602
2021-12-16T16:39:00.000Z;Reinfeld(Holst);RE;RE 8;8;11426;8005019;8005019%2021-12-16T16:39:00.000Z%,8000237,;602
2021-12-16T16:48:00.000Z;Reinfeld(Holst);RE;RE 80;80;11479;8005019;8005019%2021-12-16T16:48:00.000Z%,8000023,8000446,8002549,;602
2021-12-16T17:10:00.000Z;Reinfeld(Holst);RE;RE 80;80;11476;8005019;8005019%2021-12-16T17:10:00.000Z%,8000237,;602
2021-12-16T17:20:00.000Z;Reinfeld(Holst);RE;RE 8;8;11429;8005019;8005019%2021-12-16T17:20:00.000Z%,8000023,8002549,;602
2021-12-16T17:39:00.000Z;Reinfeld(Holst);RE;RE 8;8;11428;8005019;8005019%2021-12-16T17:39:00.000Z%,8000237,;602
2021-12-16T17:48:00.000Z;Reinfeld(Holst);RE;RE 80;80;11481;8005019;8005019%2021-12-16T17:48:00.000Z%,8000023,8000446,8002549,;602
2021-12-16T18:10:00.000Z;Reinfeld(Holst);RE;RE 80;80;11478;8005019;8005019%2021-12-16T18:10:00.000Z%,8000237,;602
2021-12-16T18:20:00.000Z;Reinfeld(Holst);RE;RE 8;8;11431;8005019;8005019%2021-12-16T18:20:00.000Z%,8000023,8002549,;602
2021-12-16T18:39:00.000Z;Reinfeld(Holst);RE;RE 8;8;11430;8005019;8005019%2021-12-16T18:39:00.000Z%,8000237,;602
2021-12-16T18:48:00.000Z;Reinfeld(Holst);RE;RE 80;80;11483;8005019;8005019%2021-12-16T18:48:00.000Z%,8000023,8000446,8002549,;602
2021-12-16T19:10:00.000Z;Reinfeld(Holst);RE;RE 80;80;11480;8005019;8005019%2021-12-16T19:10:00.000Z%,8000237,;602
2021-12-16T19:20:00.000Z;Reinfeld(Holst);RE;RE 8;8;11433;8005019;8005019%2021-12-16T19:20:00.000Z%,8000023,8002549,;602
2021-12-16T19:39:00.000Z;Reinfeld(Holst);RE;RE 8;8;11432;8005019;8005019%2021-12-16T19:39:00.000Z%,8000237,;602
2021-12-16T20:10:00.000Z;Reinfeld(Holst);RE;RE 80;80;11482;8005019;8005019%2021-12-16T20:10:00.000Z%,8000237,;602
2021-12-15T20:17:00.000Z;Rheinhausen Ost;RB;RB 33;33;10338;8005065;8005065%2021-12-15T20:20:00.000Z%3,8001605,8000086,8000687,8000259,8001898,8000098,;426
2021-12-15T20:42:00.000Z;Rheinhausen Ost;RB;RB 33;33;10345;8005065;8005065%2021-12-15T20:44:00.000Z%2,8000317,8002941,8003427,8003426,8000212,8000211,8002027,8000584,8000174,8000253,8000318,8006391,8002784,8001839,8000677,8001113,8003697,8002206,8005935,8002806,8003395,8000404,8070704,8000001,;426
2021-12-15T20:47:00.000Z;Rheinhausen Ost;RB;RB 35;35;34962;8005065;8005065%2021-12-15T20:51:00.000Z%4,8001605,8000086,;426
2021-12-15T21:17:00.000Z;Rheinhausen Ost;RB;RB 33;33;10340;8005065;8005065%2021-12-15T21:18:00.000Z%1,8001605,8000086,8000687,8000259,8001898,8000098,;426
2021-12-15T21:42:00.000Z;Rheinhausen Ost;RB;RB 33;33;10347;8005065;8005065%2021-12-15T21:42:00.000Z%,8000317,8002941,8003427,8003426,8000212,8000211,8002027,8000584,8000174,8000253,8000318,8006391,8002784,8001839,8000677,8001113,8003697,8002206,8005935,8002806,8003395,8000404,8070704,8000001,;426
2021-12-15T22:17:00.000Z;Rheinhausen Ost;RB;RB 33;33;10342;8005065;8005065%2021-12-15T22:17:00.000Z%0,8001605,8000086,;426
2021-12-15T22:42:00.000Z;Rheinhausen Ost;RB;RB 33;33;10349;8005065;8005065%2021-12-15T22:42:00.000Z%,8000317,8002941,8003427,8003426,8000212,8000211,8002027,8000584,8000174,8000253,;426
2021-12-15T23:17:00.000Z;Rheinhausen Ost;RB;RB 33;33;10344;8005065;8005065%2021-12-15T23:17:00.000Z%,8001605,8000086,;426
2021-12-15T23:42:00.000Z;Rheinhausen Ost;RB;RB 33;33;10301;8005065;8005065%2021-12-15T23:42:00.000Z%,8000317,8002941,8003427,8003426,8000212,8000211,8002027,8000584,8000174,8000253,;426
2021-12-16T00:17:00.000Z;Rheinhausen Ost;RB;RB 33;33;10346;8005065;8005065%2021-12-16T00:17:00.000Z%,8001605,8000086,;426
2021-12-16T00:42:00.000Z;Rheinhausen Ost;RB;RB 33;33;10303;8005065;8005065%2021-12-16T00:42:00.000Z%,8000317,8002941,8003427,8003426,8000212,8000211,8002027,8000584,8000174,8000253,;426
2021-12-16T04:12:00.000Z;Rheinhausen Ost;RB;RB 35;35;52241;8005065;8005065%2021-12-16T04:12:00.000Z%,8000317,8002941,8003427,8003426,8000212,8000211,8002027,8000584,8000174,8000253,;426
2021-12-16T04:17:00.000Z;Rheinhausen Ost;RB;RB 33;33;10306;8005065;8005065%2021-12-16T04:17:00.000Z%,8001605,8000086,8000687,8000259,8001898,8000098,;426
2021-12-16T04:42:00.000Z;Rheinhausen Ost;RB;RB 33;33;10313;8005065;8005065%2021-12-16T04:42:00.000Z%,8000317,8002941,8003427,8003426,8000212,8000211,8002027,8000584,8000174,8000253,8000318,8006391,8002784,8001839,8000677,8001113,8003697,8002206,8005935,8002806,8003395,8000404,8070704,8000001,;426
2021-12-16T05:11:00.000Z;Rheinhausen Ost;RB;RB 35;35;52243;8005065;8005065%2021-12-16T05:11:00.000Z%,8000317,8002941,8003427,8003426,8000212,8000211,8002027,8000584,8000174,8000253,;426
2021-12-16T05:17:00.000Z;Rheinhausen Ost;RB;RB 33;33;10308;8005065;8005065%2021-12-16T05:17:00.000Z%,8001605,8000086,8000687,8000259,8001898,8000098,;426
2021-12-16T05:42:00.000Z;Rheinhausen Ost;RB;RB 33;33;10315;8005065;8005065%2021-12-16T05:42:00.000Z%,8000317,8002941,8003427,8003426,8000212,8000211,8002027,8000584,8000174,8000253,8000318,8006391,8002784,8001839,8000677,8001113,8003697,8002206,8005935,8002806,8003395,8000404,8070704,8000001,;426
2021-12-16T05:47:00.000Z;Rheinhausen Ost;RB;RB 35;35;52240;8005065;8005065%2021-12-16T05:47:00.000Z%,8001605,8000086,8000286,8001903,8001901,8001900,8001909,8000118,;426
2021-12-16T06:11:00.000Z;Rheinhausen Ost;RB;RB 35;35;52245;8005065;8005065%2021-12-16T06:11:00.000Z%,8000317,8002941,8003427,8003426,8000212,8000211,8002027,8000584,8000174,8000253,;426
2021-12-16T06:17:00.000Z;Rheinhausen Ost;RB;RB 33;33;10310;8005065;8005065%2021-12-16T06:17:00.000Z%,8001605,8000086,8000687,8000259,8001898,8000098,;426
2021-12-16T06:42:00.000Z;Rheinhausen Ost;RB;RB 33;33;10317;8005065;8005065%2021-12-16T06:42:00.000Z%,8000317,8002941,8003427,8003426,8000212,8000211,8002027,8000584,8000174,8000253,8000318,8006391,8002784,8001839,8000677,8001113,8003697,8002206,8005935,8002806,8003395,8000404,8070704,8000001,;426
2021-12-16T06:47:00.000Z;Rheinhausen Ost;RB;RB 35;35;52242;8005065;8005065%2021-12-16T06:47:00.000Z%,8001605,8000086,8000286,8001903,8001901,8001900,8001909,8000118,;426
2021-12-16T07:11:00.000Z;Rheinhausen Ost;RB;RB 35;35;52247;8005065;8005065%2021-12-16T07:11:00.000Z%,8000317,8002941,8003427,8003426,8000212,8000211,8002027,8000584,8000174,8000253,;426
2021-12-16T07:17:00.000Z;Rheinhausen Ost;RB;RB 33;33;10312;8005065;8005065%2021-12-16T07:17:00.000Z%,8001605,8000086,8000687,8000259,8001898,8000098,;426
2021-12-16T07:42:00.000Z;Rheinhausen Ost;RB;RB 33;33;10319;8005065;8005065%2021-12-16T07:42:00.000Z%,8000317,8002941,8003427,8003426,8000212,8000211,8002027,8000584,8000174,8000253,8000318,8006391,8002784,8001839,8000677,8001113,8003697,8002206,8005935,8002806,8003395,8000404,8070704,8000001,;426
2021-12-16T07:47:00.000Z;Rheinhausen Ost;RB;RB 35;35;52244;8005065;8005065%2021-12-16T07:47:00.000Z%,8001605,8000086,8000286,8001903,8001901,8001900,8001909,8000118,;426
2021-12-16T08:11:00.000Z;Rheinhausen Ost;RB;RB 35;35;52249;8005065;8005065%2021-12-16T08:11:00.000Z%,8000317,8002941,8003427,8003426,8000212,8000211,8002027,8000584,8000174,8000253,;426
2021-12-16T08:17:00.000Z;Rheinhausen Ost;RB;RB 33;33;10314;8005065;8005065%2021-12-16T08:17:00.000Z%,8001605,8000086,8000687,8000259,8001898,8000098,;426
2021-12-16T08:42:00.000Z;Rheinhausen Ost;RB;RB 33;33;10321;8005065;8005065%2021-12-16T08:42:00.000Z%,8000317,8002941,8003427,8003426,8000212,8000211,8002027,8000584,8000174,8000253,8000318,8006391,8002784,8001839,8000677,8001113,8003697,8002206,8005935,8002806,8003395,8000404,8070704,8000001,;426
2021-12-16T08:47:00.000Z;Rheinhausen Ost;RB;RB 35;35;52246;8005065;8005065%2021-12-16T08:47:00.000Z%,8001605,8000086,8000286,8001903,8001901,8001900,8001909,8000118,;426
2021-12-16T09:11:00.000Z;Rheinhausen Ost;RB;RB 35;35;52251;8005065;8005065%2021-12-16T09:11:00.000Z%,8000317,8002941,8003427,8003426,8000212,8000211,8002027,8000584,8000174,8000253,;426
2021-12-16T09:17:00.000Z;Rheinhausen Ost;RB;RB 33;33;10316;8005065;8005065%2021-12-16T09:17:00.000Z%,8001605,8000086,8000687,8000259,8001898,8000098,;426
2021-12-16T09:42:00.000Z;Rheinhausen Ost;RB;RB 33;33;10323;8005065;8005065%2021-12-16T09:42:00.000Z%,8000317,8002941,8003427,8003426,8000212,8000211,8002027,8000584,8000174,8000253,8000318,8006391,8002784,8001839,8000677,8001113,8003697,8002206,8005935,8002806,8003395,8000404,8070704,8000001,;426
2021-12-16T09:47:00.000Z;Rheinhausen Ost;RB;RB 35;35;52248;8005065;8005065%2021-12-16T09:47:00.000Z%,8001605,8000086,8000286,8001903,8001901,8001900,8001909,8000118,;426
2021-12-16T10:11:00.000Z;Rheinhausen Ost;RB;RB 35;35;52253;8005065;8005065%2021-12-16T10:11:00.000Z%,8000317,8002941,8003427,8003426,8000212,8000211,8002027,8000584,8000174,8000253,;426
2021-12-16T10:17:00.000Z;Rheinhausen Ost;RB;RB 33;33;10318;8005065;8005065%2021-12-16T10:17:00.000Z%,8001605,8000086,8000687,8000259,8001898,8000098,;426
2021-12-16T10:42:00.000Z;Rheinhausen Ost;RB;RB 33;33;10325;8005065;8005065%2021-12-16T10:42:00.000Z%,8000317,8002941,8003427,8003426,8000212,8000211,8002027,8000584,8000174,8000253,8000318,8006391,8002784,8001839,8000677,8001113,8003697,8002206,8005935,8002806,8003395,8000404,8070704,8000001,;426
2021-12-16T10:47:00.000Z;Rheinhausen Ost;RB;RB 35;35;52250;8005065;8005065%2021-12-16T10:47:00.000Z%,8001605,8000086,8000286,8001903,8001901,8001900,8001909,8000118,;426
2021-12-16T11:11:00.000Z;Rheinhausen Ost;RB;RB 35;35;52255;8005065;8005065%2021-12-16T11:11:00.000Z%,8000317,8002941,8003427,8003426,8000212,8000211,8002027,8000584,8000174,8000253,;426
2021-12-16T11:17:00.000Z;Rheinhausen Ost;RB;RB 33;33;10320;8005065;8005065%2021-12-16T11:17:00.000Z%,8001605,8000086,8000687,8000259,8001898,8000098,;426
2021-12-16T11:42:00.000Z;Rheinhausen Ost;RB;RB 33;33;10327;8005065;8005065%2021-12-16T11:42:00.000Z%,8000317,8002941,8003427,8003426,8000212,8000211,8002027,8000584,8000174,8000253,8000318,8006391,8002784,8001839,8000677,8001113,8003697,8002206,8005935,8002806,8003395,8000404,8070704,8000001,;426
2021-12-16T11:47:00.000Z;Rheinhausen Ost;RB;RB 35;35;52252;8005065;8005065%2021-12-16T11:47:00.000Z%,8001605,8000086,8000286,8001903,8001901,8001900,8001909,8000118,;426
2021-12-16T12:11:00.000Z;Rheinhausen Ost;RB;RB 35;35;52257;8005065;8005065%2021-12-16T12:11:00.000Z%,8000317,8002941,8003427,8003426,8000212,8000211,8002027,8000584,8000174,8000253,;426
2021-12-16T12:17:00.000Z;Rheinhausen Ost;RB;RB 33;33;10322;8005065;8005065%2021-12-16T12:17:00.000Z%,8001605,8000086,8000687,8000259,8001898,8000098,;426
2021-12-16T12:42:00.000Z;Rheinhausen Ost;RB;RB 33;33;10329;8005065;8005065%2021-12-16T12:42:00.000Z%,8000317,8002941,8003427,8003426,8000212,8000211,8002027,8000584,8000174,8000253,8000318,8006391,8002784,8001839,8000677,8001113,8003697,8002206,8005935,8002806,8003395,8000404,8070704,8000001,;426
2021-12-16T12:47:00.000Z;Rheinhausen Ost;RB;RB 35;35;52254;8005065;8005065%2021-12-16T12:47:00.000Z%,8001605,8000086,8000286,8001903,8001901,8001900,8001909,8000118,;426
2021-12-16T13:11:00.000Z;Rheinhausen Ost;RB;RB 35;35;52259;8005065;8005065%2021-12-16T13:11:00.000Z%,8000317,8002941,8003427,8003426,8000212,8000211,8002027,8000584,8000174,8000253,;426
2021-12-16T13:17:00.000Z;Rheinhausen Ost;RB;RB 33;33;10324;8005065;8005065%2021-12-16T13:17:00.000Z%,8001605,8000086,8000687,8000259,8001898,8000098,;426
2021-12-16T13:42:00.000Z;Rheinhausen Ost;RB;RB 33;33;10331;8005065;8005065%2021-12-16T13:42:00.000Z%,8000317,8002941,8003427,8003426,8000212,8000211,8002027,8000584,8000174,8000253,8000318,8006391,8002784,8001839,8000677,8001113,8003697,8002206,8005935,8002806,8003395,8000404,8070704,8000001,;426
2021-12-16T13:48:00.000Z;Rheinhausen Ost;RB;RB 35;35;52256;8005065;8005065%2021-12-16T13:48:00.000Z%,8001605,8000086,8000286,8001903,8001901,8001900,8001909,8000118,;426
2021-12-16T14:11:00.000Z;Rheinhausen Ost;RB;RB 35;35;52261;8005065;8005065%2021-12-16T14:11:00.000Z%,8000317,8002941,8003427,8003426,8000212,8000211,8002027,8000584,8000174,8000253,;426
2021-12-16T14:17:00.000Z;Rheinhausen Ost;RB;RB 33;33;10326;8005065;8005065%2021-12-16T14:17:00.000Z%,8001605,8000086,8000687,8000259,8001898,8000098,;426
2021-12-16T14:42:00.000Z;Rheinhausen Ost;RB;RB 33;33;10333;8005065;8005065%2021-12-16T14:42:00.000Z%,8000317,8002941,8003427,8003426,8000212,8000211,8002027,8000584,8000174,8000253,8000318,8006391,8002784,8001839,8000677,8001113,8003697,8002206,8005935,8002806,8003395,8000404,8070704,8000001,;426
2021-12-16T14:47:00.000Z;Rheinhausen Ost;RB;RB 35;35;52258;8005065;8005065%2021-12-16T14:47:00.000Z%,8001605,8000086,8000286,8001903,8001901,8001900,8001909,8000118,;426
2021-12-16T15:11:00.000Z;Rheinhausen Ost;RB;RB 35;35;52263;8005065;8005065%2021-12-16T15:11:00.000Z%,8000317,8002941,8003427,8003426,8000212,8000211,8002027,8000584,8000174,8000253,;426
2021-12-16T15:17:00.000Z;Rheinhausen Ost;RB;RB 33;33;10328;8005065;8005065%2021-12-16T15:17:00.000Z%,8001605,8000086,8000687,8000259,8001898,8000098,;426
2021-12-16T15:42:00.000Z;Rheinhausen Ost;RB;RB 33;33;10335;8005065;8005065%2021-12-16T15:42:00.000Z%,8000317,8002941,8003427,8003426,8000212,8000211,8002027,8000584,8000174,8000253,8000318,8006391,8002784,8001839,8000677,8001113,8003697,8002206,8005935,8002806,8003395,8000404,8070704,8000001,;426
2021-12-16T15:47:00.000Z;Rheinhausen Ost;RB;RB 35;35;52260;8005065;8005065%2021-12-16T15:47:00.000Z%,8001605,8000086,8000286,8001903,8001901,8001900,8001909,8000118,;426
2021-12-16T16:11:00.000Z;Rheinhausen Ost;RB;RB 35;35;52265;8005065;8005065%2021-12-16T16:11:00.000Z%,8000317,8002941,8003427,8003426,8000212,8000211,8002027,8000584,8000174,8000253,;426
2021-12-16T16:17:00.000Z;Rheinhausen Ost;RB;RB 33;33;10330;8005065;8005065%2021-12-16T16:17:00.000Z%,8001605,8000086,8000687,8000259,8001898,8000098,;426
2021-12-16T16:42:00.000Z;Rheinhausen Ost;RB;RB 33;33;10337;8005065;8005065%2021-12-16T16:42:00.000Z%,8000317,8002941,8003427,8003426,8000212,8000211,8002027,8000584,8000174,8000253,8000318,8006391,8002784,8001839,8000677,8001113,8003697,8002206,8005935,8002806,8003395,8000404,8070704,8000001,;426
2021-12-16T16:47:00.000Z;Rheinhausen Ost;RB;RB 35;35;52262;8005065;8005065%2021-12-16T16:47:00.000Z%,8001605,8000086,8000286,8001903,8001901,8001900,8001909,8000118,;426
2021-12-16T17:11:00.000Z;Rheinhausen Ost;RB;RB 35;35;52267;8005065;8005065%2021-12-16T17:11:00.000Z%,8000317,8002941,8003427,8003426,8000212,8000211,8002027,8000584,8000174,8000253,;426
2021-12-16T17:17:00.000Z;Rheinhausen Ost;RB;RB 33;33;10332;8005065;8005065%2021-12-16T17:17:00.000Z%,8001605,8000086,8000687,8000259,8001898,8000098,;426
2021-12-16T17:42:00.000Z;Rheinhausen Ost;RB;RB 33;33;10339;8005065;8005065%2021-12-16T17:42:00.000Z%,8000317,8002941,8003427,8003426,8000212,8000211,8002027,8000584,8000174,8000253,8000318,8006391,8002784,8001839,8000677,8001113,8003697,8002206,8005935,8002806,8003395,8000404,8070704,8000001,;426
2021-12-16T17:47:00.000Z;Rheinhausen Ost;RB;RB 35;35;52264;8005065;8005065%2021-12-16T17:47:00.000Z%,8001605,8000086,8000286,8001903,8001901,8001900,8001909,8000118,;426
2021-12-16T18:11:00.000Z;Rheinhausen Ost;RB;RB 35;35;52269;8005065;8005065%2021-12-16T18:11:00.000Z%,8000317,8002941,8003427,8003426,8000212,8000211,8002027,8000584,8000174,8000253,;426
2021-12-16T18:17:00.000Z;Rheinhausen Ost;RB;RB 33;33;10334;8005065;8005065%2021-12-16T18:17:00.000Z%,8001605,8000086,8000687,8000259,8001898,8000098,;426
2021-12-16T18:42:00.000Z;Rheinhausen Ost;RB;RB 33;33;10341;8005065;8005065%2021-12-16T18:42:00.000Z%,8000317,8002941,8003427,8003426,8000212,8000211,8002027,8000584,8000174,8000253,8000318,8006391,8002784,8001839,8000677,8001113,8003697,8002206,8005935,8002806,8003395,8000404,8070704,8000001,;426
2021-12-16T18:47:00.000Z;Rheinhausen Ost;RB;RB 35;35;52266;8005065;8005065%2021-12-16T18:47:00.000Z%,8001605,8000086,;426
2021-12-16T19:17:00.000Z;Rheinhausen Ost;RB;RB 33;33;10336;8005065;8005065%2021-12-16T19:17:00.000Z%,8001605,8000086,8000687,8000259,8001898,8000098,;426
2021-12-16T19:41:00.000Z;Rheinhausen Ost;RB;RB 33;33;10343;8005065;8005065%2021-12-16T19:41:00.000Z%,8000317,8002941,8003427,8003426,8000212,8000211,8002027,8000584,8000174,8000253,8000318,8006391,8002784,8001839,8000677,8001113,8003697,8002206,8005935,8002806,8003395,8000404,8070704,8000001,;426
2021-12-16T19:47:00.000Z;Rheinhausen Ost;RB;RB 35;35;52268;8005065;8005065%2021-12-16T19:47:00.000Z%,8001605,8000086,;426
2021-12-15T20:27:00.000Z;Rödental Mitte;RE;RE 49;49;59367;8005122;8005122%2021-12-15T20:27:00.000Z%0,8004633,8001484,8001334,8001338,;602
2021-12-15T21:28:00.000Z;Rödental Mitte;RE;RE 49;49;59394;8005122;8005122%2021-12-15T21:28:00.000Z%,8004064,8004325,8013008,;602
2021-12-15T22:47:00.000Z;Rödental Mitte;RE;RE 49;49;4936;8005122;8005122%2021-12-15T22:47:00.000Z%0,8004064,8004325,8013008,;602
2021-12-16T03:56:00.000Z;Rödental Mitte;RE;RE 49;49;4949;8005122;8005122%2021-12-16T03:56:00.000Z%,8004633,8001484,8001334,8001338,8001347,8002434,8001636,8005391,8000228,8005670,8001623,8006634,8001640,8001149,8002542,8000025,8002853,8002024,8001844,8000114,8000284,;602
2021-12-16T04:50:00.000Z;Rödental Mitte;RE;RE 19;19;4951;8005122;8005122%2021-12-16T04:50:00.000Z%,8004633,8001484,8001334,8001338,8000025,8002853,8002024,8001844,8000114,8000284,;602
2021-12-16T05:21:00.000Z;Rödental Mitte;RE;RE 49;49;59351;8005122;8005122%2021-12-16T05:21:00.000Z%,8004633,8001484,8001334,8001338,8001347,8002434,8001636,8005391,8000228,;602
2021-12-16T05:45:00.000Z;Rödental Mitte;RE;RE 49;49;59352;8005122;8005122%2021-12-16T05:45:00.000Z%,8004064,8004325,8013008,;602
2021-12-16T06:17:00.000Z;Rödental Mitte;RE;RE 49;49;4923;8005122;8005122%2021-12-16T06:17:00.000Z%,8004633,8001484,8001334,8001338,8001347,8002434,8001636,8005391,8000228,8005670,8001149,8000025,8002853,8002024,8001844,8000114,8000284,;602
2021-12-16T06:38:00.000Z;Rödental Mitte;RE;RE 49;49;59354;8005122;8005122%2021-12-16T06:38:00.000Z%,8004064,8004325,8013008,;602
2021-12-16T07:17:00.000Z;Rödental Mitte;RE;RE 49;49;59353;8005122;8005122%2021-12-16T07:17:00.000Z%,8004633,8001484,8001334,8001338,8002434,8001636,8000228,;602
2021-12-16T07:42:00.000Z;Rödental Mitte;RE;RE 19;19;4952;8005122;8005122%2021-12-16T07:42:00.000Z%,8004064,8004325,8013008,;602
2021-12-16T08:17:00.000Z;Rödental Mitte;RE;RE 19;19;4957;8005122;8005122%2021-12-16T08:17:00.000Z%,8004633,8001484,8001334,8001338,8000025,8002853,8002024,8001844,8000114,8000284,;602
2021-12-16T08:42:00.000Z;Rödental Mitte;RE;RE 19;19;4954;8005122;8005122%2021-12-16T08:42:00.000Z%,8004064,8004325,8013008,;602
2021-12-16T09:17:00.000Z;Rödental Mitte;RE;RE 19;19;4959;8005122;8005122%2021-12-16T09:17:00.000Z%,8004633,8001484,8001334,8001338,8000025,8002853,8002024,8001844,8000114,8000284,;602
2021-12-16T09:42:00.000Z;Rödental Mitte;RE;RE 49;49;4924;8005122;8005122%2021-12-16T09:42:00.000Z%,8004064,8004325,8013008,;602
2021-12-16T10:15:00.000Z;Rödental Mitte;RE;RE 49;49;4927;8005122;8005122%2021-12-16T10:15:00.000Z%,8004633,8001484,8001334,8001338,8001636,8000228,8005670,8001149,8000025,8002853,8002024,8001844,8000114,8000284,;602
2021-12-16T11:42:00.000Z;Rödental Mitte;RE;RE 49;49;4926;8005122;8005122%2021-12-16T11:42:00.000Z%,8004064,8004325,8013008,;602
2021-12-16T12:17:00.000Z;Rödental Mitte;RE;RE 49;49;4929;8005122;8005122%2021-12-16T12:17:00.000Z%,8004633,8001484,8001334,8001338,8001347,8002434,8001636,8005391,8000228,8005670,8001149,8000025,8002853,8002024,8001844,8000114,8000284,;602
2021-12-16T12:42:00.000Z;Rödental Mitte;RE;RE 19;19;4960;8005122;8005122%2021-12-16T12:42:00.000Z%,8004064,8004325,8013008,;602
2021-12-16T13:17:00.000Z;Rödental Mitte;RE;RE 19;19;4963;8005122;8005122%2021-12-16T13:17:00.000Z%,8004633,8001484,8001334,8001338,8000025,8002853,8002024,8001844,8000114,8000284,;602
2021-12-16T13:44:00.000Z;Rödental Mitte;RE;RE 49;49;4928;8005122;8005122%2021-12-16T13:44:00.000Z%,8004064,8004325,8013008,;602
2021-12-16T14:16:00.000Z;Rödental Mitte;RE;RE 49;49;4931;8005122;8005122%2021-12-16T14:16:00.000Z%,8004633,8001484,8001334,8001338,8001636,8000228,8005670,8001149,8000025,8002853,8002024,8001844,8000114,8000284,;602
2021-12-16T15:44:00.000Z;Rödental Mitte;RE;RE 49;49;4930;8005122;8005122%2021-12-16T15:44:00.000Z%,8004064,8004325,8013008,;602
2021-12-16T16:17:00.000Z;Rödental Mitte;RE;RE 49;49;4933;8005122;8005122%2021-12-16T16:17:00.000Z%,8004633,8001484,8001334,8001338,8001636,8000228,8005670,8001149,8000025,8002853,8002024,8001844,8000114,8000284,;602
2021-12-16T16:23:00.000Z;Rödental Mitte;RE;RE 49;49;59384;8005122;8005122%2021-12-16T16:23:00.000Z%,8004064,8004325,8013008,;602
2021-12-16T17:42:00.000Z;Rödental Mitte;RE;RE 49;49;4932;8005122;8005122%2021-12-16T17:42:00.000Z%,8004064,8004325,8013008,;602
2021-12-16T18:17:00.000Z;Rödental Mitte;RE;RE 49;49;4935;8005122;8005122%2021-12-16T18:17:00.000Z%,8004633,8001484,8001334,8001338,8002434,8001636,8000228,8005670,8001149,8000025,8002853,8002024,8001844,8000114,8000284,;602
2021-12-16T18:42:00.000Z;Rödental Mitte;RE;RE 19;19;4968;8005122;8005122%2021-12-16T18:42:00.000Z%,8004064,8004325,8013008,;602
2021-12-16T19:16:00.000Z;Rödental Mitte;RE;RE 49;49;59365;8005122;8005122%2021-12-16T19:16:00.000Z%,8004633,8001484,8001334,8001338,;602
2021-12-16T19:50:00.000Z;Rödental Mitte;RE;RE 49;49;59392;8005122;8005122%2021-12-16T19:50:00.000Z%,8004064,8004325,8013008,;602
2021-12-15T20:19:00.000Z;Rösrath-Stümpen;RB;RB 25;25;10579;8005143;8005143%2021-12-15T20:22:00.000Z%3,8003358,8003320,8003368,8000207,8003392,;426
2021-12-15T20:40:00.000Z;Rösrath-Stümpen;RB;RB 25;25;10582;8005143;8005143%2021-12-15T20:41:00.000Z%1,8005134,8002932,8002988,8004739,8001789,8005218,8000363,8002462,8070483,8003950,;426
2021-12-15T20:49:00.000Z;Rösrath-Stümpen;RB;RB 25;25;10581;8005143;8005143%2021-12-15T20:50:00.000Z%1,8003358,8003320,8003368,8000207,8003392,;426
2021-12-15T21:10:00.000Z;Rösrath-Stümpen;RB;RB 25;25;10584;8005143;8005143%2021-12-15T21:10:00.000Z%,8005134,8002932,8002988,8004739,8001789,8005218,8000363,8002462,;426
2021-12-15T21:19:00.000Z;Rösrath-Stümpen;RB;RB 25;25;10583;8005143;8005143%2021-12-15T21:20:00.000Z%1,8003358,8003320,8003368,8000207,8003392,;426
2021-12-15T21:40:00.000Z;Rösrath-Stümpen;RB;RB 25;25;10586;8005143;8005143%2021-12-15T21:40:00.000Z%,8005134,8002932,8002988,8004739,8001789,8005218,8000363,8002462,8070483,8003950,;426
2021-12-15T21:49:00.000Z;Rösrath-Stümpen;RB;RB 25;25;10585;8005143;8005143%2021-12-15T21:49:00.000Z%,8003358,8003320,8003368,8000207,8003392,;426
2021-12-15T22:10:00.000Z;Rösrath-Stümpen;RB;RB 25;25;10588;8005143;8005143%2021-12-15T22:10:00.000Z%,8005134,8002932,8002988,8004739,8001789,8005218,8000363,8002462,;426
2021-12-15T22:19:00.000Z;Rösrath-Stümpen;RB;RB 25;25;10587;8005143;8005143%2021-12-15T22:20:00.000Z%1,8003358,8003320,8003368,8000207,8003392,;426
2021-12-15T22:40:00.000Z;Rösrath-Stümpen;RB;RB 25;25;10590;8005143;8005143%2021-12-15T22:40:00.000Z%,8005134,8002932,8002988,8004739,8001789,8005218,8000363,8002462,;426
2021-12-15T22:49:00.000Z;Rösrath-Stümpen;RB;RB 25;25;10589;8005143;8005143%2021-12-15T22:49:00.000Z%,8003358,8003320,8003368,8000207,8003392,;426
2021-12-15T23:10:00.000Z;Rösrath-Stümpen;RB;RB 25;25;10592;8005143;8005143%2021-12-15T23:10:00.000Z%,8005134,8002932,8002988,8004739,8001789,8005218,8000363,8002462,;426
2021-12-15T23:40:00.000Z;Rösrath-Stümpen;RB;RB 25;25;10594;8005143;8005143%2021-12-15T23:40:00.000Z%,8005134,8002932,8002988,8004739,8001789,8005218,8000363,8002462,;426
2021-12-16T04:10:00.000Z;Rösrath-Stümpen;RB;RB 25;25;10504;8005143;8005143%2021-12-16T04:10:00.000Z%,8005134,8002932,8004739,;426
2021-12-16T04:19:00.000Z;Rösrath-Stümpen;RB;RB 25;25;10501;8005143;8005143%2021-12-16T04:19:00.000Z%,8003358,8003320,8003368,8000207,8003392,;426
2021-12-16T04:40:00.000Z;Rösrath-Stümpen;RB;RB 25;25;10510;8005143;8005143%2021-12-16T04:40:00.000Z%,8005134,8002932,8002988,8004739,8001789,8005218,8000363,8002462,8070483,8003950,8003297,8002535,8001213,8003782,;426
2021-12-16T04:49:00.000Z;Rösrath-Stümpen;RB;RB 25;25;10503;8005143;8005143%2021-12-16T04:49:00.000Z%,8003358,8003320,8003368,8000207,8003392,;426
2021-12-16T05:10:00.000Z;Rösrath-Stümpen;RB;RB 25;25;10512;8005143;8005143%2021-12-16T05:10:00.000Z%,8005134,8002932,8002988,8004739,;426
2021-12-16T05:19:00.000Z;Rösrath-Stümpen;RB;RB 25;25;10505;8005143;8005143%2021-12-16T05:19:00.000Z%,8003358,8003320,8003368,8000207,8003392,;426
2021-12-16T05:40:00.000Z;Rösrath-Stümpen;RB;RB 25;25;10518;8005143;8005143%2021-12-16T05:40:00.000Z%,8005134,8002932,8004739,8001789,8005218,8000363,8002462,8070483,8003950,8003297,8002535,8001213,8003782,;426
2021-12-16T05:49:00.000Z;Rösrath-Stümpen;RB;RB 25;25;10507;8005143;8005143%2021-12-16T05:49:00.000Z%,8003358,8003320,8003368,8000207,8003392,;426
2021-12-16T05:58:00.000Z;Rösrath-Stümpen;RB;RB 25;25;10509;8005143;8005143%2021-12-16T05:58:00.000Z%,8003358,8003320,8003368,8000207,8003392,;426
2021-12-16T06:10:00.000Z;Rösrath-Stümpen;RB;RB 25;25;10520;8005143;8005143%2021-12-16T06:10:00.000Z%,8005134,8002932,8004739,8001789,8005218,8000363,8002462,;426
2021-12-16T06:19:00.000Z;Rösrath-Stümpen;RB;RB 25;25;10511;8005143;8005143%2021-12-16T06:19:00.000Z%,8003358,8003320,8003368,8000207,8003392,;426
2021-12-16T06:28:00.000Z;Rösrath-Stümpen;RB;RB 25;25;10515;8005143;8005143%2021-12-16T06:28:00.000Z%,8003358,8003320,8003368,8000207,8003392,;426
2021-12-16T06:40:00.000Z;Rösrath-Stümpen;RB;RB 25;25;10524;8005143;8005143%2021-12-16T06:40:00.000Z%,8005134,8002932,8002988,8004739,8001789,8005218,8000363,8002462,8070483,8003950,8003297,8002535,8001213,8003782,;426
2021-12-16T06:48:00.000Z;Rösrath-Stümpen;RB;RB 25;25;10517;8005143;8005143%2021-12-16T06:48:00.000Z%,8003358,8003320,8003368,8000207,8003392,;426
2021-12-16T07:10:00.000Z;Rösrath-Stümpen;RB;RB 25;25;10526;8005143;8005143%2021-12-16T07:10:00.000Z%,8005134,8002932,8002988,8004739,8001789,8005218,8000363,8002462,;426
2021-12-16T07:19:00.000Z;Rösrath-Stümpen;RB;RB 25;25;10519;8005143;8005143%2021-12-16T07:19:00.000Z%,8003358,8003320,8003368,8000207,8003392,;426
2021-12-16T07:40:00.000Z;Rösrath-Stümpen;RB;RB 25;25;10528;8005143;8005143%2021-12-16T07:40:00.000Z%,8005134,8002932,8002988,8004739,8001789,8005218,8000363,8002462,8070483,8003950,8003297,8002535,8001213,8003782,;426
2021-12-16T07:49:00.000Z;Rösrath-Stümpen;RB;RB 25;25;10523;8005143;8005143%2021-12-16T07:49:00.000Z%,8003358,8003320,8003368,8000207,8003392,;426
2021-12-16T08:10:00.000Z;Rösrath-Stümpen;RB;RB 25;25;10530;8005143;8005143%2021-12-16T08:10:00.000Z%,8005134,8002932,8002988,8004739,8001789,8005218,8000363,8002462,;426
2021-12-16T08:19:00.000Z;Rösrath-Stümpen;RB;RB 25;25;10525;8005143;8005143%2021-12-16T08:19:00.000Z%,8003358,8003320,8003368,8000207,8003392,;426
2021-12-16T08:40:00.000Z;Rösrath-Stümpen;RB;RB 25;25;10532;8005143;8005143%2021-12-16T08:40:00.000Z%,8005134,8002932,8002988,8004739,8001789,8005218,8000363,8002462,8070483,8003950,8003297,8002535,8001213,8003782,;426
2021-12-16T08:49:00.000Z;Rösrath-Stümpen;RB;RB 25;25;10527;8005143;8005143%2021-12-16T08:49:00.000Z%,8003358,8003320,8003368,8000207,8003392,;426
2021-12-16T09:10:00.000Z;Rösrath-Stümpen;RB;RB 25;25;10534;8005143;8005143%2021-12-16T09:10:00.000Z%,8005134,8002932,8002988,8004739,8001789,8005218,8000363,8002462,;426
2021-12-16T09:19:00.000Z;Rösrath-Stümpen;RB;RB 25;25;10531;8005143;8005143%2021-12-16T09:19:00.000Z%,8003358,8003320,8003368,8000207,8003392,;426
2021-12-16T09:40:00.000Z;Rösrath-Stümpen;RB;RB 25;25;10536;8005143;8005143%2021-12-16T09:40:00.000Z%,8005134,8002932,8002988,8004739,8001789,8005218,8000363,8002462,8070483,8003950,8003297,8002535,8001213,8003782,;426
2021-12-16T09:49:00.000Z;Rösrath-Stümpen;RB;RB 25;25;10533;8005143;8005143%2021-12-16T09:49:00.000Z%,8003358,8003320,8003368,8000207,8003392,;426
2021-12-16T10:10:00.000Z;Rösrath-Stümpen;RB;RB 25;25;10538;8005143;8005143%2021-12-16T10:10:00.000Z%,8005134,8002932,8002988,8004739,8001789,8005218,8000363,8002462,;426
2021-12-16T10:19:00.000Z;Rösrath-Stümpen;RB;RB 25;25;10535;8005143;8005143%2021-12-16T10:19:00.000Z%,8003358,8003320,8003368,8000207,8003392,;426
2021-12-16T10:40:00.000Z;Rösrath-Stümpen;RB;RB 25;25;10540;8005143;8005143%2021-12-16T10:40:00.000Z%,8005134,8002932,8002988,8004739,8001789,8005218,8000363,8002462,8070483,8003950,8003297,8002535,8001213,8003782,;426
2021-12-16T10:49:00.000Z;Rösrath-Stümpen;RB;RB 25;25;10537;8005143;8005143%2021-12-16T10:49:00.000Z%,8003358,8003320,8003368,8000207,8003392,;426
2021-12-16T11:10:00.000Z;Rösrath-Stümpen;RB;RB 25;25;10542;8005143;8005143%2021-12-16T11:10:00.000Z%,8005134,8002932,8002988,8004739,8001789,8005218,8000363,8002462,;426
2021-12-16T11:19:00.000Z;Rösrath-Stümpen;RB;RB 25;25;10539;8005143;8005143%2021-12-16T11:19:00.000Z%,8003358,8003320,8003368,8000207,8003392,;426
2021-12-16T11:40:00.000Z;Rösrath-Stümpen;RB;RB 25;25;10544;8005143;8005143%2021-12-16T11:40:00.000Z%,8005134,8002932,8002988,8004739,8001789,8005218,8000363,8002462,8070483,8003950,8003297,8002535,8001213,8003782,;426
2021-12-16T11:49:00.000Z;Rösrath-Stümpen;RB;RB 25;25;10541;8005143;8005143%2021-12-16T11:49:00.000Z%,8003358,8003320,8003368,8000207,8003392,;426
2021-12-16T12:10:00.000Z;Rösrath-Stümpen;RB;RB 25;25;10546;8005143;8005143%2021-12-16T12:10:00.000Z%,8005134,8002932,8002988,8004739,8001789,8005218,8000363,8002462,;426
2021-12-16T12:19:00.000Z;Rösrath-Stümpen;RB;RB 25;25;10543;8005143;8005143%2021-12-16T12:19:00.000Z%,8003358,8003320,8003368,8000207,8003392,;426
2021-12-16T12:40:00.000Z;Rösrath-Stümpen;RB;RB 25;25;10548;8005143;8005143%2021-12-16T12:40:00.000Z%,8005134,8002932,8002988,8004739,8001789,8005218,8000363,8002462,8070483,8003950,8003297,8002535,8001213,8003782,;426
2021-12-16T12:49:00.000Z;Rösrath-Stümpen;RB;RB 25;25;10545;8005143;8005143%2021-12-16T12:49:00.000Z%,8003358,8003320,8003368,8000207,8003392,;426
2021-12-16T13:10:00.000Z;Rösrath-Stümpen;RB;RB 25;25;10550;8005143;8005143%2021-12-16T13:10:00.000Z%,8005134,8002932,8002988,8004739,8001789,8005218,8000363,8002462,;426
2021-12-16T13:19:00.000Z;Rösrath-Stümpen;RB;RB 25;25;10547;8005143;8005143%2021-12-16T13:19:00.000Z%,8003358,8003320,8003368,8000207,8003392,;426
2021-12-16T13:40:00.000Z;Rösrath-Stümpen;RB;RB 25;25;10552;8005143;8005143%2021-12-16T13:40:00.000Z%,8005134,8002932,8002988,8004739,8001789,8005218,8000363,8002462,8070483,8003950,8003297,8002535,8001213,8003782,;426
2021-12-16T13:49:00.000Z;Rösrath-Stümpen;RB;RB 25;25;10549;8005143;8005143%2021-12-16T13:49:00.000Z%,8003358,8003320,8003368,8000207,8003392,;426
2021-12-16T14:10:00.000Z;Rösrath-Stümpen;RB;RB 25;25;10554;8005143;8005143%2021-12-16T14:10:00.000Z%,8005134,8002932,8002988,8004739,8001789,8005218,8000363,8002462,;426
2021-12-16T14:19:00.000Z;Rösrath-Stümpen;RB;RB 25;25;10551;8005143;8005143%2021-12-16T14:19:00.000Z%,8003358,8003320,8003368,8000207,8003392,;426
2021-12-16T14:40:00.000Z;Rösrath-Stümpen;RB;RB 25;25;10556;8005143;8005143%2021-12-16T14:40:00.000Z%,8005134,8002932,8002988,8004739,8001789,8005218,8000363,8002462,8070483,8003950,8003297,8002535,8001213,8003782,;426
2021-12-16T14:49:00.000Z;Rösrath-Stümpen;RB;RB 25;25;10553;8005143;8005143%2021-12-16T14:49:00.000Z%,8003358,8003320,8003368,8000207,8003392,;426
2021-12-16T15:10:00.000Z;Rösrath-Stümpen;RB;RB 25;25;10558;8005143;8005143%2021-12-16T15:10:00.000Z%,8005134,8002932,8002988,8004739,8001789,8005218,8000363,8002462,;426
2021-12-16T15:19:00.000Z;Rösrath-Stümpen;RB;RB 25;25;10555;8005143;8005143%2021-12-16T15:19:00.000Z%,8003358,8003320,8003368,8000207,8003392,;426
2021-12-16T15:40:00.000Z;Rösrath-Stümpen;RB;RB 25;25;10560;8005143;8005143%2021-12-16T15:40:00.000Z%,8005134,8002932,8002988,8004739,8001789,8005218,8000363,8002462,8070483,8003950,8003297,8002535,8001213,8003782,;426
2021-12-16T15:49:00.000Z;Rösrath-Stümpen;RB;RB 25;25;10557;8005143;8005143%2021-12-16T15:49:00.000Z%,8003358,8003320,8003368,8000207,8003392,;426
2021-12-16T16:10:00.000Z;Rösrath-Stümpen;RB;RB 25;25;10564;8005143;8005143%2021-12-16T16:10:00.000Z%,8005134,8002932,8002988,8004739,8001789,8005218,8000363,8002462,;426
2021-12-16T16:19:00.000Z;Rösrath-Stümpen;RB;RB 25;25;10561;8005143;8005143%2021-12-16T16:19:00.000Z%,8003358,8003320,8003368,8000207,8003392,;426
2021-12-16T16:40:00.000Z;Rösrath-Stümpen;RB;RB 25;25;10566;8005143;8005143%2021-12-16T16:40:00.000Z%,8005134,8002932,8002988,8004739,8001789,8005218,8000363,8002462,8070483,8003950,8003297,8002535,8001213,8003782,;426
2021-12-16T16:49:00.000Z;Rösrath-Stümpen;RB;RB 25;25;10563;8005143;8005143%2021-12-16T16:49:00.000Z%,8003358,8003320,8003368,8000207,8003392,;426
2021-12-16T17:10:00.000Z;Rösrath-Stümpen;RB;RB 25;25;10568;8005143;8005143%2021-12-16T17:10:00.000Z%,8005134,8002932,8002988,8004739,8001789,8005218,8000363,8002462,;426
2021-12-16T17:19:00.000Z;Rösrath-Stümpen;RB;RB 25;25;10565;8005143;8005143%2021-12-16T17:19:00.000Z%,8003358,8003320,8003368,8000207,8003392,;426
2021-12-16T17:40:00.000Z;Rösrath-Stümpen;RB;RB 25;25;10570;8005143;8005143%2021-12-16T17:40:00.000Z%,8005134,8002932,8002988,8004739,8001789,8005218,8000363,8002462,8070483,8003950,8003297,8002535,8001213,8003782,;426
2021-12-16T17:49:00.000Z;Rösrath-Stümpen;RB;RB 25;25;10567;8005143;8005143%2021-12-16T17:49:00.000Z%,8003358,8003320,8003368,8000207,8003392,;426
2021-12-16T18:10:00.000Z;Rösrath-Stümpen;RB;RB 25;25;10572;8005143;8005143%2021-12-16T18:10:00.000Z%,8005134,8002932,8002988,8004739,8001789,8005218,8000363,8002462,;426
2021-12-16T18:19:00.000Z;Rösrath-Stümpen;RB;RB 25;25;10569;8005143;8005143%2021-12-16T18:19:00.000Z%,8003358,8003320,8003368,8000207,8003392,;426
2021-12-16T18:40:00.000Z;Rösrath-Stümpen;RB;RB 25;25;10574;8005143;8005143%2021-12-16T18:40:00.000Z%,8005134,8002932,8002988,8004739,8001789,8005218,8000363,8002462,8070483,8003950,8003297,8002535,8001213,8003782,;426
2021-12-16T18:49:00.000Z;Rösrath-Stümpen;RB;RB 25;25;10571;8005143;8005143%2021-12-16T18:49:00.000Z%,8003358,8003320,8003368,8000207,8003392,;426
2021-12-16T19:10:00.000Z;Rösrath-Stümpen;RB;RB 25;25;10576;8005143;8005143%2021-12-16T19:10:00.000Z%,8005134,8002932,8002988,8004739,8001789,8005218,8000363,8002462,;426
2021-12-16T19:19:00.000Z;Rösrath-Stümpen;RB;RB 25;25;10573;8005143;8005143%2021-12-16T19:19:00.000Z%,8003358,8003320,8003368,8000207,8003392,;426
2021-12-16T19:40:00.000Z;Rösrath-Stümpen;RB;RB 25;25;10578;8005143;8005143%2021-12-16T19:40:00.000Z%,8005134,8002932,8002988,8004739,8001789,8005218,8000363,8002462,8070483,8003950,8003297,8002535,8001213,8003782,;426
2021-12-16T19:49:00.000Z;Rösrath-Stümpen;RB;RB 25;25;10577;8005143;8005143%2021-12-16T19:49:00.000Z%,8003358,8003320,8003368,8000207,8003392,;426
2021-12-16T20:10:00.000Z;Rösrath-Stümpen;RB;RB 25;25;10580;8005143;8005143%2021-12-16T20:10:00.000Z%,8005134,8002932,8002988,8004739,8001789,8005218,8000363,8002462,;426
2021-12-15T20:35:00.000Z;Rommerskirchen;RE;RE 8;8;10837;8005159;8005159%2021-12-15T20:35:00.000Z%0,8005746,8004898,8000208,8003361,8004869,8000135,8002104,8003966,8001083,8001086,8004366,8003386,8005074,8000713,8005970,8003708,8000711,8005062,8000276,8006036,8003352,8003341,8000206,;602
2021-12-15T20:47:00.000Z;Rommerskirchen;RB;RB 27;27;92760;8005159;8005159%2021-12-15T20:47:00.000Z%0,8000133,8003130,8000390,8005073,8000318,8000253,;426
2021-12-15T21:11:00.000Z;Rommerskirchen;RB;RB 27;27;92765;8005159;8005159%2021-12-15T21:12:00.000Z%1,8005746,8004898,8000208,8000207,;426
2021-12-15T21:36:00.000Z;Rommerskirchen;RE;RE 8;8;10839;8005159;8005159%2021-12-15T21:36:00.000Z%,8005746,8004898,8000208,8003361,8004869,8000135,8002104,8003966,8001083,8001086,8004366,8003386,8005074,8000713,8005970,8003708,;602
2021-12-15T21:47:00.000Z;Rommerskirchen;RB;RB 27;27;92762;8005159;8005159%2021-12-15T21:47:00.000Z%,8000133,8003130,8000390,8005073,8000318,8000253,;426
2021-12-15T22:11:00.000Z;Rommerskirchen;RB;RB 27;27;92767;8005159;8005159%2021-12-15T22:11:00.000Z%,8005746,8004898,8000208,8000207,;426
2021-12-15T22:36:00.000Z;Rommerskirchen;RE;RE 8;8;10841;8005159;8005159%2021-12-15T22:36:00.000Z%,8005746,8004898,8000208,8003361,8004869,8000135,8002104,8003966,8001083,8001086,8004366,8003386,8005074,8000713,8005970,8003708,;602
2021-12-15T22:47:00.000Z;Rommerskirchen;RB;RB 27;27;92764;8005159;8005159%2021-12-15T22:47:00.000Z%,8000133,8003130,8000390,8005073,8000318,8000253,;426
2021-12-15T23:11:00.000Z;Rommerskirchen;RB;RB 27;27;92769;8005159;8005159%2021-12-15T23:11:00.000Z%,8005746,8004898,8000208,8000207,;426
2021-12-15T23:47:00.000Z;Rommerskirchen;RB;RB 27;27;92766;8005159;8005159%2021-12-15T23:47:00.000Z%,8000133,8003130,8000390,8005073,8000318,8000253,;426
2021-12-16T04:11:00.000Z;Rommerskirchen;RB;RB 27;27;92731;8005159;8005159%2021-12-16T04:11:00.000Z%,8005746,8004898,8000208,8000207,;426
2021-12-16T04:21:00.000Z;Rommerskirchen;RE;RE 8;8;10800;8005159;8005159%2021-12-16T04:21:00.000Z%,8000133,8003130,8000390,8005073,8000318,8000253,;602
2021-12-16T04:37:00.000Z;Rommerskirchen;RE;RE 8;8;10803;8005159;8005159%2021-12-16T04:37:00.000Z%,8005746,8004898,8000208,8003361,8004869,8000135,8002104,8003966,8001083,8001086,8004366,8003386,8005074,8000713,8005970,8003708,8000711,8005062,8000276,8006036,8003352,8003341,8000206,;602
2021-12-16T04:47:00.000Z;Rommerskirchen;RB;RB 27;27;10600;8005159;8005159%2021-12-16T04:47:00.000Z%,8000133,8003130,8000390,8005073,8000318,8000253,;426
2021-12-16T05:11:00.000Z;Rommerskirchen;RB;RB 27;27;92733;8005159;8005159%2021-12-16T05:11:00.000Z%,8005746,8004898,8000208,8000207,;426
2021-12-16T05:21:00.000Z;Rommerskirchen;RE;RE 8;8;10802;8005159;8005159%2021-12-16T05:21:00.000Z%,8000133,8003130,8000390,8005073,8000318,8000253,;602
2021-12-16T05:37:00.000Z;Rommerskirchen;RE;RE 8;8;10805;8005159;8005159%2021-12-16T05:37:00.000Z%,8005746,8004898,8000208,8003361,8004869,8000135,8002104,8003966,8001083,8001086,8004366,8003386,8005074,8000713,8005970,8003708,8000711,8005062,8000276,8006036,8003352,8003341,8000206,;602
2021-12-16T05:47:00.000Z;Rommerskirchen;RB;RB 27;27;92730;8005159;8005159%2021-12-16T05:47:00.000Z%,8000133,8003130,8000390,8005073,8000318,8000253,;426
2021-12-16T05:58:00.000Z;Rommerskirchen;RE;RE 8;8;10807;8005159;8005159%2021-12-16T05:58:00.000Z%,8005746,8004898,8000208,8000207,;602
2021-12-16T06:11:00.000Z;Rommerskirchen;RB;RB 27;27;92735;8005159;8005159%2021-12-16T06:11:00.000Z%,8005746,8004898,8000208,8000207,;426
2021-12-16T06:21:00.000Z;Rommerskirchen;RE;RE 8;8;10804;8005159;8005159%2021-12-16T06:21:00.000Z%,8000133,8003130,8000390,8005073,8000318,8000253,;602
2021-12-16T06:37:00.000Z;Rommerskirchen;RE;RE 8;8;10809;8005159;8005159%2021-12-16T06:37:00.000Z%,8005746,8004898,8000208,8003361,8004869,8000135,8002104,8003966,8001083,8001086,8004366,8003386,8005074,8000713,8005970,8003708,8000711,8005062,8000276,8006036,8003352,8003341,8000206,;602
2021-12-16T06:47:00.000Z;Rommerskirchen;RB;RB 27;27;92732;8005159;8005159%2021-12-16T06:47:00.000Z%,8000133,8003130,8000390,8005073,8000318,8000253,;426
2021-12-16T07:11:00.000Z;Rommerskirchen;RB;RB 27;27;92737;8005159;8005159%2021-12-16T07:11:00.000Z%,8005746,8004898,8000208,8000207,;426
2021-12-16T07:21:00.000Z;Rommerskirchen;RE;RE 8;8;10806;8005159;8005159%2021-12-16T07:21:00.000Z%,8000133,8003130,8000390,8005073,8000318,8000253,;602
2021-12-16T07:37:00.000Z;Rommerskirchen;RE;RE 8;8;10811;8005159;8005159%2021-12-16T07:37:00.000Z%,8005746,8004898,8000208,8003361,8004869,8000135,8002104,8003966,8001083,8001086,8004366,8003386,8005074,8000713,8005970,8003708,8000711,8005062,8000276,8006036,8003352,8003341,8000206,;602
2021-12-16T07:47:00.000Z;Rommerskirchen;RB;RB 27;27;92734;8005159;8005159%2021-12-16T07:47:00.000Z%,8000133,8003130,8000390,8005073,8000318,8000253,;426
2021-12-16T08:11:00.000Z;Rommerskirchen;RB;RB 27;27;92739;8005159;8005159%2021-12-16T08:11:00.000Z%,8005746,8004898,8000208,8000207,;426
2021-12-16T08:21:00.000Z;Rommerskirchen;RE;RE 8;8;10810;8005159;8005159%2021-12-16T08:21:00.000Z%,8000133,8003130,8000390,8005073,8000318,8000253,;602
2021-12-16T08:37:00.000Z;Rommerskirchen;RE;RE 8;8;10813;8005159;8005159%2021-12-16T08:37:00.000Z%,8005746,8004898,8000208,8003361,8004869,8000135,8002104,8003966,8001083,8001086,8004366,8003386,8005074,8000713,8005970,8003708,8000711,8005062,8000276,8006036,8003352,8003341,8000206,;602
2021-12-16T08:47:00.000Z;Rommerskirchen;RB;RB 27;27;92736;8005159;8005159%2021-12-16T08:47:00.000Z%,8000133,8003130,8000390,8005073,8000318,8000253,;426
2021-12-16T09:11:00.000Z;Rommerskirchen;RB;RB 27;27;92741;8005159;8005159%2021-12-16T09:11:00.000Z%,8005746,8004898,8000208,8000207,;426
2021-12-16T09:21:00.000Z;Rommerskirchen;RE;RE 8;8;10812;8005159;8005159%2021-12-16T09:21:00.000Z%,8000133,8003130,8000390,8005073,8000318,8000253,;602
2021-12-16T09:37:00.000Z;Rommerskirchen;RE;RE 8;8;10815;8005159;8005159%2021-12-16T09:37:00.000Z%,8005746,8004898,8000208,8003361,8004869,8000135,8002104,8003966,8001083,8001086,8004366,8003386,8005074,8000713,8005970,8003708,8000711,8005062,8000276,8006036,8003352,8003341,8000206,;602
2021-12-16T09:47:00.000Z;Rommerskirchen;RB;RB 27;27;92738;8005159;8005159%2021-12-16T09:47:00.000Z%,8000133,8003130,8000390,8005073,8000318,8000253,;426
2021-12-16T10:11:00.000Z;Rommerskirchen;RB;RB 27;27;92743;8005159;8005159%2021-12-16T10:11:00.000Z%,8005746,8004898,8000208,8000207,;426
2021-12-16T10:21:00.000Z;Rommerskirchen;RE;RE 8;8;10814;8005159;8005159%2021-12-16T10:21:00.000Z%,8000133,8003130,8000390,8005073,8000318,8000253,;602
2021-12-16T10:37:00.000Z;Rommerskirchen;RE;RE 8;8;10817;8005159;8005159%2021-12-16T10:37:00.000Z%,8005746,8004898,8000208,8003361,8004869,8000135,8002104,8003966,8001083,8001086,8004366,8003386,8005074,8000713,8005970,8003708,8000711,8005062,8000276,8006036,8003352,8003341,8000206,;602
2021-12-16T10:47:00.000Z;Rommerskirchen;RB;RB 27;27;92740;8005159;8005159%2021-12-16T10:47:00.000Z%,8000133,8003130,8000390,8005073,8000318,8000253,;426
2021-12-16T11:11:00.000Z;Rommerskirchen;RB;RB 27;27;92745;8005159;8005159%2021-12-16T11:11:00.000Z%,8005746,8004898,8000208,8000207,;426
2021-12-16T11:21:00.000Z;Rommerskirchen;RE;RE 8;8;10816;8005159;8005159%2021-12-16T11:21:00.000Z%,8000133,8003130,8000390,8005073,8000318,8000253,;602
2021-12-16T11:37:00.000Z;Rommerskirchen;RE;RE 8;8;10819;8005159;8005159%2021-12-16T11:37:00.000Z%,8005746,8004898,8000208,8003361,8004869,8000135,8002104,8003966,8001083,8001086,8004366,8003386,8005074,8000713,8005970,8003708,8000711,8005062,8000276,8006036,8003352,8003341,8000206,;602
2021-12-16T11:47:00.000Z;Rommerskirchen;RB;RB 27;27;92742;8005159;8005159%2021-12-16T11:47:00.000Z%,8000133,8003130,8000390,8005073,8000318,8000253,;426
2021-12-16T12:11:00.000Z;Rommerskirchen;RB;RB 27;27;92747;8005159;8005159%2021-12-16T12:11:00.000Z%,8005746,8004898,8000208,8000207,;426
2021-12-16T12:21:00.000Z;Rommerskirchen;RE;RE 8;8;10818;8005159;8005159%2021-12-16T12:21:00.000Z%,8000133,8003130,8000390,8005073,8000318,8000253,;602
2021-12-16T12:37:00.000Z;Rommerskirchen;RE;RE 8;8;10821;8005159;8005159%2021-12-16T12:37:00.000Z%,8005746,8004898,8000208,8003361,8004869,8000135,8002104,8003966,8001083,8001086,8004366,8003386,8005074,8000713,8005970,8003708,8000711,8005062,8000276,8006036,8003352,8003341,8000206,;602
2021-12-16T12:47:00.000Z;Rommerskirchen;RB;RB 27;27;92744;8005159;8005159%2021-12-16T12:47:00.000Z%,8000133,8003130,8000390,8005073,8000318,8000253,;426
2021-12-16T13:11:00.000Z;Rommerskirchen;RB;RB 27;27;92749;8005159;8005159%2021-12-16T13:11:00.000Z%,8005746,8004898,8000208,8000207,;426
2021-12-16T13:21:00.000Z;Rommerskirchen;RE;RE 8;8;10820;8005159;8005159%2021-12-16T13:21:00.000Z%,8000133,8003130,8000390,8005073,8000318,8000253,;602
2021-12-16T13:37:00.000Z;Rommerskirchen;RE;RE 8;8;10823;8005159;8005159%2021-12-16T13:37:00.000Z%,8005746,8004898,8000208,8003361,8004869,8000135,8002104,8003966,8001083,8001086,8004366,8003386,8005074,8000713,8005970,8003708,8000711,8005062,8000276,8006036,8003352,8003341,8000206,;602
2021-12-16T13:47:00.000Z;Rommerskirchen;RB;RB 27;27;92746;8005159;8005159%2021-12-16T13:47:00.000Z%,8000133,8003130,8000390,8005073,8000318,8000253,;426
2021-12-16T14:11:00.000Z;Rommerskirchen;RB;RB 27;27;92751;8005159;8005159%2021-12-16T14:11:00.000Z%,8005746,8004898,8000208,8000207,;426
2021-12-16T14:21:00.000Z;Rommerskirchen;RE;RE 8;8;10822;8005159;8005159%2021-12-16T14:21:00.000Z%,8000133,8003130,8000390,8005073,8000318,8000253,;602
2021-12-16T14:37:00.000Z;Rommerskirchen;RE;RE 8;8;10825;8005159;8005159%2021-12-16T14:37:00.000Z%,8005746,8004898,8000208,8003361,8004869,8000135,8002104,8003966,8001083,8001086,8004366,8003386,8005074,8000713,8005970,8003708,8000711,8005062,8000276,8006036,8003352,8003341,8000206,;602
2021-12-16T14:47:00.000Z;Rommerskirchen;RB;RB 27;27;92748;8005159;8005159%2021-12-16T14:47:00.000Z%,8000133,8003130,8000390,8005073,8000318,8000253,;426
2021-12-16T15:11:00.000Z;Rommerskirchen;RB;RB 27;27;92753;8005159;8005159%2021-12-16T15:11:00.000Z%,8005746,8004898,8000208,8000207,;426
2021-12-16T15:21:00.000Z;Rommerskirchen;RE;RE 8;8;10824;8005159;8005159%2021-12-16T15:21:00.000Z%,8000133,8003130,8000390,8005073,8000318,8000253,;602
2021-12-16T15:37:00.000Z;Rommerskirchen;RE;RE 8;8;10827;8005159;8005159%2021-12-16T15:37:00.000Z%,8005746,8004898,8000208,8003361,8004869,8000135,8002104,8003966,8001083,8001086,8004366,8003386,8005074,8000713,8005970,8003708,8000711,8005062,8000276,8006036,8003352,8003341,8000206,;602
2021-12-16T15:47:00.000Z;Rommerskirchen;RB;RB 27;27;92750;8005159;8005159%2021-12-16T15:47:00.000Z%,8000133,8003130,8000390,8005073,8000318,8000253,;426
2021-12-16T15:58:00.000Z;Rommerskirchen;RE;RE 8;8;10826;8005159;8005159%2021-12-16T15:58:00.000Z%,8000133,8003130,8000390,8005073,8000318,8000253,8000174,8001571,8001072,8001180,8000190,;602
2021-12-16T16:11:00.000Z;Rommerskirchen;RB;RB 27;27;92755;8005159;8005159%2021-12-16T16:11:00.000Z%,8005746,8004898,8000208,8000207,;426
2021-12-16T16:21:00.000Z;Rommerskirchen;RE;RE 8;8;10828;8005159;8005159%2021-12-16T16:21:00.000Z%,8000133,8003130,8000390,8005073,8000318,8000253,;602
2021-12-16T16:37:00.000Z;Rommerskirchen;RE;RE 8;8;10829;8005159;8005159%2021-12-16T16:37:00.000Z%,8005746,8004898,8000208,8003361,8004869,8000135,8002104,8003966,8001083,8001086,8004366,8003386,8005074,8000713,8005970,8003708,8000711,8005062,8000276,8006036,8003352,8003341,8000206,;602
2021-12-16T16:47:00.000Z;Rommerskirchen;RB;RB 27;27;92752;8005159;8005159%2021-12-16T16:47:00.000Z%,8000133,8003130,8000390,8005073,8000318,8000253,;426
2021-12-16T17:11:00.000Z;Rommerskirchen;RB;RB 27;27;92757;8005159;8005159%2021-12-16T17:11:00.000Z%,8005746,8004898,8000208,8000207,;426
2021-12-16T17:21:00.000Z;Rommerskirchen;RE;RE 8;8;10830;8005159;8005159%2021-12-16T17:21:00.000Z%,8000133,8003130,8000390,8005073,8000318,8000253,;602
2021-12-16T17:37:00.000Z;Rommerskirchen;RE;RE 8;8;10831;8005159;8005159%2021-12-16T17:37:00.000Z%,8005746,8004898,8000208,8003361,8004869,8000135,8002104,8003966,8001083,8001086,8004366,8003386,8005074,8000713,8005970,8003708,8000711,8005062,8000276,8006036,8003352,8003341,8000206,;602
2021-12-16T17:47:00.000Z;Rommerskirchen;RB;RB 27;27;92754;8005159;8005159%2021-12-16T17:47:00.000Z%,8000133,8003130,8000390,8005073,8000318,8000253,;426
2021-12-16T18:11:00.000Z;Rommerskirchen;RB;RB 27;27;92759;8005159;8005159%2021-12-16T18:11:00.000Z%,8005746,8004898,8000208,8000207,;426
2021-12-16T18:21:00.000Z;Rommerskirchen;RE;RE 8;8;10832;8005159;8005159%2021-12-16T18:21:00.000Z%,8000133,8003130,8000390,8005073,8000318,8000253,;602
2021-12-16T18:38:00.000Z;Rommerskirchen;RE;RE 8;8;10833;8005159;8005159%2021-12-16T18:38:00.000Z%,8005746,8004898,8000208,8003361,8004869,8000135,8002104,8003966,8001083,8001086,8004366,8003386,8005074,8000713,8005970,8003708,8000711,8005062,8000276,8006036,8003352,8003341,8000206,;602
2021-12-16T18:47:00.000Z;Rommerskirchen;RB;RB 27;27;92756;8005159;8005159%2021-12-16T18:47:00.000Z%,8000133,8003130,8000390,8005073,8000318,8000253,;426
2021-12-16T19:11:00.000Z;Rommerskirchen;RB;RB 27;27;92761;8005159;8005159%2021-12-16T19:11:00.000Z%,8005746,8004898,8000208,8000207,;426
2021-12-16T19:21:00.000Z;Rommerskirchen;RE;RE 8;8;10834;8005159;8005159%2021-12-16T19:21:00.000Z%,8000133,8003130,8000390,8005073,8000318,8000253,;602
2021-12-16T19:37:00.000Z;Rommerskirchen;RE;RE 8;8;10835;8005159;8005159%2021-12-16T19:37:00.000Z%,8005746,8004898,8000208,8003361,8004869,8000135,8002104,8003966,8001083,8001086,8004366,8003386,8005074,8000713,8005970,8003708,8000711,8005062,8000276,8006036,8003352,8003341,8000206,;602
2021-12-16T19:47:00.000Z;Rommerskirchen;RB;RB 27;27;92758;8005159;8005159%2021-12-16T19:47:00.000Z%,8000133,8003130,8000390,8005073,8000318,8000253,;426
2021-12-16T20:11:00.000Z;Rommerskirchen;RB;RB 27;27;92763;8005159;8005159%2021-12-16T20:11:00.000Z%,8005746,8004898,8000208,8000207,;426
2021-12-15T20:36:00.000Z;Rottershausen;RB;RB 40;40;80758;8005199;8005199%2021-12-15T20:36:00.000Z%0,8004169,8001290,8000730,8003959,8012750,8011183,8013329,8010142,;426
2021-12-15T21:14:00.000Z;Rottershausen;RB;RB 40;40;80761;8005199;8005199%2021-12-15T21:14:00.000Z%0,8001620,8004865,8000032,8005479,8005481,;426
2021-12-15T21:46:00.000Z;Rottershausen;RB;RB 40;40;80760;8005199;8005199%2021-12-15T21:46:00.000Z%0,8004169,8001290,8000730,8003959,8012750,8011183,8013329,8012770,8010230,;426
2021-12-15T22:22:00.000Z;Rottershausen;RB;RB 40;40;80763;8005199;8005199%2021-12-15T22:22:00.000Z%0,8001620,8004865,8004453,8000032,;426
2021-12-15T23:11:00.000Z;Rottershausen;RB;RB 40;40;80762;8005199;8005199%2021-12-15T23:21:00.000Z%10,8004169,8001290,8000730,;426
2021-12-16T04:01:00.000Z;Rottershausen;RB;RB 40;40;80723;8005199;8005199%2021-12-16T04:01:00.000Z%,8001620,8004629,8000714,8001935,8001742,8006380,8002568,8002567,8001435,8004090,8006257,8004013,8002341,8006554,8003329,8000120,;426
2021-12-16T04:29:00.000Z;Rottershausen;RB;RB 40;40;80725;8005199;8005199%2021-12-16T04:29:00.000Z%,8001620,8004865,8004453,8000032,;426
2021-12-16T05:14:00.000Z;Rottershausen;RB;RB 40;40;80727;8005199;8005199%2021-12-16T05:14:00.000Z%,8001620,8004865,8004453,8000032,8005479,8005481,;426
2021-12-16T05:33:00.000Z;Rottershausen;RB;RB 40;40;80724;8005199;8005199%2021-12-16T05:33:00.000Z%,8004169,8001290,8000730,8003959,8012750,8011183,8013329,8012770,8010230,;426
2021-12-16T05:49:00.000Z;Rottershausen;RE;RE 7;7;3751;8005199;8005199%2021-12-16T05:49:00.000Z%,8001620,8004865,8004453,8000032,8005198,8000260,;602
2021-12-16T06:18:00.000Z;Rottershausen;RB;RB 40;40;80726;8005199;8005199%2021-12-16T06:18:00.000Z%,8004169,8001290,8000730,8003959,8012750,8011183,8013329,8012770,8010230,;426
2021-12-16T06:33:00.000Z;Rottershausen;RB;RB 40;40;80729;8005199;8005199%2021-12-16T06:33:00.000Z%,8001620,8004865,8004453,8000032,8005479,8005481,;426
2021-12-16T07:14:00.000Z;Rottershausen;RB;RB 40;40;80731;8005199;8005199%2021-12-16T07:14:00.000Z%,8001620,8004865,8000032,8005479,8005481,;426
2021-12-16T07:31:00.000Z;Rottershausen;RB;RB 40;40;80730;8005199;8005199%2021-12-16T07:31:00.000Z%,8004169,8001290,8000730,;426
2021-12-16T08:21:00.000Z;Rottershausen;RB;RB 40;40;80733;8005199;8005199%2021-12-16T08:21:00.000Z%,8001620,8004865,8004453,8000032,8005479,8005481,;426
2021-12-16T08:36:00.000Z;Rottershausen;RB;RB 40;40;80732;8005199;8005199%2021-12-16T08:36:00.000Z%,8004169,8001290,8000730,8003959,8012750,8011183,8013329,8012770,8010230,;426
2021-12-16T09:14:00.000Z;Rottershausen;RB;RB 40;40;80735;8005199;8005199%2021-12-16T09:14:00.000Z%,8001620,8004865,8000032,8005479,8005481,;426
2021-12-16T09:31:00.000Z;Rottershausen;RB;RB 40;40;80734;8005199;8005199%2021-12-16T09:31:00.000Z%,8004169,8001290,8000730,;426
2021-12-16T10:21:00.000Z;Rottershausen;RB;RB 40;40;80737;8005199;8005199%2021-12-16T10:21:00.000Z%,8001620,8004865,8004453,8000032,8005479,8005481,;426
2021-12-16T10:36:00.000Z;Rottershausen;RB;RB 40;40;80736;8005199;8005199%2021-12-16T10:36:00.000Z%,8004169,8001290,8000730,8003959,8012750,8011183,8013329,8012770,8010230,;426
2021-12-16T11:14:00.000Z;Rottershausen;RB;RB 40;40;80739;8005199;8005199%2021-12-16T11:14:00.000Z%,8001620,8004865,8000032,8005479,8005481,;426
2021-12-16T11:23:00.000Z;Rottershausen;RB;RB 40;40;80738;8005199;8005199%2021-12-16T11:23:00.000Z%,8004169,8001290,8000730,8003959,;426
2021-12-16T11:56:00.000Z;Rottershausen;RB;RB 40;40;80740;8005199;8005199%2021-12-16T11:56:00.000Z%,8004169,8001290,8000730,8003959,8012750,8011183,8013329,8012770,8010230,;426
2021-12-16T12:35:00.000Z;Rottershausen;RB;RB 40;40;80743;8005199;8005199%2021-12-16T12:35:00.000Z%,8001620,8004865,8004453,8000032,;426
2021-12-16T13:13:00.000Z;Rottershausen;RB;RB 40;40;80745;8005199;8005199%2021-12-16T13:13:00.000Z%,8001620,8004865,8000032,8005479,8005481,;426
2021-12-16T13:56:00.000Z;Rottershausen;RB;RB 40;40;80746;8005199;8005199%2021-12-16T13:56:00.000Z%,8004169,8001290,8000730,;426
2021-12-16T14:36:00.000Z;Rottershausen;RB;RB 40;40;80748;8005199;8005199%2021-12-16T14:36:00.000Z%,8004169,8001290,8000730,8003959,8012750,8011183,8013329,8012770,8010230,;426
2021-12-16T14:51:00.000Z;Rottershausen;RB;RB 40;40;80749;8005199;8005199%2021-12-16T14:51:00.000Z%,8001620,8004865,8004453,8000032,8005479,8005481,;426
2021-12-16T15:07:00.000Z;Rottershausen;RB;RB 40;40;80750;8005199;8005199%2021-12-16T15:07:00.000Z%,8004169,8001290,8000730,8003959,;426
2021-12-16T15:26:00.000Z;Rottershausen;RB;RB 40;40;80751;8005199;8005199%2021-12-16T15:26:00.000Z%,8001620,8004865,8004453,8000032,;426
2021-12-16T16:21:00.000Z;Rottershausen;RB;RB 40;40;80753;8005199;8005199%2021-12-16T16:21:00.000Z%,8001620,8004865,8004453,8000032,8005479,8005481,;426
2021-12-16T16:36:00.000Z;Rottershausen;RB;RB 40;40;80752;8005199;8005199%2021-12-16T16:36:00.000Z%,8004169,8001290,8000730,8003959,8012750,8011183,8013329,8012770,8010230,;426
2021-12-16T17:14:00.000Z;Rottershausen;RB;RB 40;40;80755;8005199;8005199%2021-12-16T17:14:00.000Z%,8001620,8004865,8000032,8005479,8005481,;426
2021-12-16T17:31:00.000Z;Rottershausen;RB;RB 40;40;80754;8005199;8005199%2021-12-16T17:31:00.000Z%,8004169,8001290,8000730,;426
2021-12-16T18:21:00.000Z;Rottershausen;RB;RB 40;40;80757;8005199;8005199%2021-12-16T18:21:00.000Z%,8001620,8004865,8004453,8000032,8005479,8005481,;426
2021-12-16T18:36:00.000Z;Rottershausen;RB;RB 40;40;80756;8005199;8005199%2021-12-16T18:36:00.000Z%,8004169,8001290,8000730,8003959,8012750,8011183,8013329,8012770,8010230,;426
2021-12-16T19:14:00.000Z;Rottershausen;RB;RB 40;40;80759;8005199;8005199%2021-12-16T19:14:00.000Z%,8001620,8004865,8000032,8005479,8005481,;426
2021-12-15T20:51:00.000Z;Rückersbacher Schlucht;RE;RE 54;54;4632;8005208;8005208%2021-12-15T20:52:00.000Z%1,8001427,8003143,8002425,8002400,8000150,8002573,8002574,8002877,8000996,8002048,8002039,8002041,8000105,;602
2021-12-15T21:58:00.000Z;Rückersbacher Schlucht;RE;RE 54;54;4634;8005208;8005208%2021-12-15T21:59:00.000Z%1,8001427,8003143,8002425,8002400,8000150,8002573,8002574,8002877,8000996,8002048,8002039,8002041,8000105,;602
2021-12-15T22:14:00.000Z;Rückersbacher Schlucht;RE;RE 54;54;4635;8005208;8005208%2021-12-15T22:14:00.000Z%,8003314,8000010,8002918,8003582,8002696,8006426,8004756,8003740,8003548,8000120,8003189,8005049,8000260,;602
2021-12-15T22:59:00.000Z;Rückersbacher Schlucht;RE;RE 54;54;4636;8005208;8005208%2021-12-15T22:59:00.000Z%,8001427,8003143,8002425,8002400,8000150,8002573,8002574,8002877,8000996,8002048,8002039,8002041,8000105,;602
2021-12-15T23:14:00.000Z;Rückersbacher Schlucht;RE;RE 54;54;4637;8005208;8005208%2021-12-15T23:14:00.000Z%,8003314,8000010,8002918,8003582,8002696,8006426,8004756,8003740,8003548,8000120,;602
2021-12-16T00:14:00.000Z;Rückersbacher Schlucht;RE;RE 54;54;4639;8005208;8005208%2021-12-16T00:14:00.000Z%,8003314,8000010,;602
2021-12-15T20:20:00.000Z;Saarhölzbach;RB;RB 71;71;12586;8005246;8005246%2021-12-15T20:20:00.000Z%0,8005812,8005539,8005245,8005392,8006461,8003173,8003402,8000402,8005905,8000134,;426
2021-12-15T20:39:00.000Z;Saarhölzbach;RB;RB 71;71;12589;8005246;8005246%2021-12-15T20:39:00.000Z%0,8004004,8000926,8003991,8003992,8002083,8000840,8000075,8005247,8001799,8001110,8000175,8003796,8001302,8005243,8000323,8005241,8005306,8005332,8005044,8005649,8000319,8003294,8003684,8000176,;426
2021-12-15T21:20:00.000Z;Saarhölzbach;RB;RB 71;71;12588;8005246;8005246%2021-12-15T21:21:00.000Z%1,8005812,8005539,8005245,8005392,8006461,8003173,8003402,8000402,8005905,8000134,;426
2021-12-15T21:39:00.000Z;Saarhölzbach;RB;RB 71;71;76799;8005246;8005246%2021-12-15T21:39:00.000Z%0,8004004,8000926,8003991,8003992,8002083,8000840,8000075,8005247,8001799,8001110,8000175,8003796,8001302,8005243,8000323,;426
2021-12-15T22:21:00.000Z;Saarhölzbach;RB;RB 71;71;12590;8005246;8005246%2021-12-15T22:21:00.000Z%,8005812,8005539,8005245,8005392,8006461,8003173,8003402,8000402,8005905,8000134,;426
2021-12-15T22:39:00.000Z;Saarhölzbach;RB;RB 71;71;12593;8005246;8005246%2021-12-15T22:39:00.000Z%,8004004,8000926,8003991,8003992,8002083,8000840,8000075,8005247,8001799,8001110,8000175,8003796,8001302,8005243,8000323,;426
2021-12-15T23:24:00.000Z;Saarhölzbach;RE;RE 1;1;4134;8005246;8005246%2021-12-15T23:24:00.000Z%,8004004,8000926,8003991,8003992,8002083,8000840,8000075,8005247,8001799,8001110,8000175,8003796,8001302,8005243,8000323,;602
2021-12-15T23:24:00.000Z;Saarhölzbach;RE;RE 1;1;4145;8005246;8005246%2021-12-15T23:24:00.000Z%,8005812,8005539,8005245,8005392,8006461,8003173,8003402,8000402,8005905,8000134,;602
2021-12-16T04:06:00.000Z;Saarhölzbach;RB;RB 71;71;12550;8005246;8005246%2021-12-16T04:06:00.000Z%,8005812,8005539,8005245,8005392,8006461,8003173,8003402,8000402,8005905,8000134,;426
2021-12-16T04:59:00.000Z;Saarhölzbach;RB;RB 71;71;12513;8005246;8005246%2021-12-16T04:59:00.000Z%,8004004,8000926,8003991,8003992,8002083,8000840,8000075,8005247,8001799,8001110,8000175,8003796,8001302,8005243,8000323,8005241,8005332,8005649,8003294,8003684,8000176,8001200,8002655,8003515,8003257,8001720,8000189,;426
2021-12-16T05:05:00.000Z;Saarhölzbach;RB;RB 71;71;12552;8005246;8005246%2021-12-16T05:05:00.000Z%,8005812,8005539,8005245,8005392,8006461,8003173,8003402,8000402,8005905,8000134,;426
2021-12-16T05:30:00.000Z;Saarhölzbach;RB;RB 71;71;12553;8005246;8005246%2021-12-16T05:30:00.000Z%,8004004,8000926,8003991,8003992,8002083,8000840,8000075,8005247,8001799,8001110,8000175,8003796,8001302,8005243,8000323,8005241,8005306,8005332,8005044,8005649,8000319,8003294,8003684,8000176,;426
2021-12-16T05:38:00.000Z;Saarhölzbach;RB;RB 71;71;12504;8005246;8005246%2021-12-16T05:38:00.000Z%,8005812,8005539,8005245,8005392,8006461,8003173,8003402,8000402,8005905,8000134,;426
2021-12-16T06:11:00.000Z;Saarhölzbach;RB;RB 71;71;12519;8005246;8005246%2021-12-16T06:11:00.000Z%,8004004,8000926,8003991,8003992,8002083,8000840,8000075,8005247,8001799,8001110,8000175,8001302,8005243,8000323,8005241,8005332,8005044,8005649,8003294,8003684,8000176,8001200,8002655,8003515,8003257,8000189,;426
2021-12-16T06:13:00.000Z;Saarhölzbach;RB;RB 71;71;12556;8005246;8005246%2021-12-16T06:13:00.000Z%,8005812,8005539,8005245,8005392,8006461,8003173,8003402,8000402,8005905,8000134,;426
2021-12-16T06:39:00.000Z;Saarhölzbach;RB;RB 71;71;12555;8005246;8005246%2021-12-16T06:39:00.000Z%,8004004,8000926,8003991,8003992,8002083,8000840,8000075,8005247,8001799,8001110,8000175,8003796,8001302,8005243,8000323,8005241,8005306,8005332,8005044,8005649,8000319,8003294,8003684,8000176,;426
2021-12-16T07:20:00.000Z;Saarhölzbach;RB;RB 71;71;12558;8005246;8005246%2021-12-16T07:20:00.000Z%,8005812,8005539,8005245,8005392,8006461,8003173,8003402,8000402,8005905,8000134,;426
2021-12-16T07:39:00.000Z;Saarhölzbach;RB;RB 71;71;12559;8005246;8005246%2021-12-16T07:39:00.000Z%,8004004,8000926,8003991,8003992,8002083,8000840,8000075,8005247,8001799,8001110,8000175,8003796,8001302,8005243,8000323,8005241,8005306,8005332,8005044,8005649,8000319,8003294,8003684,8000176,;426
2021-12-16T08:20:00.000Z;Saarhölzbach;RB;RB 71;71;76796;8005246;8005246%2021-12-16T08:20:00.000Z%,8005812,8005539,8005245,8005392,8006461,8003173,8003402,8000402,8005905,8000134,;426
2021-12-16T08:39:00.000Z;Saarhölzbach;RB;RB 71;71;12561;8005246;8005246%2021-12-16T08:39:00.000Z%,8004004,8000926,8003991,8003992,8002083,8000840,8000075,8005247,8001799,8001110,8000175,8003796,8001302,8005243,8000323,8005241,8005306,8005332,8005044,8005649,8000319,8003294,8003684,8000176,;426
2021-12-16T09:20:00.000Z;Saarhölzbach;RB;RB 71;71;12562;8005246;8005246%2021-12-16T09:20:00.000Z%,8005812,8005539,8005245,8005392,8006461,8003173,8003402,8000402,8005905,8000134,;426
2021-12-16T09:39:00.000Z;Saarhölzbach;RB;RB 71;71;12563;8005246;8005246%2021-12-16T09:39:00.000Z%,8004004,8000926,8003991,8003992,8002083,8000840,8000075,8005247,8001799,8001110,8000175,8003796,8001302,8005243,8000323,8005241,8005306,8005332,8005044,8005649,8000319,8003294,8003684,8000176,;426
2021-12-16T10:20:00.000Z;Saarhölzbach;RB;RB 71;71;12564;8005246;8005246%2021-12-16T10:20:00.000Z%,8005812,8005539,8005245,8005392,8006461,8003173,8003402,8000402,8005905,8000134,;426
2021-12-16T10:39:00.000Z;Saarhölzbach;RB;RB 71;71;12565;8005246;8005246%2021-12-16T10:39:00.000Z%,8004004,8000926,8003991,8003992,8002083,8000840,8000075,8005247,8001799,8001110,8000175,8003796,8001302,8005243,8000323,8005241,8005306,8005332,8005044,8005649,8000319,8003294,8003684,8000176,;426
2021-12-16T11:20:00.000Z;Saarhölzbach;RB;RB 71;71;12566;8005246;8005246%2021-12-16T11:20:00.000Z%,8005812,8005539,8005245,8005392,8006461,8003173,8003402,8000402,8005905,8000134,;426
2021-12-16T11:39:00.000Z;Saarhölzbach;RB;RB 71;71;76797;8005246;8005246%2021-12-16T11:39:00.000Z%,8004004,8000926,8003991,8003992,8002083,8000840,8000075,8005247,8001799,8001110,8000175,8003796,8001302,8005243,8000323,;426
2021-12-16T12:20:00.000Z;Saarhölzbach;RB;RB 71;71;12570;8005246;8005246%2021-12-16T12:20:00.000Z%,8005812,8005539,8005245,8005392,8006461,8003173,8003402,8000402,8005905,8000134,;426
2021-12-16T12:39:00.000Z;Saarhölzbach;RB;RB 71;71;12571;8005246;8005246%2021-12-16T12:39:00.000Z%,8004004,8000926,8003991,8003992,8002083,8000840,8000075,8005247,8001799,8001110,8000175,8003796,8001302,8005243,8000323,8005241,8005306,8005332,8005044,8005649,8000319,8003294,8003684,8000176,;426
2021-12-16T13:20:00.000Z;Saarhölzbach;RB;RB 71;71;12572;8005246;8005246%2021-12-16T13:20:00.000Z%,8005812,8005539,8005245,8005392,8006461,8003173,8003402,8000402,8005905,8000134,;426
2021-12-16T13:39:00.000Z;Saarhölzbach;RB;RB 71;71;12575;8005246;8005246%2021-12-16T13:39:00.000Z%,8004004,8000926,8003991,8003992,8002083,8000840,8000075,8005247,8001799,8001110,8000175,8003796,8001302,8005243,8000323,8005241,8005306,8005332,8005044,8005649,8000319,8003294,8003684,8000176,;426
2021-12-16T14:20:00.000Z;Saarhölzbach;RB;RB 71;71;12574;8005246;8005246%2021-12-16T14:20:00.000Z%,8005812,8005539,8005245,8005392,8006461,8003173,8003402,8000402,8005905,8000134,;426
2021-12-16T14:39:00.000Z;Saarhölzbach;RB;RB 71;71;12577;8005246;8005246%2021-12-16T14:39:00.000Z%,8004004,8000926,8003991,8003992,8002083,8000840,8000075,8005247,8001799,8001110,8000175,8003796,8001302,8005243,8000323,8005241,8005306,8005332,8005044,8005649,8000319,8003294,8003684,8000176,;426
2021-12-16T15:20:00.000Z;Saarhölzbach;RB;RB 71;71;12576;8005246;8005246%2021-12-16T15:20:00.000Z%,8005812,8005539,8005245,8005392,8006461,8003173,8003402,8000402,8005905,8000134,;426
2021-12-16T15:39:00.000Z;Saarhölzbach;RB;RB 71;71;12579;8005246;8005246%2021-12-16T15:39:00.000Z%,8004004,8000926,8003991,8003992,8002083,8000840,8000075,8005247,8001799,8001110,8000175,8003796,8001302,8005243,8000323,8005241,8005306,8005332,8005044,8005649,8000319,8003294,8003684,8000176,;426
2021-12-16T16:20:00.000Z;Saarhölzbach;RB;RB 71;71;12578;8005246;8005246%2021-12-16T16:20:00.000Z%,8005812,8005539,8005245,8005392,8006461,8003173,8003402,8000402,8005905,8000134,;426
2021-12-16T16:39:00.000Z;Saarhölzbach;RB;RB 71;71;12581;8005246;8005246%2021-12-16T16:39:00.000Z%,8004004,8000926,8003991,8003992,8002083,8000840,8000075,8005247,8001799,8001110,8000175,8003796,8001302,8005243,8000323,8005241,8005306,8005332,8005044,8005649,8000319,8003294,8003684,8000176,;426
2021-12-16T17:20:00.000Z;Saarhölzbach;RB;RB 71;71;12580;8005246;8005246%2021-12-16T17:20:00.000Z%,8005812,8005539,8005245,8005392,8006461,8003173,8003402,8000402,8005905,8000134,;426
2021-12-16T17:39:00.000Z;Saarhölzbach;RB;RB 71;71;12583;8005246;8005246%2021-12-16T17:39:00.000Z%,8004004,8000926,8003991,8003992,8002083,8000840,8000075,8005247,8001799,8001110,8000175,8003796,8001302,8005243,8000323,8005241,8005306,8005332,8005044,8005649,8000319,8003294,8003684,8000176,;426
2021-12-16T18:20:00.000Z;Saarhölzbach;RB;RB 71;71;76798;8005246;8005246%2021-12-16T18:20:00.000Z%,8005812,8005539,8005245,8005392,8006461,8003173,8003402,8000402,8005905,8000134,;426
2021-12-16T18:39:00.000Z;Saarhölzbach;RB;RB 71;71;12585;8005246;8005246%2021-12-16T18:39:00.000Z%,8004004,8000926,8003991,8003992,8002083,8000840,8000075,8005247,8001799,8001110,8000175,8003796,8001302,8005243,8000323,8005241,8005306,8005332,8005044,8005649,8000319,8003294,8003684,8000176,;426
2021-12-16T19:20:00.000Z;Saarhölzbach;RB;RB 71;71;12584;8005246;8005246%2021-12-16T19:20:00.000Z%,8005812,8005539,8005245,8005392,8006461,8003173,8003402,8000402,8005905,8000134,;426
2021-12-16T19:39:00.000Z;Saarhölzbach;RB;RB 71;71;12587;8005246;8005246%2021-12-16T19:39:00.000Z%,8004004,8000926,8003991,8003992,8002083,8000840,8000075,8005247,8001799,8001110,8000175,8003796,8001302,8005243,8000323,8005241,8005306,8005332,8005044,8005649,8000319,8003294,8003684,8000176,;426
2021-12-15T20:20:00.000Z;Salzgitter-Watenstedt;RB;RB 44;44;14393;8005275;8005275%2021-12-15T20:20:00.000Z%0,8005269,8005274,8000049,;426
2021-12-15T20:37:00.000Z;Salzgitter-Watenstedt;RB;RB 44;44;14392;8005275;8005275%2021-12-15T20:37:00.000Z%0,8005270,;426
2021-12-15T21:20:00.000Z;Salzgitter-Watenstedt;RB;RB 44;44;14395;8005275;8005275%2021-12-15T21:20:00.000Z%,8005269,8005274,8000049,;426
2021-12-15T21:37:00.000Z;Salzgitter-Watenstedt;RB;RB 44;44;14394;8005275;8005275%2021-12-15T21:37:00.000Z%,8005270,;426
2021-12-15T22:20:00.000Z;Salzgitter-Watenstedt;RB;RB 44;44;14397;8005275;8005275%2021-12-15T22:20:00.000Z%,8005269,8005274,8000049,;426
2021-12-15T22:37:00.000Z;Salzgitter-Watenstedt;RB;RB 44;44;14396;8005275;8005275%2021-12-15T22:37:00.000Z%,8005270,;426
2021-12-16T04:20:00.000Z;Salzgitter-Watenstedt;RB;RB 44;44;14361;8005275;8005275%2021-12-16T04:20:00.000Z%,8005269,8005274,8000049,;426
2021-12-16T04:37:00.000Z;Salzgitter-Watenstedt;RB;RB 44;44;14360;8005275;8005275%2021-12-16T04:37:00.000Z%,8005270,;426
2021-12-16T05:20:00.000Z;Salzgitter-Watenstedt;RB;RB 44;44;14363;8005275;8005275%2021-12-16T05:20:00.000Z%,8005269,8005274,8000049,;426
2021-12-16T05:37:00.000Z;Salzgitter-Watenstedt;RB;RB 44;44;14362;8005275;8005275%2021-12-16T05:37:00.000Z%,8005270,;426
2021-12-16T06:20:00.000Z;Salzgitter-Watenstedt;RB;RB 44;44;14365;8005275;8005275%2021-12-16T06:20:00.000Z%,8005269,8005274,8000049,;426
2021-12-16T06:37:00.000Z;Salzgitter-Watenstedt;RB;RB 44;44;14364;8005275;8005275%2021-12-16T06:37:00.000Z%,8005270,;426
2021-12-16T07:20:00.000Z;Salzgitter-Watenstedt;RB;RB 44;44;14367;8005275;8005275%2021-12-16T07:20:00.000Z%,8005269,8005274,8000049,;426
2021-12-16T07:37:00.000Z;Salzgitter-Watenstedt;RB;RB 44;44;14366;8005275;8005275%2021-12-16T07:37:00.000Z%,8005270,;426
2021-12-16T08:20:00.000Z;Salzgitter-Watenstedt;RB;RB 44;44;14369;8005275;8005275%2021-12-16T08:20:00.000Z%,8005269,8005274,8000049,;426
2021-12-16T08:37:00.000Z;Salzgitter-Watenstedt;RB;RB 44;44;14368;8005275;8005275%2021-12-16T08:37:00.000Z%,8005270,;426
2021-12-16T09:20:00.000Z;Salzgitter-Watenstedt;RB;RB 44;44;14371;8005275;8005275%2021-12-16T09:20:00.000Z%,8005269,8005274,8000049,;426
2021-12-16T09:37:00.000Z;Salzgitter-Watenstedt;RB;RB 44;44;14370;8005275;8005275%2021-12-16T09:37:00.000Z%,8005270,;426
2021-12-16T10:20:00.000Z;Salzgitter-Watenstedt;RB;RB 44;44;14373;8005275;8005275%2021-12-16T10:20:00.000Z%,8005269,8005274,8000049,;426
2021-12-16T10:37:00.000Z;Salzgitter-Watenstedt;RB;RB 44;44;14372;8005275;8005275%2021-12-16T10:37:00.000Z%,8005270,;426
2021-12-16T11:20:00.000Z;Salzgitter-Watenstedt;RB;RB 44;44;14375;8005275;8005275%2021-12-16T11:20:00.000Z%,8005269,8005274,8000049,;426
2021-12-16T11:37:00.000Z;Salzgitter-Watenstedt;RB;RB 44;44;14374;8005275;8005275%2021-12-16T11:37:00.000Z%,8005270,;426
2021-12-16T12:20:00.000Z;Salzgitter-Watenstedt;RB;RB 44;44;14377;8005275;8005275%2021-12-16T12:20:00.000Z%,8005269,8005274,8000049,;426
2021-12-16T12:37:00.000Z;Salzgitter-Watenstedt;RB;RB 44;44;14376;8005275;8005275%2021-12-16T12:37:00.000Z%,8005270,;426
2021-12-16T13:20:00.000Z;Salzgitter-Watenstedt;RB;RB 44;44;14379;8005275;8005275%2021-12-16T13:20:00.000Z%,8005269,8005274,8000049,;426
2021-12-16T13:37:00.000Z;Salzgitter-Watenstedt;RB;RB 44;44;14378;8005275;8005275%2021-12-16T13:37:00.000Z%,8005270,;426
2021-12-16T14:20:00.000Z;Salzgitter-Watenstedt;RB;RB 44;44;14381;8005275;8005275%2021-12-16T14:20:00.000Z%,8005269,8005274,8000049,;426
2021-12-16T14:37:00.000Z;Salzgitter-Watenstedt;RB;RB 44;44;14380;8005275;8005275%2021-12-16T14:37:00.000Z%,8005270,;426
2021-12-16T15:20:00.000Z;Salzgitter-Watenstedt;RB;RB 44;44;14383;8005275;8005275%2021-12-16T15:20:00.000Z%,8005269,8005274,8000049,;426
2021-12-16T15:37:00.000Z;Salzgitter-Watenstedt;RB;RB 44;44;14382;8005275;8005275%2021-12-16T15:37:00.000Z%,8005270,;426
2021-12-16T16:20:00.000Z;Salzgitter-Watenstedt;RB;RB 44;44;14385;8005275;8005275%2021-12-16T16:20:00.000Z%,8005269,8005274,8000049,;426
2021-12-16T16:37:00.000Z;Salzgitter-Watenstedt;RB;RB 44;44;14384;8005275;8005275%2021-12-16T16:37:00.000Z%,8005270,;426
2021-12-16T17:20:00.000Z;Salzgitter-Watenstedt;RB;RB 44;44;14387;8005275;8005275%2021-12-16T17:20:00.000Z%,8005269,8005274,8000049,;426
2021-12-16T17:37:00.000Z;Salzgitter-Watenstedt;RB;RB 44;44;14386;8005275;8005275%2021-12-16T17:37:00.000Z%,8005270,;426
2021-12-16T18:20:00.000Z;Salzgitter-Watenstedt;RB;RB 44;44;14389;8005275;8005275%2021-12-16T18:20:00.000Z%,8005269,8005274,8000049,;426
2021-12-16T18:37:00.000Z;Salzgitter-Watenstedt;RB;RB 44;44;14388;8005275;8005275%2021-12-16T18:37:00.000Z%,8005270,;426
2021-12-16T19:20:00.000Z;Salzgitter-Watenstedt;RB;RB 44;44;14391;8005275;8005275%2021-12-16T19:20:00.000Z%,8005269,8005274,8000049,;426
2021-12-16T19:37:00.000Z;Salzgitter-Watenstedt;RB;RB 44;44;14390;8005275;8005275%2021-12-16T19:37:00.000Z%,8005270,;426
2021-12-15T20:52:00.000Z;Sand(Niederbay);RB;RB 32;32;27636;8005279;8005279%2021-12-15T20:53:00.000Z%1,8001069,;426
2021-12-15T21:07:00.000Z;Sand(Niederbay);RB;RB 32;32;27641;8005279;8005279%2021-12-15T21:07:00.000Z%,8003100,8006745,8000095,;426
2021-12-15T21:52:00.000Z;Sand(Niederbay);RB;RB 32;32;27638;8005279;8005279%2021-12-15T21:52:00.000Z%,8001069,;426
2021-12-15T22:07:00.000Z;Sand(Niederbay);RB;RB 32;32;27643;8005279;8005279%2021-12-15T22:07:00.000Z%,8003100,8006745,8000095,;426
2021-12-15T22:52:00.000Z;Sand(Niederbay);RB;RB 32;32;27640;8005279;8005279%2021-12-15T22:52:00.000Z%,8001069,;426
2021-12-15T23:07:00.000Z;Sand(Niederbay);RB;RB 32;32;27645;8005279;8005279%2021-12-15T23:07:00.000Z%,8003100,8006745,8000095,;426
2021-12-16T03:51:00.000Z;Sand(Niederbay);RB;RB 32;32;27600;8005279;8005279%2021-12-16T03:51:00.000Z%,8001069,;426
2021-12-16T04:03:00.000Z;Sand(Niederbay);RB;RB 32;32;27603;8005279;8005279%2021-12-16T04:03:00.000Z%,8003100,8006745,8000095,8004917,8004770,8002209,8005259,8003488,8003830,8004391,8004554,8000688,;426
2021-12-16T04:51:00.000Z;Sand(Niederbay);RB;RB 32;32;27602;8005279;8005279%2021-12-16T04:51:00.000Z%,8001069,;426
2021-12-16T05:03:00.000Z;Sand(Niederbay);RB;RB 32;32;27605;8005279;8005279%2021-12-16T05:03:00.000Z%,8003100,8006745,8000095,8004917,8004770,8002209,8005259,8003488,8003830,8004391,8004554,8000688,;426
2021-12-16T05:48:00.000Z;Sand(Niederbay);RB;RB 32;32;27604;8005279;8005279%2021-12-16T05:48:00.000Z%,8001069,;426
2021-12-16T06:03:00.000Z;Sand(Niederbay);RB;RB 32;32;27609;8005279;8005279%2021-12-16T06:03:00.000Z%,8003100,8006745,8000095,8004917,8004770,8002209,8005259,8003488,8003830,8004391,8004554,8000688,;426
2021-12-16T06:40:00.000Z;Sand(Niederbay);RB;RB 32;32;27606;8005279;8005279%2021-12-16T06:40:00.000Z%,8001069,;426
2021-12-16T06:51:00.000Z;Sand(Niederbay);RB;RB 32;32;27611;8005279;8005279%2021-12-16T06:51:00.000Z%,8003100,8006745,8000095,8004917,8004770,8002209,8005259,8003488,8003830,8004391,8004554,8000688,;426
2021-12-16T07:52:00.000Z;Sand(Niederbay);RB;RB 32;32;27610;8005279;8005279%2021-12-16T07:52:00.000Z%,8001069,;426
2021-12-16T08:07:00.000Z;Sand(Niederbay);RB;RB 32;32;27613;8005279;8005279%2021-12-16T08:07:00.000Z%,8003100,8006745,8000095,8004917,8004770,8002209,8005259,8003488,8003830,8004391,8004554,8000688,;426
2021-12-16T08:52:00.000Z;Sand(Niederbay);RB;RB 32;32;27612;8005279;8005279%2021-12-16T08:52:00.000Z%,8001069,;426
2021-12-16T09:07:00.000Z;Sand(Niederbay);RB;RB 32;32;27615;8005279;8005279%2021-12-16T09:07:00.000Z%,8003100,8006745,8000095,8004917,8004770,8002209,8005259,8003488,8003830,8004391,8004554,8000688,;426
2021-12-16T09:52:00.000Z;Sand(Niederbay);RB;RB 32;32;27614;8005279;8005279%2021-12-16T09:52:00.000Z%,8001069,;426
2021-12-16T10:07:00.000Z;Sand(Niederbay);RB;RB 32;32;27617;8005279;8005279%2021-12-16T10:07:00.000Z%,8003100,8006745,8000095,8004917,8004770,8002209,8005259,8003488,8003830,8004391,8004554,8000688,;426
2021-12-16T10:52:00.000Z;Sand(Niederbay);RB;RB 32;32;27616;8005279;8005279%2021-12-16T10:52:00.000Z%,8001069,;426
2021-12-16T11:07:00.000Z;Sand(Niederbay);RB;RB 32;32;27649;8005279;8005279%2021-12-16T11:07:00.000Z%,8003100,8006745,8000095,8004917,8004770,8002209,8005259,8003488,8003830,8004391,8000688,8000217,;426
2021-12-16T11:52:00.000Z;Sand(Niederbay);RB;RB 32;32;27618;8005279;8005279%2021-12-16T11:52:00.000Z%,8001069,;426
2021-12-16T12:07:00.000Z;Sand(Niederbay);RB;RB 32;32;27623;8005279;8005279%2021-12-16T12:07:00.000Z%,8003100,8006745,8000095,8004917,8004770,8002209,8005259,8003488,8003830,8004391,8004554,8000688,;426
2021-12-16T12:52:00.000Z;Sand(Niederbay);RB;RB 32;32;27620;8005279;8005279%2021-12-16T12:52:00.000Z%,8001069,;426
2021-12-16T13:07:00.000Z;Sand(Niederbay);RB;RB 32;32;27625;8005279;8005279%2021-12-16T13:07:00.000Z%,8003100,8006745,8000095,8004917,8004770,8002209,8005259,8003488,8003830,8004391,8004554,8000688,;426
2021-12-16T13:52:00.000Z;Sand(Niederbay);RB;RB 32;32;27622;8005279;8005279%2021-12-16T13:52:00.000Z%,8001069,;426
2021-12-16T14:07:00.000Z;Sand(Niederbay);RB;RB 32;32;27627;8005279;8005279%2021-12-16T14:07:00.000Z%,8003100,8006745,8000095,8004917,8004770,8002209,8005259,8003488,8003830,8004391,8004554,8000688,;426
2021-12-16T14:52:00.000Z;Sand(Niederbay);RB;RB 32;32;27624;8005279;8005279%2021-12-16T14:52:00.000Z%,8001069,;426
2021-12-16T15:07:00.000Z;Sand(Niederbay);RB;RB 32;32;27629;8005279;8005279%2021-12-16T15:07:00.000Z%,8003100,8006745,8000095,8004917,8004770,8002209,8005259,8003488,8003830,8004391,8004554,8000688,;426
2021-12-16T15:52:00.000Z;Sand(Niederbay);RB;RB 32;32;27626;8005279;8005279%2021-12-16T15:52:00.000Z%,8001069,;426
2021-12-16T16:07:00.000Z;Sand(Niederbay);RB;RB 32;32;27631;8005279;8005279%2021-12-16T16:07:00.000Z%,8003100,8006745,8000095,8004917,8004770,8002209,8005259,8003488,8003830,8004391,8004554,8000688,;426
2021-12-16T16:52:00.000Z;Sand(Niederbay);RB;RB 32;32;27628;8005279;8005279%2021-12-16T16:52:00.000Z%,8001069,;426
2021-12-16T17:07:00.000Z;Sand(Niederbay);RB;RB 32;32;27633;8005279;8005279%2021-12-16T17:07:00.000Z%,8003100,8006745,8000095,8004917,8004770,8002209,8005259,8003488,8003830,8004391,8004554,8000688,;426
2021-12-16T17:52:00.000Z;Sand(Niederbay);RB;RB 32;32;27630;8005279;8005279%2021-12-16T17:52:00.000Z%,8001069,;426
2021-12-16T18:07:00.000Z;Sand(Niederbay);RB;RB 32;32;27635;8005279;8005279%2021-12-16T18:07:00.000Z%,8003100,8006745,8000095,8004917,8004770,8002209,8005259,8003488,8003830,8004391,8004554,8000688,;426
2021-12-16T18:52:00.000Z;Sand(Niederbay);RB;RB 32;32;27632;8005279;8005279%2021-12-16T18:52:00.000Z%,8001069,;426
2021-12-16T19:07:00.000Z;Sand(Niederbay);RB;RB 32;32;27637;8005279;8005279%2021-12-16T19:07:00.000Z%,8003100,8006745,8000095,8004917,8004770,8002209,8005259,8003488,8003830,8004391,8004554,8000688,;426
2021-12-16T19:52:00.000Z;Sand(Niederbay);RB;RB 32;32;27634;8005279;8005279%2021-12-16T19:52:00.000Z%,8001069,;426
2021-12-16T20:07:00.000Z;Sand(Niederbay);RB;RB 32;32;27639;8005279;8005279%2021-12-16T20:07:00.000Z%,8003100,8006745,8000095,8004917,8004770,8002209,8005259,8003488,8003830,8004391,8004554,8000688,;426
2021-12-16T05:36:00.000Z;Schifferstadt Süd;RE;RE 4;4;4486;8005345;8005345%2021-12-16T05:36:00.000Z%,8000326,8000236,8000332,8000257,8004714,8002474,8004680,8004432,8003816,8000240,8002872,8000106,8000105,;602
2021-12-16T07:10:00.000Z;Schirnding;RE;RE 33;33;5281;8005352;8005352%2021-12-16T07:10:00.000Z%,5400004,;602
2021-12-16T08:49:00.000Z;Schirnding;RE;RE 33;33;5282;8005352;8005352%2021-12-16T08:49:00.000Z%,8000247,8000201,8004759,8004284,8000284,;602
2021-12-16T11:10:00.000Z;Schirnding;RE;RE 33;33;5285;8005352;8005352%2021-12-16T11:10:00.000Z%,5400004,;602
2021-12-16T12:49:00.000Z;Schirnding;RE;RE 33;33;5286;8005352;8005352%2021-12-16T12:49:00.000Z%,8000247,8000201,8004759,8004284,8000284,;602
2021-12-16T13:10:00.000Z;Schirnding;RE;RE 33;33;5287;8005352;8005352%2021-12-16T13:10:00.000Z%,5400004,;602
2021-12-16T14:49:00.000Z;Schirnding;RE;RE 33;33;5288;8005352;8005352%2021-12-16T14:49:00.000Z%,8000247,8000201,8004759,8004284,8000284,;602
2021-12-16T15:10:00.000Z;Schirnding;RE;RE 33;33;5289;8005352;8005352%2021-12-16T15:10:00.000Z%,5400004,;602
2021-12-16T16:49:00.000Z;Schirnding;RE;RE 33;33;5290;8005352;8005352%2021-12-16T16:49:00.000Z%,8000247,8000201,8004759,8004284,8000284,;602
2021-12-16T17:10:00.000Z;Schirnding;RE;RE 33;33;5291;8005352;8005352%2021-12-16T17:10:00.000Z%,5400004,;602
2021-12-16T18:49:00.000Z;Schirnding;RE;RE 33;33;5292;8005352;8005352%2021-12-16T18:49:00.000Z%,8000247,8000201,8004759,8004284,8000284,;602
2021-12-15T20:31:00.000Z;Schopfloch(b Freudenstadt);RE;RE 14B;14B;17667;8005421;8005421%2021-12-15T20:42:00.000Z%11,8001512,8001510,8002445,8000110,;602
2021-12-15T21:30:00.000Z;Schopfloch(b Freudenstadt);RB;RB 14B;14B;17686;8005421;8005421%2021-12-15T21:30:00.000Z%,8001002,8002998,8000389,8001944,8000101,;426
2021-12-15T22:30:00.000Z;Schopfloch(b Freudenstadt);RB;RB 14A;14A;17679;8005421;8005421%2021-12-15T22:30:00.000Z%,8001512,8001510,8002445,8000110,;426
2021-12-16T05:23:00.000Z;Schopfloch(b Freudenstadt);RE;RE 14B;14B;17622;8005421;8005421%2021-12-16T05:23:00.000Z%,8001002,8002998,8000389,8001944,8000101,8001833,8001080,8002166,8002785,8001055,8000096,;602
2021-12-16T06:31:00.000Z;Schopfloch(b Freudenstadt);RB;RB 14B;14B;17613;8005421;8005421%2021-12-16T06:31:00.000Z%,8001512,8001510,8002445,8000110,;426
2021-12-16T07:30:00.000Z;Schopfloch(b Freudenstadt);RE;RE 14B;14B;17632;8005421;8005421%2021-12-16T07:30:00.000Z%,8001002,8002998,8000389,8001944,8000101,8001833,8001080,8002166,8002785,8001055,8000096,;602
2021-12-16T08:31:00.000Z;Schopfloch(b Freudenstadt);RE;RE 14B;14B;17627;8005421;8005421%2021-12-16T08:31:00.000Z%,8001512,8001510,8002445,8000110,;602
2021-12-16T09:30:00.000Z;Schopfloch(b Freudenstadt);RE;RE 14B;14B;17650;8005421;8005421%2021-12-16T09:30:00.000Z%,8001002,8002998,8000389,8001944,8000101,8001833,8001080,8002166,8002785,8001055,8000096,;602
2021-12-16T10:31:00.000Z;Schopfloch(b Freudenstadt);RE;RE 14B;14B;17631;8005421;8005421%2021-12-16T10:31:00.000Z%,8001512,8001510,8002445,8000110,;602
2021-12-16T11:30:00.000Z;Schopfloch(b Freudenstadt);RE;RE 14B;14B;17654;8005421;8005421%2021-12-16T11:30:00.000Z%,8001002,8002998,8000389,8001944,8000101,8001833,8001080,8002166,8002785,8001055,8000096,;602
2021-12-16T12:31:00.000Z;Schopfloch(b Freudenstadt);RE;RE 14B;14B;17637;8005421;8005421%2021-12-16T12:31:00.000Z%,8001512,8001510,8002445,8000110,;602
2021-12-16T13:30:00.000Z;Schopfloch(b Freudenstadt);RE;RE 14B;14B;17658;8005421;8005421%2021-12-16T13:30:00.000Z%,8001002,8002998,8000389,8001944,8000101,8001833,8001080,8002166,8002785,8001055,8000096,;602
2021-12-16T14:31:00.000Z;Schopfloch(b Freudenstadt);RE;RE 14B;14B;17645;8005421;8005421%2021-12-16T14:31:00.000Z%,8001512,8001510,8002445,8000110,;602
2021-12-16T15:31:00.000Z;Schopfloch(b Freudenstadt);RE;RE 14B;14B;17664;8005421;8005421%2021-12-16T15:31:00.000Z%,8001002,8002998,8000389,8000101,8001833,8001080,8002166,8002785,8001055,8000096,;602
2021-12-16T16:31:00.000Z;Schopfloch(b Freudenstadt);RE;RE 14B;14B;17653;8005421;8005421%2021-12-16T16:31:00.000Z%,8001512,8001510,8002445,8000110,;602
2021-12-16T17:30:00.000Z;Schopfloch(b Freudenstadt);RE;RE 14B;14B;17674;8005421;8005421%2021-12-16T17:30:00.000Z%,8001002,8002998,8000389,8001944,8000101,8001833,8001080,8002166,8002785,8001055,8000096,;602
2021-12-16T18:31:00.000Z;Schopfloch(b Freudenstadt);RE;RE 14B;14B;17661;8005421;8005421%2021-12-16T18:31:00.000Z%,8001512,8001510,8002445,8000110,;602
2021-12-16T19:30:00.000Z;Schopfloch(b Freudenstadt);RE;RE 14B;14B;17682;8005421;8005421%2021-12-16T19:30:00.000Z%,8001002,8002998,8000389,8001944,8000101,8001833,8001080,8002166,8002785,8001055,8000096,;602
2021-12-15T20:55:00.000Z;Schülldorf;RB;RB 75;75;21282;8005435;8005435%2021-12-15T20:56:00.000Z%1,8000312,;426
2021-12-15T21:03:00.000Z;Schülldorf;RB;RB 75;75;21289;8005435;8005435%2021-12-15T21:03:00.000Z%,8001136,8001977,8000416,8003960,8003253,8003474,8000199,;426
2021-12-15T22:03:00.000Z;Schülldorf;RB;RB 75;75;21291;8005435;8005435%2021-12-15T22:03:00.000Z%,8001136,8001977,8000416,8003960,8003253,8003474,8000199,;426
2021-12-15T22:32:00.000Z;Schülldorf;RB;RB 74;74;21236;8005435;8005435%2021-12-15T22:32:00.000Z%,8000312,8004741,8005362,8000334,8000181,;426
2021-12-15T23:32:00.000Z;Schülldorf;RB;RB 74;74;21238;8005435;8005435%2021-12-15T23:32:00.000Z%,8000312,8004741,8005362,8000334,8000181,;426
2021-12-15T23:42:00.000Z;Schülldorf;RB;RB 74;74;21243;8005435;8005435%2021-12-15T23:42:00.000Z%,8001136,8001977,8000416,8003960,8003253,8003474,8000199,;426
2021-12-16T03:40:00.000Z;Schülldorf;RB;RB 75;75;21255;8005435;8005435%2021-12-16T03:40:00.000Z%,8001136,8001977,8000416,8003960,8003253,8003474,8000199,;426
2021-12-16T04:03:00.000Z;Schülldorf;RB;RB 75;75;21298;8005435;8005435%2021-12-16T04:03:00.000Z%,8000312,;426
2021-12-16T04:55:00.000Z;Schülldorf;RB;RB 75;75;21250;8005435;8005435%2021-12-16T04:55:00.000Z%,8000312,8005362,8000103,;426
2021-12-16T05:03:00.000Z;Schülldorf;RB;RB 75;75;21257;8005435;8005435%2021-12-16T05:03:00.000Z%,8001136,8001977,8000416,8003960,8003253,8003474,8000199,;426
2021-12-16T05:55:00.000Z;Schülldorf;RB;RB 75;75;21252;8005435;8005435%2021-12-16T05:55:00.000Z%,8000312,;426
2021-12-16T06:03:00.000Z;Schülldorf;RB;RB 75;75;21259;8005435;8005435%2021-12-16T06:03:00.000Z%,8001136,8001977,8000416,8003960,8003253,8003474,8000199,;426
2021-12-16T06:55:00.000Z;Schülldorf;RB;RB 75;75;21254;8005435;8005435%2021-12-16T06:55:00.000Z%,8000312,8005362,8000103,;426
2021-12-16T07:03:00.000Z;Schülldorf;RB;RB 75;75;21261;8005435;8005435%2021-12-16T07:03:00.000Z%,8001136,8001977,8000416,8003960,8003253,8003474,8000199,;426
2021-12-16T07:55:00.000Z;Schülldorf;RB;RB 75;75;21256;8005435;8005435%2021-12-16T07:55:00.000Z%,8000312,;426
2021-12-16T08:03:00.000Z;Schülldorf;RB;RB 75;75;21263;8005435;8005435%2021-12-16T08:03:00.000Z%,8001136,8001977,8000416,8003960,8003253,8003474,8000199,;426
2021-12-16T08:55:00.000Z;Schülldorf;RB;RB 75;75;21258;8005435;8005435%2021-12-16T08:55:00.000Z%,8000312,;426
2021-12-16T09:03:00.000Z;Schülldorf;RB;RB 75;75;21265;8005435;8005435%2021-12-16T09:03:00.000Z%,8001136,8001977,8000416,8003960,8003253,8003474,8000199,;426
2021-12-16T09:55:00.000Z;Schülldorf;RB;RB 75;75;21260;8005435;8005435%2021-12-16T09:55:00.000Z%,8000312,;426
2021-12-16T10:03:00.000Z;Schülldorf;RB;RB 75;75;21267;8005435;8005435%2021-12-16T10:03:00.000Z%,8001136,8001977,8000416,8003960,8003253,8003474,8000199,;426
2021-12-16T10:55:00.000Z;Schülldorf;RB;RB 75;75;21262;8005435;8005435%2021-12-16T10:55:00.000Z%,8000312,;426
2021-12-16T11:03:00.000Z;Schülldorf;RB;RB 75;75;21269;8005435;8005435%2021-12-16T11:03:00.000Z%,8001136,8001977,8000416,8003960,8003253,8003474,8000199,;426
2021-12-16T11:55:00.000Z;Schülldorf;RB;RB 75;75;21264;8005435;8005435%2021-12-16T11:55:00.000Z%,8000312,;426
2021-12-16T12:03:00.000Z;Schülldorf;RB;RB 75;75;21271;8005435;8005435%2021-12-16T12:03:00.000Z%,8001136,8001977,8000416,8003960,8003253,8003474,8000199,;426
2021-12-16T12:55:00.000Z;Schülldorf;RB;RB 75;75;21266;8005435;8005435%2021-12-16T12:55:00.000Z%,8000312,;426
2021-12-16T13:03:00.000Z;Schülldorf;RB;RB 75;75;21273;8005435;8005435%2021-12-16T13:03:00.000Z%,8001136,8001977,8000416,8003960,8003253,8003474,8000199,;426
2021-12-16T13:55:00.000Z;Schülldorf;RB;RB 75;75;21268;8005435;8005435%2021-12-16T13:55:00.000Z%,8000312,;426
2021-12-16T14:03:00.000Z;Schülldorf;RB;RB 75;75;21275;8005435;8005435%2021-12-16T14:03:00.000Z%,8001136,8001977,8000416,8003960,8003253,8003474,8000199,;426
2021-12-16T14:55:00.000Z;Schülldorf;RB;RB 75;75;21270;8005435;8005435%2021-12-16T14:55:00.000Z%,8000312,;426
2021-12-16T15:03:00.000Z;Schülldorf;RB;RB 75;75;21277;8005435;8005435%2021-12-16T15:03:00.000Z%,8001136,8001977,8000416,8003960,8003253,8003474,8000199,;426
2021-12-16T15:55:00.000Z;Schülldorf;RB;RB 75;75;21272;8005435;8005435%2021-12-16T15:55:00.000Z%,8000312,8005362,8000103,;426
2021-12-16T16:03:00.000Z;Schülldorf;RB;RB 75;75;21279;8005435;8005435%2021-12-16T16:03:00.000Z%,8001136,8001977,8000416,8003960,8003253,8003474,8000199,;426
2021-12-16T16:55:00.000Z;Schülldorf;RB;RB 75;75;21274;8005435;8005435%2021-12-16T16:55:00.000Z%,8000312,;426
2021-12-16T17:03:00.000Z;Schülldorf;RB;RB 75;75;21281;8005435;8005435%2021-12-16T17:03:00.000Z%,8001136,8001977,8000416,8003960,8003253,8003474,8000199,;426
2021-12-16T17:55:00.000Z;Schülldorf;RB;RB 75;75;21276;8005435;8005435%2021-12-16T17:55:00.000Z%,8000312,8005362,8000103,;426
2021-12-16T18:03:00.000Z;Schülldorf;RB;RB 75;75;21283;8005435;8005435%2021-12-16T18:03:00.000Z%,8001136,8001977,8000416,8003960,8003253,8003474,8000199,;426
2021-12-16T18:55:00.000Z;Schülldorf;RB;RB 75;75;21278;8005435;8005435%2021-12-16T18:55:00.000Z%,8000312,;426
2021-12-16T19:03:00.000Z;Schülldorf;RB;RB 75;75;21285;8005435;8005435%2021-12-16T19:03:00.000Z%,8001136,8001977,8000416,8003960,8003253,8003474,8000199,;426
2021-12-16T19:55:00.000Z;Schülldorf;RB;RB 75;75;21280;8005435;8005435%2021-12-16T19:55:00.000Z%,8000312,;426
2021-12-16T20:03:00.000Z;Schülldorf;RB;RB 75;75;21287;8005435;8005435%2021-12-16T20:03:00.000Z%,8001136,8001977,8000416,8003960,8003253,8003474,8000199,;426
2021-12-15T20:42:00.000Z;Schweinfurt Stadt;RB;RB 53;53;58075;8005481;8005481%2021-12-15T20:43:00.000Z%1,8005400,8002630,8006635,8001619,8004533,8000025,;426
2021-12-15T21:15:00.000Z;Schweinfurt Stadt;RE;RE 55;55;58404;8005481;8005481%2021-12-15T21:16:00.000Z%1,8005479,8000032,8006147,8001919,8000902,8005523,8005198,8000260,;602
2021-12-15T22:39:00.000Z;Schweinfurt Stadt;RB;RB 53;53;58272;8005481;8005481%2021-12-15T22:39:00.000Z%,8005479,8000032,8006147,8001919,8000902,8005523,8005198,8000260,;426
2021-12-15T22:50:00.000Z;Schweinfurt Stadt;RB;RB 53;53;58279;8005481;8005481%2021-12-15T22:50:00.000Z%,8005400,8002630,8006635,8001619,8004533,8000025,;426
2021-12-16T00:11:00.000Z;Schweinfurt Stadt;RB;RB 53;53;58274;8005481;8005481%2021-12-16T00:11:00.000Z%,8005479,8000032,;426
2021-12-16T03:09:00.000Z;Schweinfurt Stadt;RB;RB 53;53;58250;8005481;8005481%2021-12-16T03:09:00.000Z%,8005479,8000032,8006147,8001919,8000902,8005523,8005198,8000260,;426
2021-12-16T03:26:00.000Z;Schweinfurt Stadt;RB;RB 53;53;58175;8005481;8005481%2021-12-16T03:26:00.000Z%,8005400,8002630,8006635,8001619,8004533,8000025,;426
2021-12-16T04:05:00.000Z;Schweinfurt Stadt;RB;RB 53;53;58252;8005481;8005481%2021-12-16T04:05:00.000Z%,8005479,8000032,8006147,8001919,8000902,8005523,8005198,8000260,;426
2021-12-16T04:19:00.000Z;Schweinfurt Stadt;RE;RE 20;20;4780;8005481;8005481%2021-12-16T04:19:00.000Z%,8005479,8000032,8000260,;602
2021-12-16T04:47:00.000Z;Schweinfurt Stadt;RB;RB 53;53;58251;8005481;8005481%2021-12-16T04:47:00.000Z%,8005400,8002630,8006635,8001619,8004533,8000025,;426
2021-12-16T05:02:00.000Z;Schweinfurt Stadt;RB;RB 53;53;58258;8005481;8005481%2021-12-16T05:02:00.000Z%,8005479,8000032,8006147,8001919,8000902,8005523,8005198,8000260,;426
2021-12-16T05:31:00.000Z;Schweinfurt Stadt;RB;RB 53;53;58260;8005481;8005481%2021-12-16T05:31:00.000Z%,8005479,8000032,8006147,8001919,8000902,8005523,8005198,8000260,;426
2021-12-16T05:38:00.000Z;Schweinfurt Stadt;RB;RB 53;53;58253;8005481;8005481%2021-12-16T05:38:00.000Z%,8005400,8002630,8006635,8001619,8004533,8000025,;426
2021-12-16T05:54:00.000Z;Schweinfurt Stadt;RB;RB 50;50;80706;8005481;8005481%2021-12-16T05:54:00.000Z%,8005479,8000032,8004865,8001620,8004629,8000714,;426
2021-12-16T05:54:00.000Z;Schweinfurt Stadt;RB;RB 40;40;80726;8005481;8005481%2021-12-16T05:54:00.000Z%,8005479,8000032,8004865,8001620,8005199,8004169,8001290,8000730,8003959,8012750,8011183,8013329,8012770,8010230,;426
2021-12-16T06:06:00.000Z;Schweinfurt Stadt;RB;RB 53;53;58012;8005481;8005481%2021-12-16T06:06:00.000Z%,8005479,8000032,8006147,8001919,8000902,8005523,8005198,8000260,8006586,8006065,8005864,8005049,8002845,8003189,8006349,8000120,8005092,8001293,8004040,8004583,8003129,;426
2021-12-16T06:10:00.000Z;Schweinfurt Stadt;RB;RB 53;53;58255;8005481;8005481%2021-12-16T06:10:00.000Z%,8005400,8002630,8006635,8001619,8004533,8000025,;426
2021-12-16T06:35:00.000Z;Schweinfurt Stadt;RB;RB 53;53;58262;8005481;8005481%2021-12-16T06:35:00.000Z%,8005479,8000032,8006147,8001919,8000902,8005523,8005198,8000260,;426
2021-12-16T06:42:00.000Z;Schweinfurt Stadt;RB;RB 53;53;58257;8005481;8005481%2021-12-16T06:42:00.000Z%,8005400,8002630,8006635,8001619,8004533,8000025,;426
2021-12-16T07:06:00.000Z;Schweinfurt Stadt;RB;RB 50;50;80678;8005481;8005481%2021-12-16T07:06:00.000Z%,8005479,8000032,8004453,8004865,8001620,8004629,8000714,8001935,8001742,8006380,8002568,8002567,8001435,8004090,8006257,8004013,8002341,8006554,8003329,8000120,;426
2021-12-16T07:06:00.000Z;Schweinfurt Stadt;RB;RB 40;40;80730;8005481;8005481%2021-12-16T07:06:00.000Z%,8005479,8000032,8004453,8004865,8001620,8005199,8004169,8001290,8000730,;426
2021-12-16T07:14:00.000Z;Schweinfurt Stadt;RB;RB 53;53;58016;8005481;8005481%2021-12-16T07:14:00.000Z%,8005479,8000032,8006147,8001919,8000902,8005523,8005198,8000260,8006586,8006065,8005864,8005049,8002845,8003189,8006349,8000120,8005092,8001293,8004040,8004583,8003129,8005720,8000891,;426
2021-12-16T07:23:00.000Z;Schweinfurt Stadt;RB;RB 50;50;80768;8005481;8005481%2021-12-16T07:23:00.000Z%,8005479,8000032,;426
2021-12-16T07:42:00.000Z;Schweinfurt Stadt;RB;RB 53;53;58259;8005481;8005481%2021-12-16T07:42:00.000Z%,8005400,8002630,8006635,8001619,8004533,8000025,;426
2021-12-16T08:06:00.000Z;Schweinfurt Stadt;RB;RB 50;50;80712;8005481;8005481%2021-12-16T08:06:00.000Z%,8005479,8000032,8004865,8001620,8004629,8000714,;426
2021-12-16T08:06:00.000Z;Schweinfurt Stadt;RB;RB 40;40;80732;8005481;8005481%2021-12-16T08:06:00.000Z%,8005479,8000032,8004865,8001620,8005199,8004169,8001290,8000730,8003959,8012750,8011183,8013329,8012770,8010230,;426
2021-12-16T08:14:00.000Z;Schweinfurt Stadt;RB;RB 53;53;58020;8005481;8005481%2021-12-16T08:14:00.000Z%,8005479,8000032,8006147,8001919,8000902,8005523,8005198,8000260,8006586,8006065,8005864,8005049,8002845,8003189,8006349,8000120,8005092,8001293,8004040,8004583,8003129,;426
2021-12-16T08:42:00.000Z;Schweinfurt Stadt;RB;RB 53;53;58019;8005481;8005481%2021-12-16T08:42:00.000Z%,8005400,8002630,8006635,8001619,8004533,8000025,;426
2021-12-16T09:06:00.000Z;Schweinfurt Stadt;RB;RB 50;50;80680;8005481;8005481%2021-12-16T09:06:00.000Z%,8005479,8000032,8004453,8004865,8001620,8004629,8000714,8001935,8001742,8006380,8002568,8002567,8001435,8004090,8006257,8004013,8002341,8006554,8003329,8000120,;426
2021-12-16T09:06:00.000Z;Schweinfurt Stadt;RB;RB 40;40;80734;8005481;8005481%2021-12-16T09:06:00.000Z%,8005479,8000032,8004453,8004865,8001620,8005199,8004169,8001290,8000730,;426
2021-12-16T09:14:00.000Z;Schweinfurt Stadt;RB;RB 53;53;58024;8005481;8005481%2021-12-16T09:14:00.000Z%,8005479,8000032,8006147,8001919,8000902,8005523,8005198,8000260,8006586,8006065,8005864,8005049,8002845,8003189,8006349,8000120,8005092,8001293,8004040,8004583,8003129,8005720,8000891,;426
2021-12-16T09:42:00.000Z;Schweinfurt Stadt;RB;RB 53;53;58025;8005481;8005481%2021-12-16T09:42:00.000Z%,8005400,8002630,8006635,8001619,8004533,8000025,;426
2021-12-16T10:06:00.000Z;Schweinfurt Stadt;RB;RB 50;50;80714;8005481;8005481%2021-12-16T10:06:00.000Z%,8005479,8000032,8004865,8001620,8004629,8000714,;426
2021-12-16T10:06:00.000Z;Schweinfurt Stadt;RB;RB 40;40;80736;8005481;8005481%2021-12-16T10:06:00.000Z%,8005479,8000032,8004865,8001620,8005199,8004169,8001290,8000730,8003959,8012750,8011183,8013329,8012770,8010230,;426
2021-12-16T10:14:00.000Z;Schweinfurt Stadt;RB;RB 53;53;58030;8005481;8005481%2021-12-16T10:14:00.000Z%,8005479,8000032,8006147,8001919,8000902,8005523,8005198,8000260,8006586,8006065,8005864,8005049,8002845,8003189,8006349,8000120,8005092,8001293,8004040,8004583,8003129,;426
2021-12-16T10:42:00.000Z;Schweinfurt Stadt;RB;RB 53;53;58027;8005481;8005481%2021-12-16T10:42:00.000Z%,8005400,8002630,8006635,8001619,8004533,8000025,;426
2021-12-16T10:58:00.000Z;Schweinfurt Stadt;RB;RB 50;50;80682;8005481;8005481%2021-12-16T10:58:00.000Z%,8005479,8000032,8004453,8004865,8001620,8004629,8000714,8001935,8001742,8006380,8002568,8002567,8001435,8004090,8006257,8004013,8002341,8006554,8003329,8000120,;426
2021-12-16T10:58:00.000Z;Schweinfurt Stadt;RB;RB 40;40;80738;8005481;8005481%2021-12-16T10:58:00.000Z%,8005479,8000032,8004453,8004865,8001620,8005199,8004169,8001290,8000730,8003959,;426
2021-12-16T11:14:00.000Z;Schweinfurt Stadt;RB;RB 53;53;58032;8005481;8005481%2021-12-16T11:14:00.000Z%,8005479,8000032,8006147,8001919,8000902,8005523,8005198,8000260,8006586,8006065,8005864,8005049,8002845,8003189,8006349,8000120,8005092,8001293,8004040,8004583,8003129,8005720,8000891,;426
2021-12-16T11:37:00.000Z;Schweinfurt Stadt;RB;RB 40;40;80740;8005481;8005481%2021-12-16T11:37:00.000Z%,8005479,8000032,8004865,8001620,8005199,8004169,8001290,8000730,8003959,8012750,8011183,8013329,8012770,8010230,;426
2021-12-16T11:56:00.000Z;Schweinfurt Stadt;RB;RB 50;50;80684;8005481;8005481%2021-12-16T11:56:00.000Z%,8005479,8000032,8004453,8004865,8001620,8004629,8000714,8001935,8001742,8006380,8002568,8002567,8001435,8004090,8006257,8004013,8002341,8006554,8003329,8000120,;426
2021-12-16T12:11:00.000Z;Schweinfurt Stadt;RB;RB 53;53;58035;8005481;8005481%2021-12-16T12:11:00.000Z%,8005400,8002630,8006635,8001619,8004533,8000025,;426
2021-12-16T12:14:00.000Z;Schweinfurt Stadt;RB;RB 53;53;58036;8005481;8005481%2021-12-16T12:14:00.000Z%,8005479,8000032,8006147,8001919,8000902,8005523,8005198,8000260,8006586,8006065,8005864,8005049,8002845,8003189,8006349,8000120,8005092,8001293,8004040,8004583,8003129,;426
2021-12-16T12:25:00.000Z;Schweinfurt Stadt;RB;RB 50;50;80718;8005481;8005481%2021-12-16T12:25:00.000Z%,8005479,8000032,8004453,8004865,8001620,8004629,8000714,;426
2021-12-16T12:58:00.000Z;Schweinfurt Stadt;RB;RB 53;53;58265;8005481;8005481%2021-12-16T12:58:00.000Z%,8005400,8002630,8006635,8001619,8004533,8000025,;426
2021-12-16T13:14:00.000Z;Schweinfurt Stadt;RB;RB 53;53;58044;8005481;8005481%2021-12-16T13:14:00.000Z%,8005479,8000032,8006147,8001919,8000902,8005523,8005198,8000260,8006586,8006065,8005864,8005049,8002845,8003189,8006349,8000120,8005092,8001293,8004040,8004583,8003129,8005720,8000891,;426
2021-12-16T13:42:00.000Z;Schweinfurt Stadt;RB;RB 53;53;58043;8005481;8005481%2021-12-16T13:42:00.000Z%,8005400,8002630,8006635,8001619,8004533,8000025,;426
2021-12-16T14:06:00.000Z;Schweinfurt Stadt;RB;RB 50;50;80688;8005481;8005481%2021-12-16T14:06:00.000Z%,8005479,8000032,8004865,8001620,8004629,8000714,8001935,8001742,8006380,8002568,8002567,8001435,8004090,8006257,8004013,8002341,8006554,8003329,8000120,;426
2021-12-16T14:06:00.000Z;Schweinfurt Stadt;RB;RB 40;40;80748;8005481;8005481%2021-12-16T14:06:00.000Z%,8005479,8000032,8004865,8001620,8005199,8004169,8001290,8000730,8003959,8012750,8011183,8013329,8012770,8010230,;426
2021-12-16T14:15:00.000Z;Schweinfurt Stadt;RB;RB 53;53;58048;8005481;8005481%2021-12-16T14:15:00.000Z%,8005479,8000032,8006147,8001919,8000902,8005523,8005198,8000260,8006586,8006065,8005864,8005049,8002845,8003189,8006349,8000120,8005092,8001293,8004040,8004583,8003129,8005720,8000891,;426
2021-12-16T14:37:00.000Z;Schweinfurt Stadt;RB;RB 50;50;80720;8005481;8005481%2021-12-16T14:37:00.000Z%,8005479,8000032,8004453,8004865,8001620,8004629,8000714,;426
2021-12-16T14:37:00.000Z;Schweinfurt Stadt;RB;RB 40;40;80750;8005481;8005481%2021-12-16T14:37:00.000Z%,8005479,8000032,8004453,8004865,8001620,8005199,8004169,8001290,8000730,8003959,;426
2021-12-16T14:42:00.000Z;Schweinfurt Stadt;RB;RB 53;53;58049;8005481;8005481%2021-12-16T14:42:00.000Z%,8005400,8002630,8006635,8001619,8004533,8000025,;426
2021-12-16T15:02:00.000Z;Schweinfurt Stadt;RB;RB 50;50;80690;8005481;8005481%2021-12-16T15:02:00.000Z%,8005479,8000032,8004453,8004865,8001620,8004629,8000714,8001935,8001742,8006380,8002568,8002567,8001435,8004090,8006257,8004013,8002341,8006554,8003329,8000120,;426
2021-12-16T15:14:00.000Z;Schweinfurt Stadt;RB;RB 53;53;58054;8005481;8005481%2021-12-16T15:14:00.000Z%,8005479,8000032,8006147,8001919,8000902,8005523,8005198,8000260,8006586,8006065,8005864,8005049,8002845,8003189,8006349,8000120,8005092,8001293,8004040,8004583,8003129,8005720,8000891,;426
2021-12-16T15:21:00.000Z;Schweinfurt Stadt;RB;RB 40;40;80770;8005481;8005481%2021-12-16T15:21:00.000Z%,8005479,8000032,;426
2021-12-16T15:25:00.000Z;Schweinfurt Stadt;RB;RB 53;53;58267;8005481;8005481%2021-12-16T15:25:00.000Z%,8005400,8002630,8006635,8001619,8004533,8000025,;426
2021-12-15T22:54:00.000Z;Seubersdorf;RE;RE 50;50;59499;8005543;8005543%2021-12-15T22:54:00.000Z%,8004755,8000882,8004983,8000309,;602
2021-12-15T23:07:00.000Z;Seubersdorf;RE;RE 50;50;59494;8005543;8005543%2021-12-15T23:07:00.000Z%,8000822,8001400,8004305,8000284,;602
2021-12-16T04:02:00.000Z;Seubersdorf;RE;RE 50;50;59490;8005543;8005543%2021-12-16T04:02:00.000Z%,8000822,8001400,8004305,8000284,;602
2021-12-16T05:32:00.000Z;Speyer Hbf;RE;RE 4;4;4486;8005628;8005628%2021-12-16T05:32:00.000Z%,8005345,8000326,8000236,8000332,8000257,8004714,8002474,8004680,8004432,8003816,8000240,8002872,8000106,8000105,;602
2021-12-16T06:13:00.000Z;Speyer Hbf;RE;RE 4;4;4471;8005628;8005628%2021-12-16T06:13:00.000Z%,8000376,8005067,8004813,8000131,8000191,;602
2021-12-16T06:32:00.000Z;Speyer Hbf;RE;RE 4;4;4488;8005628;8005628%2021-12-16T06:32:00.000Z%,8000326,8000236,8000332,8000257,8000240,;602
2021-12-16T07:47:00.000Z;Speyer Hbf;RE;RE 4;4;4470;8005628;8005628%2021-12-16T07:47:00.000Z%,8000326,8000236,8000332,8000257,8000240,8002872,8000106,8000105,;602
2021-12-16T08:13:00.000Z;Speyer Hbf;RE;RE 4;4;4473;8005628;8005628%2021-12-16T08:13:00.000Z%,8000376,8004813,8000131,8000191,;602
2021-12-16T09:47:00.000Z;Speyer Hbf;RE;RE 4;4;4472;8005628;8005628%2021-12-16T09:47:00.000Z%,8000326,8000236,8000332,8000257,8000240,8002872,8000106,8000105,;602
2021-12-16T10:13:00.000Z;Speyer Hbf;RE;RE 4;4;4475;8005628;8005628%2021-12-16T10:13:00.000Z%,8000376,8004813,8000131,8000191,;602
2021-12-15T21:00:00.000Z;St Goar;RB;RB 26;26;25442;8005645;8005645%2021-12-15T21:00:00.000Z%0,8002861,8000742,8000045,8005622,8005070,8000206,8003341,8003352,8006035,8006303,8000331,8004200,8001186,8000694,8005580,8000310,8004604,8005153,8001085,8001082,8001091,8000044,8005152,8005499,8001215,8003160,8003361,8003363,8000207,;426
2021-12-15T21:19:00.000Z;St Goar;RB;RB 26;26;25439;8005645;8005645%2021-12-15T21:19:00.000Z%0,8004601,8000683,8004379,8005896,8000039,8000976,8000975,8000375,8003075,8002692,8005950,8001237,8003821,8000240,;426
2021-12-15T21:38:00.000Z;St Goar;RE;RE 2;2;4266;8005645;8005645%2021-12-15T21:39:00.000Z%1,8002861,8000742,8000045,8005622,8005070,8000206,;602
2021-12-15T22:30:00.000Z;St Goar;RB;RB 26;26;25441;8005645;8005645%2021-12-15T22:30:00.000Z%0,8004601,8000683,8004379,8005896,8000039,;426
2021-12-15T22:56:00.000Z;St Goar;RB;RB 26;26;25394;8005645;8005645%2021-12-15T22:56:00.000Z%0,8002861,8000742,8000045,8005622,8005070,8000206,8003341,8003352,8006035,8006303,8000331,8004200,8001186,8000694,8005580,8000310,;426
2021-12-16T04:05:00.000Z;St Goar;RB;RB 26;26;25358;8005645;8005645%2021-12-16T04:05:00.000Z%,8002861,8000742,8000045,8005622,8005070,8000206,;426
2021-12-16T04:17:00.000Z;St Goar;RB;RB 26;26;25367;8005645;8005645%2021-12-16T04:17:00.000Z%,8004601,8000683,8004379,8005896,8000039,8000976,8000975,8000375,8003075,8002692,8005950,8001237,8003821,8000240,;426
2021-12-16T04:39:00.000Z;St Goar;RB;RB 26;26;25410;8005645;8005645%2021-12-16T04:39:00.000Z%,8002861,8000742,8000045,8005622,8005070,8000206,8003341,8003352,8006035,8006303,8000331,8004200,8001186,8000694,8005580,8000310,8004604,8005153,8001085,8001082,8001091,8000044,8005152,8005499,8001215,8003160,8003361,8003363,8000207,;426
2021-12-16T05:19:00.000Z;St Goar;RB;RB 26;26;25449;8005645;8005645%2021-12-16T05:19:00.000Z%,8004601,8000683,8004379,8005896,8000039,8000976,8000975,8000375,8003075,8002692,8005950,8003821,8000240,;426
2021-12-16T05:22:00.000Z;St Goar;RB;RB 26;26;25360;8005645;8005645%2021-12-16T05:22:00.000Z%,8002861,8000742,8000045,8005622,8005070,8000206,;426
2021-12-16T05:45:00.000Z;St Goar;RE;RE 2;2;4253;8005645;8005645%2021-12-16T05:45:00.000Z%,8004601,8000683,8004379,8005896,8000039,8000976,8003075,8000240,8003816,8000241,8005220,8070004,8002050,8000105,;602
2021-12-16T05:55:00.000Z;St Goar;RB;RB 26;26;25412;8005645;8005645%2021-12-16T05:55:00.000Z%,8002861,8000742,8000045,8005622,8005070,8000206,8003341,8003352,8006035,8006303,8000331,8004200,8001186,8000694,8005580,8000310,8004604,8005153,8001085,8001082,8001091,8000044,8005152,8005499,8001215,8003160,8003361,8003363,8000207,;426
2021-12-16T06:22:00.000Z;St Goar;RB;RB 26;26;25362;8005645;8005645%2021-12-16T06:22:00.000Z%,8002861,8000742,8000045,8005622,8005070,8000206,;426
2021-12-16T06:23:00.000Z;St Goar;RB;RB 26;26;25409;8005645;8005645%2021-12-16T06:23:00.000Z%,8004601,8000683,8004379,8005896,8000039,8000976,8000975,8000375,8003075,8002692,8005950,8001237,8003821,8000240,;426
2021-12-16T06:56:00.000Z;St Goar;RB;RB 26;26;25411;8005645;8005645%2021-12-16T06:56:00.000Z%,8004601,8000683,8004379,8005896,8000039,8000976,8000975,8000375,8003075,8002692,8005950,8001237,8003821,8000240,;426
2021-12-16T07:00:00.000Z;St Goar;RB;RB 26;26;25414;8005645;8005645%2021-12-16T07:00:00.000Z%,8002861,8000742,8000045,8005622,8005070,8000206,8003341,8003352,8006035,8006303,8000331,8004200,8001186,8000694,8005580,8000310,8004604,8005153,8001085,8001082,8001091,8000044,8005152,8005499,8001215,8003160,8003361,8003363,8000207,;426
2021-12-16T07:56:00.000Z;St Goar;RB;RB 26;26;25413;8005645;8005645%2021-12-16T07:56:00.000Z%,8004601,8000683,8004379,8005896,8000039,8000976,8000975,8000375,8003075,8002692,8005950,8001237,8003821,8000240,;426
2021-12-16T08:00:00.000Z;St Goar;RB;RB 26;26;25416;8005645;8005645%2021-12-16T08:00:00.000Z%,8002861,8000742,8000045,8005622,8005070,8000206,8003341,8003352,8006035,8006303,8000331,8004200,8001186,8000694,8005580,8000310,8004604,8005153,8001085,8001082,8001091,8000044,8005152,8005499,8001215,8003160,8003361,8003363,8000207,;426
2021-12-16T08:56:00.000Z;St Goar;RB;RB 26;26;25415;8005645;8005645%2021-12-16T08:56:00.000Z%,8004601,8000683,8004379,8005896,8000039,8000976,8000975,8000375,8003075,8002692,8005950,8001237,8003821,8000240,;426
2021-12-16T09:00:00.000Z;St Goar;RB;RB 26;26;25418;8005645;8005645%2021-12-16T09:00:00.000Z%,8002861,8000742,8000045,8005622,8005070,8000206,8003341,8003352,8006035,8006303,8000331,8004200,8001186,8000694,8005580,8000310,8004604,8005153,8001085,8001082,8001091,8000044,8005152,8005499,8001215,8003160,8003361,8003363,8000207,;426
2021-12-16T09:56:00.000Z;St Goar;RB;RB 26;26;25417;8005645;8005645%2021-12-16T09:56:00.000Z%,8004601,8000683,8004379,8005896,8000039,8000976,8000975,8000375,8003075,8002692,8005950,8001237,8003821,8000240,;426
2021-12-16T10:00:00.000Z;St Goar;RB;RB 26;26;25420;8005645;8005645%2021-12-16T10:00:00.000Z%,8002861,8000742,8000045,8005622,8005070,8000206,8003341,8003352,8006035,8006303,8000331,8004200,8001186,8000694,8005580,8000310,8004604,8005153,8001085,8001082,8001091,8000044,8005152,8005499,8001215,8003160,8003361,8003363,8000207,;426
2021-12-16T10:56:00.000Z;St Goar;RB;RB 26;26;25419;8005645;8005645%2021-12-16T10:56:00.000Z%,8004601,8000683,8004379,8005896,8000039,8000976,8000975,8000375,8003075,8002692,8005950,8001237,8003821,8000240,;426
2021-12-16T11:00:00.000Z;St Goar;RB;RB 26;26;25422;8005645;8005645%2021-12-16T11:00:00.000Z%,8002861,8000742,8000045,8005622,8005070,8000206,8003341,8003352,8006035,8006303,8000331,8004200,8001186,8000694,8005580,8000310,8004604,8005153,8001085,8001082,8001091,8000044,8005152,8005499,8001215,8003160,8003361,8003363,8000207,;426
2021-12-16T11:56:00.000Z;St Goar;RB;RB 26;26;25421;8005645;8005645%2021-12-16T11:56:00.000Z%,8004601,8000683,8004379,8005896,8000039,8000976,8000975,8000375,8003075,8002692,8005950,8001237,8003821,8000240,;426
2021-12-16T12:00:00.000Z;St Goar;RB;RB 26;26;25424;8005645;8005645%2021-12-16T12:00:00.000Z%,8002861,8000742,8000045,8005622,8005070,8000206,8003341,8003352,8006035,8006303,8000331,8004200,8001186,8000694,8005580,8000310,8004604,8005153,8001085,8001082,8001091,8000044,8005152,8005499,8001215,8003160,8003361,8003363,8000207,;426
2021-12-16T12:56:00.000Z;St Goar;RB;RB 26;26;25423;8005645;8005645%2021-12-16T12:56:00.000Z%,8004601,8000683,8004379,8005896,8000039,8000976,8000975,8000375,8003075,8002692,8005950,8001237,8003821,8000240,;426
2021-12-16T13:00:00.000Z;St Goar;RB;RB 26;26;25426;8005645;8005645%2021-12-16T13:00:00.000Z%,8002861,8000742,8000045,8005622,8005070,8000206,8003341,8003352,8006035,8006303,8000331,8004200,8001186,8000694,8005580,8000310,8004604,8005153,8001085,8001082,8001091,8000044,8005152,8005499,8001215,8003160,8003361,8003363,8000207,;426
2021-12-16T13:56:00.000Z;St Goar;RB;RB 26;26;25425;8005645;8005645%2021-12-16T13:56:00.000Z%,8004601,8000683,8004379,8005896,8000039,8000976,8000975,8000375,8003075,8002692,8005950,8001237,8003821,8000240,;426
2021-12-16T14:00:00.000Z;St Goar;RB;RB 26;26;25428;8005645;8005645%2021-12-16T14:00:00.000Z%,8002861,8000742,8000045,8005622,8005070,8000206,8003341,8003352,8006035,8006303,8000331,8004200,8001186,8000694,8005580,8000310,8004604,8005153,8001085,8001082,8001091,8000044,8005152,8005499,8001215,8003160,8003361,8003363,8000207,;426
2021-12-16T14:56:00.000Z;St Goar;RB;RB 26;26;25427;8005645;8005645%2021-12-16T14:56:00.000Z%,8004601,8000683,8004379,8005896,8000039,8000976,8000975,8000375,8003075,8002692,8005950,8001237,8003821,8000240,;426
2021-12-16T15:00:00.000Z;St Goar;RB;RB 26;26;25430;8005645;8005645%2021-12-16T15:00:00.000Z%,8002861,8000742,8000045,8005622,8005070,8000206,8003341,8003352,8006035,8006303,8000331,8004200,8001186,8000694,8005580,8000310,8004604,8005153,8001085,8001082,8001091,8000044,8005152,8005499,8001215,8003160,8003361,8003363,8000207,;426
2021-12-16T15:38:00.000Z;St Goar;RB;RB 26;26;25380;8005645;8005645%2021-12-16T15:38:00.000Z%,8002861,8000742,8000045,8005622,8005070,8000206,;426
2021-12-16T15:56:00.000Z;St Goar;RB;RB 26;26;25429;8005645;8005645%2021-12-16T15:56:00.000Z%,8004601,8000683,8004379,8005896,8000039,8000976,8000975,8000375,8003075,8002692,8005950,8001237,8003821,8000240,;426
2021-12-16T16:00:00.000Z;St Goar;RB;RB 26;26;25432;8005645;8005645%2021-12-16T16:00:00.000Z%,8002861,8000742,8000045,8005622,8005070,8000206,8003341,8003352,8006035,8006303,8000331,8004200,8001186,8000694,8005580,8000310,8004604,8005153,8001085,8001082,8001091,8000044,8005152,8005499,8001215,8003160,8003361,8003363,8000207,;426
2021-12-16T16:19:00.000Z;St Goar;RB;RB 26;26;25391;8005645;8005645%2021-12-16T16:19:00.000Z%,8004601,8000683,8004379,8005896,8000039,8000976,8000975,8000375,8003075,8002692,8005950,8001237,8003821,8000240,;426
2021-12-16T16:45:00.000Z;St Goar;RE;RE 2;2;29542;8005645;8005645%2021-12-16T16:45:00.000Z%,8000045,8000206,;602
2021-12-16T16:56:00.000Z;St Goar;RB;RB 26;26;25431;8005645;8005645%2021-12-16T16:56:00.000Z%,8004601,8000683,8004379,8005896,8000039,8000976,8000975,8000375,8003075,8002692,8005950,8001237,8003821,8000240,;426
2021-12-16T17:00:00.000Z;St Goar;RB;RB 26;26;25434;8005645;8005645%2021-12-16T17:00:00.000Z%,8002861,8000742,8000045,8005622,8005070,8000206,8003341,8003352,8006035,8006303,8000331,8004200,8001186,8000694,8005580,8000310,8004604,8005153,8001085,8001082,8001091,8000044,8005152,8005499,8001215,8003160,8003361,8003363,8000207,;426
2021-12-16T17:38:00.000Z;St Goar;RB;RB 26;26;25384;8005645;8005645%2021-12-16T17:38:00.000Z%,8002861,8000742,8000045,8005622,8005070,8000206,;426
2021-12-16T17:56:00.000Z;St Goar;RB;RB 26;26;25433;8005645;8005645%2021-12-16T17:56:00.000Z%,8004601,8000683,8004379,8005896,8000039,8000976,8000975,8000375,8003075,8002692,8005950,8001237,8003821,8000240,;426
2021-12-16T18:00:00.000Z;St Goar;RB;RB 26;26;25436;8005645;8005645%2021-12-16T18:00:00.000Z%,8002861,8000742,8000045,8005622,8005070,8000206,8003341,8003352,8006035,8006303,8000331,8004200,8001186,8000694,8005580,8000310,8004604,8005153,8001085,8001082,8001091,8000044,8005152,8005499,8001215,8003160,8003361,8003363,8000207,;426
2021-12-16T18:56:00.000Z;St Goar;RB;RB 26;26;25435;8005645;8005645%2021-12-16T18:56:00.000Z%,8004601,8000683,8004379,8005896,8000039,8000976,8000975,8000375,8003075,8002692,8005950,8001237,8003821,8000240,;426
2021-12-16T19:00:00.000Z;St Goar;RB;RB 26;26;25438;8005645;8005645%2021-12-16T19:00:00.000Z%,8002861,8000742,8000045,8005622,8005070,8000206,8003341,8003352,8006035,8006303,8000331,8004200,8001186,8000694,8005580,8000310,8004604,8005153,8001085,8001082,8001091,8000044,8005152,8005499,8001215,8003160,8003361,8003363,8000207,;426
2021-12-16T19:56:00.000Z;St Goar;RB;RB 26;26;25437;8005645;8005645%2021-12-16T19:56:00.000Z%,8004601,8000683,8004379,8005896,8000039,8000976,8000975,8000375,8003075,8002692,8005950,8001237,8003821,8000240,;426
2021-12-16T20:00:00.000Z;St Goar;RB;RB 26;26;25440;8005645;8005645%2021-12-16T20:00:00.000Z%,8002861,8000742,8000045,8005622,8005070,8000206,8003341,8003352,8006035,8006303,8000331,8004200,8001186,8000694,8005580,8000310,8004604,8005153,8001085,8001082,8001091,8000044,8005152,8005499,8001215,8003160,8003361,8003363,8000207,;426
2021-12-15T20:24:00.000Z;St Michaelisdonn;RB;RB 62;62;11937;8005655;8005655%2021-12-15T20:25:00.000Z%1,8001273,8006460,8003102,;426
2021-12-15T20:36:00.000Z;St Michaelisdonn;RB;RB 62;62;11932;8005655;8005655%2021-12-15T20:38:00.000Z%2,8003954,8000155,8000181,;426
2021-12-15T21:20:00.000Z;St Michaelisdonn;RE;RE 6;6;11039;8005655;8005655%2021-12-15T21:21:00.000Z%1,8001273,8006460,8003102,8000092,8002553,;602
2021-12-15T21:52:00.000Z;St Michaelisdonn;RE;RE 6;6;11034;8005655;8005655%2021-12-15T21:54:00.000Z%2,8003954,8000155,8003798,8002115,8000181,8001139,8003544,8004343,8003303,8004093,8003222,8006369,;602
2021-12-15T22:28:00.000Z;St Michaelisdonn;RB;RB 62;62;11941;8005655;8005655%2021-12-15T22:28:00.000Z%,8001273,8006460,8003102,;426
2021-12-15T22:57:00.000Z;St Michaelisdonn;RE;RE 6;6;11036;8005655;8005655%2021-12-15T22:57:00.000Z%,8003954,8000155,8003798,8002115,8000181,;602
2021-12-16T04:06:00.000Z;St Michaelisdonn;RE;RE 6;6;11005;8005655;8005655%2021-12-16T04:06:00.000Z%,8001273,8006460,8003102,8002293,8000092,8002553,;602
2021-12-16T04:33:00.000Z;St Michaelisdonn;RB;RB 62;62;11900;8005655;8005655%2021-12-16T04:33:00.000Z%,8003954,8000155,8003798,8002115,8000181,;426
2021-12-16T05:06:00.000Z;St Michaelisdonn;RE;RE 6;6;11007;8005655;8005655%2021-12-16T05:06:00.000Z%,8001273,8006460,8003102,8002293,8000092,8002553,;602
2021-12-16T05:38:00.000Z;St Michaelisdonn;RE;RE 6;6;11002;8005655;8005655%2021-12-16T05:38:00.000Z%,8003954,8000155,8003798,8002115,8000181,8001139,8003544,8004343,8003303,8004093,8003222,8006369,;602
2021-12-16T06:00:00.000Z;St Michaelisdonn;RB;RB 62;62;11909;8005655;8005655%2021-12-16T06:00:00.000Z%,8001273,8006460,8003102,;426
2021-12-16T06:36:00.000Z;St Michaelisdonn;RB;RB 62;62;11904;8005655;8005655%2021-12-16T06:36:00.000Z%,8003954,8000155,;426
2021-12-16T07:22:00.000Z;St Michaelisdonn;RB;RB 62;62;11911;8005655;8005655%2021-12-16T07:22:00.000Z%,8001273,8006460,8003102,;426
2021-12-16T07:36:00.000Z;St Michaelisdonn;RB;RB 62;62;11906;8005655;8005655%2021-12-16T07:36:00.000Z%,8003954,8000155,;426
2021-12-16T08:22:00.000Z;St Michaelisdonn;RB;RB 62;62;11913;8005655;8005655%2021-12-16T08:22:00.000Z%,8001273,8006460,8003102,;426
2021-12-16T08:36:00.000Z;St Michaelisdonn;RB;RB 62;62;11908;8005655;8005655%2021-12-16T08:36:00.000Z%,8003954,8000155,;426
2021-12-16T09:22:00.000Z;St Michaelisdonn;RB;RB 62;62;11915;8005655;8005655%2021-12-16T09:22:00.000Z%,8001273,8006460,8003102,;426
2021-12-16T09:36:00.000Z;St Michaelisdonn;RB;RB 62;62;11910;8005655;8005655%2021-12-16T09:36:00.000Z%,8003954,8000155,;426
2021-12-16T10:28:00.000Z;St Michaelisdonn;RB;RB 62;62;11912;8005655;8005655%2021-12-16T10:28:00.000Z%,8003954,8000155,;426
2021-12-16T10:29:00.000Z;St Michaelisdonn;RB;RB 62;62;11917;8005655;8005655%2021-12-16T10:29:00.000Z%,8001273,8006460,8003102,;426
2021-12-16T11:22:00.000Z;St Michaelisdonn;RB;RB 62;62;11919;8005655;8005655%2021-12-16T11:22:00.000Z%,8001273,8006460,8003102,;426
2021-12-16T11:36:00.000Z;St Michaelisdonn;RB;RB 62;62;11914;8005655;8005655%2021-12-16T11:36:00.000Z%,8003954,8000155,;426
2021-12-16T12:22:00.000Z;St Michaelisdonn;RB;RB 62;62;11921;8005655;8005655%2021-12-16T12:22:00.000Z%,8001273,8006460,8003102,;426
2021-12-16T12:36:00.000Z;St Michaelisdonn;RB;RB 62;62;11916;8005655;8005655%2021-12-16T12:36:00.000Z%,8003954,8000155,;426
2021-12-16T13:22:00.000Z;St Michaelisdonn;RB;RB 62;62;11923;8005655;8005655%2021-12-16T13:22:00.000Z%,8001273,8006460,8003102,;426
2021-12-16T13:28:00.000Z;St Michaelisdonn;RB;RB 62;62;11918;8005655;8005655%2021-12-16T13:28:00.000Z%,8003954,8000155,;426
2021-12-16T14:22:00.000Z;St Michaelisdonn;RB;RB 62;62;11925;8005655;8005655%2021-12-16T14:22:00.000Z%,8001273,8006460,8003102,;426
2021-12-16T14:36:00.000Z;St Michaelisdonn;RB;RB 62;62;11920;8005655;8005655%2021-12-16T14:36:00.000Z%,8003954,8000155,;426
2021-12-16T15:29:00.000Z;St Michaelisdonn;RB;RB 62;62;11927;8005655;8005655%2021-12-16T15:29:00.000Z%,8001273,8006460,8003102,;426
2021-12-16T15:36:00.000Z;St Michaelisdonn;RB;RB 62;62;11922;8005655;8005655%2021-12-16T15:36:00.000Z%,8003954,8000155,;426
2021-12-16T16:22:00.000Z;St Michaelisdonn;RB;RB 62;62;11929;8005655;8005655%2021-12-16T16:22:00.000Z%,8001273,8006460,8003102,;426
2021-12-16T16:36:00.000Z;St Michaelisdonn;RB;RB 62;62;11924;8005655;8005655%2021-12-16T16:36:00.000Z%,8003954,8000155,;426
2021-12-16T17:22:00.000Z;St Michaelisdonn;RB;RB 62;62;11931;8005655;8005655%2021-12-16T17:22:00.000Z%,8001273,8006460,8003102,;426
2021-12-16T17:36:00.000Z;St Michaelisdonn;RB;RB 62;62;11926;8005655;8005655%2021-12-16T17:36:00.000Z%,8003954,8000155,;426
2021-12-16T18:22:00.000Z;St Michaelisdonn;RB;RB 62;62;11933;8005655;8005655%2021-12-16T18:22:00.000Z%,8001273,8006460,8003102,;426
2021-12-16T18:36:00.000Z;St Michaelisdonn;RB;RB 62;62;11928;8005655;8005655%2021-12-16T18:36:00.000Z%,8003954,8000155,;426
2021-12-16T19:22:00.000Z;St Michaelisdonn;RB;RB 62;62;11935;8005655;8005655%2021-12-16T19:22:00.000Z%,8001273,8006460,8003102,;426
2021-12-16T19:36:00.000Z;St Michaelisdonn;RB;RB 62;62;11930;8005655;8005655%2021-12-16T19:36:00.000Z%,8003954,8000155,;426
2021-12-15T20:56:00.000Z;Bad Staffelstein;RE;RE 14;14;4916;8005670;8005670%2021-12-15T20:58:00.000Z%2,8000228,8004011,8002878,8004979,8003472,8004319,8003446,8002467,8005737,8004881,8002020,8005692,8003770,8010288,;602
2021-12-15T21:17:00.000Z;Bad Staffelstein;RE;RE 49;49;4937;8005670;8005670%2021-12-15T21:17:00.000Z%,8001623,8006634,8001640,8001149,8002542,8000025,8002853,8002024,8001844,8000114,8000284,;602
2021-12-15T21:58:00.000Z;Bad Staffelstein;RE;RE 42;42;4998;8005670;8005670%2021-12-15T22:00:00.000Z%2,8000228,8004011,8002878,8004979,8003472,8004319,8003446,8002467,8005737,8004881,8002020,8005692,8003770,;602
2021-12-15T21:58:00.000Z;Bad Staffelstein;RE;RE 49;49;4936;8005670;8005670%2021-12-15T22:00:00.000Z%2,8000228,8005391,8001636,8002434,8001347,8001338,8001334,8001484,8004633,8005122,8004064,8004325,8013008,;602
2021-12-15T22:20:00.000Z;Bad Staffelstein;RE;RE 42;42;4997;8005670;8005670%2021-12-15T22:21:00.000Z%1,8001623,8006634,8001640,8001149,8002542,8000025,;602
2021-12-15T23:01:00.000Z;Bad Staffelstein;RE;RE 49;49;4938;8005670;8005670%2021-12-15T23:01:00.000Z%,8000228,8005391,8001636,8002434,8001347,8001338,;602
2021-12-15T23:55:00.000Z;Bad Staffelstein;RE;RE 49;49;4940;8005670;8005670%2021-12-15T23:55:00.000Z%,8000228,;602
2021-12-16T03:14:00.000Z;Bad Staffelstein;RE;RE 14;14;4921;8005670;8005670%2021-12-16T03:14:00.000Z%,8001623,8006634,8001640,8001149,8002542,8000025,8002853,8002024,8001844,8000114,8000284,;602
2021-12-16T04:14:00.000Z;Bad Staffelstein;RE;RE 49;49;4939;8005670;8005670%2021-12-16T04:14:00.000Z%,8001623,8006634,8001640,8001149,8002542,8000025,8002853,8002024,8001844,8000114,8000284,;602
2021-12-16T04:27:00.000Z;Bad Staffelstein;RE;RE 14;14;4900;8005670;8005670%2021-12-16T04:27:00.000Z%,8000228,8004011,8002878,8004979,8003472,8004319,8003446,8002467,8005737,8004881,8002020,8005692,8003770,8010288,8012000,8010309,;602
2021-12-16T04:35:00.000Z;Bad Staffelstein;RE;RE 49;49;4949;8005670;8005670%2021-12-16T04:35:00.000Z%,8001623,8006634,8001640,8001149,8002542,8000025,8002853,8002024,8001844,8000114,8000284,;602
2021-12-16T05:00:00.000Z;Bad Staffelstein;RE;RE 55;55;4641;8005670;8005670%2021-12-16T05:00:00.000Z%,8000228,;602
2021-12-16T05:07:00.000Z;Bad Staffelstein;RE;RE 14;14;4979;8005670;8005670%2021-12-16T05:07:00.000Z%,8001623,8006634,8001640,8001149,8002542,8000025,;602
2021-12-16T05:39:00.000Z;Bad Staffelstein;RE;RE 14;14;4901;8005670;8005670%2021-12-16T05:39:00.000Z%,8001623,8006634,8000025,8002853,8002024,8001844,8000114,8000284,;602
2021-12-16T05:48:00.000Z;Bad Staffelstein;RE;RE 42;42;4982;8005670;8005670%2021-12-16T05:48:00.000Z%,8000228,8004011,8002878,8004979,8003472,8004319,8003446,8005737,8004881,8005692,8003770,8010288,8013171,8012000,8010309,8010307,8010306,8011985,8010133,8011956,8013474,8010240,8010368,8010205,;602
2021-12-16T05:56:00.000Z;Bad Staffelstein;RE;RE 54;54;4608;8005670;8005670%2021-12-16T05:56:00.000Z%,8001623,8006634,8001640,8001149,8002542,8000025,8002630,8000032,8000260,8005049,8003189,8000120,8003548,8003740,8004756,8006426,8002696,8000010,8003314,8001427,8003143,8000150,8002573,8002574,8002877,8000996,8002048,8002039,8002041,8000105,;602
2021-12-16T06:13:00.000Z;Bad Staffelstein;RE;RE 14;14;4981;8005670;8005670%2021-12-16T06:13:00.000Z%,8001623,8006634,8001640,8001149,8002542,8000025,8002853,8002024,8001844,8000114,8000284,;602
2021-12-16T06:36:00.000Z;Bad Staffelstein;RE;RE 14;14;4902;8005670;8005670%2021-12-16T06:36:00.000Z%,8000228,8002878,8004979,8003472,8003446,8005737,8004881,8005692,8003770,8010288,8012000,8010309,;602
2021-12-16T06:39:00.000Z;Bad Staffelstein;RE;RE 42;42;4941;8005670;8005670%2021-12-16T06:39:00.000Z%,8001623,8006634,8001640,8001149,8002542,8000025,8002853,8002024,8001844,8000114,8000284,;602
2021-12-16T07:14:00.000Z;Bad Staffelstein;RE;RE 49;49;59380;8005670;8005670%2021-12-16T07:14:00.000Z%,8000228,;602
2021-12-16T07:22:00.000Z;Bad Staffelstein;RE;RE 49;49;4923;8005670;8005670%2021-12-16T07:22:00.000Z%,8001149,8000025,8002853,8002024,8001844,8000114,8000284,;602
2021-12-16T07:22:00.000Z;Bad Staffelstein;RE;RE 14;14;4903;8005670;8005670%2021-12-16T07:22:00.000Z%,8001149,8000025,8002853,8002024,8001844,8000114,8000284,;602
2021-12-16T07:36:00.000Z;Bad Staffelstein;RB;RB 25;25;59331;8005670;8005670%2021-12-16T07:36:00.000Z%,8001623,8006634,8001640,8001149,8002542,8000025,;426
2021-12-16T07:40:00.000Z;Bad Staffelstein;RE;RE 42;42;4984;8005670;8005670%2021-12-16T07:40:00.000Z%,8000228,8004011,8002878,8004979,8003472,8004319,8003446,8002467,8005737,8004881,8002020,8005692,8003770,8010288,8013171,8012000,8011267,8010309,8010307,8010306,8011985,8010133,8011956,8013474,8010240,8010368,8010205,;602
2021-12-16T08:16:00.000Z;Bad Staffelstein;RE;RE 42;42;4983;8005670;8005670%2021-12-16T08:16:00.000Z%,8001623,8006634,8001149,8000025,8002853,8002024,8001844,8000114,8000284,;602
2021-12-16T08:24:00.000Z;Bad Staffelstein;RB;RB 25;25;59330;8005670;8005670%2021-12-16T08:24:00.000Z%,8000228,8004011,8002878,8004979,8003472,8004319,8003446,;426
2021-12-16T08:36:00.000Z;Bad Staffelstein;RE;RE 14;14;4904;8005670;8005670%2021-12-16T08:36:00.000Z%,8000228,8003472,8003446,8005737,8004881,8005692,8003770,8010288,8012000,8010309,;602
2021-12-16T08:36:00.000Z;Bad Staffelstein;RE;RE 49;49;4924;8005670;8005670%2021-12-16T08:36:00.000Z%,8000228,8001636,8001338,8001334,8001484,8004633,8005122,8004064,8004325,8013008,;602
2021-12-16T09:22:00.000Z;Bad Staffelstein;RE;RE 49;49;4925;8005670;8005670%2021-12-16T09:22:00.000Z%,8001149,8000025,8002853,8002024,8001844,8000114,8000284,;602
2021-12-16T09:22:00.000Z;Bad Staffelstein;RE;RE 14;14;4905;8005670;8005670%2021-12-16T09:22:00.000Z%,8001149,8000025,8002853,8002024,8001844,8000114,8000284,;602
2021-12-16T09:31:00.000Z;Bad Staffelstein;RB;RB 25;25;59333;8005670;8005670%2021-12-16T09:31:00.000Z%,8001623,8006634,8001640,8001149,8002542,8000025,;426
2021-12-16T09:40:00.000Z;Bad Staffelstein;RE;RE 42;42;4986;8005670;8005670%2021-12-16T09:40:00.000Z%,8000228,8004011,8002878,8004979,8003472,8004319,8003446,8002467,8005737,8004881,8002020,8005692,8003770,8010288,8013171,8012000,8011267,8010309,8010307,8010306,8011985,8010133,8011956,8013474,8010240,8010368,8010205,;602
2021-12-16T10:16:00.000Z;Bad Staffelstein;RE;RE 42;42;4985;8005670;8005670%2021-12-16T10:16:00.000Z%,8001623,8006634,8001149,8000025,8002853,8002024,8001844,8000114,8000284,;602
2021-12-16T10:23:00.000Z;Bad Staffelstein;RB;RB 25;25;59332;8005670;8005670%2021-12-16T10:23:00.000Z%,8000228,8004011,8002878,8004979,8003472,8004319,8003446,;426
2021-12-16T10:36:00.000Z;Bad Staffelstein;RE;RE 14;14;4906;8005670;8005670%2021-12-16T10:36:00.000Z%,8000228,8003472,8003446,8005737,8004881,8005692,8003770,8010288,8012000,8010309,;602
2021-12-16T10:36:00.000Z;Bad Staffelstein;RE;RE 49;49;4926;8005670;8005670%2021-12-16T10:36:00.000Z%,8000228,8001636,8001338,8001334,8001484,8004633,8005122,8004064,8004325,8013008,;602
2021-12-16T11:22:00.000Z;Bad Staffelstein;RE;RE 49;49;4927;8005670;8005670%2021-12-16T11:22:00.000Z%,8001149,8000025,8002853,8002024,8001844,8000114,8000284,;602
2021-12-16T11:22:00.000Z;Bad Staffelstein;RE;RE 14;14;4907;8005670;8005670%2021-12-16T11:22:00.000Z%,8001149,8000025,8002853,8002024,8001844,8000114,8000284,;602
2021-12-16T11:23:00.000Z;Bad Staffelstein;RB;RB 25;25;59334;8005670;8005670%2021-12-16T11:23:00.000Z%,8000228,8004011,8002878,8004979,8003472,8004319,8003446,;426
2021-12-16T11:39:00.000Z;Bad Staffelstein;RB;RB 25;25;59335;8005670;8005670%2021-12-16T11:39:00.000Z%,8001623,8006634,8001640,8001149,8002542,8000025,;426
2021-12-16T11:40:00.000Z;Bad Staffelstein;RE;RE 42;42;4988;8005670;8005670%2021-12-16T11:40:00.000Z%,8000228,8004011,8002878,8004979,8003472,8004319,8003446,8002467,8005737,8004881,8002020,8005692,8003770,8010288,8013171,8012000,8011267,8010309,8010307,8010306,8011985,8010133,8011956,8013474,8010240,8010368,8010205,;602
2021-12-16T12:16:00.000Z;Bad Staffelstein;RE;RE 42;42;4987;8005670;8005670%2021-12-16T12:16:00.000Z%,8001623,8006634,8001149,8000025,8002853,8002024,8001844,8000114,8000284,;602
2021-12-16T12:27:00.000Z;Bad Staffelstein;RB;RB 25;25;59336;8005670;8005670%2021-12-16T12:27:00.000Z%,8000228,8004011,8002878,8004979,8003472,8004319,8003446,;426
2021-12-16T12:36:00.000Z;Bad Staffelstein;RB;RB 25;25;59337;8005670;8005670%2021-12-16T12:36:00.000Z%,8001623,8006634,8001640,8001149,8002542,8000025,;426
2021-12-16T12:39:00.000Z;Bad Staffelstein;RE;RE 14;14;4908;8005670;8005670%2021-12-16T12:39:00.000Z%,8000228,8003472,8003446,8005737,8004881,8005692,8003770,8010288,8012000,8010309,;602
2021-12-16T12:39:00.000Z;Bad Staffelstein;RE;RE 49;49;4928;8005670;8005670%2021-12-16T12:39:00.000Z%,8000228,8005391,8001636,8002434,8001347,8001338,8001334,8001484,8004633,8005122,8004064,8004325,8013008,;602
2021-12-16T13:22:00.000Z;Bad Staffelstein;RE;RE 49;49;4929;8005670;8005670%2021-12-16T13:22:00.000Z%,8001149,8000025,8002853,8002024,8001844,8000114,8000284,;602
2021-12-16T13:22:00.000Z;Bad Staffelstein;RE;RE 14;14;4909;8005670;8005670%2021-12-16T13:22:00.000Z%,8001149,8000025,8002853,8002024,8001844,8000114,8000284,;602
2021-12-16T13:26:00.000Z;Bad Staffelstein;RB;RB 25;25;59338;8005670;8005670%2021-12-16T13:26:00.000Z%,8000228,;426
2021-12-16T13:34:00.000Z;Bad Staffelstein;RB;RB 25;25;59339;8005670;8005670%2021-12-16T13:34:00.000Z%,8001623,8006634,8001640,8001149,8002542,8000025,;426
2021-12-16T13:40:00.000Z;Bad Staffelstein;RE;RE 42;42;4990;8005670;8005670%2021-12-16T13:40:00.000Z%,8000228,8004011,8002878,8004979,8003472,8004319,8003446,8002467,8005737,8004881,8002020,8005692,8003770,8010288,8013171,8012000,8011267,8010309,8010307,8010306,8011985,8010133,8011956,8013474,8010240,8010368,8010205,;602
2021-12-16T14:16:00.000Z;Bad Staffelstein;RE;RE 42;42;4989;8005670;8005670%2021-12-16T14:16:00.000Z%,8001623,8006634,8001149,8000025,8002853,8002024,8001844,8000114,8000284,;602
2021-12-16T14:22:00.000Z;Bad Staffelstein;RB;RB 25;25;59340;8005670;8005670%2021-12-16T14:22:00.000Z%,8000228,8004011,8002878,8004979,8003472,8004319,8003446,;426
2021-12-16T14:36:00.000Z;Bad Staffelstein;RE;RE 14;14;4910;8005670;8005670%2021-12-16T14:36:00.000Z%,8000228,8003472,8003446,8005737,8004881,8005692,8003770,8010288,8012000,8010309,;602
2021-12-16T14:36:00.000Z;Bad Staffelstein;RE;RE 49;49;4930;8005670;8005670%2021-12-16T14:36:00.000Z%,8000228,8001636,8001338,8001334,8001484,8004633,8005122,8004064,8004325,8013008,;602
2021-12-16T14:37:00.000Z;Bad Staffelstein;RE;RE 49;49;59389;8005670;8005670%2021-12-16T14:37:00.000Z%,8001623,8006634,8001640,8001149,8002542,8000025,8002853,8002024,8001844,8000114,8000284,;602
2021-12-16T15:16:00.000Z;Bad Staffelstein;RE;RE 49;49;59384;8005670;8005670%2021-12-16T15:16:00.000Z%,8000228,8001636,8001338,8001334,8001484,8004633,8005122,8004064,8004325,8013008,;602
2021-12-16T15:22:00.000Z;Bad Staffelstein;RE;RE 49;49;4931;8005670;8005670%2021-12-16T15:22:00.000Z%,8001149,8000025,8002853,8002024,8001844,8000114,8000284,;602
2021-12-16T15:22:00.000Z;Bad Staffelstein;RE;RE 14;14;4911;8005670;8005670%2021-12-16T15:22:00.000Z%,8001149,8000025,8002853,8002024,8001844,8000114,8000284,;602
2021-12-16T15:31:00.000Z;Bad Staffelstein;RB;RB 25;25;59341;8005670;8005670%2021-12-16T15:31:00.000Z%,8001623,8006634,8001640,8001149,8002542,8000025,;426
2021-12-16T15:40:00.000Z;Bad Staffelstein;RE;RE 42;42;4992;8005670;8005670%2021-12-16T15:40:00.000Z%,8000228,8004011,8002878,8004979,8003472,8004319,8003446,8002467,8005737,8004881,8002020,8005692,8003770,8010288,8013171,8012000,8011267,8010309,8010307,8010306,8011985,8010133,8011956,8013474,8010240,8010368,8010205,;602
2021-12-16T16:16:00.000Z;Bad Staffelstein;RE;RE 42;42;4991;8005670;8005670%2021-12-16T16:16:00.000Z%,8001623,8006634,8001149,8000025,8002853,8002024,8001844,8000114,8000284,;602
2021-12-16T16:27:00.000Z;Bad Staffelstein;RB;RB 25;25;59342;8005670;8005670%2021-12-16T16:27:00.000Z%,8000228,8004011,8002878,8004979,8003472,8004319,8003446,;426
2021-12-16T16:37:00.000Z;Bad Staffelstein;RB;RB 25;25;59391;8005670;8005670%2021-12-16T16:37:00.000Z%,8001623,8006634,8001640,8001149,8002542,8000025,;426
2021-12-16T16:38:00.000Z;Bad Staffelstein;RE;RE 14;14;4912;8005670;8005670%2021-12-16T16:38:00.000Z%,8000228,8003472,8003446,8005737,8004881,8005692,8003770,8010288,8012000,8010309,;602
2021-12-16T16:38:00.000Z;Bad Staffelstein;RE;RE 49;49;4932;8005670;8005670%2021-12-16T16:38:00.000Z%,8000228,8001636,8001338,8001334,8001484,8004633,8005122,8004064,8004325,8013008,;602
2021-12-16T17:22:00.000Z;Bad Staffelstein;RE;RE 49;49;4933;8005670;8005670%2021-12-16T17:22:00.000Z%,8001149,8000025,8002853,8002024,8001844,8000114,8000284,;602
2021-12-16T17:22:00.000Z;Bad Staffelstein;RE;RE 14;14;4913;8005670;8005670%2021-12-16T17:22:00.000Z%,8001149,8000025,8002853,8002024,8001844,8000114,8000284,;602
2021-12-16T17:25:00.000Z;Bad Staffelstein;RE;RE 49;49;59386;8005670;8005670%2021-12-16T17:25:00.000Z%,8000228,;602
2021-12-16T17:31:00.000Z;Bad Staffelstein;RB;RB 25;25;59343;8005670;8005670%2021-12-16T17:31:00.000Z%,8001623,8006634,8001640,8001149,8002542,8000025,;426
2021-12-16T17:40:00.000Z;Bad Staffelstein;RE;RE 42;42;4994;8005670;8005670%2021-12-16T17:40:00.000Z%,8000228,8004011,8002878,8004979,8003472,8004319,8003446,8002467,8005737,8004881,8002020,8005692,8003770,8010288,8013171,8012000,8011267,8010309,8010307,8010306,8011985,8010133,8011956,8013474,8010240,8010368,8010205,;602
2021-12-16T18:16:00.000Z;Bad Staffelstein;RE;RE 42;42;4993;8005670;8005670%2021-12-16T18:16:00.000Z%,8001623,8006634,8001149,8000025,8002853,8002024,8001844,8000114,8000284,;602
2021-12-16T18:26:00.000Z;Bad Staffelstein;RB;RB 25;25;59344;8005670;8005670%2021-12-16T18:26:00.000Z%,8000228,;426
2021-12-16T18:41:00.000Z;Bad Staffelstein;RE;RE 14;14;4914;8005670;8005670%2021-12-16T18:41:00.000Z%,8000228,8002878,8004979,8003472,8004319,8003446,8005737,8004881,8005692,8003770,8010288,8012000,8010309,;602
2021-12-16T18:41:00.000Z;Bad Staffelstein;RE;RE 49;49;4934;8005670;8005670%2021-12-16T18:41:00.000Z%,8000228,8001636,8002434,8001338,;602
2021-12-16T19:22:00.000Z;Bad Staffelstein;RE;RE 49;49;4935;8005670;8005670%2021-12-16T19:22:00.000Z%,8001149,8000025,8002853,8002024,8001844,8000114,8000284,;602
2021-12-16T19:22:00.000Z;Bad Staffelstein;RE;RE 14;14;4915;8005670;8005670%2021-12-16T19:22:00.000Z%,8001149,8000025,8002853,8002024,8001844,8000114,8000284,;602
2021-12-16T19:32:00.000Z;Bad Staffelstein;RB;RB 25;25;59345;8005670;8005670%2021-12-16T19:32:00.000Z%,8001623,8006634,8001640,8001149,8002542,8000025,;426
2021-12-16T19:41:00.000Z;Bad Staffelstein;RE;RE 42;42;4996;8005670;8005670%2021-12-16T19:41:00.000Z%,8000228,8004011,8002878,8004979,8003472,8004319,8003446,8002467,8005737,8004881,8002020,8005692,8003770,8010288,8013171,8012000,8011267,8010309,8010307,8010306,8011985,8010133,8011956,8011058,;602
2021-12-16T20:19:00.000Z;Bad Staffelstein;RE;RE 19;19;4973;8005670;8005670%2021-12-16T20:19:00.000Z%,8001623,8006634,8001640,8001149,8000025,8002853,8002024,8001844,8000114,8000284,;602
2021-12-15T20:37:00.000Z;Iffeldorf;RB;RB 66;66;59648;8005672;8005672%2021-12-15T20:38:00.000Z%1,8005508,8000918,8005927,;426
2021-12-15T21:17:00.000Z;Iffeldorf;RB;RB 66;66;59657;8005672;8005672%2021-12-15T21:17:00.000Z%,8004767,8000945,8000869,8003355,;426
2021-12-15T21:37:00.000Z;Iffeldorf;RB;RB 66;66;59650;8005672;8005672%2021-12-15T21:37:00.000Z%,8005508,8000918,8005927,;426
2021-12-15T22:17:00.000Z;Iffeldorf;RB;RB 66;66;59659;8005672;8005672%2021-12-15T22:17:00.000Z%,8004767,8000945,8000869,8003355,;426
2021-12-15T22:37:00.000Z;Iffeldorf;RB;RB 66;66;59652;8005672;8005672%2021-12-15T22:37:00.000Z%,8005508,8000918,8005927,;426
2021-12-15T23:17:00.000Z;Iffeldorf;RB;RB 66;66;59599;8005672;8005672%2021-12-15T23:17:00.000Z%,8004767,8000945,8000869,8003355,;426
2021-12-16T03:53:00.000Z;Iffeldorf;RB;RB 66;66;59600;8005672;8005672%2021-12-16T03:53:00.000Z%,8005508,8000918,8005927,;426
2021-12-16T04:28:00.000Z;Iffeldorf;RB;RB 66;66;59602;8005672;8005672%2021-12-16T04:28:00.000Z%,8005508,8000918,8005927,;426
2021-12-16T04:39:00.000Z;Iffeldorf;RB;RB 66;66;59601;8005672;8005672%2021-12-16T04:39:00.000Z%,8004767,8000945,8000869,8003355,;426
2021-12-16T05:03:00.000Z;Iffeldorf;RB;RB 66;66;59604;8005672;8005672%2021-12-16T05:03:00.000Z%,8005508,8000918,8005927,8005676,8004158,8098261,;426
2021-12-16T05:35:00.000Z;Iffeldorf;RB;RB 66;66;59632;8005672;8005672%2021-12-16T05:35:00.000Z%,8005508,8000918,8005927,8004158,8098261,;426
2021-12-16T05:46:00.000Z;Iffeldorf;RB;RB 66;66;59605;8005672;8005672%2021-12-16T05:46:00.000Z%,8004767,8000945,8000869,8003355,;426
2021-12-16T06:06:00.000Z;Iffeldorf;RB;RB 66;66;59606;8005672;8005672%2021-12-16T06:06:00.000Z%,8005508,8000918,8005927,8005676,8004158,8098261,;426
2021-12-16T06:17:00.000Z;Iffeldorf;RB;RB 66;66;59609;8005672;8005672%2021-12-16T06:17:00.000Z%,8004767,8000945,8000869,8003355,;426
2021-12-16T06:37:00.000Z;Iffeldorf;RB;RB 66;66;59634;8005672;8005672%2021-12-16T06:37:00.000Z%,8005508,8000918,8005927,8004158,8098261,;426
2021-12-16T06:49:00.000Z;Iffeldorf;RB;RB 66;66;59615;8005672;8005672%2021-12-16T06:49:00.000Z%,8004767,8000945,8000869,8003355,;426
2021-12-16T07:34:00.000Z;Iffeldorf;RB;RB 66;66;59430;8005672;8005672%2021-12-16T07:34:00.000Z%,8005508,8000918,8005927,;426
2021-12-16T07:46:00.000Z;Iffeldorf;RB;RB 66;66;59611;8005672;8005672%2021-12-16T07:46:00.000Z%,8004767,8000945,8000869,8003355,;426
2021-12-16T08:07:00.000Z;Iffeldorf;RB;RB 66;66;59610;8005672;8005672%2021-12-16T08:07:00.000Z%,8005508,8000918,8005927,8005676,8004158,8098261,;426
2021-12-16T08:47:00.000Z;Iffeldorf;RB;RB 66;66;59617;8005672;8005672%2021-12-16T08:47:00.000Z%,8004767,8000945,8000869,8003355,;426
2021-12-16T09:07:00.000Z;Iffeldorf;RB;RB 66;66;59612;8005672;8005672%2021-12-16T09:07:00.000Z%,8005508,8000918,8005927,8005676,8004158,8098261,;426
2021-12-16T09:47:00.000Z;Iffeldorf;RB;RB 66;66;59619;8005672;8005672%2021-12-16T09:47:00.000Z%,8004767,8000945,8000869,8003355,;426
2021-12-16T10:07:00.000Z;Iffeldorf;RB;RB 66;66;59614;8005672;8005672%2021-12-16T10:07:00.000Z%,8005508,8000918,8005927,8005676,8004158,8098261,;426
2021-12-16T11:04:00.000Z;Iffeldorf;RB;RB 66;66;59616;8005672;8005672%2021-12-16T11:04:00.000Z%,8005508,8000918,8005927,8005676,8004158,8098261,;426
2021-12-16T11:17:00.000Z;Iffeldorf;RB;RB 66;66;59621;8005672;8005672%2021-12-16T11:17:00.000Z%,8004767,8000945,8000869,8003355,;426
2021-12-16T12:16:00.000Z;Iffeldorf;RB;RB 66;66;59638;8005672;8005672%2021-12-16T12:16:00.000Z%,8005508,8000918,8005927,8005676,8004158,8098261,;426
2021-12-16T12:28:00.000Z;Iffeldorf;RB;RB 66;66;59651;8005672;8005672%2021-12-16T12:28:00.000Z%,8004767,8000945,8000869,8003355,;426
2021-12-16T12:47:00.000Z;Iffeldorf;RB;RB 66;66;59625;8005672;8005672%2021-12-16T12:47:00.000Z%,8004767,8000945,8000869,8003355,;426
2021-12-16T13:10:00.000Z;Iffeldorf;RB;RB 66;66;59642;8005672;8005672%2021-12-16T13:10:00.000Z%,8005508,8000918,8005927,8005676,8004158,8098261,;426
2021-12-16T13:47:00.000Z;Iffeldorf;RB;RB 66;66;59629;8005672;8005672%2021-12-16T13:47:00.000Z%,8004767,8000945,8000869,8003355,;426
2021-12-16T14:07:00.000Z;Iffeldorf;RB;RB 66;66;59620;8005672;8005672%2021-12-16T14:07:00.000Z%,8005508,8000918,8005927,8005676,8004158,8098261,;426
2021-12-16T14:47:00.000Z;Iffeldorf;RB;RB 66;66;59631;8005672;8005672%2021-12-16T14:47:00.000Z%,8004767,8000945,8000869,8003355,;426
2021-12-16T15:07:00.000Z;Iffeldorf;RB;RB 66;66;59644;8005672;8005672%2021-12-16T15:07:00.000Z%,8005508,8000918,8005927,8005676,8004158,8098261,;426
2021-12-16T15:47:00.000Z;Iffeldorf;RB;RB 66;66;59643;8005672;8005672%2021-12-16T15:47:00.000Z%,8004767,8000945,8000869,8003355,;426
2021-12-16T16:07:00.000Z;Iffeldorf;RB;RB 66;66;59622;8005672;8005672%2021-12-16T16:07:00.000Z%,8005508,8000918,8005927,8005676,8004158,8098261,;426
2021-12-16T16:20:00.000Z;Iffeldorf;RB;RB 66;66;59433;8005672;8005672%2021-12-16T16:20:00.000Z%,8004767,;426
2021-12-16T16:36:00.000Z;Iffeldorf;RB;RB 66;66;59432;8005672;8005672%2021-12-16T16:36:00.000Z%,8005508,8000918,8005927,;426
2021-12-16T16:47:00.000Z;Iffeldorf;RB;RB 66;66;59645;8005672;8005672%2021-12-16T16:47:00.000Z%,8004767,8000945,8000869,8003355,;426
2021-12-16T17:07:00.000Z;Iffeldorf;RB;RB 66;66;59624;8005672;8005672%2021-12-16T17:07:00.000Z%,8005508,8000918,8005927,8005676,8004158,8098261,;426
2021-12-16T17:20:00.000Z;Iffeldorf;RB;RB 66;66;59435;8005672;8005672%2021-12-16T17:20:00.000Z%,8004767,;426
2021-12-16T17:36:00.000Z;Iffeldorf;RB;RB 66;66;59434;8005672;8005672%2021-12-16T17:36:00.000Z%,8005508,8000918,8005927,;426
2021-12-16T17:47:00.000Z;Iffeldorf;RB;RB 66;66;59647;8005672;8005672%2021-12-16T17:47:00.000Z%,8004767,8000945,8000869,8003355,;426
2021-12-16T18:07:00.000Z;Iffeldorf;RB;RB 66;66;59626;8005672;8005672%2021-12-16T18:07:00.000Z%,8005508,8000918,8005927,8005676,8004158,8098261,;426
2021-12-16T18:20:00.000Z;Iffeldorf;RB;RB 66;66;59437;8005672;8005672%2021-12-16T18:20:00.000Z%,8004767,;426
2021-12-16T18:36:00.000Z;Iffeldorf;RB;RB 66;66;59436;8005672;8005672%2021-12-16T18:36:00.000Z%,8005508,8000918,8005927,;426
2021-12-16T18:47:00.000Z;Iffeldorf;RB;RB 66;66;59649;8005672;8005672%2021-12-16T18:47:00.000Z%,8004767,8000945,8000869,8003355,;426
2021-12-16T19:07:00.000Z;Iffeldorf;RB;RB 66;66;59628;8005672;8005672%2021-12-16T19:07:00.000Z%,8005508,8000918,8005927,8005676,8004158,8098261,;426
2021-12-16T19:20:00.000Z;Iffeldorf;RB;RB 66;66;59439;8005672;8005672%2021-12-16T19:20:00.000Z%,8004767,;426
2021-12-16T19:36:00.000Z;Iffeldorf;RB;RB 66;66;59438;8005672;8005672%2021-12-16T19:36:00.000Z%,8005508,8000918,8005927,;426
2021-12-16T19:47:00.000Z;Iffeldorf;RB;RB 66;66;59641;8005672;8005672%2021-12-16T19:47:00.000Z%,8004767,8000945,8000869,8003355,;426
2021-12-16T20:17:00.000Z;Iffeldorf;RB;RB 66;66;59655;8005672;8005672%2021-12-16T20:17:00.000Z%,8004767,8000945,8000869,8003355,;426
2021-12-15T20:57:00.000Z;Stammbach;RE;RE 35;35;59319;8005674;8005674%2021-12-15T20:57:00.000Z%0,8004126,8005466,8000287,8002924,;602
2021-12-15T23:30:00.000Z;Stammbach;RE;RE 30;30;3099;8005674;8005674%2021-12-15T23:30:00.000Z%,8004126,8005466,8000287,8002924,;602
2021-12-16T04:53:00.000Z;Stammbach;RE;RE 30;30;3402;8005674;8005674%2021-12-16T04:53:00.000Z%,8003887,8005895,8000028,8004759,8004284,8002794,8000284,;602
2021-12-16T04:53:00.000Z;Stammbach;RE;RE 39;39;3466;8005674;8005674%2021-12-16T04:53:00.000Z%,8003887,8000267,8006017,8003476,8003813,8001289,8002878,8000228,;602
2021-12-16T05:41:00.000Z;Stammbach;RE;RE 39;39;3465;8005674;8005674%2021-12-16T05:41:00.000Z%,8004126,8005545,8002019,8005466,8000287,8002924,;602
2021-12-16T06:06:00.000Z;Stammbach;RE;RE 35;35;59280;8005674;8005674%2021-12-16T06:06:00.000Z%,8003887,8000267,8006017,8003476,8001289,8000228,;602
2021-12-16T06:47:00.000Z;Stammbach;RE;RE 39;39;3467;8005674;8005674%2021-12-16T06:47:00.000Z%,8004126,8005466,8002924,;602
2021-12-16T07:50:00.000Z;Stammbach;RE;RE 39;39;59303;8005674;8005674%2021-12-16T07:50:00.000Z%,8004126,8005466,8002924,;602
2021-12-16T08:06:00.000Z;Stammbach;RE;RE 39;39;59282;8005674;8005674%2021-12-16T08:06:00.000Z%,8003887,8000267,8006017,8003476,8001289,8002878,8000228,;602
2021-12-16T09:51:00.000Z;Stammbach;RE;RE 39;39;59307;8005674;8005674%2021-12-16T09:51:00.000Z%,8004126,8005466,8002924,;602
2021-12-16T10:06:00.000Z;Stammbach;RE;RE 39;39;59284;8005674;8005674%2021-12-16T10:06:00.000Z%,8003887,8000267,8006017,8003476,8001289,8000228,;602
2021-12-16T11:51:00.000Z;Stammbach;RE;RE 39;39;59309;8005674;8005674%2021-12-16T11:51:00.000Z%,8004126,8005466,8002924,;602
2021-12-16T12:06:00.000Z;Stammbach;RE;RE 39;39;59286;8005674;8005674%2021-12-16T12:06:00.000Z%,8003887,8000267,8003476,8001289,8002878,8000228,;602
2021-12-16T12:48:00.000Z;Stammbach;RE;RE 35;35;3492;8005674;8005674%2021-12-16T12:48:00.000Z%,8004126,8005466,8002924,;602
2021-12-16T13:51:00.000Z;Stammbach;RE;RE 39;39;59311;8005674;8005674%2021-12-16T13:51:00.000Z%,8004126,8005466,8002924,;602
2021-12-16T14:06:00.000Z;Stammbach;RE;RE 39;39;59288;8005674;8005674%2021-12-16T14:06:00.000Z%,8003887,8000267,8006017,8003476,8001289,8000228,;602
2021-12-16T14:48:00.000Z;Stammbach;RE;RE 35;35;3494;8005674;8005674%2021-12-16T14:48:00.000Z%,8004126,8005466,8002924,;602
2021-12-16T15:51:00.000Z;Stammbach;RE;RE 39;39;59313;8005674;8005674%2021-12-16T15:51:00.000Z%,8004126,8005466,8002924,;602
2021-12-16T16:06:00.000Z;Stammbach;RE;RE 39;39;59290;8005674;8005674%2021-12-16T16:06:00.000Z%,8003887,8000267,8006017,8003476,8001289,8000228,;602
2021-12-16T17:52:00.000Z;Stammbach;RE;RE 39;39;59315;8005674;8005674%2021-12-16T17:52:00.000Z%,8004126,8005466,8002924,;602
2021-12-16T18:06:00.000Z;Stammbach;RE;RE 35;35;59294;8005674;8005674%2021-12-16T18:06:00.000Z%,8003887,8000267,8003476,8001289,8002878,8000228,;602
2021-12-16T20:07:00.000Z;Stammbach;RE;RE 39;39;59296;8005674;8005674%2021-12-16T20:07:00.000Z%,8003887,8000267,8006017,8003476,8003813,8001289,8002878,8000228,;602
2021-12-15T20:15:00.000Z;Steinach(Baden);RE;RE 2;2;4741;8005688;8005688%2021-12-15T20:23:00.000Z%8,8002621,8000333,8003001,8005902,8005644,8000366,8000077,8002214,8000182,8001790,8006321,8004107,8005560,8000073,8000880,8000496,8003401,8003400,;602
2021-12-15T22:44:00.000Z;Steinach(Baden);RE;RE 2;2;4747;8005688;8005688%2021-12-15T22:44:00.000Z%,8002621,8000333,8003001,8005902,8005644,8000366,;602
2021-12-16T04:39:00.000Z;Steinach(Baden);RE;RE 2;2;4705;8005688;8005688%2021-12-16T04:39:00.000Z%,8002621,8000333,8003001,8005902,8005644,8000366,8000077,8000182,8001790,8006321,8004107,8000073,8079616,8001059,8000880,8003872,8000496,8002683,8004997,8003416,8003404,8003401,8003400,;602
2021-12-16T05:29:00.000Z;Steinach(Baden);RE;RE 2;2;4704;8005688;8005688%2021-12-16T05:29:00.000Z%,8000942,8002235,8000290,8000596,8005037,8000412,8001252,8000774,8000306,8004178,8003832,8000191,;602
2021-12-16T05:59:00.000Z;Steinach(Baden);RE;RE 2;2;4706;8005688;8005688%2021-12-16T05:59:00.000Z%,8000942,8002235,8004639,8000290,;602
2021-12-16T06:13:00.000Z;Steinach(Baden);RE;RE 2;2;4709;8005688;8005688%2021-12-16T06:13:00.000Z%,8002621,8000333,8003001,8005902,8005644,8000366,8000077,8000182,8001790,8000073,8000880,8000496,8003401,8003400,;602
2021-12-15T20:37:00.000Z;Steinfurt-Grottenkamp;RB;RB 64;64;20232;8005712;8005712%2021-12-15T20:38:00.000Z%1,8000062,8004001,8004613,8000382,8400011,8400012,8400212,;426
2021-12-15T21:11:00.000Z;Steinfurt-Grottenkamp;RB;RB 64;64;20231;8005712;8005712%2021-12-15T21:11:00.000Z%0,8001096,8004461,8000518,8004426,8004173,8000263,;426
2021-12-15T21:37:00.000Z;Steinfurt-Grottenkamp;RB;RB 64;64;20234;8005712;8005712%2021-12-15T21:37:00.000Z%,8000062,8004001,8004613,8000382,8400011,8400012,8400212,;426
2021-12-15T22:11:00.000Z;Steinfurt-Grottenkamp;RB;RB 64;64;20233;8005712;8005712%2021-12-15T22:11:00.000Z%,8001096,8004461,8000518,8004426,8004173,8000263,;426
2021-12-15T22:37:00.000Z;Steinfurt-Grottenkamp;RB;RB 64;64;20236;8005712;8005712%2021-12-15T22:37:00.000Z%,8000062,8004001,8004613,8000382,8400011,8400012,8400212,;426
2021-12-15T23:37:00.000Z;Steinfurt-Grottenkamp;RB;RB 64;64;20238;8005712;8005712%2021-12-15T23:37:00.000Z%,8000062,8004001,8004613,8000382,;426
2021-12-16T04:11:00.000Z;Steinfurt-Grottenkamp;RB;RB 64;64;14981;8005712;8005712%2021-12-16T04:11:00.000Z%,8001096,8004461,8000518,8004426,8004173,8000263,;426
2021-12-16T04:37:00.000Z;Steinfurt-Grottenkamp;RB;RB 64;64;20200;8005712;8005712%2021-12-16T04:37:00.000Z%,8000062,8004001,8004613,8000382,8400011,8400012,8400212,;426
2021-12-16T04:46:00.000Z;Steinfurt-Grottenkamp;RB;RB 64;64;14983;8005712;8005712%2021-12-16T04:46:00.000Z%,8001096,8004461,8000518,8004426,8004173,8000263,;426
2021-12-16T05:11:00.000Z;Steinfurt-Grottenkamp;RB;RB 64;64;14985;8005712;8005712%2021-12-16T05:11:00.000Z%,8001096,8004461,8000518,8004426,8004173,8000263,;426
2021-12-16T05:37:00.000Z;Steinfurt-Grottenkamp;RB;RB 64;64;20202;8005712;8005712%2021-12-16T05:37:00.000Z%,8000062,8004001,8004613,8000382,8400011,8400012,8400212,;426
2021-12-16T05:46:00.000Z;Steinfurt-Grottenkamp;RB;RB 64;64;14987;8005712;8005712%2021-12-16T05:46:00.000Z%,8001096,8004461,8000518,8004426,8004173,8000263,;426
2021-12-16T06:11:00.000Z;Steinfurt-Grottenkamp;RB;RB 64;64;20201;8005712;8005712%2021-12-16T06:11:00.000Z%,8001096,8004461,8000518,8004426,8004173,8000263,;426
2021-12-16T06:17:00.000Z;Steinfurt-Grottenkamp;RB;RB 64;64;14980;8005712;8005712%2021-12-16T06:17:00.000Z%,8000062,;426
2021-12-16T06:37:00.000Z;Steinfurt-Grottenkamp;RB;RB 64;64;20204;8005712;8005712%2021-12-16T06:37:00.000Z%,8000062,8004001,8004613,8000382,8400011,8400012,8400212,;426
2021-12-16T06:46:00.000Z;Steinfurt-Grottenkamp;RB;RB 64;64;14989;8005712;8005712%2021-12-16T06:46:00.000Z%,8001096,8004461,8000518,8004426,8004173,8000263,;426
2021-12-16T07:11:00.000Z;Steinfurt-Grottenkamp;RB;RB 64;64;20203;8005712;8005712%2021-12-16T07:11:00.000Z%,8001096,8004461,8000518,8004426,8004173,8000263,;426
2021-12-16T07:17:00.000Z;Steinfurt-Grottenkamp;RB;RB 64;64;14982;8005712;8005712%2021-12-16T07:17:00.000Z%,8000062,;426
2021-12-16T07:37:00.000Z;Steinfurt-Grottenkamp;RB;RB 64;64;20206;8005712;8005712%2021-12-16T07:37:00.000Z%,8000062,8004001,8004613,8000382,8400011,8400012,8400212,;426
2021-12-16T07:46:00.000Z;Steinfurt-Grottenkamp;RB;RB 64;64;14991;8005712;8005712%2021-12-16T07:46:00.000Z%,8001096,8004461,8000518,8004426,8004173,8000263,;426
2021-12-16T08:11:00.000Z;Steinfurt-Grottenkamp;RB;RB 64;64;20205;8005712;8005712%2021-12-16T08:11:00.000Z%,8001096,8004461,8000518,8004426,8004173,8000263,;426
2021-12-16T08:37:00.000Z;Steinfurt-Grottenkamp;RB;RB 64;64;20208;8005712;8005712%2021-12-16T08:37:00.000Z%,8000062,8004001,8004613,8000382,8400011,8400012,8400212,;426
2021-12-16T09:11:00.000Z;Steinfurt-Grottenkamp;RB;RB 64;64;20207;8005712;8005712%2021-12-16T09:11:00.000Z%,8001096,8004461,8000518,8004426,8004173,8000263,;426
2021-12-16T09:37:00.000Z;Steinfurt-Grottenkamp;RB;RB 64;64;20210;8005712;8005712%2021-12-16T09:37:00.000Z%,8000062,8004001,8004613,8000382,8400011,8400012,8400212,;426
2021-12-16T10:11:00.000Z;Steinfurt-Grottenkamp;RB;RB 64;64;20209;8005712;8005712%2021-12-16T10:11:00.000Z%,8001096,8004461,8000518,8004426,8004173,8000263,;426
2021-12-16T10:37:00.000Z;Steinfurt-Grottenkamp;RB;RB 64;64;20212;8005712;8005712%2021-12-16T10:37:00.000Z%,8000062,8004001,8004613,8000382,8400011,8400012,8400212,;426
2021-12-16T11:11:00.000Z;Steinfurt-Grottenkamp;RB;RB 64;64;20211;8005712;8005712%2021-12-16T11:11:00.000Z%,8001096,8004461,8000518,8004426,8004173,8000263,;426
2021-12-16T11:37:00.000Z;Steinfurt-Grottenkamp;RB;RB 64;64;20214;8005712;8005712%2021-12-16T11:37:00.000Z%,8000062,8004001,8004613,8000382,8400011,8400012,8400212,;426
2021-12-16T12:11:00.000Z;Steinfurt-Grottenkamp;RB;RB 64;64;20213;8005712;8005712%2021-12-16T12:11:00.000Z%,8001096,8004461,8000518,8004426,8004173,8000263,;426
2021-12-16T12:37:00.000Z;Steinfurt-Grottenkamp;RB;RB 64;64;20216;8005712;8005712%2021-12-16T12:37:00.000Z%,8000062,8004001,8004613,8000382,8400011,8400012,8400212,;426
2021-12-16T13:11:00.000Z;Steinfurt-Grottenkamp;RB;RB 64;64;20215;8005712;8005712%2021-12-16T13:11:00.000Z%,8001096,8004461,8000518,8004426,8004173,8000263,;426
2021-12-16T13:17:00.000Z;Steinfurt-Grottenkamp;RB;RB 64;64;14984;8005712;8005712%2021-12-16T13:17:00.000Z%,8000062,8004001,8004613,8000382,;426
2021-12-16T13:37:00.000Z;Steinfurt-Grottenkamp;RB;RB 64;64;20218;8005712;8005712%2021-12-16T13:37:00.000Z%,8000062,8004001,8004613,8000382,8400011,8400012,8400212,;426
2021-12-16T13:46:00.000Z;Steinfurt-Grottenkamp;RB;RB 64;64;14993;8005712;8005712%2021-12-16T13:46:00.000Z%,8001096,8004461,8000518,8004426,8004173,8000263,;426
2021-12-16T14:11:00.000Z;Steinfurt-Grottenkamp;RB;RB 64;64;20217;8005712;8005712%2021-12-16T14:11:00.000Z%,8001096,8004461,8000518,8004426,8004173,8000263,;426
2021-12-16T14:17:00.000Z;Steinfurt-Grottenkamp;RB;RB 64;64;14986;8005712;8005712%2021-12-16T14:17:00.000Z%,8000062,8004001,8004613,8000382,;426
2021-12-16T14:37:00.000Z;Steinfurt-Grottenkamp;RB;RB 64;64;20220;8005712;8005712%2021-12-16T14:37:00.000Z%,8000062,8004001,8004613,8000382,8400011,8400012,8400212,;426
2021-12-16T14:46:00.000Z;Steinfurt-Grottenkamp;RB;RB 64;64;14995;8005712;8005712%2021-12-16T14:46:00.000Z%,8001096,8004461,8000518,8004426,8004173,8000263,;426
2021-12-16T15:11:00.000Z;Steinfurt-Grottenkamp;RB;RB 64;64;20219;8005712;8005712%2021-12-16T15:11:00.000Z%,8001096,8004461,8000518,8004426,8004173,8000263,;426
2021-12-16T15:17:00.000Z;Steinfurt-Grottenkamp;RB;RB 64;64;14988;8005712;8005712%2021-12-16T15:17:00.000Z%,8000062,8004001,8004613,8000382,;426
2021-12-16T15:37:00.000Z;Steinfurt-Grottenkamp;RB;RB 64;64;20222;8005712;8005712%2021-12-16T15:37:00.000Z%,8000062,8004001,8004613,8000382,8400011,8400012,8400212,;426
2021-12-16T15:46:00.000Z;Steinfurt-Grottenkamp;RB;RB 64;64;14997;8005712;8005712%2021-12-16T15:46:00.000Z%,8001096,8004461,8000518,8004426,8004173,8000263,;426
2021-12-16T16:11:00.000Z;Steinfurt-Grottenkamp;RB;RB 64;64;20221;8005712;8005712%2021-12-16T16:11:00.000Z%,8001096,8004461,8000518,8004426,8004173,8000263,;426
2021-12-16T16:17:00.000Z;Steinfurt-Grottenkamp;RB;RB 64;64;14990;8005712;8005712%2021-12-16T16:17:00.000Z%,8000062,8004001,8004613,8000382,;426
2021-12-16T16:37:00.000Z;Steinfurt-Grottenkamp;RB;RB 64;64;20224;8005712;8005712%2021-12-16T16:37:00.000Z%,8000062,8004001,8004613,8000382,8400011,8400012,8400212,;426
2021-12-16T16:46:00.000Z;Steinfurt-Grottenkamp;RB;RB 64;64;14999;8005712;8005712%2021-12-16T16:46:00.000Z%,8001096,8004461,8000518,8004426,8004173,8000263,;426
2021-12-16T17:11:00.000Z;Steinfurt-Grottenkamp;RB;RB 64;64;20223;8005712;8005712%2021-12-16T17:11:00.000Z%,8001096,8004461,8000518,8004426,8004173,8000263,;426
2021-12-16T17:17:00.000Z;Steinfurt-Grottenkamp;RB;RB 64;64;14992;8005712;8005712%2021-12-16T17:17:00.000Z%,8000062,8004001,8004613,8000382,;426
2021-12-16T17:37:00.000Z;Steinfurt-Grottenkamp;RB;RB 64;64;20226;8005712;8005712%2021-12-16T17:37:00.000Z%,8000062,8004001,8004613,8000382,8400011,8400012,8400212,;426
2021-12-16T18:11:00.000Z;Steinfurt-Grottenkamp;RB;RB 64;64;20225;8005712;8005712%2021-12-16T18:11:00.000Z%,8001096,8004461,8000518,8004426,8004173,8000263,;426
2021-12-16T18:17:00.000Z;Steinfurt-Grottenkamp;RB;RB 64;64;14994;8005712;8005712%2021-12-16T18:17:00.000Z%,8000062,8004001,8004613,8000382,;426
2021-12-16T18:37:00.000Z;Steinfurt-Grottenkamp;RB;RB 64;64;20228;8005712;8005712%2021-12-16T18:37:00.000Z%,8000062,8004001,8004613,8000382,8400011,8400012,8400212,;426
2021-12-16T19:11:00.000Z;Steinfurt-Grottenkamp;RB;RB 64;64;20227;8005712;8005712%2021-12-16T19:11:00.000Z%,8001096,8004461,8000518,8004426,8004173,8000263,;426
2021-12-16T19:37:00.000Z;Steinfurt-Grottenkamp;RB;RB 64;64;20230;8005712;8005712%2021-12-16T19:37:00.000Z%,8000062,8004001,8004613,8000382,8400011,8400012,8400212,;426
2021-12-16T20:11:00.000Z;Steinfurt-Grottenkamp;RB;RB 64;64;20229;8005712;8005712%2021-12-16T20:11:00.000Z%,8001096,8004461,8000518,8004426,8004173,8000263,;426
2021-12-15T21:30:00.000Z;Stockheim(Oberfr);RE;RE 14;14;4916;8005737;8005737%2021-12-15T21:30:00.000Z%0,8004881,8002020,8005692,8003770,8010288,;602
2021-12-15T21:44:00.000Z;Stockheim(Oberfr);RE;RE 42;42;4997;8005737;8005737%2021-12-15T21:45:00.000Z%1,8002467,8003446,8004319,8003472,8004979,8002878,8004011,8000228,8005670,8001623,8006634,8001640,8001149,8002542,8000025,;602
2021-12-15T22:36:00.000Z;Stockheim(Oberfr);RE;RE 42;42;4998;8005737;8005737%2021-12-15T22:36:00.000Z%0,8004881,8002020,8005692,8003770,;602
2021-12-16T04:34:00.000Z;Stockheim(Oberfr);RE;RE 14;14;4979;8005737;8005737%2021-12-16T04:34:00.000Z%,8002467,8003446,8004319,8003472,8004979,8002878,8004011,8000228,8005670,8001623,8006634,8001640,8001149,8002542,8000025,;602
2021-12-16T05:04:00.000Z;Stockheim(Oberfr);RE;RE 14;14;4900;8005737;8005737%2021-12-16T05:04:00.000Z%,8004881,8002020,8005692,8003770,8010288,8012000,8010309,;602
2021-12-16T05:40:00.000Z;Stockheim(Oberfr);RE;RE 14;14;4981;8005737;8005737%2021-12-16T05:40:00.000Z%,8002467,8003446,8004319,8003472,8004979,8002878,8004011,8000228,8005670,8001623,8006634,8001640,8001149,8002542,8000025,8002853,8002024,8001844,8000114,8000284,;602
2021-12-16T06:07:00.000Z;Stockheim(Oberfr);RE;RE 42;42;4941;8005737;8005737%2021-12-16T06:07:00.000Z%,8002467,8003446,8004319,8003472,8004979,8002878,8004011,8000228,8005670,8001623,8006634,8001640,8001149,8002542,8000025,8002853,8002024,8001844,8000114,8000284,;602
2021-12-16T06:18:00.000Z;Stockheim(Oberfr);RE;RE 42;42;4982;8005737;8005737%2021-12-16T06:18:00.000Z%,8004881,8005692,8003770,8010288,8013171,8012000,8010309,8010307,8010306,8011985,8010133,8011956,8013474,8010240,8010368,8010205,;602
2021-12-16T06:50:00.000Z;Stockheim(Oberfr);RE;RE 14;14;4903;8005737;8005737%2021-12-16T06:50:00.000Z%,8003446,8004319,8003472,8004979,8000228,8005670,8001149,8000025,8002853,8002024,8001844,8000114,8000284,;602
2021-12-16T07:03:00.000Z;Stockheim(Oberfr);RE;RE 14;14;4902;8005737;8005737%2021-12-16T07:03:00.000Z%,8004881,8005692,8003770,8010288,8012000,8010309,;602
2021-12-16T07:44:00.000Z;Stockheim(Oberfr);RE;RE 42;42;4983;8005737;8005737%2021-12-16T07:44:00.000Z%,8002467,8003446,8004319,8003472,8004979,8002878,8004011,8000228,8005670,8001623,8006634,8001149,8000025,8002853,8002024,8001844,8000114,8000284,;602
2021-12-16T08:12:00.000Z;Stockheim(Oberfr);RE;RE 42;42;4984;8005737;8005737%2021-12-16T08:12:00.000Z%,8004881,8002020,8005692,8003770,8010288,8013171,8012000,8011267,8010309,8010307,8010306,8011985,8010133,8011956,8013474,8010240,8010368,8010205,;602
2021-12-16T08:53:00.000Z;Stockheim(Oberfr);RE;RE 14;14;4905;8005737;8005737%2021-12-16T08:53:00.000Z%,8003446,8003472,8000228,8005670,8001149,8000025,8002853,8002024,8001844,8000114,8000284,;602
2021-12-16T09:02:00.000Z;Stockheim(Oberfr);RE;RE 14;14;4904;8005737;8005737%2021-12-16T09:02:00.000Z%,8004881,8005692,8003770,8010288,8012000,8010309,;602
2021-12-16T09:44:00.000Z;Stockheim(Oberfr);RE;RE 42;42;4985;8005737;8005737%2021-12-16T09:44:00.000Z%,8002467,8003446,8004319,8003472,8004979,8002878,8004011,8000228,8005670,8001623,8006634,8001149,8000025,8002853,8002024,8001844,8000114,8000284,;602
2021-12-16T10:12:00.000Z;Stockheim(Oberfr);RE;RE 42;42;4986;8005737;8005737%2021-12-16T10:12:00.000Z%,8004881,8002020,8005692,8003770,8010288,8013171,8012000,8011267,8010309,8010307,8010306,8011985,8010133,8011956,8013474,8010240,8010368,8010205,;602
2021-12-16T10:53:00.000Z;Stockheim(Oberfr);RE;RE 14;14;4907;8005737;8005737%2021-12-16T10:53:00.000Z%,8003446,8003472,8000228,8005670,8001149,8000025,8002853,8002024,8001844,8000114,8000284,;602
2021-12-16T11:02:00.000Z;Stockheim(Oberfr);RE;RE 14;14;4906;8005737;8005737%2021-12-16T11:02:00.000Z%,8004881,8005692,8003770,8010288,8012000,8010309,;602
2021-12-16T11:44:00.000Z;Stockheim(Oberfr);RE;RE 42;42;4987;8005737;8005737%2021-12-16T11:44:00.000Z%,8002467,8003446,8004319,8003472,8004979,8002878,8004011,8000228,8005670,8001623,8006634,8001149,8000025,8002853,8002024,8001844,8000114,8000284,;602
2021-12-16T12:16:00.000Z;Stockheim(Oberfr);RE;RE 42;42;4988;8005737;8005737%2021-12-16T12:16:00.000Z%,8004881,8002020,8005692,8003770,8010288,8013171,8012000,8011267,8010309,8010307,8010306,8011985,8010133,8011956,8013474,8010240,8010368,8010205,;602
2021-12-16T12:53:00.000Z;Stockheim(Oberfr);RE;RE 14;14;4909;8005737;8005737%2021-12-16T12:53:00.000Z%,8003446,8003472,8000228,8005670,8001149,8000025,8002853,8002024,8001844,8000114,8000284,;602
2021-12-16T13:04:00.000Z;Stockheim(Oberfr);RE;RE 14;14;4908;8005737;8005737%2021-12-16T13:04:00.000Z%,8004881,8005692,8003770,8010288,8012000,8010309,;602
2021-12-16T13:44:00.000Z;Stockheim(Oberfr);RE;RE 42;42;4989;8005737;8005737%2021-12-16T13:44:00.000Z%,8002467,8003446,8004319,8003472,8004979,8002878,8004011,8000228,8005670,8001623,8006634,8001149,8000025,8002853,8002024,8001844,8000114,8000284,;602
2021-12-16T14:12:00.000Z;Stockheim(Oberfr);RE;RE 42;42;4990;8005737;8005737%2021-12-16T14:12:00.000Z%,8004881,8002020,8005692,8003770,8010288,8013171,8012000,8011267,8010309,8010307,8010306,8011985,8010133,8011956,8013474,8010240,8010368,8010205,;602
2021-12-16T14:53:00.000Z;Stockheim(Oberfr);RE;RE 14;14;4911;8005737;8005737%2021-12-16T14:53:00.000Z%,8003446,8003472,8000228,8005670,8001149,8000025,8002853,8002024,8001844,8000114,8000284,;602
2021-12-16T15:02:00.000Z;Stockheim(Oberfr);RE;RE 14;14;4910;8005737;8005737%2021-12-16T15:02:00.000Z%,8004881,8005692,8003770,8010288,8012000,8010309,;602
2021-12-16T15:44:00.000Z;Stockheim(Oberfr);RE;RE 42;42;4991;8005737;8005737%2021-12-16T15:44:00.000Z%,8002467,8003446,8004319,8003472,8004979,8002878,8004011,8000228,8005670,8001623,8006634,8001149,8000025,8002853,8002024,8001844,8000114,8000284,;602
2021-12-16T16:12:00.000Z;Stockheim(Oberfr);RE;RE 42;42;4992;8005737;8005737%2021-12-16T16:12:00.000Z%,8004881,8002020,8005692,8003770,8010288,8013171,8012000,8011267,8010309,8010307,8010306,8011985,8010133,8011956,8013474,8010240,8010368,8010205,;602
2021-12-16T16:53:00.000Z;Stockheim(Oberfr);RE;RE 14;14;4913;8005737;8005737%2021-12-16T16:53:00.000Z%,8003446,8003472,8000228,8005670,8001149,8000025,8002853,8002024,8001844,8000114,8000284,;602
2021-12-16T17:03:00.000Z;Stockheim(Oberfr);RE;RE 14;14;4912;8005737;8005737%2021-12-16T17:03:00.000Z%,8004881,8005692,8003770,8010288,8012000,8010309,;602
2021-12-16T17:44:00.000Z;Stockheim(Oberfr);RE;RE 42;42;4993;8005737;8005737%2021-12-16T17:44:00.000Z%,8002467,8003446,8004319,8003472,8004979,8002878,8004011,8000228,8005670,8001623,8006634,8001149,8000025,8002853,8002024,8001844,8000114,8000284,;602
2021-12-16T18:12:00.000Z;Stockheim(Oberfr);RE;RE 42;42;4994;8005737;8005737%2021-12-16T18:12:00.000Z%,8004881,8002020,8005692,8003770,8010288,8013171,8012000,8011267,8010309,8010307,8010306,8011985,8010133,8011956,8013474,8010240,8010368,8010205,;602
2021-12-16T18:53:00.000Z;Stockheim(Oberfr);RE;RE 14;14;4915;8005737;8005737%2021-12-16T18:53:00.000Z%,8003446,8003472,8000228,8005670,8001149,8000025,8002853,8002024,8001844,8000114,8000284,;602
2021-12-16T19:12:00.000Z;Stockheim(Oberfr);RE;RE 14;14;4914;8005737;8005737%2021-12-16T19:12:00.000Z%,8004881,8005692,8003770,8010288,8012000,8010309,;602
2021-12-16T19:44:00.000Z;Stockheim(Oberfr);RE;RE 42;42;4995;8005737;8005737%2021-12-16T19:44:00.000Z%,8002467,8003446,8004319,8003472,8004979,8002878,8004011,8000228,;602
2021-12-16T20:13:00.000Z;Stockheim(Oberfr);RE;RE 42;42;4996;8005737;8005737%2021-12-16T20:13:00.000Z%,8004881,8002020,8005692,8003770,8010288,8013171,8012000,8011267,8010309,8010307,8010306,8011985,8010133,8011956,8011058,;602
2021-12-15T22:03:00.000Z;Storzingen;RB;RB 53;53;17820;8005747;8005747%2021-12-15T22:03:00.000Z%,8005750,8000473,;426
2021-12-16T05:41:00.000Z;Storzingen;RB;RB 6;6;22990;8005747;8005747%2021-12-16T05:41:00.000Z%,8005750,8000473,;426
2021-12-16T05:42:00.000Z;Storzingen;RB;RB 51;51;17801;8005747;8005747%2021-12-16T05:42:00.000Z%,8000069,8005568,8003969,8000160,8002760,8005301,8000559,8000014,8000746,8000944,8000943,8006212,8005334,8003592,8001820,8005954,8000170,;426
2021-12-16T06:09:00.000Z;Storzingen;RB;RB 6;6;22997;8005747;8005747%2021-12-16T06:09:00.000Z%,8000069,;426
2021-12-15T22:10:00.000Z;Straßberg-Winterlingen;RB;RB 53;53;17820;8005750;8005750%2021-12-15T22:10:00.000Z%,8000473,;426
2021-12-16T05:30:00.000Z;Straßberg-Winterlingen;RB;RB 51;51;17801;8005750;8005750%2021-12-16T05:30:00.000Z%,8005747,8000069,8005568,8003969,8000160,8002760,8005301,8000559,8000014,8000746,8000944,8000943,8006212,8005334,8003592,8001820,8005954,8000170,;426
2021-12-16T05:48:00.000Z;Straßberg-Winterlingen;RB;RB 6;6;22990;8005750;8005750%2021-12-16T05:48:00.000Z%,8000473,;426
2021-12-16T06:03:00.000Z;Straßberg-Winterlingen;RB;RB 6;6;22997;8005750;8005750%2021-12-16T06:03:00.000Z%,8005747,8000069,;426
2021-12-15T20:54:00.000Z;Suchsdorf;RB;RB 72;72;21932;8005781;8005781%2021-12-15T20:54:00.000Z%0,8002266,8001654,;426
2021-12-15T21:13:00.000Z;Suchsdorf;RB;RB 72;72;21939;8005781;8005781%2021-12-15T21:13:00.000Z%,8003479,8003474,8000199,;426
2021-12-15T21:59:00.000Z;Suchsdorf;RB;RB 72;72;21934;8005781;8005781%2021-12-15T21:59:00.000Z%,8002266,8001654,;426
2021-12-15T22:18:00.000Z;Suchsdorf;RB;RB 72;72;21941;8005781;8005781%2021-12-15T22:18:00.000Z%,8003479,8003474,8000199,;426
2021-12-15T22:59:00.000Z;Suchsdorf;RB;RB 72;72;21936;8005781;8005781%2021-12-15T22:59:00.000Z%,8002266,8001654,;426
2021-12-15T23:18:00.000Z;Suchsdorf;RB;RB 72;72;21943;8005781;8005781%2021-12-15T23:18:00.000Z%,8003479,8003474,8000199,;426
2021-12-15T23:59:00.000Z;Suchsdorf;RB;RB 73;73;21938;8005781;8005781%2021-12-15T23:59:00.000Z%,8002266,8001654,;426
2021-12-16T00:18:00.000Z;Suchsdorf;RB;RB 72;72;21949;8005781;8005781%2021-12-16T00:18:00.000Z%,8003479,8003474,8000199,;426
2021-12-16T00:42:00.000Z;Suchsdorf;RB;RB 73;73;21945;8005781;8005781%2021-12-16T00:42:00.000Z%,8003479,8003474,8000199,;426
2021-12-16T03:25:00.000Z;Suchsdorf;RB;RB 72;72;21946;8005781;8005781%2021-12-16T03:25:00.000Z%,8002266,8001654,;426
2021-12-16T03:48:00.000Z;Suchsdorf;RB;RB 73;73;21998;8005781;8005781%2021-12-16T03:48:00.000Z%,8002266,8001654,;426
2021-12-16T04:05:00.000Z;Suchsdorf;RB;RB 73;73;21905;8005781;8005781%2021-12-16T04:05:00.000Z%,8003479,8003474,8000199,;426
2021-12-16T04:28:00.000Z;Suchsdorf;RE;RE 72;72;21948;8005781;8005781%2021-12-16T04:28:00.000Z%,8002266,8001654,;602
2021-12-16T04:39:00.000Z;Suchsdorf;RB;RB 73;73;21957;8005781;8005781%2021-12-16T04:39:00.000Z%,8003479,8003474,8000199,;426
2021-12-16T04:50:00.000Z;Suchsdorf;RE;RE 72;72;21900;8005781;8005781%2021-12-16T04:50:00.000Z%,8002266,8001654,;602
2021-12-16T05:08:00.000Z;Suchsdorf;RE;RE 72;72;21907;8005781;8005781%2021-12-16T05:08:00.000Z%,8000199,;602
2021-12-16T05:20:00.000Z;Suchsdorf;RB;RB 73;73;21950;8005781;8005781%2021-12-16T05:20:00.000Z%,8002266,8001654,;426
2021-12-16T05:38:00.000Z;Suchsdorf;RB;RB 73;73;21959;8005781;8005781%2021-12-16T05:38:00.000Z%,8003479,8003474,8000199,;426
2021-12-16T05:50:00.000Z;Suchsdorf;RE;RE 72;72;21902;8005781;8005781%2021-12-16T05:50:00.000Z%,8002266,8001654,;602
2021-12-16T06:08:00.000Z;Suchsdorf;RE;RE 72;72;21909;8005781;8005781%2021-12-16T06:08:00.000Z%,8000199,;602
2021-12-16T06:20:00.000Z;Suchsdorf;RB;RB 73;73;21952;8005781;8005781%2021-12-16T06:20:00.000Z%,8002266,8001654,;426
2021-12-16T06:38:00.000Z;Suchsdorf;RB;RB 73;73;21961;8005781;8005781%2021-12-16T06:38:00.000Z%,8003479,8003474,8000199,;426
2021-12-16T06:50:00.000Z;Suchsdorf;RE;RE 72;72;21904;8005781;8005781%2021-12-16T06:50:00.000Z%,8002266,8001654,;602
2021-12-16T07:08:00.000Z;Suchsdorf;RE;RE 72;72;21911;8005781;8005781%2021-12-16T07:08:00.000Z%,8000199,;602
2021-12-16T07:20:00.000Z;Suchsdorf;RB;RB 73;73;21954;8005781;8005781%2021-12-16T07:20:00.000Z%,8002266,8001654,;426
2021-12-16T07:38:00.000Z;Suchsdorf;RB;RB 73;73;21963;8005781;8005781%2021-12-16T07:38:00.000Z%,8003479,8003474,8000199,;426
2021-12-16T07:50:00.000Z;Suchsdorf;RE;RE 72;72;21906;8005781;8005781%2021-12-16T07:50:00.000Z%,8002266,8001654,;602
2021-12-16T08:08:00.000Z;Suchsdorf;RE;RE 72;72;21913;8005781;8005781%2021-12-16T08:08:00.000Z%,8000199,;602
2021-12-16T08:20:00.000Z;Suchsdorf;RB;RB 73;73;21956;8005781;8005781%2021-12-16T08:20:00.000Z%,8002266,8001654,;426
2021-12-16T08:38:00.000Z;Suchsdorf;RB;RB 73;73;21965;8005781;8005781%2021-12-16T08:38:00.000Z%,8003479,8003474,8000199,;426
2021-12-16T08:50:00.000Z;Suchsdorf;RE;RE 72;72;21908;8005781;8005781%2021-12-16T08:50:00.000Z%,8002266,8001654,;602
2021-12-16T09:08:00.000Z;Suchsdorf;RE;RE 72;72;21915;8005781;8005781%2021-12-16T09:08:00.000Z%,8000199,;602
2021-12-16T09:20:00.000Z;Suchsdorf;RB;RB 73;73;21958;8005781;8005781%2021-12-16T09:20:00.000Z%,8002266,8001654,;426
2021-12-16T09:38:00.000Z;Suchsdorf;RB;RB 73;73;21967;8005781;8005781%2021-12-16T09:38:00.000Z%,8003479,8003474,8000199,;426
2021-12-16T09:50:00.000Z;Suchsdorf;RE;RE 72;72;21910;8005781;8005781%2021-12-16T09:50:00.000Z%,8002266,8001654,;602
2021-12-16T10:08:00.000Z;Suchsdorf;RE;RE 72;72;21917;8005781;8005781%2021-12-16T10:08:00.000Z%,8000199,;602
2021-12-16T10:20:00.000Z;Suchsdorf;RB;RB 73;73;21960;8005781;8005781%2021-12-16T10:20:00.000Z%,8002266,8001654,;426
2021-12-16T10:38:00.000Z;Suchsdorf;RB;RB 73;73;21969;8005781;8005781%2021-12-16T10:38:00.000Z%,8003479,8003474,8000199,;426
2021-12-16T10:50:00.000Z;Suchsdorf;RE;RE 72;72;21912;8005781;8005781%2021-12-16T10:50:00.000Z%,8002266,8001654,;602
2021-12-16T11:08:00.000Z;Suchsdorf;RE;RE 72;72;21919;8005781;8005781%2021-12-16T11:08:00.000Z%,8000199,;602
2021-12-16T11:20:00.000Z;Suchsdorf;RB;RB 73;73;21962;8005781;8005781%2021-12-16T11:20:00.000Z%,8002266,8001654,;426
2021-12-16T11:38:00.000Z;Suchsdorf;RB;RB 73;73;21971;8005781;8005781%2021-12-16T11:38:00.000Z%,8003479,8003474,8000199,;426
2021-12-16T11:50:00.000Z;Suchsdorf;RE;RE 72;72;21914;8005781;8005781%2021-12-16T11:50:00.000Z%,8002266,8001654,;602
2021-12-16T12:08:00.000Z;Suchsdorf;RE;RE 72;72;21921;8005781;8005781%2021-12-16T12:08:00.000Z%,8000199,;602
2021-12-16T12:20:00.000Z;Suchsdorf;RB;RB 73;73;21964;8005781;8005781%2021-12-16T12:20:00.000Z%,8002266,8001654,;426
2021-12-16T12:38:00.000Z;Suchsdorf;RB;RB 73;73;21973;8005781;8005781%2021-12-16T12:38:00.000Z%,8003479,8003474,8000199,;426
2021-12-16T12:50:00.000Z;Suchsdorf;RE;RE 72;72;21916;8005781;8005781%2021-12-16T12:50:00.000Z%,8002266,8001654,;602
2021-12-16T13:08:00.000Z;Suchsdorf;RE;RE 72;72;21923;8005781;8005781%2021-12-16T13:08:00.000Z%,8000199,;602
2021-12-16T13:20:00.000Z;Suchsdorf;RB;RB 73;73;21966;8005781;8005781%2021-12-16T13:20:00.000Z%,8002266,8001654,;426
2021-12-16T13:38:00.000Z;Suchsdorf;RB;RB 73;73;21975;8005781;8005781%2021-12-16T13:38:00.000Z%,8003479,8003474,8000199,;426
2021-12-16T13:50:00.000Z;Suchsdorf;RE;RE 72;72;21918;8005781;8005781%2021-12-16T13:50:00.000Z%,8002266,8001654,;602
2021-12-16T14:08:00.000Z;Suchsdorf;RE;RE 72;72;21925;8005781;8005781%2021-12-16T14:08:00.000Z%,8000199,;602
2021-12-16T14:20:00.000Z;Suchsdorf;RB;RB 73;73;21968;8005781;8005781%2021-12-16T14:20:00.000Z%,8002266,8001654,;426
2021-12-16T14:38:00.000Z;Suchsdorf;RB;RB 73;73;21977;8005781;8005781%2021-12-16T14:38:00.000Z%,8003479,8003474,8000199,;426
2021-12-16T14:50:00.000Z;Suchsdorf;RE;RE 72;72;21920;8005781;8005781%2021-12-16T14:50:00.000Z%,8002266,8001654,;602
2021-12-16T15:08:00.000Z;Suchsdorf;RE;RE 72;72;21927;8005781;8005781%2021-12-16T15:08:00.000Z%,8000199,;602
2021-12-16T15:20:00.000Z;Suchsdorf;RB;RB 73;73;21970;8005781;8005781%2021-12-16T15:20:00.000Z%,8002266,8001654,;426
2021-12-16T15:38:00.000Z;Suchsdorf;RB;RB 73;73;21979;8005781;8005781%2021-12-16T15:38:00.000Z%,8003479,8003474,8000199,;426
2021-12-16T15:50:00.000Z;Suchsdorf;RE;RE 72;72;21922;8005781;8005781%2021-12-16T15:50:00.000Z%,8002266,8001654,;602
2021-12-16T16:08:00.000Z;Suchsdorf;RE;RE 72;72;21929;8005781;8005781%2021-12-16T16:08:00.000Z%,8000199,;602
2021-12-16T16:20:00.000Z;Suchsdorf;RB;RB 73;73;21972;8005781;8005781%2021-12-16T16:20:00.000Z%,8002266,8001654,;426
2021-12-16T16:38:00.000Z;Suchsdorf;RB;RB 73;73;21981;8005781;8005781%2021-12-16T16:38:00.000Z%,8003479,8003474,8000199,;426
2021-12-16T16:50:00.000Z;Suchsdorf;RE;RE 72;72;21924;8005781;8005781%2021-12-16T16:50:00.000Z%,8002266,8001654,;602
2021-12-15T20:17:00.000Z;Sulzbach(Saar)Altenwald;RB;RB 73;73;76679;8005797;8005797%2021-12-15T20:28:00.000Z%11,8002117,8002132,8000967,8003516,8000272,8006392,8000875,8004392,8004555,8005659,;426
2021-12-15T20:41:00.000Z;Sulzbach(Saar)Altenwald;RB;RB 73;73;76682;8005797;8005797%2021-12-15T20:41:00.000Z%0,8005796,8001570,8003108,8000323,;426
2021-12-15T20:47:00.000Z;Sulzbach(Saar)Altenwald;RB;RB 73;73;76733;8005797;8005797%2021-12-15T20:47:00.000Z%0,8002117,8002132,8000967,8003516,8000272,8006392,8000875,8004392,8004555,8005659,8000792,8002929,8004199,8006170,8000154,;426
2021-12-15T21:11:00.000Z;Sulzbach(Saar)Altenwald;RB;RB 73;73;76742;8005797;8005797%2021-12-15T21:11:00.000Z%0,8005796,8001570,8003108,8000323,;426
2021-12-15T21:17:00.000Z;Sulzbach(Saar)Altenwald;RB;RB 73;73;76681;8005797;8005797%2021-12-15T21:17:00.000Z%0,8002117,8002132,8000967,8003516,8000272,8006392,8000875,8004392,8004555,8005659,;426
2021-12-15T21:41:00.000Z;Sulzbach(Saar)Altenwald;RB;RB 73;73;76684;8005797;8005797%2021-12-15T21:41:00.000Z%0,8005796,8001570,8003108,8000323,;426
2021-12-15T21:47:00.000Z;Sulzbach(Saar)Altenwald;RB;RB 73;73;76735;8005797;8005797%2021-12-15T21:47:00.000Z%0,8002117,8002132,8000967,8003516,8000272,8006392,8000875,8004392,8004555,8005659,8000792,8002929,8004199,8006170,8000154,;426
2021-12-15T22:11:00.000Z;Sulzbach(Saar)Altenwald;RB;RB 73;73;76744;8005797;8005797%2021-12-15T22:11:00.000Z%0,8005796,8001570,8003108,8000323,;426
2021-12-15T23:03:00.000Z;Sulzbach(Saar)Altenwald;RB;RB 73;73;76737;8005797;8005797%2021-12-15T23:03:00.000Z%0,8002117,8002132,8000967,8003516,8000272,8006392,8000875,8004392,8004555,8005659,8000792,8002929,8004199,8006170,8000154,;426
2021-12-15T23:13:00.000Z;Sulzbach(Saar)Altenwald;RB;RB 73;73;76746;8005797;8005797%2021-12-15T23:13:00.000Z%,8005796,8001570,8003108,8000323,;426
2021-12-16T00:11:00.000Z;Sulzbach(Saar)Altenwald;RB;RB 73;73;76748;8005797;8005797%2021-12-16T00:11:00.000Z%0,8005796,8001570,8003108,8000323,;426
2021-12-16T00:34:00.000Z;Sulzbach(Saar)Altenwald;RB;RB 73;73;76683;8005797;8005797%2021-12-16T00:34:00.000Z%,8002117,8002132,8000967,8003516,8000272,8006392,8000875,8004392,8004555,8005659,;426
2021-12-16T02:30:00.000Z;Sulzbach(Saar)Altenwald;RB;RB 73;73;76739;8005797;8005797%2021-12-16T02:30:00.000Z%,8002117,8002132,8000967,8003516,8000272,8006392,8000875,8004392,8004555,8005659,8000792,8002929,8004199,8006170,8000154,;426
2021-12-16T03:58:00.000Z;Sulzbach(Saar)Altenwald;RB;RB 73;73;76700;8005797;8005797%2021-12-16T03:58:00.000Z%,8005796,8001570,8003108,8000323,;426
2021-12-16T04:26:00.000Z;Sulzbach(Saar)Altenwald;RB;RB 73;73;76702;8005797;8005797%2021-12-16T04:26:00.000Z%,8005796,8001570,8003108,8000323,;426
2021-12-16T04:31:00.000Z;Sulzbach(Saar)Altenwald;RB;RB 73;73;76701;8005797;8005797%2021-12-16T04:31:00.000Z%,8002117,8002132,8000967,8003516,8000272,8006392,8000875,8004392,8004555,8005659,8000792,8002929,8004199,8006170,8000154,8079083,8004253,;426
2021-12-16T04:48:00.000Z;Sulzbach(Saar)Altenwald;RB;RB 73;73;76704;8005797;8005797%2021-12-16T04:48:00.000Z%,8005796,8001570,8003108,8000323,;426
2021-12-16T05:26:00.000Z;Sulzbach(Saar)Altenwald;RB;RB 73;73;76706;8005797;8005797%2021-12-16T05:26:00.000Z%,8005796,8001570,8003108,8000323,8001990,8004909,8003980,8000378,8005346,8000272,;426
2021-12-16T05:34:00.000Z;Sulzbach(Saar)Altenwald;RB;RB 73;73;76703;8005797;8005797%2021-12-16T05:34:00.000Z%,8002117,8002132,8000967,8003516,8000272,8006392,8000875,8004392,8004555,8005659,8000792,8002929,8004199,8006170,8000154,8079083,8004253,;426
2021-12-16T06:01:00.000Z;Sulzbach(Saar)Altenwald;RB;RB 73;73;76652;8005797;8005797%2021-12-16T06:01:00.000Z%,8005796,8001570,8003108,8000323,;426
2021-12-16T06:17:00.000Z;Sulzbach(Saar)Altenwald;RB;RB 73;73;76651;8005797;8005797%2021-12-16T06:17:00.000Z%,8002117,8002132,8000967,8003516,8000272,8006392,8000875,8004392,8004555,8005659,;426
2021-12-16T06:30:00.000Z;Sulzbach(Saar)Altenwald;RB;RB 73;73;76710;8005797;8005797%2021-12-16T06:30:00.000Z%,8005796,8001570,8003108,8000323,;426
2021-12-16T06:47:00.000Z;Sulzbach(Saar)Altenwald;RB;RB 73;73;12841;8005797;8005797%2021-12-16T06:47:00.000Z%,8002117,8002132,8000967,8003516,8000272,8006392,8000875,8004392,8004555,8005659,8000792,8002929,8004199,8006170,8000154,8079083,8004253,;426
2021-12-16T07:13:00.000Z;Sulzbach(Saar)Altenwald;RB;RB 73;73;76654;8005797;8005797%2021-12-16T07:13:00.000Z%,8005796,8001570,8003108,8000323,;426
2021-12-16T07:17:00.000Z;Sulzbach(Saar)Altenwald;RB;RB 73;73;76653;8005797;8005797%2021-12-16T07:17:00.000Z%,8002117,8002132,8000967,8003516,8000272,8006392,8000875,8004392,8004555,8005659,;426
2021-12-16T07:41:00.000Z;Sulzbach(Saar)Altenwald;RB;RB 73;73;76656;8005797;8005797%2021-12-16T07:41:00.000Z%,8005796,8001570,8003108,8000323,;426
2021-12-16T07:47:00.000Z;Sulzbach(Saar)Altenwald;RB;RB 73;73;76707;8005797;8005797%2021-12-16T07:47:00.000Z%,8002117,8002132,8000967,8003516,8000272,8006392,8000875,8004392,8004555,8005659,8000792,8002929,8004199,8006170,8000154,8079083,8004253,;426
2021-12-16T08:11:00.000Z;Sulzbach(Saar)Altenwald;RB;RB 73;73;76714;8005797;8005797%2021-12-16T08:11:00.000Z%,8005796,8001570,8003108,8000323,;426
2021-12-16T08:17:00.000Z;Sulzbach(Saar)Altenwald;RB;RB 73;73;76655;8005797;8005797%2021-12-16T08:17:00.000Z%,8002117,8002132,8000967,8003516,8000272,8006392,8000875,8004392,8004555,8005659,;426
2021-12-16T08:41:00.000Z;Sulzbach(Saar)Altenwald;RB;RB 73;73;76658;8005797;8005797%2021-12-16T08:41:00.000Z%,8005796,8001570,8003108,8000323,;426
2021-12-16T08:47:00.000Z;Sulzbach(Saar)Altenwald;RB;RB 73;73;12843;8005797;8005797%2021-12-16T08:47:00.000Z%,8002117,8002132,8000967,8003516,8000272,8006392,8000875,8004392,8004555,8005659,8000792,8002929,8004199,8006170,8000154,8079083,8004253,;426
2021-12-16T09:11:00.000Z;Sulzbach(Saar)Altenwald;RB;RB 73;73;12840;8005797;8005797%2021-12-16T09:11:00.000Z%,8005796,8001570,8003108,8000323,;426
2021-12-16T09:17:00.000Z;Sulzbach(Saar)Altenwald;RB;RB 73;73;76657;8005797;8005797%2021-12-16T09:17:00.000Z%,8002117,8002132,8000967,8003516,8000272,8006392,8000875,8004392,8004555,8005659,;426
2021-12-16T09:41:00.000Z;Sulzbach(Saar)Altenwald;RB;RB 73;73;76660;8005797;8005797%2021-12-16T09:41:00.000Z%,8005796,8001570,8003108,8000323,;426
2021-12-16T09:47:00.000Z;Sulzbach(Saar)Altenwald;RB;RB 73;73;12845;8005797;8005797%2021-12-16T09:47:00.000Z%,8002117,8002132,8000967,8003516,8000272,8006392,8000875,8004392,8004555,8005659,8000792,8002929,8004199,8006170,8000154,8079083,8004253,;426
2021-12-16T10:11:00.000Z;Sulzbach(Saar)Altenwald;RB;RB 73;73;76718;8005797;8005797%2021-12-16T10:11:00.000Z%,8005796,8001570,8003108,8000323,;426
2021-12-16T10:17:00.000Z;Sulzbach(Saar)Altenwald;RB;RB 73;73;76659;8005797;8005797%2021-12-16T10:17:00.000Z%,8002117,8002132,8000967,8003516,8000272,8006392,8000875,8004392,8004555,8005659,;426
2021-12-16T10:41:00.000Z;Sulzbach(Saar)Altenwald;RB;RB 73;73;76662;8005797;8005797%2021-12-16T10:41:00.000Z%,8005796,8001570,8003108,8000323,;426
2021-12-16T10:47:00.000Z;Sulzbach(Saar)Altenwald;RB;RB 73;73;76713;8005797;8005797%2021-12-16T10:47:00.000Z%,8002117,8002132,8000967,8003516,8000272,8006392,8000875,8004392,8004555,8005659,8000792,8002929,8004199,8006170,8000154,8079083,8004253,;426
2021-12-16T11:11:00.000Z;Sulzbach(Saar)Altenwald;RB;RB 73;73;12842;8005797;8005797%2021-12-16T11:11:00.000Z%,8005796,8001570,8003108,8000323,;426
2021-12-16T11:17:00.000Z;Sulzbach(Saar)Altenwald;RB;RB 73;73;76661;8005797;8005797%2021-12-16T11:17:00.000Z%,8002117,8002132,8000967,8003516,8000272,8006392,8000875,8004392,8004555,8005659,;426
2021-12-16T11:41:00.000Z;Sulzbach(Saar)Altenwald;RB;RB 73;73;76664;8005797;8005797%2021-12-16T11:41:00.000Z%,8005796,8001570,8003108,8000323,;426
2021-12-16T11:47:00.000Z;Sulzbach(Saar)Altenwald;RB;RB 73;73;76715;8005797;8005797%2021-12-16T11:47:00.000Z%,8002117,8002132,8000967,8003516,8000272,8006392,8000875,8004392,8004555,8005659,8000792,8002929,8004199,8006170,8000154,8079083,8004253,;426
2021-12-16T12:11:00.000Z;Sulzbach(Saar)Altenwald;RB;RB 73;73;12844;8005797;8005797%2021-12-16T12:11:00.000Z%,8005796,8001570,8003108,8000323,;426
2021-12-16T12:17:00.000Z;Sulzbach(Saar)Altenwald;RB;RB 73;73;76663;8005797;8005797%2021-12-16T12:17:00.000Z%,8002117,8002132,8000967,8003516,8000272,8006392,8000875,8004392,8004555,8005659,;426
2021-12-16T12:41:00.000Z;Sulzbach(Saar)Altenwald;RB;RB 73;73;76666;8005797;8005797%2021-12-16T12:41:00.000Z%,8005796,8001570,8003108,8000323,;426
2021-12-16T12:47:00.000Z;Sulzbach(Saar)Altenwald;RB;RB 73;73;76717;8005797;8005797%2021-12-16T12:47:00.000Z%,8002117,8002132,8000967,8003516,8000272,8006392,8000875,8004392,8004555,8005659,8000792,8002929,8004199,8006170,8000154,8079083,8004253,;426
2021-12-16T13:11:00.000Z;Sulzbach(Saar)Altenwald;RB;RB 73;73;76724;8005797;8005797%2021-12-16T13:11:00.000Z%,8005796,8001570,8003108,8000323,;426
2021-12-16T13:17:00.000Z;Sulzbach(Saar)Altenwald;RB;RB 73;73;76665;8005797;8005797%2021-12-16T13:17:00.000Z%,8002117,8002132,8000967,8003516,8000272,8006392,8000875,8004392,8004555,8005659,;426
2021-12-16T13:41:00.000Z;Sulzbach(Saar)Altenwald;RB;RB 73;73;76668;8005797;8005797%2021-12-16T13:41:00.000Z%,8005796,8001570,8003108,8000323,;426
2021-12-16T13:47:00.000Z;Sulzbach(Saar)Altenwald;RB;RB 73;73;76719;8005797;8005797%2021-12-16T13:47:00.000Z%,8002117,8002132,8000967,8003516,8000272,8006392,8000875,8004392,8004555,8005659,8000792,8002929,8004199,8006170,8000154,8079083,8004253,;426
2021-12-16T14:11:00.000Z;Sulzbach(Saar)Altenwald;RB;RB 73;73;76726;8005797;8005797%2021-12-16T14:11:00.000Z%,8005796,8001570,8003108,8000323,;426
2021-12-16T14:17:00.000Z;Sulzbach(Saar)Altenwald;RB;RB 73;73;76667;8005797;8005797%2021-12-16T14:17:00.000Z%,8002117,8002132,8000967,8003516,8000272,8006392,8000875,8004392,8004555,8005659,;426
2021-12-16T14:41:00.000Z;Sulzbach(Saar)Altenwald;RB;RB 73;73;76670;8005797;8005797%2021-12-16T14:41:00.000Z%,8005796,8001570,8003108,8000323,;426
2021-12-16T14:47:00.000Z;Sulzbach(Saar)Altenwald;RB;RB 73;73;76721;8005797;8005797%2021-12-16T14:47:00.000Z%,8002117,8002132,8000967,8003516,8000272,8006392,8000875,8004392,8004555,8005659,8000792,8002929,8004199,8006170,8000154,8079083,8004253,;426
2021-12-16T15:11:00.000Z;Sulzbach(Saar)Altenwald;RB;RB 73;73;76728;8005797;8005797%2021-12-16T15:11:00.000Z%,8005796,8001570,8003108,8000323,;426
2021-12-16T15:17:00.000Z;Sulzbach(Saar)Altenwald;RB;RB 73;73;76669;8005797;8005797%2021-12-16T15:17:00.000Z%,8002117,8002132,8000967,8003516,8000272,8006392,8000875,8004392,8004555,8005659,;426
2021-12-16T15:41:00.000Z;Sulzbach(Saar)Altenwald;RB;RB 73;73;76672;8005797;8005797%2021-12-16T15:41:00.000Z%,8005796,8001570,8003108,8000323,;426
2021-12-16T15:47:00.000Z;Sulzbach(Saar)Altenwald;RB;RB 73;73;76723;8005797;8005797%2021-12-16T15:47:00.000Z%,8002117,8002132,8000967,8003516,8000272,8006392,8000875,8004392,8004555,8005659,8000792,8002929,8004199,8006170,8000154,8079083,8004253,;426
2021-12-16T16:11:00.000Z;Sulzbach(Saar)Altenwald;RB;RB 73;73;76730;8005797;8005797%2021-12-16T16:11:00.000Z%,8005796,8001570,8003108,8000323,;426
2021-12-16T16:17:00.000Z;Sulzbach(Saar)Altenwald;RB;RB 73;73;76671;8005797;8005797%2021-12-16T16:17:00.000Z%,8002117,8002132,8000967,8003516,8000272,8006392,8000875,8004392,8004555,8005659,;426
2021-12-16T16:41:00.000Z;Sulzbach(Saar)Altenwald;RB;RB 73;73;76674;8005797;8005797%2021-12-16T16:41:00.000Z%,8005796,8001570,8003108,8000323,;426
2021-12-16T16:47:00.000Z;Sulzbach(Saar)Altenwald;RB;RB 73;73;76725;8005797;8005797%2021-12-16T16:47:00.000Z%,8002117,8002132,8000967,8003516,8000272,8006392,8000875,8004392,8004555,8005659,8000792,8002929,8004199,8006170,8000154,8079083,8004253,;426
2021-12-16T17:11:00.000Z;Sulzbach(Saar)Altenwald;RB;RB 73;73;76732;8005797;8005797%2021-12-16T17:11:00.000Z%,8005796,8001570,8003108,8000323,;426
2021-12-16T17:17:00.000Z;Sulzbach(Saar)Altenwald;RB;RB 73;73;76673;8005797;8005797%2021-12-16T17:17:00.000Z%,8002117,8002132,8000967,8003516,8000272,8006392,8000875,8004392,8004555,8005659,;426
2021-12-16T17:41:00.000Z;Sulzbach(Saar)Altenwald;RB;RB 73;73;76676;8005797;8005797%2021-12-16T17:41:00.000Z%,8005796,8001570,8003108,8000323,;426
2021-12-16T17:47:00.000Z;Sulzbach(Saar)Altenwald;RB;RB 73;73;76727;8005797;8005797%2021-12-16T17:47:00.000Z%,8002117,8002132,8000967,8003516,8000272,8006392,8000875,8004392,8004555,8005659,8000792,8002929,8004199,8006170,8000154,8079083,8004253,;426
2021-12-16T18:11:00.000Z;Sulzbach(Saar)Altenwald;RB;RB 73;73;76734;8005797;8005797%2021-12-16T18:11:00.000Z%,8005796,8001570,8003108,8000323,;426
2021-12-16T18:17:00.000Z;Sulzbach(Saar)Altenwald;RB;RB 73;73;76675;8005797;8005797%2021-12-16T18:17:00.000Z%,8002117,8002132,8000967,8003516,8000272,8006392,8000875,8004392,8004555,8005659,;426
2021-12-16T18:41:00.000Z;Sulzbach(Saar)Altenwald;RB;RB 73;73;76678;8005797;8005797%2021-12-16T18:41:00.000Z%,8005796,8001570,8003108,8000323,;426
2021-12-16T18:47:00.000Z;Sulzbach(Saar)Altenwald;RB;RB 73;73;76729;8005797;8005797%2021-12-16T18:47:00.000Z%,8002117,8002132,8000967,8003516,8000272,8006392,8000875,8004392,8004555,8005659,8000792,8002929,8004199,8006170,8000154,8079083,8004253,;426
2021-12-16T19:13:00.000Z;Sulzbach(Saar)Altenwald;RB;RB 73;73;76736;8005797;8005797%2021-12-16T19:13:00.000Z%,8005796,8001570,8003108,8000323,;426
2021-12-16T19:17:00.000Z;Sulzbach(Saar)Altenwald;RB;RB 73;73;76677;8005797;8005797%2021-12-16T19:17:00.000Z%,8002117,8002132,8000967,8003516,8000272,8006392,8000875,8004392,8004555,8005659,;426
2021-12-16T19:41:00.000Z;Sulzbach(Saar)Altenwald;RB;RB 73;73;76680;8005797;8005797%2021-12-16T19:41:00.000Z%,8005796,8001570,8003108,8000323,;426
2021-12-16T19:47:00.000Z;Sulzbach(Saar)Altenwald;RB;RB 73;73;76731;8005797;8005797%2021-12-16T19:47:00.000Z%,8002117,8002132,8000967,8003516,8000272,8006392,8000875,8004392,8004555,8005659,8000792,8002929,8004199,8006170,8000154,8079083,8004253,;426
2021-12-16T20:11:00.000Z;Sulzbach(Saar)Altenwald;RB;RB 73;73;76740;8005797;8005797%2021-12-16T20:11:00.000Z%,8005796,8001570,8003108,8000323,;426
2021-12-15T20:24:00.000Z;Tarp;RE;RE 7;7;21089;8005825;8005825%2021-12-15T20:25:00.000Z%1,8000334,8005362,8004741,8000312,8004466,8000271,;602
2021-12-15T20:29:00.000Z;Tarp;RE;RE 7;7;21080;8005825;8005825%2021-12-15T20:29:00.000Z%0,8000103,;602
2021-12-15T21:24:00.000Z;Tarp;RE;RE 7;7;21091;8005825;8005825%2021-12-15T21:24:00.000Z%,8000334,8005362,8004741,8000312,8004466,8000271,;602
2021-12-15T21:29:00.000Z;Tarp;RE;RE 7;7;21082;8005825;8005825%2021-12-15T21:29:00.000Z%0,8000103,;602
2021-12-15T22:24:00.000Z;Tarp;RE;RE 7;7;21093;8005825;8005825%2021-12-15T22:24:00.000Z%,8000334,8005362,8004741,8000312,8004466,8000271,;602
2021-12-15T22:34:00.000Z;Tarp;RE;RE 7;7;21084;8005825;8005825%2021-12-15T22:35:00.000Z%1,8000103,;602
2021-12-15T23:36:00.000Z;Tarp;RE;RE 7;7;21046;8005825;8005825%2021-12-15T23:36:00.000Z%,8000103,;602
2021-12-16T00:37:00.000Z;Tarp;RE;RE 7;7;21088;8005825;8005825%2021-12-16T00:37:00.000Z%,8000103,;602
2021-12-16T03:09:00.000Z;Tarp;RE;RE 7;7;21055;8005825;8005825%2021-12-16T03:09:00.000Z%,8000334,8005362,8004741,8000312,8004466,8000271,8000092,8002548,8002549,;602
2021-12-16T04:24:00.000Z;Tarp;RE;RE 7;7;21057;8005825;8005825%2021-12-16T04:24:00.000Z%,8000334,8005362,8004741,8000312,8004466,8000271,8000092,8002548,8002549,;602
2021-12-16T05:24:00.000Z;Tarp;RE;RE 7;7;21059;8005825;8005825%2021-12-16T05:24:00.000Z%,8000334,8005362,8004741,8000312,8004466,8000271,8000092,8002548,8002549,;602
2021-12-16T05:31:00.000Z;Tarp;RE;RE 7;7;21050;8005825;8005825%2021-12-16T05:31:00.000Z%,8000103,;602
2021-12-16T06:24:00.000Z;Tarp;RE;RE 7;7;21061;8005825;8005825%2021-12-16T06:24:00.000Z%,8000334,8005362,8004741,8000312,8004466,8000271,8000092,8002548,8002549,;602
2021-12-16T06:45:00.000Z;Tarp;RE;RE 7;7;21052;8005825;8005825%2021-12-16T06:45:00.000Z%,8000103,;602
2021-12-16T07:24:00.000Z;Tarp;RE;RE 7;7;21063;8005825;8005825%2021-12-16T07:24:00.000Z%,8000334,8005362,8004741,8000312,8004466,8000271,8000092,8002548,8002549,;602
2021-12-16T07:29:00.000Z;Tarp;RE;RE 7;7;21054;8005825;8005825%2021-12-16T07:29:00.000Z%,8000103,;602
2021-12-16T08:24:00.000Z;Tarp;RE;RE 7;7;21065;8005825;8005825%2021-12-16T08:24:00.000Z%,8000334,8005362,8004741,8000312,8004466,8000271,8000092,8002548,8002549,;602
2021-12-16T08:29:00.000Z;Tarp;RE;RE 7;7;21056;8005825;8005825%2021-12-16T08:29:00.000Z%,8000103,;602
2021-12-16T09:24:00.000Z;Tarp;RE;RE 7;7;21067;8005825;8005825%2021-12-16T09:24:00.000Z%,8000334,8005362,8004741,8000312,8004466,8000271,8000092,8002548,8002549,;602
2021-12-16T09:29:00.000Z;Tarp;RE;RE 7;7;21058;8005825;8005825%2021-12-16T09:29:00.000Z%,8000103,;602
2021-12-16T10:24:00.000Z;Tarp;RE;RE 7;7;21069;8005825;8005825%2021-12-16T10:24:00.000Z%,8000334,8005362,8004741,8000312,8004466,8000271,8000092,8002548,8002549,;602
2021-12-16T10:29:00.000Z;Tarp;RE;RE 7;7;21060;8005825;8005825%2021-12-16T10:29:00.000Z%,8000103,;602
2021-12-16T11:24:00.000Z;Tarp;RE;RE 7;7;21071;8005825;8005825%2021-12-16T11:24:00.000Z%,8000334,8005362,8004741,8000312,8004466,8000271,8000092,8002548,8002549,;602
2021-12-16T11:31:00.000Z;Tarp;RE;RE 7;7;21062;8005825;8005825%2021-12-16T11:31:00.000Z%,8000103,;602
2021-12-16T12:24:00.000Z;Tarp;RE;RE 7;7;21073;8005825;8005825%2021-12-16T12:24:00.000Z%,8000334,8005362,8004741,8000312,8004466,8000271,8000092,8002548,8002549,;602
2021-12-16T12:29:00.000Z;Tarp;RE;RE 7;7;21064;8005825;8005825%2021-12-16T12:29:00.000Z%,8000103,;602
2021-12-16T13:24:00.000Z;Tarp;RE;RE 7;7;21075;8005825;8005825%2021-12-16T13:24:00.000Z%,8000334,8005362,8004741,8000312,8004466,8000271,8000092,8002548,8002549,;602
2021-12-16T13:29:00.000Z;Tarp;RE;RE 7;7;21066;8005825;8005825%2021-12-16T13:29:00.000Z%,8000103,;602
2021-12-16T14:24:00.000Z;Tarp;RE;RE 7;7;21077;8005825;8005825%2021-12-16T14:24:00.000Z%,8000334,8005362,8004741,8000312,8004466,8000271,8000092,8004819,8002548,8002549,;602
2021-12-16T14:29:00.000Z;Tarp;RE;RE 7;7;21068;8005825;8005825%2021-12-16T14:29:00.000Z%,8000103,;602
2021-12-16T15:24:00.000Z;Tarp;RE;RE 7;7;21079;8005825;8005825%2021-12-16T15:24:00.000Z%,8000334,8005362,8004741,8000312,8004466,8000271,8000092,8004819,8002548,8002549,;602
2021-12-16T15:29:00.000Z;Tarp;RE;RE 7;7;21070;8005825;8005825%2021-12-16T15:29:00.000Z%,8000103,;602
2021-12-16T16:24:00.000Z;Tarp;RE;RE 7;7;21081;8005825;8005825%2021-12-16T16:24:00.000Z%,8000334,8005362,8004741,8000312,8004466,8000271,8000092,8004819,8002548,8002549,;602
2021-12-16T16:31:00.000Z;Tarp;RE;RE 7;7;21072;8005825;8005825%2021-12-16T16:31:00.000Z%,8000103,;602
2021-12-16T17:24:00.000Z;Tarp;RE;RE 7;7;21083;8005825;8005825%2021-12-16T17:24:00.000Z%,8000334,8005362,8004741,8000312,8004466,8000271,8000092,8004819,8002548,8002549,;602
2021-12-16T17:29:00.000Z;Tarp;RE;RE 7;7;21074;8005825;8005825%2021-12-16T17:29:00.000Z%,8000103,;602
2021-12-16T18:24:00.000Z;Tarp;RE;RE 7;7;21085;8005825;8005825%2021-12-16T18:24:00.000Z%,8000334,8005362,8004741,8000312,8004466,8000271,8000092,8004819,8002548,8002549,;602
2021-12-16T18:29:00.000Z;Tarp;RE;RE 7;7;21076;8005825;8005825%2021-12-16T18:29:00.000Z%,8000103,;602
2021-12-16T19:24:00.000Z;Tarp;RE;RE 7;7;21047;8005825;8005825%2021-12-16T19:24:00.000Z%,8000334,8005362,8004741,8000312,8004466,8000271,8000092,8004819,8002553,;602
2021-12-16T19:29:00.000Z;Tarp;RE;RE 7;7;21078;8005825;8005825%2021-12-16T19:29:00.000Z%,8000103,;602
2021-12-15T20:48:00.000Z;Tauberfeld;RB;RB 16;16;59164;8005828;8005828%2021-12-15T20:49:00.000Z%1,8000419,8001708,8001495,8005593,8004753,8000122,;426
2021-12-15T21:07:00.000Z;Tauberfeld;RB;RB 16;16;59163;8005828;8005828%2021-12-15T21:07:00.000Z%0,8001734,8002171,8003074,8003076,8000183,8000678,8000256,8004781,8005008,8004747,8004775,8001354,8000261,;426
2021-12-15T21:47:00.000Z;Tauberfeld;RB;RB 16;16;59108;8005828;8005828%2021-12-15T21:48:00.000Z%1,8000419,8001708,8001495,8005593,8004753,8000122,8006298,8001749,8004835,8004115,8002237,8005995,8005185,8005439,8000284,;426
2021-12-15T22:06:00.000Z;Tauberfeld;RB;RB 16;16;59109;8005828;8005828%2021-12-15T22:07:00.000Z%1,8001734,8002171,8003074,8003076,8000183,8000678,8000256,8004781,8005008,8004747,8004775,8001354,8000261,;426
2021-12-16T03:26:00.000Z;Tauberfeld;RB;RB 16;16;59140;8005828;8005828%2021-12-16T03:26:00.000Z%,8000419,8001708,8001495,8005593,8004753,8000122,8006298,8001749,8004835,8004115,8002237,8005995,8005185,8005439,8000284,;426
2021-12-16T04:15:00.000Z;Tauberfeld;RB;RB 16;16;59141;8005828;8005828%2021-12-16T04:15:00.000Z%,8001734,8002171,8003074,8003076,8000183,8000678,8000256,8004781,8005008,8004747,8004775,8001354,8000261,;426
2021-12-16T04:44:00.000Z;Tauberfeld;RB;RB 16;16;59144;8005828;8005828%2021-12-16T04:44:00.000Z%,8000419,8001708,8001495,8005593,8004753,8000122,8006298,8004835,8004115,8002237,8005185,8005439,8000284,;426
2021-12-16T05:04:00.000Z;Tauberfeld;RB;RB 16;16;59143;8005828;8005828%2021-12-16T05:04:00.000Z%,8001734,8002171,8003074,8003076,8000183,8000678,8000256,8004781,8005008,8004747,8004775,8001354,8000261,;426
2021-12-16T05:46:00.000Z;Tauberfeld;RB;RB 16;16;59086;8005828;8005828%2021-12-16T05:46:00.000Z%,8000419,8001708,8001495,8005593,8004753,8000122,8006298,8001749,8004835,8004115,8002237,8005995,8005185,8005439,8000284,;426
2021-12-16T06:03:00.000Z;Tauberfeld;RB;RB 16;16;59085;8005828;8005828%2021-12-16T06:03:00.000Z%,8001734,8002171,8003074,8003076,8000183,8000678,8000256,8004781,8005008,8004747,8004775,8001354,8000261,;426
2021-12-16T06:28:00.000Z;Tauberfeld;RE;RE 1;1;4697;8005828;8005828%2021-12-16T06:28:00.000Z%,8001734,8002171,8003074,8003076,8000183,8000678,8000256,8004781,8000261,;602
2021-12-16T06:48:00.000Z;Tauberfeld;RB;RB 16;16;59146;8005828;8005828%2021-12-16T06:48:00.000Z%,8000419,8001708,8001495,8005593,8004753,8000122,;426
2021-12-16T07:07:00.000Z;Tauberfeld;RB;RB 16;16;59145;8005828;8005828%2021-12-16T07:07:00.000Z%,8001734,8002171,8003074,8003076,8000183,8000678,8000256,8004781,8005008,8004747,8004775,8001354,8000261,;426
2021-12-16T07:47:00.000Z;Tauberfeld;RB;RB 16;16;59090;8005828;8005828%2021-12-16T07:47:00.000Z%,8000419,8001708,8001495,8005593,8004753,8000122,8006298,8001749,8004835,8004115,8002237,8005995,8005185,8005439,8000284,;426
2021-12-16T08:08:00.000Z;Tauberfeld;RB;RB 16;16;59089;8005828;8005828%2021-12-16T08:08:00.000Z%,8001734,8002171,8003074,8003076,8000183,8000678,8000256,8004781,8005008,8004747,8004775,8001354,8000261,;426
2021-12-16T08:47:00.000Z;Tauberfeld;RB;RB 16;16;59148;8005828;8005828%2021-12-16T08:47:00.000Z%,8000419,8001708,8001495,8005593,8004753,8000122,;426
2021-12-16T09:07:00.000Z;Tauberfeld;RB;RB 16;16;59147;8005828;8005828%2021-12-16T09:07:00.000Z%,8001734,8002171,8003074,8003076,8000183,8000678,8000256,8004781,8005008,8004747,8004775,8001354,8000261,;426
2021-12-16T09:46:00.000Z;Tauberfeld;RB;RB 16;16;59092;8005828;8005828%2021-12-16T09:46:00.000Z%,8000419,8001708,8001495,8005593,8004753,8000122,8006298,8001749,8004835,8004115,8002237,8005995,8005185,8005439,8000284,;426
2021-12-16T10:06:00.000Z;Tauberfeld;RB;RB 16;16;59093;8005828;8005828%2021-12-16T10:06:00.000Z%,8001734,8002171,8003074,8003076,8000183,8000678,8000256,8004781,8005008,8004747,8004775,8001354,8000261,;426
2021-12-16T10:47:00.000Z;Tauberfeld;RB;RB 16;16;59150;8005828;8005828%2021-12-16T10:47:00.000Z%,8000419,8001708,8001495,8005593,8004753,8000122,;426
2021-12-16T11:07:00.000Z;Tauberfeld;RB;RB 16;16;59151;8005828;8005828%2021-12-16T11:07:00.000Z%,8001734,8002171,8003074,8003076,8000183,8000678,8000256,8004781,8005008,8004747,8004775,8001354,8000261,;426
2021-12-16T11:46:00.000Z;Tauberfeld;RB;RB 16;16;59096;8005828;8005828%2021-12-16T11:46:00.000Z%,8000419,8001708,8001495,8005593,8004753,8000122,8006298,8001749,8004835,8004115,8002237,8005995,8005185,8005439,8000284,;426
2021-12-16T12:11:00.000Z;Tauberfeld;RB;RB 16;16;59139;8005828;8005828%2021-12-16T12:11:00.000Z%,8001734,8002171,8003074,8003076,8000183,8000678,8000256,8004781,8005008,8004747,8004775,8001354,8000261,;426
2021-12-16T12:46:00.000Z;Tauberfeld;RB;RB 16;16;59154;8005828;8005828%2021-12-16T12:46:00.000Z%,8000419,8001708,8001495,8005593,8004753,8000122,;426
2021-12-16T13:08:00.000Z;Tauberfeld;RB;RB 16;16;59153;8005828;8005828%2021-12-16T13:08:00.000Z%,8001734,8002171,8003074,8003076,8000183,8000678,8000256,8004781,8005008,8004747,8004775,8001354,8000261,;426
2021-12-16T13:48:00.000Z;Tauberfeld;RB;RB 16;16;59098;8005828;8005828%2021-12-16T13:48:00.000Z%,8000419,8001708,8001495,8005593,8004753,8000122,8006298,8001749,8004835,8004115,8002237,8005995,8005185,8005439,8000284,;426
2021-12-16T14:06:00.000Z;Tauberfeld;RB;RB 16;16;59097;8005828;8005828%2021-12-16T14:06:00.000Z%,8001734,8002171,8003074,8003076,8000183,8000678,8000256,8004781,8005008,8004747,8004775,8001354,8000261,;426
2021-12-16T14:46:00.000Z;Tauberfeld;RB;RB 16;16;59156;8005828;8005828%2021-12-16T14:46:00.000Z%,8000419,8001708,8001495,8005593,8004753,8000122,;426
2021-12-16T15:07:00.000Z;Tauberfeld;RB;RB 16;16;59157;8005828;8005828%2021-12-16T15:07:00.000Z%,8001734,8002171,8003074,8003076,8000183,8000678,8000256,8004781,8005008,8004747,8004775,8001354,8000261,;426
2021-12-16T15:46:00.000Z;Tauberfeld;RB;RB 16;16;59102;8005828;8005828%2021-12-16T15:46:00.000Z%,8000419,8001708,8001495,8005593,8004753,8000122,8006298,8001749,8004835,8004115,8002237,8005995,8005185,8005439,8000284,;426
2021-12-16T16:06:00.000Z;Tauberfeld;RB;RB 16;16;59099;8005828;8005828%2021-12-16T16:06:00.000Z%,8001734,8002171,8003074,8003076,8000183,8000678,8000256,8004781,8005008,8004747,8004775,8001354,8000261,;426
2021-12-16T16:48:00.000Z;Tauberfeld;RB;RB 16;16;59160;8005828;8005828%2021-12-16T16:48:00.000Z%,8000419,8001708,8001495,8005593,8004753,8000122,;426
2021-12-16T17:07:00.000Z;Tauberfeld;RB;RB 16;16;59159;8005828;8005828%2021-12-16T17:07:00.000Z%,8001734,8002171,8003074,8003076,8000183,8000678,8000256,8004781,8005008,8004747,8004775,8001354,8000261,;426
2021-12-16T17:46:00.000Z;Tauberfeld;RB;RB 16;16;59104;8005828;8005828%2021-12-16T17:46:00.000Z%,8000419,8001708,8001495,8005593,8004753,8000122,8006298,8001749,8004835,8004115,8002237,8005995,8005185,8005439,8000284,;426
2021-12-16T18:06:00.000Z;Tauberfeld;RB;RB 16;16;59101;8005828;8005828%2021-12-16T18:06:00.000Z%,8001734,8002171,8003074,8003076,8000183,8000678,8000256,8004781,8005008,8004747,8004775,8001354,8000261,;426
2021-12-16T18:46:00.000Z;Tauberfeld;RB;RB 16;16;59162;8005828;8005828%2021-12-16T18:46:00.000Z%,8000419,8001708,8001495,8005593,8004753,8000122,;426
2021-12-16T19:07:00.000Z;Tauberfeld;RB;RB 16;16;59161;8005828;8005828%2021-12-16T19:07:00.000Z%,8001734,8002171,8003074,8003076,8000183,8000678,8000256,8004781,8005008,8004747,8004775,8001354,8000261,;426
2021-12-16T19:47:00.000Z;Tauberfeld;RB;RB 16;16;59106;8005828;8005828%2021-12-16T19:47:00.000Z%,8000419,8001708,8001495,8005593,8004753,8000122,8006298,8001749,8004835,8004115,8002237,8005995,8005185,8005439,8000284,;426
2021-12-16T20:06:00.000Z;Tauberfeld;RB;RB 16;16;59107;8005828;8005828%2021-12-16T20:06:00.000Z%,8001734,8002171,8003074,8003076,8000183,8000678,8000256,8004781,8005008,8004747,8004775,8001354,8000261,;426
2021-12-15T20:40:00.000Z;Teningen-Mundingen;RB;RB 26;26;17135;8005836;8005836%2021-12-15T20:41:00.000Z%1,8001771,8003398,8001415,8002465,8000107,;426
2021-12-15T21:17:00.000Z;Teningen-Mundingen;RB;RB 26;26;17134;8005836;8005836%2021-12-15T21:17:00.000Z%,8003374,8005090,8003233,8002763,8005101,8004683,8003494,8002123,8000290,;426
2021-12-15T21:41:00.000Z;Teningen-Mundingen;RB;RB 26;26;17137;8005836;8005836%2021-12-15T21:41:00.000Z%,8001771,8003398,8001415,8002465,8000107,;426
2021-12-15T22:20:00.000Z;Teningen-Mundingen;RB;RB 27;27;17139;8005836;8005836%2021-12-15T22:20:00.000Z%,8001771,8003398,8001415,8002465,8000107,8002069,8001643,8005317,8004464,8000718,8002727,8001262,8004124,8000657,8005364,8000864,8005068,8003325,8003098,8001671,8001715,8002546,8006272,8000026,;426
2021-12-15T22:35:00.000Z;Teningen-Mundingen;RB;RB 27;27;17136;8005836;8005836%2021-12-15T22:35:00.000Z%,8003374,8005090,8003233,8002763,8005101,8004683,8003494,8002123,8000290,;426
2021-12-15T22:51:00.000Z;Teningen-Mundingen;RB;RB 27;27;17141;8005836;8005836%2021-12-15T22:51:00.000Z%,8001771,8003398,8001415,8002465,8002071,8002067,8000107,8002069,8001643,8005317,8004464,8000718,8002727,8001262,8004124,8000657,8005364,8000864,8005068,8003325,8003098,8001671,8001715,8002546,8006272,8000026,;426
2021-12-15T23:29:00.000Z;Teningen-Mundingen;RE;RE 7;7;5338;8005836;8005836%2021-12-15T23:29:00.000Z%0,8003374,8005090,8003233,8002763,8005101,8004683,8003494,8002123,8000290,;602
2021-12-16T04:00:00.000Z;Teningen-Mundingen;RE;RE 7;7;17001;8005836;8005836%2021-12-16T04:00:00.000Z%,8001771,8003398,8001415,8002465,8002071,8002067,8000107,8005317,8000718,8002727,8001262,8004124,8005364,8000864,8001671,8002546,8006272,8000026,;602
2021-12-16T04:10:00.000Z;Teningen-Mundingen;RB;RB 26;26;17100;8005836;8005836%2021-12-16T04:10:00.000Z%,8003374,8005090,8003233,8002763,8005101,8004683,8003494,8002123,8000290,;426
2021-12-16T04:47:00.000Z;Teningen-Mundingen;RE;RE 7;7;5331;8005836;8005836%2021-12-16T04:47:00.000Z%,8001771,8003398,8001415,8002465,8002071,8002067,8000107,8005317,8000718,8002727,8001262,8004124,8005364,8000864,8001671,8001715,8002546,8006272,8000026,8500010,;602
2021-12-16T05:08:00.000Z;Teningen-Mundingen;RB;RB 26;26;17102;8005836;8005836%2021-12-16T05:08:00.000Z%,8003374,8005090,8003233,8002763,8005101,8004683,8003494,8002123,8000290,;426
2021-12-16T05:26:00.000Z;Teningen-Mundingen;RB;RB 27;27;5333;8005836;8005836%2021-12-16T05:26:00.000Z%,8001771,8003398,8001415,8002465,8000107,8002069,8001643,8005317,8004464,8000718,8002727,8001262,8004124,8000657,8005364,8000864,8005068,8003325,8003098,8001671,8001715,8002546,8006272,8000026,8500010,;426
2021-12-16T06:17:00.000Z;Teningen-Mundingen;RB;RB 27;27;17156;8005836;8005836%2021-12-16T06:17:00.000Z%,8003374,8005090,8003233,8002763,8005101,8004683,8003494,8002123,8000290,;426
2021-12-16T06:22:00.000Z;Teningen-Mundingen;RB;RB 27;27;17159;8005836;8005836%2021-12-16T06:22:00.000Z%,8001771,8003398,8001415,8002465,8002067,8000107,8002069,8001643,8005317,8004464,8000718,8002727,8001262,8004124,8000657,8005364,8000864,8005068,8003325,8003098,8001671,8001715,8002546,8006272,8000026,;426
2021-12-16T06:40:00.000Z;Teningen-Mundingen;RB;RB 26;26;17107;8005836;8005836%2021-12-16T06:40:00.000Z%,8001771,8003398,8001415,8002465,8000107,;426
2021-12-16T07:17:00.000Z;Teningen-Mundingen;RB;RB 26;26;17106;8005836;8005836%2021-12-16T07:17:00.000Z%,8003374,8005090,8003233,8002763,8005101,8004683,8003494,8002123,8000290,;426
2021-12-16T07:40:00.000Z;Teningen-Mundingen;RB;RB 26;26;17109;8005836;8005836%2021-12-16T07:40:00.000Z%,8001771,8003398,8001415,8002465,8000107,;426
2021-12-16T08:17:00.000Z;Teningen-Mundingen;RB;RB 26;26;17108;8005836;8005836%2021-12-16T08:17:00.000Z%,8003374,8005090,8003233,8002763,8005101,8004683,8003494,8002123,8000290,;426
2021-12-16T08:40:00.000Z;Teningen-Mundingen;RB;RB 26;26;17111;8005836;8005836%2021-12-16T08:40:00.000Z%,8001771,8003398,8001415,8002465,8000107,;426
2021-12-16T09:17:00.000Z;Teningen-Mundingen;RB;RB 26;26;17110;8005836;8005836%2021-12-16T09:17:00.000Z%,8003374,8005090,8003233,8002763,8005101,8004683,8003494,8002123,8000290,;426
2021-12-16T09:40:00.000Z;Teningen-Mundingen;RB;RB 26;26;17113;8005836;8005836%2021-12-16T09:40:00.000Z%,8001771,8003398,8001415,8002465,8000107,;426
2021-12-16T10:17:00.000Z;Teningen-Mundingen;RB;RB 26;26;17112;8005836;8005836%2021-12-16T10:17:00.000Z%,8003374,8005090,8003233,8002763,8005101,8004683,8003494,8002123,8000290,;426
2021-12-16T10:40:00.000Z;Teningen-Mundingen;RB;RB 26;26;17115;8005836;8005836%2021-12-16T10:40:00.000Z%,8001771,8003398,8001415,8002465,8000107,;426
2021-12-16T11:17:00.000Z;Teningen-Mundingen;RB;RB 26;26;17114;8005836;8005836%2021-12-16T11:17:00.000Z%,8003374,8005090,8003233,8002763,8005101,8004683,8003494,8002123,8000290,;426
2021-12-16T11:35:00.000Z;Teningen-Mundingen;RB;RB 26;26;17117;8005836;8005836%2021-12-16T11:35:00.000Z%,8001771,8003398,8001415,8002465,8000107,;426
2021-12-16T12:40:00.000Z;Teningen-Mundingen;RB;RB 26;26;17119;8005836;8005836%2021-12-16T12:40:00.000Z%,8001771,8003398,8001415,8002465,8000107,;426
2021-12-16T13:17:00.000Z;Teningen-Mundingen;RB;RB 26;26;17118;8005836;8005836%2021-12-16T13:17:00.000Z%,8003374,8005090,8003233,8002763,8005101,8004683,8003494,8002123,8000290,;426
2021-12-16T13:40:00.000Z;Teningen-Mundingen;RB;RB 26;26;17121;8005836;8005836%2021-12-16T13:40:00.000Z%,8001771,8003398,8001415,8002465,8000107,;426
2021-12-16T14:40:00.000Z;Teningen-Mundingen;RB;RB 26;26;17123;8005836;8005836%2021-12-16T14:40:00.000Z%,8001771,8003398,8001415,8002465,8000107,8001643,8005317,8004464,8000718,8002727,8001262,8004124,;426
2021-12-16T15:17:00.000Z;Teningen-Mundingen;RB;RB 26;26;17122;8005836;8005836%2021-12-16T15:17:00.000Z%,8003374,8005090,8003233,8002763,8005101,8004683,8003494,8002123,8000290,;426
2021-12-16T15:40:00.000Z;Teningen-Mundingen;RB;RB 26;26;17125;8005836;8005836%2021-12-16T15:40:00.000Z%,8001771,8003398,8001415,8002465,8000107,;426
2021-12-16T16:17:00.000Z;Teningen-Mundingen;RB;RB 26;26;17124;8005836;8005836%2021-12-16T16:17:00.000Z%,8003374,8005090,8003233,8002763,8005101,8004683,8003494,8002123,8000290,;426
2021-12-16T16:40:00.000Z;Teningen-Mundingen;RB;RB 26;26;17127;8005836;8005836%2021-12-16T16:40:00.000Z%,8001771,8003398,8001415,8002465,8000107,;426
2021-12-16T17:17:00.000Z;Teningen-Mundingen;RB;RB 26;26;17126;8005836;8005836%2021-12-16T17:17:00.000Z%,8003374,8005090,8003233,8002763,8005101,8004683,8003494,8002123,8000290,;426
2021-12-16T17:41:00.000Z;Teningen-Mundingen;RB;RB 26;26;17129;8005836;8005836%2021-12-16T17:41:00.000Z%,8001771,8003398,8001415,8002465,8000107,;426
2021-12-16T18:17:00.000Z;Teningen-Mundingen;RB;RB 26;26;17128;8005836;8005836%2021-12-16T18:17:00.000Z%,8003374,8005090,8003233,8002763,8005101,8004683,8003494,8002123,8000290,;426
2021-12-16T18:43:00.000Z;Teningen-Mundingen;RB;RB 26;26;17131;8005836;8005836%2021-12-16T18:43:00.000Z%,8001771,8003398,8001415,8002465,8000107,;426
2021-12-16T19:17:00.000Z;Teningen-Mundingen;RB;RB 26;26;17130;8005836;8005836%2021-12-16T19:17:00.000Z%,8003374,8005090,8003233,8002763,8005101,8004683,8003494,8002123,8000290,;426
2021-12-16T19:40:00.000Z;Teningen-Mundingen;RB;RB 26;26;17133;8005836;8005836%2021-12-16T19:40:00.000Z%,8001771,8003398,8001415,8002465,8000107,;426
2021-12-16T20:17:00.000Z;Teningen-Mundingen;RB;RB 26;26;17132;8005836;8005836%2021-12-16T20:17:00.000Z%,8003374,8005090,8003233,8002763,8005101,8004683,8003494,8002123,8000290,;426
2021-12-15T20:20:00.000Z;Trier Süd;RE;RE 11;11;5135;8005905;8005905%2021-12-15T20:21:00.000Z%1,8000134,8005476,8000379,8001267,8001340,8003179,8003350,8000206,;602
2021-12-15T20:45:00.000Z;Trier Süd;RE;RE 11;11;5128;8005905;8005905%2021-12-15T20:45:00.000Z%0,8003434,8003042,8200340,8270930,8200100,;602
2021-12-15T20:56:00.000Z;Trier Süd;RB;RB 71;71;12586;8005905;8005905%2021-12-15T20:58:00.000Z%2,8000134,;426
2021-12-15T21:02:00.000Z;Trier Süd;RB;RB 82;82;12183;8005905;8005905%2021-12-15T21:03:00.000Z%1,8000134,;426
2021-12-15T21:03:00.000Z;Trier Süd;RB;RB 71;71;76799;8005905;8005905%2021-12-15T21:03:00.000Z%0,8000402,8003402,8003173,8006461,8005392,8005245,8005539,8005812,8005246,8004004,8000926,8003991,8003992,8002083,8000840,8000075,8005247,8001799,8001110,8000175,8003796,8001302,8005243,8000323,;426
2021-12-15T21:20:00.000Z;Trier Süd;RE;RE 11;11;5137;8005905;8005905%2021-12-15T21:20:00.000Z%0,8000134,;602
2021-12-15T21:24:00.000Z;Trier Süd;RB;RB 81;81;12128;8005905;8005905%2021-12-15T21:24:00.000Z%0,8000402,8003403,8006222,8004514,8005835,8006315,8004438,8006463,8006252,8004748,8004236,8000923,8004771,;426
2021-12-15T21:46:00.000Z;Trier Süd;RE;RE 11;11;5130;8005905;8005905%2021-12-15T21:46:00.000Z%,8003434,8003042,8200340,8270930,8200100,;602
2021-12-15T21:56:00.000Z;Trier Süd;RB;RB 71;71;12588;8005905;8005905%2021-12-15T21:58:00.000Z%2,8000134,;426
2021-12-15T22:03:00.000Z;Trier Süd;RB;RB 71;71;12593;8005905;8005905%2021-12-15T22:03:00.000Z%,8000402,8003402,8003173,8006461,8005392,8005245,8005539,8005812,8005246,8004004,8000926,8003991,8003992,8002083,8000840,8000075,8005247,8001799,8001110,8000175,8003796,8001302,8005243,8000323,;426
2021-12-15T22:12:00.000Z;Trier Süd;RB;RB 82;82;12189;8005905;8005905%2021-12-15T22:12:00.000Z%,8000134,8004784,8000370,8001688,8004910,8005476,8002018,8002817,8005510,8005260,8000379,8005945,8000870,8001267,8004223,8001666,8001340,;426
2021-12-15T22:20:00.000Z;Trier Süd;RE;RE 11;11;5139;8005905;8005905%2021-12-15T22:21:00.000Z%1,8000134,;602
2021-12-15T22:47:00.000Z;Trier Süd;RE;RE 1;1;4134;8005905;8005905%2021-12-15T22:47:00.000Z%,8000402,8003402,8003173,8006461,8005392,8005245,8005539,8005812,8005246,8004004,8000926,8003991,8003992,8002083,8000840,8000075,8005247,8001799,8001110,8000175,8003796,8001302,8005243,8000323,;602
2021-12-15T22:52:00.000Z;Trier Süd;RE;RE 11;11;5132;8005905;8005905%2021-12-15T22:52:00.000Z%,8003434,8003042,8200340,8270930,8200100,;602
2021-12-15T22:57:00.000Z;Trier Süd;RB;RB 71;71;12590;8005905;8005905%2021-12-15T22:57:00.000Z%,8000134,;426
2021-12-15T23:20:00.000Z;Trier Süd;RE;RE 11;11;5141;8005905;8005905%2021-12-15T23:20:00.000Z%,8000134,;602
2021-12-16T00:02:00.000Z;Trier Süd;RE;RE 1;1;4145;8005905;8005905%2021-12-16T00:02:00.000Z%,8000134,;602
2021-12-16T04:10:00.000Z;Trier Süd;RB;RB 82;82;12182;8005905;8005905%2021-12-16T04:10:00.000Z%,8000402,8003403,8006222,8004514,8005835,8006315,8004438,8006463,8006252,8004748,8004236,8000923,8004771,;426
2021-12-16T04:21:00.000Z;Trier Süd;RB;RB 71;71;12513;8005905;8005905%2021-12-16T04:21:00.000Z%,8000402,8003402,8003173,8006461,8005392,8005245,8005539,8005812,8005246,8004004,8000926,8003991,8003992,8002083,8000840,8000075,8005247,8001799,8001110,8000175,8003796,8001302,8005243,8000323,8005241,8005332,8005649,8003294,8003684,8000176,8001200,8002655,8003515,8003257,8001720,8000189,;426
2021-12-16T04:36:00.000Z;Trier Süd;RB;RB 83;83;5101;8005905;8005905%2021-12-16T04:36:00.000Z%,8000134,8004784,8000370,8001688,8004910,8005476,8002018,8002817,8005510,8005260,8000379,;426
2021-12-16T04:39:00.000Z;Trier Süd;RE;RE 11;11;5138;8005905;8005905%2021-12-16T04:39:00.000Z%,8003434,8003042,8200340,8270930,8200100,;602
2021-12-16T04:42:00.000Z;Trier Süd;RB;RB 71;71;12550;8005905;8005905%2021-12-16T04:42:00.000Z%,8000134,;426
2021-12-16T04:46:00.000Z;Trier Süd;RB;RB 71;71;12553;8005905;8005905%2021-12-16T04:46:00.000Z%,8000402,8003402,8003173,8006461,8005392,8005245,8005539,8005812,8005246,8004004,8000926,8003991,8003992,8002083,8000840,8000075,8005247,8001799,8001110,8000175,8003796,8001302,8005243,8000323,8005241,8005306,8005332,8005044,8005649,8000319,8003294,8003684,8000176,;426
2021-12-16T04:51:00.000Z;Trier Süd;RB;RB 82;82;12151;8005905;8005905%2021-12-16T04:51:00.000Z%,8000134,8004784,8000370,8001688,8004910,8005476,8002018,8002817,8005510,8005260,8000379,8005945,8000870,8001267,8004223,8001666,8001340,8003344,8004859,8003179,8004101,8004096,8002643,8003723,8003211,8003611,8003350,8006481,8002454,8003354,8000206,;426
2021-12-16T04:52:00.000Z;Trier Süd;RB;RB 83;83;5630;8005905;8005905%2021-12-16T04:52:00.000Z%,8003434,8003042,8200340,8270720,8270690,8271080,8270210,8270890,8270780,8270830,8270930,8270280,8200100,;426
2021-12-16T04:59:00.000Z;Trier Süd;RE;RE 11;11;5105;8005905;8005905%2021-12-16T04:59:00.000Z%,8000134,8005476,8000379,8001267,8001340,8003179,8003350,8000206,;602
2021-12-16T05:16:00.000Z;Trier Süd;RB;RB 82;82;12184;8005905;8005905%2021-12-16T05:16:00.000Z%,8000402,8003403,8006222,8004514,8005835,8006315,8004438,8006463,8006252,8004748,8004236,8000923,8004771,;426
2021-12-16T05:22:00.000Z;Trier Süd;RB;RB 71;71;12519;8005905;8005905%2021-12-16T05:22:00.000Z%,8000402,8003402,8003173,8006461,8005392,8005245,8005539,8005812,8005246,8004004,8000926,8003991,8003992,8002083,8000840,8000075,8005247,8001799,8001110,8000175,8001302,8005243,8000323,8005241,8005332,8005044,8005649,8003294,8003684,8000176,8001200,8002655,8003515,8003257,8000189,;426
2021-12-16T05:39:00.000Z;Trier Süd;RE;RE 11;11;5142;8005905;8005905%2021-12-16T05:39:00.000Z%,8003434,8003042,8200340,8270930,8200100,;602
2021-12-16T05:41:00.000Z;Trier Süd;RB;RB 71;71;12552;8005905;8005905%2021-12-16T05:41:00.000Z%,8000134,;426
2021-12-16T05:45:00.000Z;Trier Süd;RB;RB 83;83;5632;8005905;8005905%2021-12-16T05:45:00.000Z%,8003434,8003042,8200340,8270720,8270690,8271080,8270210,8270890,8270780,8270830,8270930,8270280,8200100,;426
2021-12-16T05:59:00.000Z;Trier Süd;RB;RB 82;82;12153;8005905;8005905%2021-12-16T05:59:00.000Z%,8000134,;426
2021-12-16T06:03:00.000Z;Trier Süd;RB;RB 71;71;12555;8005905;8005905%2021-12-16T06:03:00.000Z%,8000402,8003402,8003173,8006461,8005392,8005245,8005539,8005812,8005246,8004004,8000926,8003991,8003992,8002083,8000840,8000075,8005247,8001799,8001110,8000175,8003796,8001302,8005243,8000323,8005241,8005306,8005332,8005044,8005649,8000319,8003294,8003684,8000176,;426
2021-12-16T06:04:00.000Z;Trier Süd;RB;RB 11;11;5107;8005905;8005905%2021-12-16T06:04:00.000Z%,8000134,8005476,8000379,8001267,8001340,8003179,8003350,8000206,8000331,8000310,8000044,8000207,8000085,;426
2021-12-16T06:08:00.000Z;Trier Süd;RB;RB 82;82;12188;8005905;8005905%2021-12-16T06:08:00.000Z%,8000402,8003403,8006222,8004514,8005835,8006315,8004438,8006463,8006252,8004748,8004236,8000923,8004771,;426
2021-12-16T06:17:00.000Z;Trier Süd;RB;RB 71;71;12504;8005905;8005905%2021-12-16T06:17:00.000Z%,8000134,;426
2021-12-16T06:19:00.000Z;Trier Süd;RB;RB 71;71;12557;8005905;8005905%2021-12-16T06:19:00.000Z%,8000402,8003402,;426
2021-12-16T06:36:00.000Z;Trier Süd;RB;RB 82;82;12185;8005905;8005905%2021-12-16T06:36:00.000Z%,8000134,8004784,8000370,8001688,8004910,8005476,8002018,8002817,8005510,8005260,8000379,8005945,8000870,8001267,8004223,8001666,8001340,8003344,8004859,8003179,8004101,8004096,8002643,8003723,8003211,8003611,8003350,8006481,8002454,8003354,8000206,;426
2021-12-16T06:39:00.000Z;Trier Süd;RE;RE 11;11;5100;8005905;8005905%2021-12-16T06:39:00.000Z%,8003434,8003042,8200340,8270930,8200100,;602
2021-12-16T06:42:00.000Z;Trier Süd;RB;RB 71;71;12554;8005905;8005905%2021-12-16T06:42:00.000Z%,8000134,;426
2021-12-16T06:48:00.000Z;Trier Süd;RB;RB 83;83;5634;8005905;8005905%2021-12-16T06:48:00.000Z%,8003434,8003042,8200340,8270720,8270690,8271080,8270210,8270890,8270780,8270830,8270930,8270280,8200100,;426
2021-12-16T06:53:00.000Z;Trier Süd;RB;RB 82;82;12150;8005905;8005905%2021-12-16T06:53:00.000Z%,8000402,8003403,8006222,8004514,8005835,8006315,8004438,8006463,8006252,8004748,8004236,8000923,8004771,;426
2021-12-16T06:53:00.000Z;Trier Süd;RB;RB 71;71;12556;8005905;8005905%2021-12-16T06:53:00.000Z%,8000134,;426
2021-12-16T07:02:00.000Z;Trier Süd;RB;RB 82;82;12155;8005905;8005905%2021-12-16T07:02:00.000Z%,8000134,;426
2021-12-16T07:03:00.000Z;Trier Süd;RB;RB 71;71;12559;8005905;8005905%2021-12-16T07:03:00.000Z%,8000402,8003402,8003173,8006461,8005392,8005245,8005539,8005812,8005246,8004004,8000926,8003991,8003992,8002083,8000840,8000075,8005247,8001799,8001110,8000175,8003796,8001302,8005243,8000323,8005241,8005306,8005332,8005044,8005649,8000319,8003294,8003684,8000176,;426
2021-12-16T07:08:00.000Z;Trier Süd;RB;RB 83;83;5633;8005905;8005905%2021-12-16T07:08:00.000Z%,8000134,8004784,8000370,8001688,8004910,8005476,8002018,8002817,8005510,8005260,8000379,;426
2021-12-16T07:20:00.000Z;Trier Süd;RE;RE 11;11;5109;8005905;8005905%2021-12-16T07:20:00.000Z%,8000134,8005476,8000379,8001267,8001340,8003179,8003350,8000206,;602
2021-12-16T07:39:00.000Z;Trier Süd;RE;RE 11;11;5102;8005905;8005905%2021-12-16T07:39:00.000Z%,8003434,8003042,8200340,8270930,8200100,;602
2021-12-16T07:48:00.000Z;Trier Süd;RB;RB 83;83;5636;8005905;8005905%2021-12-16T07:48:00.000Z%,8003434,8003042,8200340,8270720,8270690,8271080,8270210,8270890,8270780,8270830,8270930,8270280,8200100,;426
2021-12-16T07:53:00.000Z;Trier Süd;RB;RB 82;82;12152;8005905;8005905%2021-12-16T07:53:00.000Z%,8000402,8003403,8006222,8004514,8005835,8006315,8004438,8006463,8006252,8004748,8004236,8000923,8004771,;426
2021-12-16T07:56:00.000Z;Trier Süd;RB;RB 71;71;12558;8005905;8005905%2021-12-16T07:56:00.000Z%,8000134,;426
2021-12-16T08:02:00.000Z;Trier Süd;RB;RB 82;82;12157;8005905;8005905%2021-12-16T08:02:00.000Z%,8000134,;426
2021-12-16T08:03:00.000Z;Trier Süd;RB;RB 71;71;12561;8005905;8005905%2021-12-16T08:03:00.000Z%,8000402,8003402,8003173,8006461,8005392,8005245,8005539,8005812,8005246,8004004,8000926,8003991,8003992,8002083,8000840,8000075,8005247,8001799,8001110,8000175,8003796,8001302,8005243,8000323,8005241,8005306,8005332,8005044,8005649,8000319,8003294,8003684,8000176,;426
2021-12-16T08:08:00.000Z;Trier Süd;RB;RB 83;83;5635;8005905;8005905%2021-12-16T08:08:00.000Z%,8000134,8004784,8000370,8001688,8004910,8005476,8002018,8002817,8005510,8005260,8000379,;426
2021-12-16T08:20:00.000Z;Trier Süd;RE;RE 11;11;5111;8005905;8005905%2021-12-16T08:20:00.000Z%,8000134,8005476,8000379,8001267,8001340,8003179,8003350,8000206,;602
2021-12-16T08:39:00.000Z;Trier Süd;RE;RE 11;11;5104;8005905;8005905%2021-12-16T08:39:00.000Z%,8003434,8003042,8200340,8270930,8200100,;602
2021-12-16T08:48:00.000Z;Trier Süd;RB;RB 83;83;5638;8005905;8005905%2021-12-16T08:48:00.000Z%,8003434,8003042,8200340,8270720,8270690,8271080,8270210,8270890,8270780,8270830,8270930,8270280,8200100,;426
2021-12-16T08:53:00.000Z;Trier Süd;RB;RB 82;82;12154;8005905;8005905%2021-12-16T08:53:00.000Z%,8000402,8003403,8006222,8004514,8005835,8006315,8004438,8006463,8006252,8004748,8004236,8000923,8004771,;426
2021-12-16T08:56:00.000Z;Trier Süd;RB;RB 71;71;76796;8005905;8005905%2021-12-16T08:56:00.000Z%,8000134,;426
2021-12-16T09:02:00.000Z;Trier Süd;RB;RB 82;82;12159;8005905;8005905%2021-12-16T09:02:00.000Z%,8000134,;426
2021-12-16T09:03:00.000Z;Trier Süd;RB;RB 71;71;12563;8005905;8005905%2021-12-16T09:03:00.000Z%,8000402,8003402,8003173,8006461,8005392,8005245,8005539,8005812,8005246,8004004,8000926,8003991,8003992,8002083,8000840,8000075,8005247,8001799,8001110,8000175,8003796,8001302,8005243,8000323,8005241,8005306,8005332,8005044,8005649,8000319,8003294,8003684,8000176,;426
2021-12-16T09:08:00.000Z;Trier Süd;RB;RB 83;83;5637;8005905;8005905%2021-12-16T09:08:00.000Z%,8000134,8004784,8000370,8001688,8004910,8005476,8002018,8002817,8005510,8005260,8000379,;426
2021-12-16T09:20:00.000Z;Trier Süd;RE;RE 11;11;5113;8005905;8005905%2021-12-16T09:20:00.000Z%,8000134,8005476,8000379,8001267,8001340,8003179,8003350,8000206,;602
2021-12-16T09:39:00.000Z;Trier Süd;RE;RE 11;11;5136;8005905;8005905%2021-12-16T09:39:00.000Z%,8003434,8003042,8200340,8270930,8200100,;602
2021-12-16T09:48:00.000Z;Trier Süd;RB;RB 83;83;5640;8005905;8005905%2021-12-16T09:48:00.000Z%,8003434,8003042,8200340,8270720,8270690,8271080,8270210,8270890,8270780,8270830,8270930,8270280,8200100,;426
2021-12-16T09:53:00.000Z;Trier Süd;RB;RB 82;82;12156;8005905;8005905%2021-12-16T09:53:00.000Z%,8000402,8003403,8006222,8004514,8005835,8006315,8004438,8006463,8006252,8004748,8004236,8000923,8004771,;426
2021-12-16T09:56:00.000Z;Trier Süd;RB;RB 71;71;12562;8005905;8005905%2021-12-16T09:56:00.000Z%,8000134,;426
2021-12-16T10:02:00.000Z;Trier Süd;RB;RB 82;82;12161;8005905;8005905%2021-12-16T10:02:00.000Z%,8000134,;426
2021-12-16T10:03:00.000Z;Trier Süd;RB;RB 71;71;12565;8005905;8005905%2021-12-16T10:03:00.000Z%,8000402,8003402,8003173,8006461,8005392,8005245,8005539,8005812,8005246,8004004,8000926,8003991,8003992,8002083,8000840,8000075,8005247,8001799,8001110,8000175,8003796,8001302,8005243,8000323,8005241,8005306,8005332,8005044,8005649,8000319,8003294,8003684,8000176,;426
2021-12-16T10:08:00.000Z;Trier Süd;RB;RB 83;83;5639;8005905;8005905%2021-12-16T10:08:00.000Z%,8000134,8004784,8000370,8001688,8004910,8005476,8002018,8002817,8005510,8005260,8000379,;426
2021-12-16T10:20:00.000Z;Trier Süd;RE;RE 11;11;5115;8005905;8005905%2021-12-16T10:20:00.000Z%,8000134,8005476,8000379,8001267,8001340,8003179,8003350,8000206,;602
2021-12-16T10:39:00.000Z;Trier Süd;RE;RE 11;11;5108;8005905;8005905%2021-12-16T10:39:00.000Z%,8003434,8003042,8200340,8270930,8200100,;602
2021-12-16T10:48:00.000Z;Trier Süd;RB;RB 83;83;5642;8005905;8005905%2021-12-16T10:48:00.000Z%,8003434,8003042,8200340,8270720,8270690,8271080,8270210,8270890,8270780,8270830,8270930,8270280,8200100,;426
2021-12-16T10:53:00.000Z;Trier Süd;RB;RB 82;82;12158;8005905;8005905%2021-12-16T10:53:00.000Z%,8000402,8003403,8006222,8004514,8005835,8006315,8004438,8006463,8006252,8004748,8004236,8000923,8004771,;426
2021-12-16T10:56:00.000Z;Trier Süd;RB;RB 71;71;12564;8005905;8005905%2021-12-16T10:56:00.000Z%,8000134,;426
2021-12-16T11:02:00.000Z;Trier Süd;RB;RB 82;82;12163;8005905;8005905%2021-12-16T11:02:00.000Z%,8000134,;426
2021-12-16T11:03:00.000Z;Trier Süd;RB;RB 71;71;76797;8005905;8005905%2021-12-16T11:03:00.000Z%,8000402,8003402,8003173,8006461,8005392,8005245,8005539,8005812,8005246,8004004,8000926,8003991,8003992,8002083,8000840,8000075,8005247,8001799,8001110,8000175,8003796,8001302,8005243,8000323,;426
2021-12-16T11:08:00.000Z;Trier Süd;RB;RB 83;83;5641;8005905;8005905%2021-12-16T11:08:00.000Z%,8000134,8004784,8000370,8001688,8004910,8005476,8002018,8002817,8005510,8005260,8000379,;426
2021-12-16T11:20:00.000Z;Trier Süd;RE;RE 11;11;5117;8005905;8005905%2021-12-16T11:20:00.000Z%,8000134,8005476,8000379,8001267,8001340,8003179,8003350,8000206,;602
2021-12-16T11:39:00.000Z;Trier Süd;RE;RE 11;11;5110;8005905;8005905%2021-12-16T11:39:00.000Z%,8003434,8003042,8200340,8270930,8200100,;602
2021-12-16T11:43:00.000Z;Trier Süd;RB;RB 71;71;12569;8005905;8005905%2021-12-16T11:43:00.000Z%,8000402,8003402,8003173,8006461,8005392,8005245,;426
2021-12-16T11:48:00.000Z;Trier Süd;RB;RB 83;83;5644;8005905;8005905%2021-12-16T11:48:00.000Z%,8003434,8003042,8200340,8270720,8270690,8271080,8270210,8270890,8270780,8270830,8270930,8270280,8200100,;426
2021-12-16T11:53:00.000Z;Trier Süd;RB;RB 82;82;12160;8005905;8005905%2021-12-16T11:53:00.000Z%,8000402,8003403,8006222,8004514,8005835,8006315,8004438,8006463,8006252,8004748,8004236,8000923,8004771,;426
2021-12-16T11:56:00.000Z;Trier Süd;RB;RB 71;71;12566;8005905;8005905%2021-12-16T11:56:00.000Z%,8000134,;426
2021-12-16T12:02:00.000Z;Trier Süd;RB;RB 82;82;12165;8005905;8005905%2021-12-16T12:02:00.000Z%,8000134,;426
2021-12-16T12:03:00.000Z;Trier Süd;RB;RB 71;71;12571;8005905;8005905%2021-12-16T12:03:00.000Z%,8000402,8003402,8003173,8006461,8005392,8005245,8005539,8005812,8005246,8004004,8000926,8003991,8003992,8002083,8000840,8000075,8005247,8001799,8001110,8000175,8003796,8001302,8005243,8000323,8005241,8005306,8005332,8005044,8005649,8000319,8003294,8003684,8000176,;426
2021-12-16T12:08:00.000Z;Trier Süd;RB;RB 83;83;5643;8005905;8005905%2021-12-16T12:08:00.000Z%,8000134,8004784,8000370,8001688,8004910,8005476,8002018,8002817,8005510,8005260,8000379,;426
2021-12-16T12:19:00.000Z;Trier Süd;RB;RB 71;71;12573;8005905;8005905%2021-12-16T12:19:00.000Z%,8000402,8003402,8003173,8006461,8005392,8005245,;426
2021-12-15T21:01:00.000Z;Trossingen Bahnhof;RB;RB 42;42;22996;8005911;8005911%2021-12-15T21:02:00.000Z%1,8001405,8000322,;426
2021-12-16T06:40:00.000Z;Trossingen Bahnhof;RB;RB 42;42;22995;8005911;8005911%2021-12-16T06:40:00.000Z%,8000393,8005490,8006667,8003857,8000366,8000077,8002214,8000182,8000163,8004111,8002096,8000933,8002656,8000069,8003969,8000160,8005087,8004182,8001684,8005333,8001013,8000170,;426
2021-12-15T20:36:00.000Z;Tübingen-Lustnau;RB;RB 63;63;22880;8005918;8005918%2021-12-15T20:38:00.000Z%2,8000141,8005916,8006003,8006002,8004778,8001802,8070591,8070604,8002786,8002785,;426
2021-12-15T20:47:00.000Z;Tübingen-Lustnau;RB;RB 63;63;22842;8005918;8005918%2021-12-15T20:48:00.000Z%1,8003272,8006203,8005053,8005052,8000314,8005054,8004009,;426
2021-12-15T21:47:00.000Z;Tübingen-Lustnau;RB;RB 63;63;22844;8005918;8005918%2021-12-15T21:47:00.000Z%,8003272,8006203,8005053,8005052,8000314,8005054,8004009,;426
2021-12-15T22:11:00.000Z;Tübingen-Lustnau;RB;RB 63;63;22849;8005918;8005918%2021-12-15T22:11:00.000Z%,8000141,8005916,8006003,8006002,8004778,8001802,8070591,8070604,8002786,8002785,;426
2021-12-15T23:11:00.000Z;Tübingen-Lustnau;RB;RB 63;63;22795;8005918;8005918%2021-12-15T23:11:00.000Z%,8000141,;426
2021-12-16T03:34:00.000Z;Tübingen-Lustnau;RB;RB 63;63;22882;8005918;8005918%2021-12-16T03:34:00.000Z%,8003272,8006203,8005053,8005052,8000314,8005054,8004009,8070678,8001422,8070679,8001424,8001426,8070680,8006027,8006029,;426
2021-12-16T04:16:00.000Z;Tübingen-Lustnau;RB;RB 63;63;22793;8005918;8005918%2021-12-16T04:16:00.000Z%,8000141,;426
2021-12-16T04:20:00.000Z;Tübingen-Lustnau;RB;RB 63;63;22790;8005918;8005918%2021-12-16T04:20:00.000Z%,8003272,8006203,8005053,8005052,8000314,;426
2021-12-16T04:37:00.000Z;Tübingen-Lustnau;RB;RB 63;63;22792;8005918;8005918%2021-12-16T04:37:00.000Z%,8003272,8006203,8005053,8005052,8000314,8005054,8004009,8070678,8001422,8070679,8001424,8001426,8070680,8006027,8006029,;426
2021-12-16T05:04:00.000Z;Tübingen-Lustnau;RB;RB 63;63;22851;8005918;8005918%2021-12-16T05:04:00.000Z%,8000141,;426
2021-12-16T05:18:00.000Z;Tübingen-Lustnau;RB;RB 63;63;22848;8005918;8005918%2021-12-16T05:18:00.000Z%,8003272,8006203,8005053,8005052,8000314,;426
2021-12-16T05:34:00.000Z;Tübingen-Lustnau;RB;RB 63;63;22853;8005918;8005918%2021-12-16T05:34:00.000Z%,8000141,;426
2021-12-16T05:47:00.000Z;Tübingen-Lustnau;RB;RB 63;63;22884;8005918;8005918%2021-12-16T05:47:00.000Z%,8003272,8006203,8005053,8005052,8000314,8005054,8004009,8070678,8001422,8070679,8001424,8001426,8070680,8006027,8006029,;426
2021-12-16T06:07:00.000Z;Tübingen-Lustnau;RB;RB 63;63;22883;8005918;8005918%2021-12-16T06:07:00.000Z%,8000141,8005916,8006003,8006002,8004778,8001802,8070591,8070604,8002785,;426
2021-12-16T06:19:00.000Z;Tübingen-Lustnau;RB;RB 63;63;22850;8005918;8005918%2021-12-16T06:19:00.000Z%,8003272,8006203,8005053,8005052,8000314,;426
2021-12-16T06:35:00.000Z;Tübingen-Lustnau;RB;RB 18;18;19207;8005918;8005918%2021-12-16T06:35:00.000Z%,8000141,;426
2021-12-16T07:11:00.000Z;Tübingen-Lustnau;RB;RB 63;63;22885;8005918;8005918%2021-12-16T07:11:00.000Z%,8000141,8005916,8006003,8006002,8004778,8001802,8070591,8070604,8002785,;426
2021-12-16T07:19:00.000Z;Tübingen-Lustnau;RB;RB 63;63;22852;8005918;8005918%2021-12-16T07:19:00.000Z%,8003272,8006203,8005053,8005052,8000314,;426
2021-12-16T07:36:00.000Z;Tübingen-Lustnau;RB;RB 63;63;22857;8005918;8005918%2021-12-16T07:36:00.000Z%,8000141,8005916,8006003,8006002,8004778,8001802,8070591,8070604,8002785,;426
2021-12-16T07:47:00.000Z;Tübingen-Lustnau;RB;RB 63;63;22794;8005918;8005918%2021-12-16T07:47:00.000Z%,8003272,8006203,8005053,8005052,8000314,8005054,8004009,8070678,8001422,8070679,8001424,8001426,8070680,8006027,8006029,;426
2021-12-16T08:11:00.000Z;Tübingen-Lustnau;RB;RB 63;63;22807;8005918;8005918%2021-12-16T08:11:00.000Z%,8000141,8005916,8006003,8006002,8004778,8001802,8070591,8070604,8002785,;426
2021-12-16T08:19:00.000Z;Tübingen-Lustnau;RB;RB 63;63;22854;8005918;8005918%2021-12-16T08:19:00.000Z%,8003272,8006203,8005053,8005052,8000314,;426
2021-12-16T08:36:00.000Z;Tübingen-Lustnau;RB;RB 63;63;22861;8005918;8005918%2021-12-16T08:36:00.000Z%,8000141,8005916,8006003,8006002,8004778,8001802,8070591,8070604,8002785,;426
2021-12-16T08:47:00.000Z;Tübingen-Lustnau;RB;RB 63;63;22890;8005918;8005918%2021-12-16T08:47:00.000Z%,8003272,8006203,8005053,8005052,8000314,8005054,8004009,8070678,8001422,8070679,8001424,8001426,8070680,8006027,8006029,;426
2021-12-16T09:11:00.000Z;Tübingen-Lustnau;RB;RB 63;63;22891;8005918;8005918%2021-12-16T09:11:00.000Z%,8000141,8005916,8006003,8006002,8004778,8001802,8070591,8070604,8002785,;426
2021-12-16T09:19:00.000Z;Tübingen-Lustnau;RB;RB 63;63;22856;8005918;8005918%2021-12-16T09:19:00.000Z%,8003272,8006203,8005053,8005052,8000314,;426
2021-12-16T09:36:00.000Z;Tübingen-Lustnau;RB;RB 63;63;22859;8005918;8005918%2021-12-16T09:36:00.000Z%,8000141,8005916,8006003,8006002,8004778,8001802,8070591,8070604,8002785,;426
2021-12-16T09:47:00.000Z;Tübingen-Lustnau;RB;RB 63;63;22808;8005918;8005918%2021-12-16T09:47:00.000Z%,8003272,8006203,8005053,8005052,8000314,8005054,8004009,8070678,8001422,8070679,8001424,8001426,8070680,8006027,8006029,;426
2021-12-16T10:11:00.000Z;Tübingen-Lustnau;RB;RB 63;63;22813;8005918;8005918%2021-12-16T10:11:00.000Z%,8000141,8005916,8006003,8006002,8004778,8001802,8070591,8070604,8002785,;426
2021-12-16T10:19:00.000Z;Tübingen-Lustnau;RB;RB 63;63;22860;8005918;8005918%2021-12-16T10:19:00.000Z%,8003272,8006203,8005053,8005052,8000314,;426
2021-12-16T10:36:00.000Z;Tübingen-Lustnau;RB;RB 63;63;22863;8005918;8005918%2021-12-16T10:36:00.000Z%,8000141,8005916,8006003,8006002,8004778,8001802,8070591,8070604,8002785,;426
2021-12-16T10:47:00.000Z;Tübingen-Lustnau;RB;RB 63;63;22812;8005918;8005918%2021-12-16T10:47:00.000Z%,8003272,8006203,8005053,8005052,8000314,8005054,8004009,8070678,8001422,8070679,8001424,8001426,8070680,8006027,8006029,;426
2021-12-16T11:11:00.000Z;Tübingen-Lustnau;RB;RB 63;63;22817;8005918;8005918%2021-12-16T11:11:00.000Z%,8000141,8005916,8006003,8006002,8004778,8001802,8070591,8070604,8002785,;426
2021-12-16T11:19:00.000Z;Tübingen-Lustnau;RB;RB 63;63;22858;8005918;8005918%2021-12-16T11:19:00.000Z%,8003272,8006203,8005053,8005052,8000314,;426
2021-12-16T11:36:00.000Z;Tübingen-Lustnau;RB;RB 63;63;22799;8005918;8005918%2021-12-16T11:36:00.000Z%,8000141,8005916,8006003,8006002,8004778,8001802,8070591,8070604,8002785,;426
2021-12-16T11:47:00.000Z;Tübingen-Lustnau;RB;RB 63;63;22892;8005918;8005918%2021-12-16T11:47:00.000Z%,8003272,8006203,8005053,8005052,8000314,8005054,8004009,8070678,8001422,8070679,8001424,8001426,8070680,8006027,8006029,;426
2021-12-16T12:11:00.000Z;Tübingen-Lustnau;RB;RB 63;63;22889;8005918;8005918%2021-12-16T12:11:00.000Z%,8000141,8005916,8006003,8006002,8004778,8001802,8070591,8070604,8002785,;426
2021-12-16T12:19:00.000Z;Tübingen-Lustnau;RB;RB 63;63;22864;8005918;8005918%2021-12-16T12:19:00.000Z%,8003272,8006203,8005053,8005052,8000314,;426
2021-12-16T12:36:00.000Z;Tübingen-Lustnau;RB;RB 63;63;22865;8005918;8005918%2021-12-16T12:36:00.000Z%,8000141,8005916,8006003,8006002,8004778,8001802,8070591,8070604,8002785,;426
2021-12-16T12:47:00.000Z;Tübingen-Lustnau;RB;RB 63;63;22820;8005918;8005918%2021-12-16T12:47:00.000Z%,8003272,8006203,8005053,8005052,8000314,8005054,8004009,8070678,8001422,8070679,8001424,8001426,8070680,8006027,8006029,;426
2021-12-16T13:11:00.000Z;Tübingen-Lustnau;RB;RB 63;63;22825;8005918;8005918%2021-12-16T13:11:00.000Z%,8000141,8005916,8006003,8006002,8004778,8001802,8070591,8070604,8002785,;426
2021-12-16T13:19:00.000Z;Tübingen-Lustnau;RB;RB 63;63;22866;8005918;8005918%2021-12-16T13:19:00.000Z%,8003272,8006203,8005053,8005052,8000314,;426
2021-12-16T13:36:00.000Z;Tübingen-Lustnau;RB;RB 63;63;22867;8005918;8005918%2021-12-16T13:36:00.000Z%,8000141,8005916,8006003,8006002,8004778,8001802,8070591,8070604,8002785,;426
2021-12-16T13:47:00.000Z;Tübingen-Lustnau;RB;RB 63;63;22894;8005918;8005918%2021-12-16T13:47:00.000Z%,8003272,8006203,8005053,8005052,8000314,8005054,8004009,8070678,8001422,8070679,8001424,8001426,8070680,8006027,8006029,;426
2021-12-16T14:11:00.000Z;Tübingen-Lustnau;RB;RB 63;63;22893;8005918;8005918%2021-12-16T14:11:00.000Z%,8000141,8005916,8006003,8006002,8004778,8001802,8070591,8070604,8002785,;426
2021-12-16T14:19:00.000Z;Tübingen-Lustnau;RB;RB 63;63;22868;8005918;8005918%2021-12-16T14:19:00.000Z%,8003272,8006203,8005053,8005052,8000314,;426
2021-12-16T14:36:00.000Z;Tübingen-Lustnau;RB;RB 63;63;22869;8005918;8005918%2021-12-16T14:36:00.000Z%,8000141,8005916,8006003,8006002,8004778,8001802,8070591,8070604,8002785,;426
2021-12-16T14:47:00.000Z;Tübingen-Lustnau;RB;RB 63;63;22896;8005918;8005918%2021-12-16T14:47:00.000Z%,8003272,8006203,8005053,8005052,8000314,8005054,8004009,8070678,8001422,8070679,8001424,8001426,8070680,8006027,8006029,;426
2021-12-16T15:11:00.000Z;Tübingen-Lustnau;RB;RB 63;63;22895;8005918;8005918%2021-12-16T15:11:00.000Z%,8000141,8005916,8006003,8006002,8004778,8001802,8070591,8070604,8002785,;426
2021-12-16T15:19:00.000Z;Tübingen-Lustnau;RB;RB 63;63;22870;8005918;8005918%2021-12-16T15:19:00.000Z%,8003272,8006203,8005053,8005052,8000314,;426
2021-12-16T15:36:00.000Z;Tübingen-Lustnau;RB;RB 63;63;22871;8005918;8005918%2021-12-16T15:36:00.000Z%,8000141,8005916,8006003,8006002,8004778,8001802,8070591,8070604,8002785,;426
2021-12-16T15:47:00.000Z;Tübingen-Lustnau;RB;RB 63;63;22898;8005918;8005918%2021-12-16T15:47:00.000Z%,8003272,8006203,8005053,8005052,8000314,8005054,8004009,8070678,8001422,8070679,8001424,8001426,8070680,8006027,8006029,;426
2021-12-16T16:11:00.000Z;Tübingen-Lustnau;RB;RB 63;63;22897;8005918;8005918%2021-12-16T16:11:00.000Z%,8000141,8005916,8006003,8006002,8004778,8001802,8070591,8070604,8002785,;426
2021-12-16T16:19:00.000Z;Tübingen-Lustnau;RB;RB 63;63;22872;8005918;8005918%2021-12-16T16:19:00.000Z%,8003272,8006203,8005053,8005052,8000314,;426
2021-12-16T16:40:00.000Z;Tübingen-Lustnau;RB;RB 63;63;22873;8005918;8005918%2021-12-16T16:40:00.000Z%,8000141,8005916,8006003,8006002,8004778,8001802,8070591,8070604,8002785,;426
2021-12-16T16:47:00.000Z;Tübingen-Lustnau;RB;RB 63;63;22796;8005918;8005918%2021-12-16T16:47:00.000Z%,8003272,8006203,8005053,8005052,8000314,8005054,8004009,8070678,8001422,8070679,8001424,8001426,8070680,8006027,8006029,;426
2021-12-16T17:11:00.000Z;Tübingen-Lustnau;RB;RB 63;63;22899;8005918;8005918%2021-12-16T17:11:00.000Z%,8000141,8005916,8006003,8006002,8004778,8001802,8070591,8070604,8002785,;426
2021-12-16T17:19:00.000Z;Tübingen-Lustnau;RB;RB 63;63;22874;8005918;8005918%2021-12-16T17:19:00.000Z%,8003272,8006203,8005053,8005052,8000314,;426
2021-12-16T17:36:00.000Z;Tübingen-Lustnau;RB;RB 63;63;22875;8005918;8005918%2021-12-16T17:36:00.000Z%,8000141,8005916,8006003,8006002,8004778,8001802,8070591,8070604,8002785,;426
2021-12-16T17:47:00.000Z;Tübingen-Lustnau;RB;RB 63;63;22798;8005918;8005918%2021-12-16T17:47:00.000Z%,8003272,8006203,8005053,8005052,8000314,8005054,8004009,8070678,8001422,8070679,8001424,8001426,8070680,8006027,8006029,;426
2021-12-16T18:11:00.000Z;Tübingen-Lustnau;RB;RB 63;63;22797;8005918;8005918%2021-12-16T18:11:00.000Z%,8000141,8005916,8006003,8006002,8004778,8001802,8070591,8070604,8002785,;426
2021-12-16T18:19:00.000Z;Tübingen-Lustnau;RB;RB 63;63;22876;8005918;8005918%2021-12-16T18:19:00.000Z%,8003272,8006203,8005053,8005052,8000314,;426
2021-12-16T18:36:00.000Z;Tübingen-Lustnau;RB;RB 63;63;22877;8005918;8005918%2021-12-16T18:36:00.000Z%,8000141,8005916,8006003,8006002,8004778,8001802,8070591,8070604,8002785,;426
2021-12-16T18:47:00.000Z;Tübingen-Lustnau;RB;RB 63;63;22836;8005918;8005918%2021-12-16T18:47:00.000Z%,8003272,8006203,8005053,8005052,8000314,8005054,8004009,8070678,8001422,8070679,8001424,8001426,8070680,8006027,8006029,;426
2021-12-16T19:11:00.000Z;Tübingen-Lustnau;RB;RB 63;63;22843;8005918;8005918%2021-12-16T19:11:00.000Z%,8000141,8005916,8006003,8006002,8004778,8001802,8070591,8070604,8002785,;426
2021-12-16T19:19:00.000Z;Tübingen-Lustnau;RB;RB 63;63;22878;8005918;8005918%2021-12-16T19:19:00.000Z%,8003272,8006203,8005053,8005052,8000314,;426
2021-12-16T19:36:00.000Z;Tübingen-Lustnau;RB;RB 63;63;22879;8005918;8005918%2021-12-16T19:36:00.000Z%,8000141,8005916,8006003,8006002,8004778,8001802,8070591,8070604,8002785,;426
2021-12-16T19:47:00.000Z;Tübingen-Lustnau;RB;RB 63;63;22840;8005918;8005918%2021-12-16T19:47:00.000Z%,8003272,8006203,8005053,8005052,8000314,8005054,8004009,;426
2021-12-16T20:11:00.000Z;Tübingen-Lustnau;RB;RB 63;63;22887;8005918;8005918%2021-12-16T20:11:00.000Z%,8000141,8005916,8006003,8006002,8004778,8001802,8070591,8070604,8002786,8002785,;426
2021-12-15T20:20:00.000Z;Twistringen;RE;RE 9;9;14066;8005929;8005929%2021-12-15T20:20:00.000Z%0,8000354,8005809,8003292,8000050,;602
2021-12-15T20:38:00.000Z;Twistringen;RE;RE 9;9;4467;8005929;8005929%2021-12-15T20:38:00.000Z%0,8000807,8001443,8003632,8001071,8000294,;602
2021-12-15T21:20:00.000Z;Twistringen;RE;RE 9;9;14068;8005929;8005929%2021-12-15T21:20:00.000Z%0,8000354,8005809,8003292,8000050,;602
2021-12-15T21:39:00.000Z;Twistringen;RE;RE 9;9;14071;8005929;8005929%2021-12-15T21:39:00.000Z%,8000807,8001443,8003632,8001071,8000294,;602
2021-12-15T22:20:00.000Z;Twistringen;RE;RE 9;9;14070;8005929;8005929%2021-12-15T22:20:00.000Z%,8000354,8005809,8003292,8000050,;602
2021-12-15T22:46:00.000Z;Twistringen;RE;RE 9;9;14073;8005929;8005929%2021-12-15T22:46:00.000Z%,8000807,8001443,8003632,8001071,8000294,;602
2021-12-15T23:20:00.000Z;Twistringen;RE;RE 9;9;14072;8005929;8005929%2021-12-15T23:20:00.000Z%,8000354,8005809,8003292,8000050,;602
2021-12-16T03:38:00.000Z;Twistringen;RE;RE 9;9;14051;8005929;8005929%2021-12-16T03:38:00.000Z%,8000807,8001443,8003632,8001071,8000294,;602
2021-12-16T04:06:00.000Z;Twistringen;RE;RE 9;9;14050;8005929;8005929%2021-12-16T04:06:00.000Z%,8000354,8001123,8005809,8000810,8003292,8001561,8001157,8000050,;602
2021-12-16T04:38:00.000Z;Twistringen;RE;RE 9;9;14053;8005929;8005929%2021-12-16T04:38:00.000Z%,8000807,8001443,8003632,8001071,8000294,;602
2021-12-16T05:20:00.000Z;Twistringen;RE;RE 9;9;4450;8005929;8005929%2021-12-16T05:20:00.000Z%,8000354,8005809,8003292,8000050,8004702,8000051,8001168,;602
2021-12-16T05:38:00.000Z;Twistringen;RE;RE 9;9;14055;8005929;8005929%2021-12-16T05:38:00.000Z%,8000807,8001443,8003632,8001071,8000294,;602
2021-12-16T06:20:00.000Z;Twistringen;RE;RE 9;9;14052;8005929;8005929%2021-12-16T06:20:00.000Z%,8000354,8005809,8003292,8000050,;602
2021-12-16T06:38:00.000Z;Twistringen;RE;RE 9;9;4453;8005929;8005929%2021-12-16T06:38:00.000Z%,8000807,8001443,8003632,8001071,8000294,;602
2021-12-16T07:20:00.000Z;Twistringen;RE;RE 9;9;4452;8005929;8005929%2021-12-16T07:20:00.000Z%,8000354,8005809,8003292,8000050,8004702,8000051,8001168,;602
2021-12-16T07:38:00.000Z;Twistringen;RE;RE 9;9;14057;8005929;8005929%2021-12-16T07:38:00.000Z%,8000807,8001443,8003632,8001071,8000294,;602
2021-12-16T08:20:00.000Z;Twistringen;RE;RE 9;9;14054;8005929;8005929%2021-12-16T08:20:00.000Z%,8000354,8005809,8003292,8000050,;602
2021-12-16T08:38:00.000Z;Twistringen;RE;RE 9;9;4455;8005929;8005929%2021-12-16T08:38:00.000Z%,8000807,8001443,8003632,8001071,8000294,;602
2021-12-16T09:20:00.000Z;Twistringen;RE;RE 9;9;4454;8005929;8005929%2021-12-16T09:20:00.000Z%,8000354,8005809,8003292,8000050,8004702,8000051,8001168,;602
2021-12-16T09:38:00.000Z;Twistringen;RE;RE 9;9;14059;8005929;8005929%2021-12-16T09:38:00.000Z%,8000807,8001443,8003632,8001071,8000294,;602
2021-12-16T10:20:00.000Z;Twistringen;RE;RE 9;9;14056;8005929;8005929%2021-12-16T10:20:00.000Z%,8000354,8005809,8003292,8000050,;602
2021-12-16T10:38:00.000Z;Twistringen;RE;RE 9;9;4457;8005929;8005929%2021-12-16T10:38:00.000Z%,8000807,8001443,8003632,8001071,8000294,;602
2021-12-16T11:20:00.000Z;Twistringen;RE;RE 9;9;4456;8005929;8005929%2021-12-16T11:20:00.000Z%,8000354,8005809,8003292,8000050,8004702,8000051,8001168,;602
2021-12-16T11:38:00.000Z;Twistringen;RE;RE 9;9;14061;8005929;8005929%2021-12-16T11:38:00.000Z%,8000807,8001443,8003632,8001071,8000294,;602
2021-12-16T12:20:00.000Z;Twistringen;RE;RE 9;9;14058;8005929;8005929%2021-12-16T12:20:00.000Z%,8000354,8005809,8003292,8000050,;602
2021-12-16T12:38:00.000Z;Twistringen;RE;RE 9;9;4459;8005929;8005929%2021-12-16T12:38:00.000Z%,8000807,8001443,8003632,8001071,8000294,;602
2021-12-16T13:20:00.000Z;Twistringen;RE;RE 9;9;4458;8005929;8005929%2021-12-16T13:20:00.000Z%,8000354,8005809,8003292,8000050,8004702,8000051,8001168,;602
2021-12-16T13:38:00.000Z;Twistringen;RE;RE 9;9;14063;8005929;8005929%2021-12-16T13:38:00.000Z%,8000807,8001443,8003632,8001071,8000294,;602
2021-12-16T14:20:00.000Z;Twistringen;RE;RE 9;9;14060;8005929;8005929%2021-12-16T14:20:00.000Z%,8000354,8005809,8003292,8000050,;602
2021-12-16T14:38:00.000Z;Twistringen;RE;RE 9;9;4461;8005929;8005929%2021-12-16T14:38:00.000Z%,8000807,8001443,8003632,8001071,8000294,;602
2021-12-16T15:20:00.000Z;Twistringen;RE;RE 9;9;4460;8005929;8005929%2021-12-16T15:20:00.000Z%,8000354,8005809,8003292,8000050,8004702,8000051,8001168,;602
2021-12-16T15:38:00.000Z;Twistringen;RE;RE 9;9;14065;8005929;8005929%2021-12-16T15:38:00.000Z%,8000807,8001443,8003632,8001071,8000294,;602
2021-12-16T16:20:00.000Z;Twistringen;RE;RE 9;9;14062;8005929;8005929%2021-12-16T16:20:00.000Z%,8000354,8005809,8003292,8000050,;602
2021-12-16T16:38:00.000Z;Twistringen;RE;RE 9;9;4463;8005929;8005929%2021-12-16T16:38:00.000Z%,8000807,8001443,8003632,8001071,8000294,;602
2021-12-16T17:20:00.000Z;Twistringen;RE;RE 9;9;4462;8005929;8005929%2021-12-16T17:20:00.000Z%,8000354,8005809,8003292,8000050,8004702,8000051,8001168,;602
2021-12-16T17:38:00.000Z;Twistringen;RE;RE 9;9;14067;8005929;8005929%2021-12-16T17:38:00.000Z%,8000807,8001443,8003632,8001071,8000294,;602
2021-12-16T18:20:00.000Z;Twistringen;RE;RE 9;9;14064;8005929;8005929%2021-12-16T18:20:00.000Z%,8000354,8005809,8003292,8000050,;602
2021-12-16T18:38:00.000Z;Twistringen;RE;RE 9;9;4465;8005929;8005929%2021-12-16T18:38:00.000Z%,8000807,8001443,8003632,8001071,8000294,;602
2021-12-16T19:20:00.000Z;Twistringen;RE;RE 9;9;4464;8005929;8005929%2021-12-16T19:20:00.000Z%,8000354,8005809,8003292,8000050,8004702,8000051,8001168,;602
2021-12-16T19:38:00.000Z;Twistringen;RE;RE 9;9;14069;8005929;8005929%2021-12-16T19:38:00.000Z%,8000807,8001443,8003632,8001071,8000294,;602
2021-12-15T20:43:00.000Z;Übach-Palenberg;RE;RE 4;4;91453;8005935;8005935%2021-12-15T20:43:00.000Z%0,8002206,8003697,8000677,8001839,8000318,8000253,8000274,;602
2021-12-15T20:57:00.000Z;Übach-Palenberg;RB;RB 33;33;10342;8005935;8005935%2021-12-15T20:57:00.000Z%0,8002206,8003697,8001113,8000677,8001839,8002784,8006391,8000318,8000253,8000174,8000584,8002027,8000211,8000212,8003426,8003427,8002941,8000317,8005065,8001605,8000086,;426
2021-12-15T20:57:00.000Z;Übach-Palenberg;RB;RB 33;33;10392;8005935;8005935%2021-12-15T20:57:00.000Z%0,8002206,8003697,8002718,8002719,8002720,8001557,8004519,8002725,8002721,;426
2021-12-15T21:05:00.000Z;Übach-Palenberg;RB;RB 33;33;10343;8005935;8005935%2021-12-15T21:06:00.000Z%1,8002806,8003395,8000404,8070704,8000001,;426
2021-12-15T21:05:00.000Z;Übach-Palenberg;RB;RB 33;33;10393;8005935;8005935%2021-12-15T21:06:00.000Z%1,8002806,8003395,8000404,8070704,8000001,;426
2021-12-15T21:18:00.000Z;Übach-Palenberg;RE;RE 4;4;91450;8005935;8005935%2021-12-15T21:18:00.000Z%0,8002806,8000404,8070704,8000001,;602
2021-12-15T21:57:00.000Z;Übach-Palenberg;RB;RB 33;33;10344;8005935;8005935%2021-12-15T21:57:00.000Z%,8002206,8003697,8001113,8000677,8001839,8002784,8006391,8000318,8000253,8000174,8000584,8002027,8000211,8000212,8003426,8003427,8002941,8000317,8005065,8001605,8000086,;426
2021-12-15T21:57:00.000Z;Übach-Palenberg;RB;RB 33;33;10394;8005935;8005935%2021-12-15T21:57:00.000Z%,8002206,8003697,8002718,8002719,8002720,8001557,8004519,8002725,8002721,;426
2021-12-15T22:05:00.000Z;Übach-Palenberg;RB;RB 33;33;10345;8005935;8005935%2021-12-15T22:06:00.000Z%1,8002806,8003395,8000404,8070704,8000001,;426
2021-12-15T22:05:00.000Z;Übach-Palenberg;RB;RB 33;33;10395;8005935;8005935%2021-12-15T22:06:00.000Z%1,8002806,8003395,8000404,8070704,8000001,;426
2021-12-15T22:18:00.000Z;Übach-Palenberg;RE;RE 4;4;91452;8005935;8005935%2021-12-15T22:18:00.000Z%,8002806,8000404,8070704,8000001,;602
2021-12-15T22:57:00.000Z;Übach-Palenberg;RB;RB 33;33;10346;8005935;8005935%2021-12-15T22:57:00.000Z%,8002206,8003697,8001113,8000677,8001839,8002784,8006391,8000318,8000253,8000174,8000584,8002027,8000211,8000212,8003426,8003427,8002941,8000317,8005065,8001605,8000086,;426
2021-12-15T22:57:00.000Z;Übach-Palenberg;RB;RB 33;33;10396;8005935;8005935%2021-12-15T22:57:00.000Z%,8002206,8003697,8002718,8002719,8002720,8001557,8004519,8002725,8002721,;426
2021-12-15T23:05:00.000Z;Übach-Palenberg;RB;RB 33;33;10347;8005935;8005935%2021-12-15T23:05:00.000Z%,8002806,8003395,8000404,8070704,8000001,;426
2021-12-15T23:05:00.000Z;Übach-Palenberg;RB;RB 33;33;10397;8005935;8005935%2021-12-15T23:05:00.000Z%,8002806,8003395,8000404,8070704,8000001,;426
2021-12-15T23:18:00.000Z;Übach-Palenberg;RE;RE 4;4;91454;8005935;8005935%2021-12-15T23:18:00.000Z%,8002806,8000404,8070704,8000001,;602
2021-12-16T00:03:00.000Z;Übach-Palenberg;RB;RB 33;33;10351;8005935;8005935%2021-12-16T00:03:00.000Z%,8002806,8003395,8000404,8070704,8000001,;426
2021-12-16T02:13:00.000Z;Übach-Palenberg;RE;RE 4;4;26401;8005935;8005935%2021-12-16T02:13:00.000Z%,8002206,8003697,8000677,8001839,8000318,8000253,8000274,;602
2021-12-16T03:43:00.000Z;Übach-Palenberg;RE;RE 4;4;91419;8005935;8005935%2021-12-16T03:43:00.000Z%,8002206,8003697,8000677,8001839,8000318,8000253,8000274,;602
2021-12-16T03:57:00.000Z;Übach-Palenberg;RB;RB 33;33;10308;8005935;8005935%2021-12-16T03:57:00.000Z%,8002206,8003697,8001113,8000677,8001839,8002784,8006391,8000318,8000253,8000174,8000584,8002027,8000211,8000212,8003426,8003427,8002941,8000317,8005065,8001605,8000086,8000687,8000259,8001898,8000098,;426
2021-12-16T03:57:00.000Z;Übach-Palenberg;RB;RB 33;33;10358;8005935;8005935%2021-12-16T03:57:00.000Z%,8002206,8003697,8002718,8002719,8002720,8001557,8004519,8002725,8002721,;426
2021-12-16T04:05:00.000Z;Übach-Palenberg;RB;RB 33;33;10309;8005935;8005935%2021-12-16T04:05:00.000Z%,8002806,8003395,8000404,8070704,8000001,;426
2021-12-16T04:43:00.000Z;Übach-Palenberg;RE;RE 4;4;91421;8005935;8005935%2021-12-16T04:43:00.000Z%,8002206,8003697,8000677,8001839,8000318,8000253,8000274,;602
2021-12-16T04:57:00.000Z;Übach-Palenberg;RB;RB 33;33;10310;8005935;8005935%2021-12-16T04:57:00.000Z%,8002206,8003697,8001113,8000677,8001839,8002784,8006391,8000318,8000253,8000174,8000584,8002027,8000211,8000212,8003426,8003427,8002941,8000317,8005065,8001605,8000086,8000687,8000259,8001898,8000098,;426
2021-12-16T04:57:00.000Z;Übach-Palenberg;RB;RB 33;33;10360;8005935;8005935%2021-12-16T04:57:00.000Z%,8002206,8003697,8002718,8002719,8002720,8001557,8004519,8002725,8002721,;426
2021-12-16T05:05:00.000Z;Übach-Palenberg;RB;RB 33;33;10311;8005935;8005935%2021-12-16T05:05:00.000Z%,8002806,8003395,8000404,8070704,8000001,;426
2021-12-16T05:05:00.000Z;Übach-Palenberg;RB;RB 33;33;10361;8005935;8005935%2021-12-16T05:05:00.000Z%,8002806,8003395,8000404,8070704,8000001,;426
2021-12-16T05:11:00.000Z;Übach-Palenberg;RE;RE 4;4;26455;8005935;8005935%2021-12-16T05:11:00.000Z%,8002206,8003697,8001113,8000677,8001839,8006391,8000318,8000253,;602
2021-12-16T05:18:00.000Z;Übach-Palenberg;RE;RE 4;4;91418;8005935;8005935%2021-12-16T05:18:00.000Z%,8002806,8000404,8070704,8000001,;602
2021-12-16T05:27:00.000Z;Übach-Palenberg;RE;RE 1;1;26852;8005935;8005935%2021-12-16T05:27:00.000Z%,8002206,;602
2021-12-16T05:33:00.000Z;Übach-Palenberg;RE;RE 4;4;26457;8005935;8005935%2021-12-16T05:33:00.000Z%,8002206,8003697,8001113,8000677,8001839,8006391,8000318,8000253,;602
2021-12-16T05:43:00.000Z;Übach-Palenberg;RE;RE 4;4;91423;8005935;8005935%2021-12-16T05:43:00.000Z%,8002206,8003697,8000677,8001839,8000318,8000253,8000274,;602
2021-12-16T05:45:00.000Z;Übach-Palenberg;RE;RE 1;1;26853;8005935;8005935%2021-12-16T05:45:00.000Z%,8002806,8000404,8070704,8000001,8000406,8000348,8000084,8000208,8000207,;602
2021-12-16T05:57:00.000Z;Übach-Palenberg;RB;RB 33;33;10312;8005935;8005935%2021-12-16T05:57:00.000Z%,8002206,8003697,8001113,8000677,8001839,8002784,8006391,8000318,8000253,8000174,8000584,8002027,8000211,8000212,8003426,8003427,8002941,8000317,8005065,8001605,8000086,8000687,8000259,8001898,8000098,;426
2021-12-16T05:57:00.000Z;Übach-Palenberg;RB;RB 33;33;10362;8005935;8005935%2021-12-16T05:57:00.000Z%,8002206,8003697,8002718,8002719,8002720,8001557,8004519,8002725,8002721,;426
2021-12-16T06:05:00.000Z;Übach-Palenberg;RB;RB 33;33;10313;8005935;8005935%2021-12-16T06:05:00.000Z%,8002806,8003395,8000404,8070704,8000001,;426
2021-12-16T06:05:00.000Z;Übach-Palenberg;RB;RB 33;33;10363;8005935;8005935%2021-12-16T06:05:00.000Z%,8002806,8003395,8000404,8070704,8000001,;426
2021-12-16T06:12:00.000Z;Übach-Palenberg;RE;RE 4;4;26459;8005935;8005935%2021-12-16T06:12:00.000Z%,8002206,8003697,8001113,8000677,8001839,8006391,8000318,8000253,;602
2021-12-16T06:18:00.000Z;Übach-Palenberg;RE;RE 4;4;91420;8005935;8005935%2021-12-16T06:18:00.000Z%,8002806,8000404,8070704,8000001,;602
2021-12-16T06:43:00.000Z;Übach-Palenberg;RE;RE 4;4;91425;8005935;8005935%2021-12-16T06:43:00.000Z%,8002206,8003697,8000677,8001839,8000318,8000253,8000274,;602
2021-12-16T06:57:00.000Z;Übach-Palenberg;RB;RB 33;33;10314;8005935;8005935%2021-12-16T06:57:00.000Z%,8002206,8003697,8001113,8000677,8001839,8002784,8006391,8000318,8000253,8000174,8000584,8002027,8000211,8000212,8003426,8003427,8002941,8000317,8005065,8001605,8000086,8000687,8000259,8001898,8000098,;426
2021-12-16T06:57:00.000Z;Übach-Palenberg;RB;RB 33;33;10364;8005935;8005935%2021-12-16T06:57:00.000Z%,8002206,8003697,8002718,8002719,8002720,8001557,8004519,8002725,8002721,;426
2021-12-16T07:05:00.000Z;Übach-Palenberg;RB;RB 33;33;10315;8005935;8005935%2021-12-16T07:05:00.000Z%,8002806,8003395,8000404,8070704,8000001,;426
2021-12-16T07:05:00.000Z;Übach-Palenberg;RB;RB 33;33;10365;8005935;8005935%2021-12-16T07:05:00.000Z%,8002806,8003395,8000404,8070704,8000001,;426
2021-12-16T07:18:00.000Z;Übach-Palenberg;RE;RE 4;4;91422;8005935;8005935%2021-12-16T07:18:00.000Z%,8002806,8000404,8070704,8000001,;602
2021-12-16T07:43:00.000Z;Übach-Palenberg;RE;RE 4;4;91427;8005935;8005935%2021-12-16T07:43:00.000Z%,8002206,8003697,8000677,8001839,8000318,8000253,8000274,;602
2021-12-16T07:57:00.000Z;Übach-Palenberg;RB;RB 33;33;10316;8005935;8005935%2021-12-16T07:57:00.000Z%,8002206,8003697,8001113,8000677,8001839,8002784,8006391,8000318,8000253,8000174,8000584,8002027,8000211,8000212,8003426,8003427,8002941,8000317,8005065,8001605,8000086,8000687,8000259,8001898,8000098,;426
2021-12-16T07:57:00.000Z;Übach-Palenberg;RB;RB 33;33;10366;8005935;8005935%2021-12-16T07:57:00.000Z%,8002206,8003697,8002718,8002719,8002720,8001557,8004519,8002725,8002721,;426
2021-12-16T08:05:00.000Z;Übach-Palenberg;RB;RB 33;33;10317;8005935;8005935%2021-12-16T08:05:00.000Z%,8002806,8003395,8000404,8070704,8000001,;426
2021-12-16T08:05:00.000Z;Übach-Palenberg;RB;RB 33;33;10367;8005935;8005935%2021-12-16T08:05:00.000Z%,8002806,8003395,8000404,8070704,8000001,;426
2021-12-16T08:18:00.000Z;Übach-Palenberg;RE;RE 4;4;91424;8005935;8005935%2021-12-16T08:18:00.000Z%,8002806,8000404,8070704,8000001,;602
2021-12-16T08:43:00.000Z;Übach-Palenberg;RE;RE 4;4;91429;8005935;8005935%2021-12-16T08:43:00.000Z%,8002206,8003697,8000677,8001839,8000318,8000253,8000274,;602
2021-12-16T08:57:00.000Z;Übach-Palenberg;RB;RB 33;33;10318;8005935;8005935%2021-12-16T08:57:00.000Z%,8002206,8003697,8001113,8000677,8001839,8002784,8006391,8000318,8000253,8000174,8000584,8002027,8000211,8000212,8003426,8003427,8002941,8000317,8005065,8001605,8000086,8000687,8000259,8001898,8000098,;426
2021-12-16T08:57:00.000Z;Übach-Palenberg;RB;RB 33;33;10368;8005935;8005935%2021-12-16T08:57:00.000Z%,8002206,8003697,8002718,8002719,8002720,8001557,8004519,8002725,8002721,;426
2021-12-16T09:05:00.000Z;Übach-Palenberg;RB;RB 33;33;10319;8005935;8005935%2021-12-16T09:05:00.000Z%,8002806,8003395,8000404,8070704,8000001,;426
2021-12-16T09:05:00.000Z;Übach-Palenberg;RB;RB 33;33;10369;8005935;8005935%2021-12-16T09:05:00.000Z%,8002806,8003395,8000404,8070704,8000001,;426
2021-12-16T09:18:00.000Z;Übach-Palenberg;RE;RE 4;4;91426;8005935;8005935%2021-12-16T09:18:00.000Z%,8002806,8000404,8070704,8000001,;602
2021-12-16T09:43:00.000Z;Übach-Palenberg;RE;RE 4;4;91431;8005935;8005935%2021-12-16T09:43:00.000Z%,8002206,8003697,8000677,8001839,8000318,8000253,8000274,;602
2021-12-16T09:57:00.000Z;Übach-Palenberg;RB;RB 33;33;10320;8005935;8005935%2021-12-16T09:57:00.000Z%,8002206,8003697,8001113,8000677,8001839,8002784,8006391,8000318,8000253,8000174,8000584,8002027,8000211,8000212,8003426,8003427,8002941,8000317,8005065,8001605,8000086,8000687,8000259,8001898,8000098,;426
2021-12-16T09:57:00.000Z;Übach-Palenberg;RB;RB 33;33;10370;8005935;8005935%2021-12-16T09:57:00.000Z%,8002206,8003697,8002718,8002719,8002720,8001557,8004519,8002725,8002721,;426
2021-12-16T10:05:00.000Z;Übach-Palenberg;RB;RB 33;33;10321;8005935;8005935%2021-12-16T10:05:00.000Z%,8002806,8003395,8000404,8070704,8000001,;426
2021-12-16T10:05:00.000Z;Übach-Palenberg;RB;RB 33;33;10371;8005935;8005935%2021-12-16T10:05:00.000Z%,8002806,8003395,8000404,8070704,8000001,;426
2021-12-16T10:18:00.000Z;Übach-Palenberg;RE;RE 4;4;91428;8005935;8005935%2021-12-16T10:18:00.000Z%,8002806,8000404,8070704,8000001,;602
2021-12-16T10:43:00.000Z;Übach-Palenberg;RE;RE 4;4;91433;8005935;8005935%2021-12-16T10:43:00.000Z%,8002206,8003697,8000677,8001839,8000318,8000253,8000274,;602
2021-12-16T10:57:00.000Z;Übach-Palenberg;RB;RB 33;33;10322;8005935;8005935%2021-12-16T10:57:00.000Z%,8002206,8003697,8001113,8000677,8001839,8002784,8006391,8000318,8000253,8000174,8000584,8002027,8000211,8000212,8003426,8003427,8002941,8000317,8005065,8001605,8000086,8000687,8000259,8001898,8000098,;426
2021-12-16T10:57:00.000Z;Übach-Palenberg;RB;RB 33;33;10372;8005935;8005935%2021-12-16T10:57:00.000Z%,8002206,8003697,8002718,8002719,8002720,8001557,8004519,8002725,8002721,;426
2021-12-16T11:05:00.000Z;Übach-Palenberg;RB;RB 33;33;10323;8005935;8005935%2021-12-16T11:05:00.000Z%,8002806,8003395,8000404,8070704,8000001,;426
2021-12-16T11:05:00.000Z;Übach-Palenberg;RB;RB 33;33;10373;8005935;8005935%2021-12-16T11:05:00.000Z%,8002806,8003395,8000404,8070704,8000001,;426
2021-12-16T11:18:00.000Z;Übach-Palenberg;RE;RE 4;4;91430;8005935;8005935%2021-12-16T11:18:00.000Z%,8002806,8000404,8070704,8000001,;602
2021-12-16T11:43:00.000Z;Übach-Palenberg;RE;RE 4;4;91435;8005935;8005935%2021-12-16T11:43:00.000Z%,8002206,8003697,8000677,8001839,8000318,8000253,8000274,;602
2021-12-16T11:57:00.000Z;Übach-Palenberg;RB;RB 33;33;10324;8005935;8005935%2021-12-16T11:57:00.000Z%,8002206,8003697,8001113,8000677,8001839,8002784,8006391,8000318,8000253,8000174,8000584,8002027,8000211,8000212,8003426,8003427,8002941,8000317,8005065,8001605,8000086,8000687,8000259,8001898,8000098,;426
2021-12-16T11:57:00.000Z;Übach-Palenberg;RB;RB 33;33;10374;8005935;8005935%2021-12-16T11:57:00.000Z%,8002206,8003697,8002718,8002719,8002720,8001557,8004519,8002725,8002721,;426
2021-12-16T12:05:00.000Z;Übach-Palenberg;RB;RB 33;33;10325;8005935;8005935%2021-12-16T12:05:00.000Z%,8002806,8003395,8000404,8070704,8000001,;426
2021-12-16T12:05:00.000Z;Übach-Palenberg;RB;RB 33;33;10375;8005935;8005935%2021-12-16T12:05:00.000Z%,8002806,8003395,8000404,8070704,8000001,;426
2021-12-16T12:18:00.000Z;Übach-Palenberg;RE;RE 4;4;91432;8005935;8005935%2021-12-16T12:18:00.000Z%,8002806,8000404,8070704,8000001,;602
2021-12-16T12:43:00.000Z;Übach-Palenberg;RE;RE 4;4;91437;8005935;8005935%2021-12-16T12:43:00.000Z%,8002206,8003697,8000677,8001839,8000318,8000253,8000274,;602
2021-12-16T12:57:00.000Z;Übach-Palenberg;RB;RB 33;33;10326;8005935;8005935%2021-12-16T12:57:00.000Z%,8002206,8003697,8001113,8000677,8001839,8002784,8006391,8000318,8000253,8000174,8000584,8002027,8000211,8000212,8003426,8003427,8002941,8000317,8005065,8001605,8000086,8000687,8000259,8001898,8000098,;426
2021-12-16T12:57:00.000Z;Übach-Palenberg;RB;RB 33;33;10376;8005935;8005935%2021-12-16T12:57:00.000Z%,8002206,8003697,8002718,8002719,8002720,8001557,8004519,8002725,8002721,;426
2021-12-16T13:05:00.000Z;Übach-Palenberg;RB;RB 33;33;10327;8005935;8005935%2021-12-16T13:05:00.000Z%,8002806,8003395,8000404,8070704,8000001,;426
2021-12-16T13:05:00.000Z;Übach-Palenberg;RB;RB 33;33;10377;8005935;8005935%2021-12-16T13:05:00.000Z%,8002806,8003395,8000404,8070704,8000001,;426
2021-12-16T13:18:00.000Z;Übach-Palenberg;RE;RE 4;4;91434;8005935;8005935%2021-12-16T13:18:00.000Z%,8002806,8000404,8070704,8000001,;602
2021-12-16T13:43:00.000Z;Übach-Palenberg;RE;RE 4;4;91439;8005935;8005935%2021-12-16T13:43:00.000Z%,8002206,8003697,8000677,8001839,8000318,8000253,8000274,;602
2021-12-16T13:57:00.000Z;Übach-Palenberg;RB;RB 33;33;10328;8005935;8005935%2021-12-16T13:57:00.000Z%,8002206,8003697,8001113,8000677,8001839,8002784,8006391,8000318,8000253,8000174,8000584,8002027,8000211,8000212,8003426,8003427,8002941,8000317,8005065,8001605,8000086,8000687,8000259,8001898,8000098,;426
2021-12-16T13:57:00.000Z;Übach-Palenberg;RB;RB 33;33;10378;8005935;8005935%2021-12-16T13:57:00.000Z%,8002206,8003697,8002718,8002719,8002720,8001557,8004519,8002725,8002721,;426
2021-12-16T14:05:00.000Z;Übach-Palenberg;RB;RB 33;33;10329;8005935;8005935%2021-12-16T14:05:00.000Z%,8002806,8003395,8000404,8070704,8000001,;426
2021-12-16T14:05:00.000Z;Übach-Palenberg;RB;RB 33;33;10379;8005935;8005935%2021-12-16T14:05:00.000Z%,8002806,8003395,8000404,8070704,8000001,;426
2021-12-16T14:18:00.000Z;Übach-Palenberg;RE;RE 4;4;91436;8005935;8005935%2021-12-16T14:18:00.000Z%,8002806,8000404,8070704,8000001,;602
2021-12-16T14:43:00.000Z;Übach-Palenberg;RE;RE 4;4;91441;8005935;8005935%2021-12-16T14:43:00.000Z%,8002206,8003697,8000677,8001839,8000318,8000253,8000274,;602
2021-12-16T14:57:00.000Z;Übach-Palenberg;RB;RB 33;33;10330;8005935;8005935%2021-12-16T14:57:00.000Z%,8002206,8003697,8001113,8000677,8001839,8002784,8006391,8000318,8000253,8000174,8000584,8002027,8000211,8000212,8003426,8003427,8002941,8000317,8005065,8001605,8000086,8000687,8000259,8001898,8000098,;426
2021-12-16T14:57:00.000Z;Übach-Palenberg;RB;RB 33;33;10380;8005935;8005935%2021-12-16T14:57:00.000Z%,8002206,8003697,8002718,8002719,8002720,8001557,8004519,8002725,8002721,;426
2021-12-16T15:05:00.000Z;Übach-Palenberg;RB;RB 33;33;10331;8005935;8005935%2021-12-16T15:05:00.000Z%,8002806,8003395,8000404,8070704,8000001,;426
2021-12-16T15:05:00.000Z;Übach-Palenberg;RB;RB 33;33;10381;8005935;8005935%2021-12-16T15:05:00.000Z%,8002806,8003395,8000404,8070704,8000001,;426
2021-12-16T15:18:00.000Z;Übach-Palenberg;RE;RE 4;4;91438;8005935;8005935%2021-12-16T15:18:00.000Z%,8002806,8000404,8070704,8000001,;602
2021-12-16T15:43:00.000Z;Übach-Palenberg;RE;RE 4;4;91443;8005935;8005935%2021-12-16T15:43:00.000Z%,8002206,8003697,8000677,8001839,8000318,8000253,8000274,;602
2021-12-16T15:57:00.000Z;Übach-Palenberg;RB;RB 33;33;10332;8005935;8005935%2021-12-16T15:57:00.000Z%,8002206,8003697,8001113,8000677,8001839,8002784,8006391,8000318,8000253,8000174,8000584,8002027,8000211,8000212,8003426,8003427,8002941,8000317,8005065,8001605,8000086,8000687,8000259,8001898,8000098,;426
2021-12-16T15:57:00.000Z;Übach-Palenberg;RB;RB 33;33;10382;8005935;8005935%2021-12-16T15:57:00.000Z%,8002206,8003697,8002718,8002719,8002720,8001557,8004519,8002725,8002721,;426
2021-12-16T16:05:00.000Z;Übach-Palenberg;RB;RB 33;33;10333;8005935;8005935%2021-12-16T16:05:00.000Z%,8002806,8003395,8000404,8070704,8000001,;426
2021-12-16T16:05:00.000Z;Übach-Palenberg;RB;RB 33;33;10383;8005935;8005935%2021-12-16T16:05:00.000Z%,8002806,8003395,8000404,8070704,8000001,;426
2021-12-16T16:18:00.000Z;Übach-Palenberg;RE;RE 4;4;91440;8005935;8005935%2021-12-16T16:18:00.000Z%,8002806,8000404,8070704,8000001,;602
2021-12-16T16:43:00.000Z;Übach-Palenberg;RE;RE 4;4;91445;8005935;8005935%2021-12-16T16:43:00.000Z%,8002206,8003697,8000677,8001839,8000318,8000253,8000274,;602
2021-12-16T16:46:00.000Z;Übach-Palenberg;RE;RE 4;4;26452;8005935;8005935%2021-12-16T16:46:00.000Z%,8002806,8003395,8000404,8070704,8000001,;602
2021-12-16T16:57:00.000Z;Übach-Palenberg;RB;RB 33;33;10334;8005935;8005935%2021-12-16T16:57:00.000Z%,8002206,8003697,8001113,8000677,8001839,8002784,8006391,8000318,8000253,8000174,8000584,8002027,8000211,8000212,8003426,8003427,8002941,8000317,8005065,8001605,8000086,8000687,8000259,8001898,8000098,;426
2021-12-16T16:57:00.000Z;Übach-Palenberg;RB;RB 33;33;10384;8005935;8005935%2021-12-16T16:57:00.000Z%,8002206,8003697,8002718,8002719,8002720,8001557,8004519,8002725,8002721,;426
2021-12-16T17:05:00.000Z;Übach-Palenberg;RB;RB 33;33;10335;8005935;8005935%2021-12-16T17:05:00.000Z%,8002806,8003395,8000404,8070704,8000001,;426
2021-12-16T17:05:00.000Z;Übach-Palenberg;RB;RB 33;33;10385;8005935;8005935%2021-12-16T17:05:00.000Z%,8002806,8003395,8000404,8070704,8000001,;426
2021-12-16T17:18:00.000Z;Übach-Palenberg;RE;RE 4;4;91442;8005935;8005935%2021-12-16T17:18:00.000Z%,8002806,8000404,8070704,8000001,;602
2021-12-15T20:40:00.000Z;Überlingen-Nußdorf;RB;RB 31;31;17792;8005943;8005943%2021-12-15T20:40:00.000Z%0,8005942,8005937,8005582,8003764,8000880,;426
2021-12-15T21:51:00.000Z;Überlingen-Nußdorf;RB;RB 31;31;17897;8005943;8005943%2021-12-15T21:51:00.000Z%,8004595,8004029,8000909,8003871,8003345,8002111,8003850,8002122,8000112,;426
2021-12-15T22:12:00.000Z;Überlingen-Nußdorf;RB;RB 31;31;17794;8005943;8005943%2021-12-15T22:12:00.000Z%,8005942,8005937,8005582,8003764,8077773,8000880,;426
2021-12-15T23:06:00.000Z;Überlingen-Nußdorf;RB;RB 31;31;17796;8005943;8005943%2021-12-15T23:06:00.000Z%,8005942,8005937,8005582,8003764,8000880,8000073,;426
2021-12-15T23:18:00.000Z;Überlingen-Nußdorf;RB;RB 31;31;17799;8005943;8005943%2021-12-15T23:18:00.000Z%,8004595,8004029,8000909,8003871,8003345,8002111,8003850,8002122,8000112,;426
2021-12-16T03:52:00.000Z;Überlingen-Nußdorf;RB;RB 31;31;17751;8005943;8005943%2021-12-16T03:52:00.000Z%,8004595,8004029,8000909,8003871,8003345,8002111,8003850,8002122,8000112,;426
2021-12-16T04:01:00.000Z;Überlingen-Nußdorf;RE;RE 3;3;3076;8005943;8005943%2021-12-16T04:01:00.000Z%,8005942,8005937,8005582,8003764,8000880,8000073,8503424,8001865,8004552,8005871,8006167,8005255,8005064,8000026,;602
2021-12-16T04:33:00.000Z;Überlingen-Nußdorf;RB;RB 31;31;17750;8005943;8005943%2021-12-16T04:33:00.000Z%,8005942,8005937,;426
2021-12-16T04:49:00.000Z;Überlingen-Nußdorf;RB;RB 31;31;17753;8005943;8005943%2021-12-16T04:49:00.000Z%,8004595,8004029,8000909,8003871,8000112,8002110,;426
2021-12-16T05:08:00.000Z;Überlingen-Nußdorf;RB;RB 31;31;17755;8005943;8005943%2021-12-16T05:08:00.000Z%,8004595,8004029,8000909,8003871,8003345,8002111,8003850,8002122,8000112,;426
2021-12-16T05:29:00.000Z;Überlingen-Nußdorf;RB;RB 31;31;17756;8005943;8005943%2021-12-16T05:29:00.000Z%,8005942,8005937,;426
2021-12-16T05:41:00.000Z;Überlingen-Nußdorf;RB;RB 31;31;17383;8005943;8005943%2021-12-16T05:41:00.000Z%,8004595,8004029,8000909,8003871,8003345,8002111,8003850,8002122,8000112,8002110,;426
2021-12-16T06:10:00.000Z;Überlingen-Nußdorf;RB;RB 31;31;17759;8005943;8005943%2021-12-16T06:10:00.000Z%,8004595,8004029,8000909,8003871,8003345,8002111,8003850,8002122,8000112,8002030,8001838,;426
2021-12-16T06:22:00.000Z;Überlingen-Nußdorf;RB;RB 31;31;17758;8005943;8005943%2021-12-16T06:22:00.000Z%,8005942,8005937,;426
2021-12-16T06:36:00.000Z;Überlingen-Nußdorf;RB;RB 31;31;17761;8005943;8005943%2021-12-16T06:36:00.000Z%,8004595,8004029,8000909,8003871,8003345,8002111,8000112,;426
2021-12-16T07:05:00.000Z;Überlingen-Nußdorf;RB;RB 31;31;17762;8005943;8005943%2021-12-16T07:05:00.000Z%,8005942,8005937,8005582,8003764,8077773,8000880,;426
2021-12-16T07:17:00.000Z;Überlingen-Nußdorf;RB;RB 31;31;17763;8005943;8005943%2021-12-16T07:17:00.000Z%,8004595,8004029,8000909,8003871,8003345,8002111,8003850,8002122,8000112,8002110,;426
2021-12-16T07:38:00.000Z;Überlingen-Nußdorf;RB;RB 31;31;17764;8005943;8005943%2021-12-16T07:38:00.000Z%,8005942,8005937,8005582,8003764,8000880,;426
2021-12-16T08:17:00.000Z;Überlingen-Nußdorf;RB;RB 31;31;17767;8005943;8005943%2021-12-16T08:17:00.000Z%,8004595,8004029,8000909,8003871,8003345,8002111,8003850,8002122,8000112,;426
2021-12-16T08:38:00.000Z;Überlingen-Nußdorf;RB;RB 31;31;17766;8005943;8005943%2021-12-16T08:38:00.000Z%,8005942,8005937,8005582,8003764,8000880,;426
2021-12-16T09:17:00.000Z;Überlingen-Nußdorf;RB;RB 31;31;17769;8005943;8005943%2021-12-16T09:17:00.000Z%,8004595,8004029,8000909,8003871,8003345,8002111,8003850,8002122,8000112,;426
2021-12-16T09:38:00.000Z;Überlingen-Nußdorf;RB;RB 31;31;17768;8005943;8005943%2021-12-16T09:38:00.000Z%,8005942,8005937,8005582,8003764,8000880,;426
2021-12-16T10:17:00.000Z;Überlingen-Nußdorf;RB;RB 31;31;17771;8005943;8005943%2021-12-16T10:17:00.000Z%,8004595,8004029,8000909,8003871,8003345,8002111,8003850,8002122,8000112,;426
2021-12-16T10:38:00.000Z;Überlingen-Nußdorf;RB;RB 31;31;17770;8005943;8005943%2021-12-16T10:38:00.000Z%,8005942,8005937,8005582,8003764,8000880,;426
2021-12-16T11:17:00.000Z;Überlingen-Nußdorf;RB;RB 31;31;17773;8005943;8005943%2021-12-16T11:17:00.000Z%,8004595,8004029,8000909,8003871,8003345,8002111,8003850,8002122,8000112,;426
2021-12-16T11:38:00.000Z;Überlingen-Nußdorf;RB;RB 31;31;17772;8005943;8005943%2021-12-16T11:38:00.000Z%,8005942,8005937,8005582,8003764,8000880,;426
2021-12-16T12:17:00.000Z;Überlingen-Nußdorf;RB;RB 31;31;17775;8005943;8005943%2021-12-16T12:17:00.000Z%,8004595,8004029,8000909,8003871,8003345,8002111,8003850,8002122,8000112,;426
2021-12-16T12:38:00.000Z;Überlingen-Nußdorf;RB;RB 31;31;17774;8005943;8005943%2021-12-16T12:38:00.000Z%,8005942,8005937,8005582,8003764,8000880,;426
2021-12-16T13:17:00.000Z;Überlingen-Nußdorf;RB;RB 31;31;17777;8005943;8005943%2021-12-16T13:17:00.000Z%,8004595,8004029,8000909,8003871,8003345,8002111,8003850,8002122,8000112,;426
2021-12-16T13:38:00.000Z;Überlingen-Nußdorf;RB;RB 31;31;17776;8005943;8005943%2021-12-16T13:38:00.000Z%,8005942,8005937,8005582,8003764,8000880,;426
2021-12-16T14:17:00.000Z;Überlingen-Nußdorf;RB;RB 31;31;17781;8005943;8005943%2021-12-16T14:17:00.000Z%,8004595,8004029,8000909,8003871,8003345,8002111,8003850,8002122,8000112,;426
2021-12-16T14:38:00.000Z;Überlingen-Nußdorf;RB;RB 31;31;17778;8005943;8005943%2021-12-16T14:38:00.000Z%,8005942,8005937,8005582,8003764,8000880,;426
2021-12-16T15:17:00.000Z;Überlingen-Nußdorf;RB;RB 31;31;17783;8005943;8005943%2021-12-16T15:17:00.000Z%,8004595,8004029,8000909,8003871,8003345,8002111,8003850,8002122,8000112,;426
2021-12-16T15:38:00.000Z;Überlingen-Nußdorf;RB;RB 31;31;17780;8005943;8005943%2021-12-16T15:38:00.000Z%,8005942,8005937,8005582,8003764,8000880,;426
2021-12-16T16:17:00.000Z;Überlingen-Nußdorf;RB;RB 31;31;17787;8005943;8005943%2021-12-16T16:17:00.000Z%,8004595,8004029,8000909,8003871,8003345,8002111,8003850,8002122,8000112,;426
2021-12-16T16:38:00.000Z;Überlingen-Nußdorf;RB;RB 31;31;17782;8005943;8005943%2021-12-16T16:38:00.000Z%,8005942,8005937,8005582,8003764,8000880,;426
2021-12-16T17:17:00.000Z;Überlingen-Nußdorf;RB;RB 31;31;17789;8005943;8005943%2021-12-16T17:17:00.000Z%,8004595,8004029,8000909,8003871,8003345,8002111,8003850,8002122,8000112,8003733,8002120,8003220,8003930,8004605,8006296,8004965,8087067,8004363,8004049,8000014,8000559,8005301,8002760,8000160,8003969,8005568,8000069,;426
2021-12-16T17:38:00.000Z;Überlingen-Nußdorf;RB;RB 31;31;17786;8005943;8005943%2021-12-16T17:38:00.000Z%,8005942,8005937,8005582,8003764,8000880,;426
2021-12-16T18:17:00.000Z;Überlingen-Nußdorf;RB;RB 31;31;17793;8005943;8005943%2021-12-16T18:17:00.000Z%,8004595,8004029,8000909,8003871,8003345,8002111,8003850,8002122,8000112,;426
2021-12-16T18:38:00.000Z;Überlingen-Nußdorf;RB;RB 31;31;17788;8005943;8005943%2021-12-16T18:38:00.000Z%,8005942,8005937,8005582,8003764,8000880,;426
2021-12-16T19:17:00.000Z;Überlingen-Nußdorf;RB;RB 31;31;17795;8005943;8005943%2021-12-16T19:17:00.000Z%,8004595,8004029,8000909,8003871,8003345,8002111,8003850,8002122,8000112,;426
2021-12-16T19:38:00.000Z;Überlingen-Nußdorf;RB;RB 31;31;17790;8005943;8005943%2021-12-16T19:38:00.000Z%,8005942,8005937,8005582,8003764,8000880,;426
2021-12-16T20:17:00.000Z;Überlingen-Nußdorf;RB;RB 31;31;17797;8005943;8005943%2021-12-16T20:17:00.000Z%,8004595,8004029,8000909,8003871,8003345,8002111,8003850,8002122,8000112,;426
2021-12-15T20:22:00.000Z;Ürzig(DB);RB;RB 81;81;12131;8005945;8005945%2021-12-15T20:27:00.000Z%5,8000870,8001267,8004223,8001666,8001340,8003344,8004859,8003179,8004101,8004096,8002643,8003723,8003211,8003611,8003350,8006481,8002454,8003354,8000206,;426
2021-12-15T20:37:00.000Z;Ürzig(DB);RB;RB 81;81;12128;8005945;8005945%2021-12-15T20:37:00.000Z%0,8000379,8005260,8005510,8002817,8002018,8005476,8004910,8001688,8000370,8004784,8000134,8005905,8000402,8003403,8006222,8004514,8005835,8006315,8004438,8006463,8006252,8004748,8004236,8000923,8004771,;426
2021-12-15T21:22:00.000Z;Ürzig(DB);RB;RB 81;81;12133;8005945;8005945%2021-12-15T21:23:00.000Z%1,8000870,8001267,8004223,8001666,8001340,8003344,8004859,8003179,8004101,8004096,8002643,8003723,8003211,8003611,8003350,8006481,8002454,8003354,8000206,;426
2021-12-15T21:37:00.000Z;Ürzig(DB);RB;RB 81;81;12130;8005945;8005945%2021-12-15T21:37:00.000Z%0,8000379,8005260,8005510,8002817,8002018,8005476,8004910,8001688,8000370,8004784,8000134,;426
2021-12-15T22:37:00.000Z;Ürzig(DB);RB;RB 81;81;12132;8005945;8005945%2021-12-15T22:37:00.000Z%,8000379,8005260,8005510,8002817,8002018,8005476,8004910,8001688,8000370,8004784,8000134,;426
2021-12-15T23:05:00.000Z;Ürzig(DB);RB;RB 82;82;12189;8005945;8005945%2021-12-15T23:05:00.000Z%,8000870,8001267,8004223,8001666,8001340,;426
2021-12-16T03:33:00.000Z;Ürzig(DB);RB;RB 82;82;12149;8005945;8005945%2021-12-16T03:33:00.000Z%,8001267,8001340,;426
2021-12-16T04:24:00.000Z;Ürzig(DB);RB;RB 82;82;12186;8005945;8005945%2021-12-16T04:24:00.000Z%,8000379,8005260,8005510,8002817,8002018,8005476,8004910,8001688,8000370,8004784,8000134,8005905,8000402,8003403,8006222,8004514,8005835,8006315,8004438,8006463,8006252,8004748,8004236,8000923,8004771,;426
2021-12-16T04:45:00.000Z;Ürzig(DB);RB;RB 81;81;12141;8005945;8005945%2021-12-16T04:45:00.000Z%,8000870,8001267,8004223,8001666,8001340,8003344,8004859,8003179,8004101,8004096,8002643,8003723,8003211,8003611,8003350,8006481,8002454,8003354,8000206,;426
2021-12-16T05:23:00.000Z;Ürzig(DB);RB;RB 82;82;12188;8005945;8005945%2021-12-16T05:23:00.000Z%,8000379,8005260,8005510,8002817,8002018,8005476,8004910,8001688,8000370,8004784,8000134,8005905,8000402,8003403,8006222,8004514,8005835,8006315,8004438,8006463,8006252,8004748,8004236,8000923,8004771,;426
2021-12-16T05:44:00.000Z;Ürzig(DB);RB;RB 81;81;12191;8005945;8005945%2021-12-16T05:44:00.000Z%,8000870,8001267,8004223,8001666,8001340,8003344,8004859,8003179,8004101,8004096,8002643,8003723,8003211,8003611,8003350,8006481,8002454,8003354,8000206,;426
2021-12-16T05:58:00.000Z;Ürzig(DB);RB;RB 81;81;12103;8005945;8005945%2021-12-16T05:58:00.000Z%,8000870,8001267,8004223,8001666,8001340,8003344,8004859,8003179,8004101,8004096,8002643,8003723,8003211,8003611,8003350,8006481,8002454,8003354,8000206,;426
2021-12-16T06:37:00.000Z;Ürzig(DB);RB;RB 81;81;12100;8005945;8005945%2021-12-16T06:37:00.000Z%,8000379,8005260,8005510,8002817,8002018,8005476,8004910,8001688,8000370,8004784,8000134,;426
2021-12-16T07:22:00.000Z;Ürzig(DB);RB;RB 81;81;12105;8005945;8005945%2021-12-16T07:22:00.000Z%,8000870,8001267,8004223,8001666,8001340,8003344,8004859,8003179,8004101,8004096,8002643,8003723,8003211,8003611,8003350,8006481,8002454,8003354,8000206,;426
2021-12-16T07:37:00.000Z;Ürzig(DB);RB;RB 81;81;12102;8005945;8005945%2021-12-16T07:37:00.000Z%,8000379,8005260,8005510,8002817,8002018,8005476,8004910,8001688,8000370,8004784,8000134,;426
2021-12-16T08:22:00.000Z;Ürzig(DB);RB;RB 81;81;12107;8005945;8005945%2021-12-16T08:22:00.000Z%,8000870,8001267,8004223,8001666,8001340,8003344,8004859,8003179,8004101,8004096,8002643,8003723,8003211,8003611,8003350,8006481,8002454,8003354,8000206,;426
2021-12-16T08:37:00.000Z;Ürzig(DB);RB;RB 81;81;12104;8005945;8005945%2021-12-16T08:37:00.000Z%,8000379,8005260,8005510,8002817,8002018,8005476,8004910,8001688,8000370,8004784,8000134,;426
2021-12-16T09:22:00.000Z;Ürzig(DB);RB;RB 81;81;12109;8005945;8005945%2021-12-16T09:22:00.000Z%,8000870,8001267,8004223,8001666,8001340,8003344,8004859,8003179,8004101,8004096,8002643,8003723,8003211,8003611,8003350,8006481,8002454,8003354,8000206,;426
2021-12-16T09:37:00.000Z;Ürzig(DB);RB;RB 81;81;12106;8005945;8005945%2021-12-16T09:37:00.000Z%,8000379,8005260,8005510,8002817,8002018,8005476,8004910,8001688,8000370,8004784,8000134,;426
2021-12-16T10:22:00.000Z;Ürzig(DB);RB;RB 81;81;12111;8005945;8005945%2021-12-16T10:22:00.000Z%,8000870,8001267,8004223,8001666,8001340,8003344,8004859,8003179,8004101,8004096,8002643,8003723,8003211,8003611,8003350,8006481,8002454,8003354,8000206,;426
2021-12-16T10:37:00.000Z;Ürzig(DB);RB;RB 81;81;12108;8005945;8005945%2021-12-16T10:37:00.000Z%,8000379,8005260,8005510,8002817,8002018,8005476,8004910,8001688,8000370,8004784,8000134,;426
2021-12-16T11:22:00.000Z;Ürzig(DB);RB;RB 81;81;12113;8005945;8005945%2021-12-16T11:22:00.000Z%,8000870,8001267,8004223,8001666,8001340,8003344,8004859,8003179,8004101,8004096,8002643,8003723,8003211,8003611,8003350,8006481,8002454,8003354,8000206,;426
2021-12-16T11:37:00.000Z;Ürzig(DB);RB;RB 81;81;12110;8005945;8005945%2021-12-16T11:37:00.000Z%,8000379,8005260,8005510,8002817,8002018,8005476,8004910,8001688,8000370,8004784,8000134,8005905,8000402,8003403,8006222,8004514,8005835,8006315,8004438,8006463,8006252,8004748,8004236,8000923,8004771,;426
2021-12-16T12:22:00.000Z;Ürzig(DB);RB;RB 81;81;12115;8005945;8005945%2021-12-16T12:22:00.000Z%,8000870,8001267,8004223,8001666,8001340,8003344,8004859,8003179,8004101,8004096,8002643,8003723,8003211,8003611,8003350,8006481,8002454,8003354,8000206,;426
2021-12-16T12:38:00.000Z;Ürzig(DB);RB;RB 81;81;12112;8005945;8005945%2021-12-16T12:38:00.000Z%,8000379,8005260,8005510,8002817,8002018,8005476,8004910,8001688,8000370,8004784,8000134,;426
2021-12-16T13:22:00.000Z;Ürzig(DB);RB;RB 81;81;12117;8005945;8005945%2021-12-16T13:22:00.000Z%,8000870,8001267,8004223,8001666,8001340,8003344,8004859,8003179,8004101,8004096,8002643,8003723,8003211,8003611,8003350,8006481,8002454,8003354,8000206,;426
2021-12-16T13:40:00.000Z;Ürzig(DB);RB;RB 81;81;12114;8005945;8005945%2021-12-16T13:40:00.000Z%,8000379,8005260,8005510,8002817,8002018,8005476,8004910,8001688,8000370,8004784,8000134,;426
2021-12-16T14:22:00.000Z;Ürzig(DB);RB;RB 81;81;12119;8005945;8005945%2021-12-16T14:22:00.000Z%,8000870,8001267,8004223,8001666,8001340,8003344,8004859,8003179,8004101,8004096,8002643,8003723,8003211,8003611,8003350,8006481,8002454,8003354,8000206,;426
2021-12-16T14:37:00.000Z;Ürzig(DB);RB;RB 81;81;12116;8005945;8005945%2021-12-16T14:37:00.000Z%,8000379,8005260,8005510,8002817,8002018,8005476,8004910,8001688,8000370,8004784,8000134,;426
2021-12-16T15:22:00.000Z;Ürzig(DB);RB;RB 81;81;12121;8005945;8005945%2021-12-16T15:22:00.000Z%,8000870,8001267,8004223,8001666,8001340,8003344,8004859,8003179,8004101,8004096,8002643,8003723,8003211,8003611,8003350,8006481,8002454,8003354,8000206,;426
2021-12-16T15:37:00.000Z;Ürzig(DB);RB;RB 81;81;12118;8005945;8005945%2021-12-16T15:37:00.000Z%,8000379,8005260,8005510,8002817,8002018,8005476,8004910,8001688,8000370,8004784,8000134,;426
2021-12-16T16:22:00.000Z;Ürzig(DB);RB;RB 81;81;12123;8005945;8005945%2021-12-16T16:22:00.000Z%,8000870,8001267,8004223,8001666,8001340,8003344,8004859,8003179,8004101,8004096,8002643,8003723,8003211,8003611,8003350,8006481,8002454,8003354,8000206,;426
2021-12-16T16:37:00.000Z;Ürzig(DB);RB;RB 81;81;12120;8005945;8005945%2021-12-16T16:37:00.000Z%,8000379,8005260,8005510,8002817,8002018,8005476,8004910,8001688,8000370,8004784,8000134,;426
2021-12-16T17:22:00.000Z;Ürzig(DB);RB;RB 81;81;12125;8005945;8005945%2021-12-16T17:22:00.000Z%,8000870,8001267,8004223,8001666,8001340,8003344,8004859,8003179,8004101,8004096,8002643,8003723,8003211,8003611,8003350,8006481,8002454,8003354,8000206,;426
2021-12-16T17:37:00.000Z;Ürzig(DB);RB;RB 81;81;12122;8005945;8005945%2021-12-16T17:37:00.000Z%,8000379,8005260,8005510,8002817,8002018,8005476,8004910,8001688,8000370,8004784,8000134,;426
2021-12-16T18:22:00.000Z;Ürzig(DB);RB;RB 81;81;12127;8005945;8005945%2021-12-16T18:22:00.000Z%,8000870,8001267,8004223,8001666,8001340,8003344,8004859,8003179,8004101,8004096,8002643,8003723,8003211,8003611,8003350,8006481,8002454,8003354,8000206,;426
2021-12-16T18:37:00.000Z;Ürzig(DB);RB;RB 81;81;12124;8005945;8005945%2021-12-16T18:37:00.000Z%,8000379,8005260,8005510,8002817,8002018,8005476,8004910,8001688,8000370,8004784,8000134,;426
2021-12-16T19:22:00.000Z;Ürzig(DB);RB;RB 81;81;12129;8005945;8005945%2021-12-16T19:22:00.000Z%,8000870,8001267,8004223,8001666,8001340,8003344,8004859,8003179,8004101,8004096,8002643,8003723,8003211,8003611,8003350,8006481,8002454,8003354,8000206,;426
2021-12-16T19:37:00.000Z;Ürzig(DB);RB;RB 81;81;12126;8005945;8005945%2021-12-16T19:37:00.000Z%,8000379,8005260,8005510,8002817,8002018,8005476,8004910,8001688,8000370,8004784,8000134,;426
2021-12-15T20:41:00.000Z;Uffenheim;RB;RB 80;80;58144;8005947;8005947%2021-12-15T20:43:00.000Z%2,8003881,8000818,8002333,8006488,8006582,8000260,;426
2021-12-15T21:14:00.000Z;Uffenheim;RB;RB 80;80;58145;8005947;8005947%2021-12-15T21:15:00.000Z%1,8000091,8001278,8004521,8000009,8005907,8000534,8000385,8000122,;426
2021-12-15T22:37:00.000Z;Uffenheim;RB;RB 80;80;58149;8005947;8005947%2021-12-15T22:37:00.000Z%,8000091,8001278,8004521,8000009,8005907,8000534,8000385,8000122,;426
2021-12-15T22:41:00.000Z;Uffenheim;RB;RB 80;80;58148;8005947;8005947%2021-12-15T22:41:00.000Z%,8003881,8000818,8002333,8006488,8006582,8000260,;426
2021-12-16T04:03:00.000Z;Uffenheim;RB;RB 80;80;58101;8005947;8005947%2021-12-16T04:03:00.000Z%,8000091,8001278,8004521,8000009,8005907,8000534,8000385,8000122,;426
2021-12-16T04:12:00.000Z;Uffenheim;RB;RB 80;80;58100;8005947;8005947%2021-12-16T04:12:00.000Z%,8003881,8000818,8002333,8006488,8006582,8000260,;426
2021-12-16T04:55:00.000Z;Uffenheim;RB;RB 80;80;58102;8005947;8005947%2021-12-16T04:55:00.000Z%,8003881,8000818,8002333,8006488,8006582,8000260,;426
2021-12-16T05:05:00.000Z;Uffenheim;RB;RB 80;80;58105;8005947;8005947%2021-12-16T05:05:00.000Z%,8000091,8001278,8004521,8000009,8005907,8000534,8000385,8000122,;426
2021-12-16T05:36:00.000Z;Uffenheim;RB;RB 80;80;58106;8005947;8005947%2021-12-16T05:36:00.000Z%,8003881,8000818,8002333,8006488,8006582,8000260,;426
2021-12-16T06:07:00.000Z;Uffenheim;RB;RB 80;80;58111;8005947;8005947%2021-12-16T06:07:00.000Z%,8000091,8001278,8004521,8000009,8005907,8000534,8000385,8000122,;426
2021-12-16T06:09:00.000Z;Uffenheim;RB;RB 80;80;58108;8005947;8005947%2021-12-16T06:09:00.000Z%,8003881,8000818,8002333,8006488,8006582,8000260,;426
2021-12-16T06:30:00.000Z;Uffenheim;RB;RB 80;80;58110;8005947;8005947%2021-12-16T06:30:00.000Z%,8003881,8000818,8002333,8006488,8006582,8000260,;426
2021-12-16T07:14:00.000Z;Uffenheim;RB;RB 80;80;58115;8005947;8005947%2021-12-16T07:14:00.000Z%,8000091,8001278,8004521,8000009,8005907,8000534,8000385,8000122,;426
2021-12-16T07:41:00.000Z;Uffenheim;RB;RB 80;80;58116;8005947;8005947%2021-12-16T07:41:00.000Z%,8003881,8000818,8002333,8006488,8006582,8000260,;426
2021-12-16T08:16:00.000Z;Uffenheim;RB;RB 80;80;58117;8005947;8005947%2021-12-16T08:16:00.000Z%,8000091,8001278,8004521,8000009,8005907,8000534,8000385,8000122,;426
2021-12-16T08:41:00.000Z;Uffenheim;RB;RB 80;80;58118;8005947;8005947%2021-12-16T08:41:00.000Z%,8003881,8000818,8002333,8006488,8006582,8000260,;426
2021-12-16T09:14:00.000Z;Uffenheim;RB;RB 80;80;58119;8005947;8005947%2021-12-16T09:14:00.000Z%,8000091,8001278,8004521,8000009,8005907,8000534,8000385,8000122,;426
2021-12-16T09:40:00.000Z;Uffenheim;RB;RB 80;80;58120;8005947;8005947%2021-12-16T09:40:00.000Z%,8003881,8000818,8002333,8006488,8006582,8000260,;426
2021-12-16T10:14:00.000Z;Uffenheim;RB;RB 80;80;58121;8005947;8005947%2021-12-16T10:14:00.000Z%,8000091,8001278,8004521,8000009,8005907,8000534,8000385,8000122,;426
2021-12-16T10:41:00.000Z;Uffenheim;RB;RB 80;80;58122;8005947;8005947%2021-12-16T10:41:00.000Z%,8003881,8000818,8002333,8006488,8006582,8000260,;426
2021-12-16T11:14:00.000Z;Uffenheim;RB;RB 80;80;58123;8005947;8005947%2021-12-16T11:14:00.000Z%,8000091,8001278,8004521,8000009,8005907,8000534,8000385,8000122,;426
2021-12-16T11:41:00.000Z;Uffenheim;RB;RB 80;80;58124;8005947;8005947%2021-12-16T11:41:00.000Z%,8003881,8000818,8002333,8006488,8006582,8000260,;426
2021-12-16T12:16:00.000Z;Uffenheim;RB;RB 80;80;58125;8005947;8005947%2021-12-16T12:16:00.000Z%,8000091,8001278,8004521,8000009,8005907,8000534,8000385,8000122,;426
2021-12-16T12:41:00.000Z;Uffenheim;RB;RB 80;80;58126;8005947;8005947%2021-12-16T12:41:00.000Z%,8003881,8000818,8002333,8006488,8006582,8000260,;426
2021-12-16T13:14:00.000Z;Uffenheim;RB;RB 80;80;58127;8005947;8005947%2021-12-16T13:14:00.000Z%,8000091,8001278,8004521,8000009,8005907,8000534,8000385,8000122,;426
2021-12-16T13:40:00.000Z;Uffenheim;RB;RB 80;80;58128;8005947;8005947%2021-12-16T13:40:00.000Z%,8003881,8000818,8002333,8006488,8006582,8000260,;426
2021-12-16T14:14:00.000Z;Uffenheim;RB;RB 80;80;58129;8005947;8005947%2021-12-16T14:14:00.000Z%,8000091,8001278,8004521,8000009,8005907,8000534,8000385,8000122,;426
2021-12-16T14:41:00.000Z;Uffenheim;RB;RB 80;80;58132;8005947;8005947%2021-12-16T14:41:00.000Z%,8003881,8000818,8002333,8006488,8006582,8000260,;426
2021-12-16T15:14:00.000Z;Uffenheim;RB;RB 80;80;58133;8005947;8005947%2021-12-16T15:14:00.000Z%,8000091,8001278,8004521,8000009,8005907,8000534,8000385,8000122,;426
2021-12-16T15:39:00.000Z;Uffenheim;RB;RB 80;80;58134;8005947;8005947%2021-12-16T15:39:00.000Z%,8003881,8000818,8002333,8006488,8006582,8000260,;426
2021-12-16T16:16:00.000Z;Uffenheim;RB;RB 80;80;58135;8005947;8005947%2021-12-16T16:16:00.000Z%,8000091,8001278,8004521,8000009,8005907,8000534,8000385,8000122,;426
2021-12-16T16:41:00.000Z;Uffenheim;RB;RB 80;80;58136;8005947;8005947%2021-12-16T16:41:00.000Z%,8003881,8000818,8002333,8006488,8006582,8000260,;426
2021-12-16T17:14:00.000Z;Uffenheim;RB;RB 80;80;58137;8005947;8005947%2021-12-16T17:14:00.000Z%,8000091,8001278,8004521,8000009,8005907,8000534,8000385,8000122,;426
2021-12-16T17:40:00.000Z;Uffenheim;RB;RB 80;80;58138;8005947;8005947%2021-12-16T17:40:00.000Z%,8003881,8000818,8002333,8006488,8006582,8000260,;426
2021-12-16T18:14:00.000Z;Uffenheim;RB;RB 80;80;58139;8005947;8005947%2021-12-16T18:14:00.000Z%,8000091,8001278,8004521,8000009,8005907,8000534,8000385,8000122,;426
2021-12-16T18:41:00.000Z;Uffenheim;RB;RB 80;80;58140;8005947;8005947%2021-12-16T18:41:00.000Z%,8003881,8000818,8002333,8006488,8006582,8000260,;426
2021-12-16T19:14:00.000Z;Uffenheim;RB;RB 80;80;58141;8005947;8005947%2021-12-16T19:14:00.000Z%,8000091,8001278,8004521,8000009,8005907,8000534,8000385,8000122,;426
2021-12-16T19:41:00.000Z;Uffenheim;RB;RB 80;80;58142;8005947;8005947%2021-12-16T19:41:00.000Z%,8003881,8000818,8002333,8006488,8006582,8000260,;426
2021-12-16T20:14:00.000Z;Uffenheim;RB;RB 80;80;58143;8005947;8005947%2021-12-16T20:14:00.000Z%,8000091,8001278,8004521,8000009,8005907,8000534,8000385,8000122,;426
2021-12-16T06:06:00.000Z;Uhingen;RE;RE 5;5;4202;8005949;8005949%2021-12-16T06:06:00.000Z%,8001632,8004999,8000302,8001920,8000096,;602
2021-12-15T22:29:00.000Z;Ulm-Söflingen;RB;RB 55;55;3236;8005955;8005955%2021-12-15T22:29:00.000Z%,8001015,8002789,8002242,8001013,8005333,8005379,8000499,8001684,8005195,8004182,8005087,8000160,8003969,8005568,8000069,;426
2021-12-16T05:42:00.000Z;Ulm-Söflingen;RB;RB 56;56;22988;8005955;8005955%2021-12-16T05:42:00.000Z%,8001015,8002789,8002242,8001013,8005333,8005379,8000499,8001684,;426
2021-12-16T07:19:00.000Z;Ulm-Söflingen;RB;RB 56;56;22989;8005955;8005955%2021-12-16T07:19:00.000Z%,8000170,;426
2021-12-15T22:41:00.000Z;Undorf;RE;RE 50;50;59494;8005966;8005966%2021-12-15T22:41:00.000Z%,8001430,8003485,8000882,8003921,8004755,8005543,8000822,8001400,8004305,8000284,;602
2021-12-16T03:34:00.000Z;Undorf;RE;RE 50;50;59490;8005966;8005966%2021-12-16T03:34:00.000Z%,8001430,8003485,8000882,8003921,8004755,8005543,8000822,8001400,8004305,8000284,;602
2021-12-16T04:42:00.000Z;Undorf;RE;RE 50;50;59492;8005966;8005966%2021-12-16T04:42:00.000Z%,8003485,8000882,8004755,8000822,8004305,8000284,;602
2021-12-16T05:51:00.000Z;Undorf;RE;RE 50;50;4853;8005966;8005966%2021-12-16T05:51:00.000Z%,8000309,8001679,8000688,8001835,8000217,8004084,8002078,8000261,;602
2021-12-16T06:13:00.000Z;Undorf;RE;RE 50;50;59493;8005966;8005966%2021-12-16T06:13:00.000Z%,8001925,8004983,8000309,;602
2021-12-16T07:31:00.000Z;Undorf;RE;RE 50;50;4855;8005966;8005966%2021-12-16T07:31:00.000Z%,8000309,8001679,8000688,8001835,8000217,8004084,8002078,8000261,;602
2021-12-16T16:27:00.000Z;Undorf;RE;RE 50;50;4860;8005966;8005966%2021-12-16T16:27:00.000Z%,8000882,8004755,8004305,8000284,;602
2021-12-15T20:28:00.000Z;Unkel;RB;RB 27;27;10634;8005970;8005970%2021-12-15T20:29:00.000Z%1,8000713,8005074,8003386,8004366,8001086,8001083,8003966,8002104,8000135,;426
2021-12-15T20:30:00.000Z;Unkel;RB;RB 27;27;10637;8005970;8005970%2021-12-15T20:30:00.000Z%0,8001858,8003708,8003660,8000711,8005062,8003665,8000276,8003341,8000206,;426
2021-12-15T20:55:00.000Z;Unkel;RE;RE 8;8;10835;8005970;8005970%2021-12-15T21:08:00.000Z%13,8003708,8000711,8005062,8000276,8006036,8003352,8003341,8000206,;602
2021-12-15T20:58:00.000Z;Unkel;RE;RE 8;8;10840;8005970;8005970%2021-12-15T20:58:00.000Z%0,8000713,8005074,8003386,8004366,8001086,8001083,8003966,8002104,8000135,8004869,8003361,8000208,8004898,8005746,8005159,;602
2021-12-15T21:28:00.000Z;Unkel;RB;RB 27;27;10636;8005970;8005970%2021-12-15T21:28:00.000Z%0,8000713,8005074,8003386,8004366,8001086,8001083,8003966,8002104,8000135,;426
2021-12-15T21:30:00.000Z;Unkel;RB;RB 27;27;10639;8005970;8005970%2021-12-15T21:30:00.000Z%,8001858,8003708,8003660,8000711,8005062,8003665,8000276,8003341,8000206,;426
2021-12-15T21:55:00.000Z;Unkel;RE;RE 8;8;10837;8005970;8005970%2021-12-15T21:55:00.000Z%0,8003708,8000711,8005062,8000276,8006036,8003352,8003341,8000206,;602
2021-12-15T21:58:00.000Z;Unkel;RE;RE 8;8;10842;8005970;8005970%2021-12-15T21:58:00.000Z%,8000713,8005074,8003386,8004366,8001086,8001083,8003966,8002104,8000135,8004869,8000207,;602
2021-12-15T22:28:00.000Z;Unkel;RB;RB 27;27;10638;8005970;8005970%2021-12-15T22:28:00.000Z%,8000713,8005074,8003386,8004366,8001086,8001083,8003966,8002104,8000135,;426
2021-12-15T22:30:00.000Z;Unkel;RB;RB 27;27;10641;8005970;8005970%2021-12-15T22:30:00.000Z%,8001858,8003708,8003660,8000711,8005062,8003665,8000276,8003341,8000206,;426
2021-12-15T22:55:00.000Z;Unkel;RE;RE 8;8;10839;8005970;8005970%2021-12-15T22:55:00.000Z%,8003708,;602
2021-12-15T23:28:00.000Z;Unkel;RB;RB 27;27;10640;8005970;8005970%2021-12-15T23:28:00.000Z%,8000713,8005074,8003386,8004366,8001086,8001083,8003966,8002104,8000135,8003330,8000207,;426
2021-12-15T23:30:00.000Z;Unkel;RB;RB 27;27;10643;8005970;8005970%2021-12-15T23:30:00.000Z%,8001858,8003708,;426
2021-12-15T23:55:00.000Z;Unkel;RE;RE 8;8;10841;8005970;8005970%2021-12-15T23:55:00.000Z%,8003708,;602
2021-12-16T00:30:00.000Z;Unkel;RB;RB 27;27;10645;8005970;8005970%2021-12-16T00:30:00.000Z%,8001858,8003708,;426
2021-12-16T03:58:00.000Z;Unkel;RE;RE 8;8;10802;8005970;8005970%2021-12-16T03:58:00.000Z%,8000713,8005074,8003386,8004366,8001086,8001083,8003966,8002104,8000135,8004869,8003361,8000208,8004898,8005746,8005159,8000133,8003130,8000390,8005073,8000318,8000253,;602
2021-12-16T04:28:00.000Z;Unkel;RB;RB 27;27;10602;8005970;8005970%2021-12-16T04:28:00.000Z%,8000713,8005074,8003386,8004366,8001086,8001083,8003966,8002104,8000135,;426
2021-12-16T04:58:00.000Z;Unkel;RE;RE 8;8;10804;8005970;8005970%2021-12-16T04:58:00.000Z%,8000713,8005074,8003386,8004366,8001086,8001083,8003966,8002104,8000135,8004869,8003361,8000208,8004898,8005746,8005159,8000133,8003130,8000390,8005073,8000318,8000253,;602
2021-12-16T05:28:00.000Z;Unkel;RB;RB 27;27;10604;8005970;8005970%2021-12-16T05:28:00.000Z%,8000713,8005074,8003386,8004366,8001086,8001083,8003966,8002104,8000135,;426
2021-12-16T05:30:00.000Z;Unkel;RB;RB 27;27;10607;8005970;8005970%2021-12-16T05:30:00.000Z%,8001858,8003708,8003660,8000711,8005062,8003665,8000276,8003341,8000206,;426
2021-12-16T05:55:00.000Z;Unkel;RE;RE 8;8;10803;8005970;8005970%2021-12-16T05:55:00.000Z%,8003708,8000711,8005062,8000276,8006036,8003352,8003341,8000206,;602
2021-12-16T05:58:00.000Z;Unkel;RE;RE 8;8;10806;8005970;8005970%2021-12-16T05:58:00.000Z%,8000713,8005074,8003386,8004366,8001086,8001083,8003966,8002104,8000135,8004869,8003361,8000208,8004898,8005746,8005159,8000133,8003130,8000390,8005073,8000318,8000253,;602
2021-12-16T06:28:00.000Z;Unkel;RB;RB 27;27;10606;8005970;8005970%2021-12-16T06:28:00.000Z%,8000713,8005074,8003386,8004366,8001086,8001083,8003966,8002104,8000135,;426
2021-12-16T06:30:00.000Z;Unkel;RB;RB 27;27;10609;8005970;8005970%2021-12-16T06:30:00.000Z%,8001858,8003708,8003660,8000711,8005062,8003665,8000276,8003341,8000206,;426
2021-12-16T06:55:00.000Z;Unkel;RE;RE 8;8;10805;8005970;8005970%2021-12-16T06:55:00.000Z%,8003708,8000711,8005062,8000276,8006036,8003352,8003341,8000206,;602
2021-12-16T06:58:00.000Z;Unkel;RE;RE 8;8;10810;8005970;8005970%2021-12-16T06:58:00.000Z%,8000713,8005074,8003386,8004366,8001086,8001083,8003966,8002104,8000135,8004869,8003361,8000208,8004898,8005746,8005159,8000133,8003130,8000390,8005073,8000318,8000253,;602
2021-12-16T07:28:00.000Z;Unkel;RB;RB 27;27;10608;8005970;8005970%2021-12-16T07:28:00.000Z%,8000713,8005074,8003386,8004366,8001086,8001083,8003966,8002104,8000135,;426
2021-12-16T07:30:00.000Z;Unkel;RB;RB 27;27;10611;8005970;8005970%2021-12-16T07:30:00.000Z%,8001858,8003708,8003660,8000711,8005062,8003665,8000276,8003341,8000206,;426
2021-12-16T07:55:00.000Z;Unkel;RE;RE 8;8;10809;8005970;8005970%2021-12-16T07:55:00.000Z%,8003708,8000711,8005062,8000276,8006036,8003352,8003341,8000206,;602
2021-12-16T07:58:00.000Z;Unkel;RE;RE 8;8;10812;8005970;8005970%2021-12-16T07:58:00.000Z%,8000713,8005074,8003386,8004366,8001086,8001083,8003966,8002104,8000135,8004869,8003361,8000208,8004898,8005746,8005159,8000133,8003130,8000390,8005073,8000318,8000253,;602
2021-12-16T08:28:00.000Z;Unkel;RB;RB 27;27;10610;8005970;8005970%2021-12-16T08:28:00.000Z%,8000713,8005074,8003386,8004366,8001086,8001083,8003966,8002104,8000135,;426
2021-12-16T08:30:00.000Z;Unkel;RB;RB 27;27;10613;8005970;8005970%2021-12-16T08:30:00.000Z%,8001858,8003708,8003660,8000711,8005062,8003665,8000276,8003341,8000206,;426
2021-12-16T08:55:00.000Z;Unkel;RE;RE 8;8;10811;8005970;8005970%2021-12-16T08:55:00.000Z%,8003708,8000711,8005062,8000276,8006036,8003352,8003341,8000206,;602
2021-12-16T08:58:00.000Z;Unkel;RE;RE 8;8;10814;8005970;8005970%2021-12-16T08:58:00.000Z%,8000713,8005074,8003386,8004366,8001086,8001083,8003966,8002104,8000135,8004869,8003361,8000208,8004898,8005746,8005159,8000133,8003130,8000390,8005073,8000318,8000253,;602
2021-12-16T09:28:00.000Z;Unkel;RB;RB 27;27;10612;8005970;8005970%2021-12-16T09:28:00.000Z%,8000713,8005074,8003386,8004366,8001086,8001083,8003966,8002104,8000135,;426
2021-12-16T09:30:00.000Z;Unkel;RB;RB 27;27;10615;8005970;8005970%2021-12-16T09:30:00.000Z%,8001858,8003708,8003660,8000711,8005062,8003665,8000276,8003341,8000206,;426
2021-12-16T09:55:00.000Z;Unkel;RE;RE 8;8;10813;8005970;8005970%2021-12-16T09:55:00.000Z%,8003708,8000711,8005062,8000276,8006036,8003352,8003341,8000206,;602
2021-12-16T09:58:00.000Z;Unkel;RE;RE 8;8;10816;8005970;8005970%2021-12-16T09:58:00.000Z%,8000713,8005074,8003386,8004366,8001086,8001083,8003966,8002104,8000135,8004869,8003361,8000208,8004898,8005746,8005159,8000133,8003130,8000390,8005073,8000318,8000253,;602
2021-12-16T10:28:00.000Z;Unkel;RB;RB 27;27;10614;8005970;8005970%2021-12-16T10:28:00.000Z%,8000713,8005074,8003386,8004366,8001086,8001083,8003966,8002104,8000135,;426
2021-12-16T10:30:00.000Z;Unkel;RB;RB 27;27;10617;8005970;8005970%2021-12-16T10:30:00.000Z%,8001858,8003708,8003660,8000711,8005062,8003665,8000276,8003341,8000206,;426
2021-12-16T10:55:00.000Z;Unkel;RE;RE 8;8;10815;8005970;8005970%2021-12-16T10:55:00.000Z%,8003708,8000711,8005062,8000276,8006036,8003352,8003341,8000206,;602
2021-12-16T10:58:00.000Z;Unkel;RE;RE 8;8;10818;8005970;8005970%2021-12-16T10:58:00.000Z%,8000713,8005074,8003386,8004366,8001086,8001083,8003966,8002104,8000135,8004869,8003361,8000208,8004898,8005746,8005159,8000133,8003130,8000390,8005073,8000318,8000253,;602
2021-12-16T11:28:00.000Z;Unkel;RB;RB 27;27;10616;8005970;8005970%2021-12-16T11:28:00.000Z%,8000713,8005074,8003386,8004366,8001086,8001083,8003966,8002104,8000135,;426
2021-12-16T11:30:00.000Z;Unkel;RB;RB 27;27;10619;8005970;8005970%2021-12-16T11:30:00.000Z%,8001858,8003708,8003660,8000711,8005062,8003665,8000276,8003341,8000206,;426
2021-12-16T11:55:00.000Z;Unkel;RE;RE 8;8;10817;8005970;8005970%2021-12-16T11:55:00.000Z%,8003708,8000711,8005062,8000276,8006036,8003352,8003341,8000206,;602
2021-12-16T11:58:00.000Z;Unkel;RE;RE 8;8;10820;8005970;8005970%2021-12-16T11:58:00.000Z%,8000713,8005074,8003386,8004366,8001086,8001083,8003966,8002104,8000135,8004869,8003361,8000208,8004898,8005746,8005159,8000133,8003130,8000390,8005073,8000318,8000253,;602
2021-12-16T12:28:00.000Z;Unkel;RB;RB 27;27;10618;8005970;8005970%2021-12-16T12:28:00.000Z%,8000713,8005074,8003386,8004366,8001086,8001083,8003966,8002104,8000135,;426
2021-12-16T12:30:00.000Z;Unkel;RB;RB 27;27;10621;8005970;8005970%2021-12-16T12:30:00.000Z%,8001858,8003708,8003660,8000711,8005062,8003665,8000276,8003341,8000206,;426
2021-12-16T12:55:00.000Z;Unkel;RE;RE 8;8;10819;8005970;8005970%2021-12-16T12:55:00.000Z%,8003708,8000711,8005062,8000276,8006036,8003352,8003341,8000206,;602
2021-12-16T12:58:00.000Z;Unkel;RE;RE 8;8;10822;8005970;8005970%2021-12-16T12:58:00.000Z%,8000713,8005074,8003386,8004366,8001086,8001083,8003966,8002104,8000135,8004869,8003361,8000208,8004898,8005746,8005159,8000133,8003130,8000390,8005073,8000318,8000253,;602
2021-12-16T13:28:00.000Z;Unkel;RB;RB 27;27;10620;8005970;8005970%2021-12-16T13:28:00.000Z%,8000713,8005074,8003386,8004366,8001086,8001083,8003966,8002104,8000135,;426
2021-12-16T13:30:00.000Z;Unkel;RB;RB 27;27;10623;8005970;8005970%2021-12-16T13:30:00.000Z%,8001858,8003708,8003660,8000711,8005062,8003665,8000276,8003341,8000206,;426
2021-12-16T13:55:00.000Z;Unkel;RE;RE 8;8;10821;8005970;8005970%2021-12-16T13:55:00.000Z%,8003708,8000711,8005062,8000276,8006036,8003352,8003341,8000206,;602
2021-12-16T13:58:00.000Z;Unkel;RE;RE 8;8;10824;8005970;8005970%2021-12-16T13:58:00.000Z%,8000713,8005074,8003386,8004366,8001086,8001083,8003966,8002104,8000135,8004869,8003361,8000208,8004898,8005746,8005159,8000133,8003130,8000390,8005073,8000318,8000253,;602
2021-12-16T14:28:00.000Z;Unkel;RB;RB 27;27;10622;8005970;8005970%2021-12-16T14:28:00.000Z%,8000713,8005074,8003386,8004366,8001086,8001083,8003966,8002104,8000135,;426
2021-12-16T14:30:00.000Z;Unkel;RB;RB 27;27;10625;8005970;8005970%2021-12-16T14:30:00.000Z%,8001858,8003708,8003660,8000711,8005062,8003665,8000276,8003341,8000206,;426
2021-12-16T14:55:00.000Z;Unkel;RE;RE 8;8;10823;8005970;8005970%2021-12-16T14:55:00.000Z%,8003708,8000711,8005062,8000276,8006036,8003352,8003341,8000206,;602
2021-12-16T14:58:00.000Z;Unkel;RE;RE 8;8;10828;8005970;8005970%2021-12-16T14:58:00.000Z%,8000713,8005074,8003386,8004366,8001086,8001083,8003966,8002104,8000135,8004869,8003361,8000208,8004898,8005746,8005159,8000133,8003130,8000390,8005073,8000318,8000253,;602
2021-12-16T15:28:00.000Z;Unkel;RB;RB 27;27;10624;8005970;8005970%2021-12-16T15:28:00.000Z%,8000713,8005074,8003386,8004366,8001086,8001083,8003966,8002104,8000135,;426
2021-12-16T15:30:00.000Z;Unkel;RB;RB 27;27;10627;8005970;8005970%2021-12-16T15:30:00.000Z%,8001858,8003708,8003660,8000711,8005062,8003665,8000276,8003341,8000206,;426
2021-12-16T15:55:00.000Z;Unkel;RE;RE 8;8;10825;8005970;8005970%2021-12-16T15:55:00.000Z%,8003708,8000711,8005062,8000276,8006036,8003352,8003341,8000206,;602
2021-12-16T15:58:00.000Z;Unkel;RE;RE 8;8;10830;8005970;8005970%2021-12-16T15:58:00.000Z%,8000713,8005074,8003386,8004366,8001086,8001083,8003966,8002104,8000135,8004869,8003361,8000208,8004898,8005746,8005159,8000133,8003130,8000390,8005073,8000318,8000253,;602
2021-12-16T16:28:00.000Z;Unkel;RB;RB 27;27;10626;8005970;8005970%2021-12-16T16:28:00.000Z%,8000713,8005074,8003386,8004366,8001086,8001083,8003966,8002104,8000135,;426
2021-12-16T16:30:00.000Z;Unkel;RB;RB 27;27;10629;8005970;8005970%2021-12-16T16:30:00.000Z%,8001858,8003708,8003660,8000711,8005062,8003665,8000276,8003341,8000206,;426
2021-12-16T16:55:00.000Z;Unkel;RE;RE 8;8;10827;8005970;8005970%2021-12-16T16:55:00.000Z%,8003708,8000711,8005062,8000276,8006036,8003352,8003341,8000206,;602
2021-12-16T16:58:00.000Z;Unkel;RE;RE 8;8;10832;8005970;8005970%2021-12-16T16:58:00.000Z%,8000713,8005074,8003386,8004366,8001086,8001083,8003966,8002104,8000135,8004869,8003361,8000208,8004898,8005746,8005159,8000133,8003130,8000390,8005073,8000318,8000253,;602
2021-12-16T17:28:00.000Z;Unkel;RB;RB 27;27;10628;8005970;8005970%2021-12-16T17:28:00.000Z%,8000713,8005074,8003386,8004366,8001086,8001083,8003966,8002104,8000135,;426
2021-12-16T17:30:00.000Z;Unkel;RB;RB 27;27;10631;8005970;8005970%2021-12-16T17:30:00.000Z%,8001858,8003708,8003660,8000711,8005062,8003665,8000276,8003341,8000206,;426
2021-12-16T17:55:00.000Z;Unkel;RE;RE 8;8;10829;8005970;8005970%2021-12-16T17:55:00.000Z%,8003708,8000711,8005062,8000276,8006036,8003352,8003341,8000206,;602
2021-12-16T17:58:00.000Z;Unkel;RE;RE 8;8;10834;8005970;8005970%2021-12-16T17:58:00.000Z%,8000713,8005074,8003386,8004366,8001086,8001083,8003966,8002104,8000135,8004869,8003361,8000208,8004898,8005746,8005159,8000133,8003130,8000390,8005073,8000318,8000253,;602
2021-12-16T18:28:00.000Z;Unkel;RB;RB 27;27;10630;8005970;8005970%2021-12-16T18:28:00.000Z%,8000713,8005074,8003386,8004366,8001086,8001083,8003966,8002104,8000135,;426
2021-12-16T18:30:00.000Z;Unkel;RB;RB 27;27;10633;8005970;8005970%2021-12-16T18:30:00.000Z%,8001858,8003708,8003660,8000711,8005062,8003665,8000276,8003341,8000206,;426
2021-12-16T18:55:00.000Z;Unkel;RE;RE 8;8;10831;8005970;8005970%2021-12-16T18:55:00.000Z%,8003708,8000711,8005062,8000276,8006036,8003352,8003341,8000206,;602
2021-12-16T18:58:00.000Z;Unkel;RE;RE 8;8;10836;8005970;8005970%2021-12-16T18:58:00.000Z%,8000713,8005074,8003386,8004366,8001086,8001083,8003966,8002104,8000135,8004869,8003361,8000208,8004898,8005746,8005159,;602
2021-12-16T19:28:00.000Z;Unkel;RB;RB 27;27;10632;8005970;8005970%2021-12-16T19:28:00.000Z%,8000713,8005074,8003386,8004366,8001086,8001083,8003966,8002104,8000135,;426
2021-12-16T19:30:00.000Z;Unkel;RB;RB 27;27;10635;8005970;8005970%2021-12-16T19:30:00.000Z%,8001858,8003708,8003660,8000711,8005062,8003665,8000276,8003341,8000206,;426
2021-12-16T19:55:00.000Z;Unkel;RE;RE 8;8;10833;8005970;8005970%2021-12-16T19:55:00.000Z%,8003708,8000711,8005062,8000276,8006036,8003352,8003341,8000206,;602
2021-12-16T19:58:00.000Z;Unkel;RE;RE 8;8;10838;8005970;8005970%2021-12-16T19:58:00.000Z%,8000713,8005074,8003386,8004366,8001086,8001083,8003966,8002104,8000135,8004869,8003361,8000208,8004898,8005746,8005159,;602
2021-12-15T20:52:00.000Z;Unterheckenhofen;RB;RB 16;16;59106;8005995;8005995%2021-12-15T20:52:00.000Z%0,8005185,8005439,8000284,;426
2021-12-15T20:59:00.000Z;Unterheckenhofen;RB;RB 16;16;59109;8005995;8005995%2021-12-15T20:59:00.000Z%0,8002237,8004115,8004835,8001749,8006298,8000122,8004753,8005593,8001495,8001708,8000419,8005828,8001734,8002171,8003074,8003076,8000183,8000678,8000256,8004781,8005008,8004747,8004775,8001354,8000261,;426
2021-12-15T21:51:00.000Z;Unterheckenhofen;RE;RE 16;16;59134;8005995;8005995%2021-12-15T21:52:00.000Z%1,8005185,8005439,8000284,;602
2021-12-15T22:05:00.000Z;Unterheckenhofen;RB;RB 16;16;59225;8005995;8005995%2021-12-15T22:05:00.000Z%,8002237,8004115,8004835,8001749,8006298,8000122,;426
2021-12-15T22:52:00.000Z;Unterheckenhofen;RB;RB 16;16;59108;8005995;8005995%2021-12-15T22:52:00.000Z%0,8005185,8005439,8000284,;426
2021-12-15T23:04:00.000Z;Unterheckenhofen;RB;RB 16;16;59227;8005995;8005995%2021-12-15T23:04:00.000Z%,8002237,8004115,8004835,8001749,8006298,8000122,;426
2021-12-16T00:18:00.000Z;Unterheckenhofen;RB;RB 16;16;59229;8005995;8005995%2021-12-16T00:18:00.000Z%,8002237,8004115,8004835,8001749,8006298,8000122,;426
2021-12-16T03:44:00.000Z;Unterheckenhofen;RE;RE 16;16;59110;8005995;8005995%2021-12-16T03:44:00.000Z%,8005185,8005439,8000284,;602
2021-12-16T03:59:00.000Z;Unterheckenhofen;RE;RE 16;16;59113;8005995;8005995%2021-12-16T03:59:00.000Z%,8002237,8004115,8004835,8001749,8006298,8000122,8004731,8000078,8003989,8004451,8003952,8000662,8000013,;602
2021-12-16T04:22:00.000Z;Unterheckenhofen;RB;RB 16;16;59140;8005995;8005995%2021-12-16T04:22:00.000Z%,8005185,8005439,8000284,;426
2021-12-16T04:36:00.000Z;Unterheckenhofen;RB;RB 16;16;59202;8005995;8005995%2021-12-16T04:36:00.000Z%,8005185,8005439,8000284,;426
2021-12-16T04:47:00.000Z;Unterheckenhofen;RB;RB 16;16;59085;8005995;8005995%2021-12-16T04:47:00.000Z%,8002237,8004115,8004835,8001749,8006298,8000122,8004753,8005593,8001495,8001708,8000419,8005828,8001734,8002171,8003074,8003076,8000183,8000678,8000256,8004781,8005008,8004747,8004775,8001354,8000261,;426
2021-12-16T05:19:00.000Z;Unterheckenhofen;RB;RB 16;16;59204;8005995;8005995%2021-12-16T05:19:00.000Z%,8005185,8005439,8000284,;426
2021-12-16T05:50:00.000Z;Unterheckenhofen;RB;RB 16;16;59145;8005995;8005995%2021-12-16T05:50:00.000Z%,8002237,8004115,8004835,8001749,8006298,8000122,8004753,8005593,8001495,8001708,8000419,8005828,8001734,8002171,8003074,8003076,8000183,8000678,8000256,8004781,8005008,8004747,8004775,8001354,8000261,;426
2021-12-16T05:53:00.000Z;Unterheckenhofen;RE;RE 16;16;59114;8005995;8005995%2021-12-16T05:53:00.000Z%,8005185,8005439,8000284,;602
2021-12-16T06:29:00.000Z;Unterheckenhofen;RB;RB RE 60;RE 60;59208;8005995;8005995%2021-12-16T06:29:00.000Z%,8005185,8005439,8000284,;426
2021-12-16T06:52:00.000Z;Unterheckenhofen;RB;RB 16;16;59086;8005995;8005995%2021-12-16T06:52:00.000Z%,8005185,8005439,8000284,;426
2021-12-16T06:59:00.000Z;Unterheckenhofen;RB;RB 16;16;59089;8005995;8005995%2021-12-16T06:59:00.000Z%,8002237,8004115,8004835,8001749,8006298,8000122,8004753,8005593,8001495,8001708,8000419,8005828,8001734,8002171,8003074,8003076,8000183,8000678,8000256,8004781,8005008,8004747,8004775,8001354,8000261,;426
2021-12-16T07:54:00.000Z;Unterheckenhofen;RE;RE 16;16;59116;8005995;8005995%2021-12-16T07:54:00.000Z%,8005185,8005439,8000284,;602
2021-12-16T08:00:00.000Z;Unterheckenhofen;RE;RE 16;16;59119;8005995;8005995%2021-12-16T08:00:00.000Z%,8002237,8004115,8004835,8001749,8006298,8000122,8004731,8000078,8003989,8004451,8003952,8000662,8000013,;602
2021-12-16T08:52:00.000Z;Unterheckenhofen;RB;RB 16;16;59090;8005995;8005995%2021-12-16T08:52:00.000Z%,8005185,8005439,8000284,;426
2021-12-16T08:59:00.000Z;Unterheckenhofen;RB;RB 16;16;59093;8005995;8005995%2021-12-16T08:59:00.000Z%,8002237,8004115,8004835,8001749,8006298,8000122,8004753,8005593,8001495,8001708,8000419,8005828,8001734,8002171,8003074,8003076,8000183,8000678,8000256,8004781,8005008,8004747,8004775,8001354,8000261,;426
2021-12-16T09:54:00.000Z;Unterheckenhofen;RE;RE 16;16;59118;8005995;8005995%2021-12-16T09:54:00.000Z%,8005185,8005439,8000284,;602
2021-12-16T09:59:00.000Z;Unterheckenhofen;RE;RE 16;16;59121;8005995;8005995%2021-12-16T09:59:00.000Z%,8002237,8004115,8004835,8001749,8006298,8000122,8004731,8000078,8003989,8004451,8003952,8000662,8000013,;602
2021-12-16T10:52:00.000Z;Unterheckenhofen;RB;RB 16;16;59092;8005995;8005995%2021-12-16T10:52:00.000Z%,8005185,8005439,8000284,;426
2021-12-16T10:59:00.000Z;Unterheckenhofen;RB;RB 16;16;59139;8005995;8005995%2021-12-16T10:59:00.000Z%,8002237,8004115,8004835,8001749,8006298,8000122,8004753,8005593,8001495,8001708,8000419,8005828,8001734,8002171,8003074,8003076,8000183,8000678,8000256,8004781,8005008,8004747,8004775,8001354,8000261,;426
2021-12-16T12:00:00.000Z;Unterheckenhofen;RE;RE 16;16;59123;8005995;8005995%2021-12-16T12:00:00.000Z%,8002237,8004115,8004835,8001749,8006298,8000122,8004731,8000078,8003989,8004451,8003952,8000662,8000013,;602
2021-12-16T12:06:00.000Z;Unterheckenhofen;RE;RE 16;16;59122;8005995;8005995%2021-12-16T12:06:00.000Z%,8005185,8005439,8000284,;602
2021-12-16T12:53:00.000Z;Unterheckenhofen;RB;RB 16;16;59096;8005995;8005995%2021-12-16T12:53:00.000Z%,8005185,8005439,8000284,;426
2021-12-16T12:59:00.000Z;Unterheckenhofen;RB;RB 16;16;59097;8005995;8005995%2021-12-16T12:59:00.000Z%,8002237,8004115,8004835,8001749,8006298,8000122,8004753,8005593,8001495,8001708,8000419,8005828,8001734,8002171,8003074,8003076,8000183,8000678,8000256,8004781,8005008,8004747,8004775,8001354,8000261,;426
2021-12-16T13:54:00.000Z;Unterheckenhofen;RE;RE 16;16;59124;8005995;8005995%2021-12-16T13:54:00.000Z%,8005185,8005439,8000284,;602
2021-12-16T13:59:00.000Z;Unterheckenhofen;RE;RE 16;16;59125;8005995;8005995%2021-12-16T13:59:00.000Z%,8002237,8004115,8004835,8001749,8006298,8000122,8004731,8000078,8003989,8004451,8003952,8000662,8000013,;602
2021-12-16T14:52:00.000Z;Unterheckenhofen;RB;RB 16;16;59098;8005995;8005995%2021-12-16T14:52:00.000Z%,8005185,8005439,8000284,;426
2021-12-16T14:59:00.000Z;Unterheckenhofen;RB;RB 16;16;59099;8005995;8005995%2021-12-16T14:59:00.000Z%,8002237,8004115,8004835,8001749,8006298,8000122,8004753,8005593,8001495,8001708,8000419,8005828,8001734,8002171,8003074,8003076,8000183,8000678,8000256,8004781,8005008,8004747,8004775,8001354,8000261,;426
2021-12-16T15:55:00.000Z;Unterheckenhofen;RE;RE 16;16;59126;8005995;8005995%2021-12-16T15:55:00.000Z%,8005185,8005439,8000284,;602
2021-12-16T15:59:00.000Z;Unterheckenhofen;RE;RE 16;16;59129;8005995;8005995%2021-12-16T15:59:00.000Z%,8002237,8004115,8004835,8001749,8006298,8000122,8004731,8000078,8003989,8004451,8003952,8000662,8000013,;602
2021-12-16T16:54:00.000Z;Unterheckenhofen;RB;RB 16;16;59102;8005995;8005995%2021-12-16T16:54:00.000Z%,8005185,8005439,8000284,;426
2021-12-16T17:00:00.000Z;Unterheckenhofen;RB;RB 16;16;59101;8005995;8005995%2021-12-16T17:00:00.000Z%,8002237,8004115,8004835,8001749,8006298,8000122,8004753,8005593,8001495,8001708,8000419,8005828,8001734,8002171,8003074,8003076,8000183,8000678,8000256,8004781,8005008,8004747,8004775,8001354,8000261,;426
2021-12-16T17:56:00.000Z;Unterheckenhofen;RE;RE 16;16;59130;8005995;8005995%2021-12-16T17:56:00.000Z%,8005185,8005439,8000284,;602
2021-12-16T17:59:00.000Z;Unterheckenhofen;RE;RE 16;16;59131;8005995;8005995%2021-12-16T17:59:00.000Z%,8002237,8004115,8004835,8001749,8006298,8000122,8004731,8000078,8003989,8004451,8003952,8000662,8000013,;602
2021-12-16T18:52:00.000Z;Unterheckenhofen;RB;RB 16;16;59104;8005995;8005995%2021-12-16T18:52:00.000Z%,8005185,8005439,8000284,;426
2021-12-16T18:59:00.000Z;Unterheckenhofen;RB;RB 16;16;59107;8005995;8005995%2021-12-16T18:59:00.000Z%,8002237,8004115,8004835,8001749,8006298,8000122,8004753,8005593,8001495,8001708,8000419,8005828,8001734,8002171,8003074,8003076,8000183,8000678,8000256,8004781,8005008,8004747,8004775,8001354,8000261,;426
2021-12-16T19:54:00.000Z;Unterheckenhofen;RE;RE 16;16;59132;8005995;8005995%2021-12-16T19:54:00.000Z%,8005185,8005439,8000284,;602
2021-12-16T19:59:00.000Z;Unterheckenhofen;RE;RE 16;16;59133;8005995;8005995%2021-12-16T19:59:00.000Z%,8002237,8004115,8004835,8001749,8006298,8000122,8004731,8000078,8003989,8004451,8003952,8000662,8000013,;602
2021-12-15T20:33:00.000Z;Untersteinach(b Stadtsteinach);RE;RE 38;38;59316;8006017;8006017%2021-12-15T20:35:00.000Z%2,8003476,8003813,8001289,8002878,8000228,;602
2021-12-15T20:33:00.000Z;Untersteinach(b Stadtsteinach);RE;RE 35;35;59319;8006017;8006017%2021-12-15T20:34:00.000Z%1,8000267,8003887,8005674,8004126,8005466,8000287,8002924,;602
2021-12-15T20:33:00.000Z;Untersteinach(b Stadtsteinach);RE;RE 39;39;59296;8006017;8006017%2021-12-15T20:35:00.000Z%2,8003476,8003813,8001289,8002878,8000228,;602
2021-12-15T20:33:00.000Z;Untersteinach(b Stadtsteinach);RE;RE 38;38;59299;8006017;8006017%2021-12-15T20:34:00.000Z%1,8000267,8005895,8002605,8000974,8000028,;602
2021-12-15T21:39:00.000Z;Untersteinach(b Stadtsteinach);RE;RE 32;32;3447;8006017;8006017%2021-12-15T21:40:00.000Z%1,8003476,8003813,8001289,8002878,8000228,;602
2021-12-15T22:42:00.000Z;Untersteinach(b Stadtsteinach);RE;RE 32;32;59323;8006017;8006017%2021-12-15T22:42:00.000Z%,8003763,8000267,8005895,8002605,8000974,8000028,;602
2021-12-16T05:18:00.000Z;Untersteinach(b Stadtsteinach);RE;RE 39;39;3465;8006017;8006017%2021-12-16T05:18:00.000Z%,8003763,8000267,8003887,8005674,8004126,8005545,8002019,8005466,8000287,8002924,;602
2021-12-16T05:21:00.000Z;Untersteinach(b Stadtsteinach);RE;RE 39;39;3466;8006017;8006017%2021-12-16T05:21:00.000Z%,8003476,8003813,8001289,8002878,8000228,;602
2021-12-16T06:32:00.000Z;Untersteinach(b Stadtsteinach);RE;RE 32;32;59300;8006017;8006017%2021-12-16T06:32:00.000Z%,8003476,8001289,8000228,;602
2021-12-16T06:32:00.000Z;Untersteinach(b Stadtsteinach);RE;RE 35;35;59280;8006017;8006017%2021-12-16T06:32:00.000Z%,8003476,8001289,8000228,;602
2021-12-16T08:22:00.000Z;Untersteinach(b Stadtsteinach);RE;RE 35;35;59305;8006017;8006017%2021-12-16T08:22:00.000Z%,8000267,8003887,8004126,8005466,8002924,;602
2021-12-16T08:22:00.000Z;Untersteinach(b Stadtsteinach);RE;RE 38;38;59285;8006017;8006017%2021-12-16T08:22:00.000Z%,8000267,8005895,8000028,;602
2021-12-16T08:32:00.000Z;Untersteinach(b Stadtsteinach);RE;RE 38;38;59302;8006017;8006017%2021-12-16T08:32:00.000Z%,8003476,8001289,8002878,8000228,;602
2021-12-16T08:32:00.000Z;Untersteinach(b Stadtsteinach);RE;RE 39;39;59282;8006017;8006017%2021-12-16T08:32:00.000Z%,8003476,8001289,8002878,8000228,;602
2021-12-16T09:27:00.000Z;Untersteinach(b Stadtsteinach);RE;RE 39;39;59307;8006017;8006017%2021-12-16T09:27:00.000Z%,8000267,8003887,8005674,8004126,8005466,8002924,;602
2021-12-16T09:27:00.000Z;Untersteinach(b Stadtsteinach);RE;RE 38;38;59287;8006017;8006017%2021-12-16T09:27:00.000Z%,8000267,8005895,8000028,;602
2021-12-16T10:32:00.000Z;Untersteinach(b Stadtsteinach);RE;RE 38;38;59304;8006017;8006017%2021-12-16T10:32:00.000Z%,8003476,8001289,8000228,;602
2021-12-16T10:32:00.000Z;Untersteinach(b Stadtsteinach);RE;RE 39;39;59284;8006017;8006017%2021-12-16T10:32:00.000Z%,8003476,8001289,8000228,;602
2021-12-16T11:27:00.000Z;Untersteinach(b Stadtsteinach);RE;RE 39;39;59309;8006017;8006017%2021-12-16T11:27:00.000Z%,8000267,8003887,8005674,8004126,8005466,8002924,;602
2021-12-16T11:27:00.000Z;Untersteinach(b Stadtsteinach);RE;RE 38;38;59289;8006017;8006017%2021-12-16T11:27:00.000Z%,8000267,8005895,8000028,;602
2021-12-16T13:27:00.000Z;Untersteinach(b Stadtsteinach);RE;RE 39;39;59311;8006017;8006017%2021-12-16T13:27:00.000Z%,8000267,8003887,8005674,8004126,8005466,8002924,;602
2021-12-16T13:27:00.000Z;Untersteinach(b Stadtsteinach);RE;RE 38;38;59291;8006017;8006017%2021-12-16T13:27:00.000Z%,8000267,8005895,8000028,;602
2021-12-16T14:32:00.000Z;Untersteinach(b Stadtsteinach);RE;RE 38;38;59308;8006017;8006017%2021-12-16T14:32:00.000Z%,8003476,8001289,8000228,;602
2021-12-16T14:32:00.000Z;Untersteinach(b Stadtsteinach);RE;RE 39;39;59288;8006017;8006017%2021-12-16T14:32:00.000Z%,8003476,8001289,8000228,;602
2021-12-16T15:27:00.000Z;Untersteinach(b Stadtsteinach);RE;RE 39;39;59313;8006017;8006017%2021-12-16T15:27:00.000Z%,8000267,8003887,8005674,8004126,8005466,8002924,;602
2021-12-16T15:27:00.000Z;Untersteinach(b Stadtsteinach);RE;RE 38;38;59293;8006017;8006017%2021-12-16T15:27:00.000Z%,8000267,8005895,8000028,;602
2021-12-16T16:32:00.000Z;Untersteinach(b Stadtsteinach);RE;RE 38;38;59310;8006017;8006017%2021-12-16T16:32:00.000Z%,8003476,8001289,8000228,;602
2021-12-16T16:32:00.000Z;Untersteinach(b Stadtsteinach);RE;RE 39;39;59290;8006017;8006017%2021-12-16T16:32:00.000Z%,8003476,8001289,8000228,;602
2021-12-16T17:28:00.000Z;Untersteinach(b Stadtsteinach);RE;RE 39;39;59315;8006017;8006017%2021-12-16T17:28:00.000Z%,8000267,8003887,8005674,8004126,8005466,8002924,;602
2021-12-16T17:28:00.000Z;Untersteinach(b Stadtsteinach);RE;RE 38;38;59295;8006017;8006017%2021-12-16T17:28:00.000Z%,8000267,8005895,8000028,;602
2021-12-16T19:27:00.000Z;Untersteinach(b Stadtsteinach);RE;RE 39;39;59317;8006017;8006017%2021-12-16T19:27:00.000Z%,8000267,8003887,8004126,8005466,8002924,;602
2021-12-16T19:27:00.000Z;Untersteinach(b Stadtsteinach);RE;RE 38;38;59297;8006017;8006017%2021-12-16T19:27:00.000Z%,8000267,8005895,8000028,;602
2021-12-15T20:53:00.000Z;Vilseck;RE;RE 41;41;3035;8006085;8006085%2021-12-15T20:54:00.000Z%1,8002076,8006266,8000204,;602
2021-12-15T21:36:00.000Z;Vilseck;RE;RE 41;41;3034;8006085;8006085%2021-12-15T21:36:00.000Z%0,8000269,8001929,8002612,8002794,8000284,;602
2021-12-15T22:01:00.000Z;Vilseck;RE;RE 41;41;3037;8006085;8006085%2021-12-15T22:01:00.000Z%,8002076,8006266,8000204,;602
2021-12-15T22:48:00.000Z;Vilseck;RE;RE 41;41;3039;8006085;8006085%2021-12-15T22:48:00.000Z%,8002076,8006266,8000204,;602
2021-12-16T03:32:00.000Z;Vilseck;RE;RE 41;41;3584;8006085;8006085%2021-12-16T03:32:00.000Z%,8000269,8001929,8002612,8002794,8000284,;602
2021-12-16T04:16:00.000Z;Vilseck;RE;RE 41;41;3001;8006085;8006085%2021-12-16T04:16:00.000Z%,8002076,8005139,8006266,8000204,8000540,8004332,;602
2021-12-16T04:33:00.000Z;Vilseck;RE;RE 41;41;3000;8006085;8006085%2021-12-16T04:33:00.000Z%,8000269,8001929,8002612,8002794,8000284,;602
2021-12-16T05:21:00.000Z;Vilseck;RE;RE 41;41;3003;8006085;8006085%2021-12-16T05:21:00.000Z%,8002076,8005855,8006266,8000204,8000540,8004332,;602
2021-12-16T05:35:00.000Z;Vilseck;RE;RE 41;41;3002;8006085;8006085%2021-12-16T05:35:00.000Z%,8000269,8001929,8002612,8002794,8000284,;602
2021-12-16T05:42:00.000Z;Vilseck;RE;RE 41;41;3583;8006085;8006085%2021-12-16T05:42:00.000Z%,8002076,8005855,8005139,8006266,8000204,;602
2021-12-16T06:24:00.000Z;Vilseck;RE;RE 41;41;3004;8006085;8006085%2021-12-16T06:24:00.000Z%,8000269,8001929,8002612,8002794,8000284,;602
2021-12-16T06:25:00.000Z;Vilseck;RE;RE 41;41;3007;8006085;8006085%2021-12-16T06:25:00.000Z%,8002076,8005139,8006266,8000204,;602
2021-12-16T07:28:00.000Z;Vilseck;RE;RE 41;41;3006;8006085;8006085%2021-12-16T07:28:00.000Z%,8000269,8001929,8002612,8002794,8000284,;602
2021-12-16T07:29:00.000Z;Vilseck;RE;RE 41;41;3009;8006085;8006085%2021-12-16T07:29:00.000Z%,8002076,8005855,8006266,8000204,8000540,8004332,;602
2021-12-16T08:28:00.000Z;Vilseck;RE;RE 41;41;3008;8006085;8006085%2021-12-16T08:28:00.000Z%,8000269,8001929,8002612,8002794,8000284,;602
2021-12-16T08:29:00.000Z;Vilseck;RE;RE 41;41;3011;8006085;8006085%2021-12-16T08:29:00.000Z%,8002076,8006266,8000204,8000540,8004332,;602
2021-12-16T09:28:00.000Z;Vilseck;RE;RE 41;41;3010;8006085;8006085%2021-12-16T09:28:00.000Z%,8000269,8001929,8002612,8002794,8000284,;602
2021-12-16T09:29:00.000Z;Vilseck;RE;RE 41;41;3013;8006085;8006085%2021-12-16T09:29:00.000Z%,8002076,8006266,8000204,8000540,8004332,;602
2021-12-16T10:28:00.000Z;Vilseck;RE;RE 41;41;3012;8006085;8006085%2021-12-16T10:28:00.000Z%,8000269,8001929,8002612,8002794,8000284,;602
2021-12-16T10:29:00.000Z;Vilseck;RE;RE 41;41;3015;8006085;8006085%2021-12-16T10:29:00.000Z%,8002076,8006266,8000204,8000540,8004332,;602
2021-12-16T11:28:00.000Z;Vilseck;RE;RE 41;41;3014;8006085;8006085%2021-12-16T11:28:00.000Z%,8000269,8001929,8002612,8002794,8000284,;602
2021-12-16T11:29:00.000Z;Vilseck;RE;RE 41;41;3017;8006085;8006085%2021-12-16T11:29:00.000Z%,8002076,8006266,8000204,8000540,8004332,;602
2021-12-16T12:28:00.000Z;Vilseck;RE;RE 41;41;3016;8006085;8006085%2021-12-16T12:28:00.000Z%,8000269,8001929,8002612,8002794,8000284,;602
2021-12-16T12:29:00.000Z;Vilseck;RE;RE 41;41;3019;8006085;8006085%2021-12-16T12:29:00.000Z%,8002076,8006266,8000204,8000540,8004332,;602
2021-12-16T13:28:00.000Z;Vilseck;RE;RE 41;41;3018;8006085;8006085%2021-12-16T13:28:00.000Z%,8000269,8001929,8002612,8002794,8000284,;602
2021-12-16T13:29:00.000Z;Vilseck;RE;RE 41;41;3021;8006085;8006085%2021-12-16T13:29:00.000Z%,8002076,8006266,8000204,8000540,8004332,;602
2021-12-16T14:28:00.000Z;Vilseck;RE;RE 41;41;3020;8006085;8006085%2021-12-16T14:28:00.000Z%,8000269,8001929,8002612,8002794,8000284,;602
2021-12-16T14:29:00.000Z;Vilseck;RE;RE 41;41;3023;8006085;8006085%2021-12-16T14:29:00.000Z%,8002076,8006266,8000204,8000540,8004332,;602
2021-12-16T15:28:00.000Z;Vilseck;RE;RE 41;41;3022;8006085;8006085%2021-12-16T15:28:00.000Z%,8000269,8001929,8002612,8002794,8000284,;602
2021-12-16T15:29:00.000Z;Vilseck;RE;RE 41;41;3025;8006085;8006085%2021-12-16T15:29:00.000Z%,8002076,8006266,8000204,8000540,8004332,;602
2021-12-16T16:28:00.000Z;Vilseck;RE;RE 41;41;3024;8006085;8006085%2021-12-16T16:28:00.000Z%,8000269,8001929,8002612,8002794,8000284,;602
2021-12-16T16:29:00.000Z;Vilseck;RE;RE 41;41;3027;8006085;8006085%2021-12-16T16:29:00.000Z%,8002076,8006266,8000204,8000540,8004332,;602
2021-12-16T17:28:00.000Z;Vilseck;RE;RE 41;41;3026;8006085;8006085%2021-12-16T17:28:00.000Z%,8000269,8001929,8002612,8002794,8000284,;602
2021-12-16T17:29:00.000Z;Vilseck;RE;RE 41;41;3029;8006085;8006085%2021-12-16T17:29:00.000Z%,8002076,8006266,8000204,8000540,8004332,;602
2021-12-16T18:28:00.000Z;Vilseck;RE;RE 41;41;3028;8006085;8006085%2021-12-16T18:28:00.000Z%,8000269,8001929,8002612,8002794,8000284,;602
2021-12-16T18:29:00.000Z;Vilseck;RE;RE 41;41;3031;8006085;8006085%2021-12-16T18:29:00.000Z%,8002076,8006266,8000204,8000540,8004332,;602
2021-12-16T19:28:00.000Z;Vilseck;RE;RE 41;41;3030;8006085;8006085%2021-12-16T19:28:00.000Z%,8000269,8001929,8002612,8002794,8000284,;602
2021-12-16T19:29:00.000Z;Vilseck;RE;RE 41;41;3033;8006085;8006085%2021-12-16T19:29:00.000Z%,8002076,8006266,8000204,8000540,8004332,;602
2021-12-15T20:22:00.000Z;Vilshofen(Niederbay);RE;RE 3;3;4086;8006086;8006086%2021-12-15T20:22:00.000Z%0,8000298,;602
2021-12-15T20:41:00.000Z;Vilshofen(Niederbay);RE;RE 3;3;4089;8006086;8006086%2021-12-15T20:41:00.000Z%0,8004700,8000301,8006181,8003506,8001466,8006537,8000217,8004084,8002078,8000261,;602
2021-12-15T21:22:00.000Z;Vilshofen(Niederbay);RE;RE 3;3;4088;8006086;8006086%2021-12-15T21:22:00.000Z%0,8000298,;602
2021-12-15T22:26:00.000Z;Vilshofen(Niederbay);RE;RE 3;3;4090;8006086;8006086%2021-12-15T22:26:00.000Z%0,8000298,;602
2021-12-15T22:34:00.000Z;Vilshofen(Niederbay);RE;RE 3;3;4091;8006086;8006086%2021-12-15T22:34:00.000Z%,8004700,8000301,8006181,8003506,8001466,8006537,8000217,;602
2021-12-16T00:15:00.000Z;Vilshofen(Niederbay);RE;RE 3;3;4092;8006086;8006086%2021-12-16T00:15:00.000Z%,8000298,;602
2021-12-16T03:54:00.000Z;Vilshofen(Niederbay);RE;RE 3;3;4051;8006086;8006086%2021-12-16T03:54:00.000Z%,8004700,8000301,8006181,8003506,8001466,8006537,8000217,8004084,8002078,8000261,;602
2021-12-16T04:38:00.000Z;Vilshofen(Niederbay);RE;RE 3;3;4053;8006086;8006086%2021-12-16T04:38:00.000Z%,8004700,8000301,8006181,8003506,8001466,8006537,8000217,8004084,8002078,8000261,;602
2021-12-16T05:19:00.000Z;Vilshofen(Niederbay);RE;RE 3;3;4050;8006086;8006086%2021-12-16T05:19:00.000Z%,8000298,;602
2021-12-16T05:20:00.000Z;Vilshofen(Niederbay);RE;RE 3;3;4055;8006086;8006086%2021-12-16T05:20:00.000Z%,8004700,8000301,8006181,8003506,8001466,8006537,8000217,8002078,8000261,;602
2021-12-16T06:00:00.000Z;Vilshofen(Niederbay);RE;RE 3;3;4059;8006086;8006086%2021-12-16T06:00:00.000Z%,8004700,8000301,8006181,8003506,8001466,8006537,8000217,8004084,8002078,8000261,;602
2021-12-16T06:02:00.000Z;Vilshofen(Niederbay);RE;RE 3;3;4052;8006086;8006086%2021-12-16T06:02:00.000Z%,8000298,;602
2021-12-16T06:41:00.000Z;Vilshofen(Niederbay);RE;RE 3;3;4061;8006086;8006086%2021-12-16T06:41:00.000Z%,8004700,8000301,8006181,8003506,8001466,8006537,8000217,8004084,8002078,8000261,;602
2021-12-16T06:45:00.000Z;Vilshofen(Niederbay);RE;RE 3;3;4054;8006086;8006086%2021-12-16T06:45:00.000Z%,8000298,;602
2021-12-16T07:20:00.000Z;Vilshofen(Niederbay);RE;RE 3;3;4056;8006086;8006086%2021-12-16T07:20:00.000Z%,8000298,;602
2021-12-16T07:41:00.000Z;Vilshofen(Niederbay);RE;RE 3;3;4063;8006086;8006086%2021-12-16T07:41:00.000Z%,8004700,8000301,8006181,8003506,8001466,8006537,8000217,8004084,8002078,8000261,;602
2021-12-16T08:22:00.000Z;Vilshofen(Niederbay);RE;RE 3;3;4060;8006086;8006086%2021-12-16T08:22:00.000Z%,8000298,;602
2021-12-16T08:34:00.000Z;Vilshofen(Niederbay);RE;RE 3;3;4065;8006086;8006086%2021-12-16T08:34:00.000Z%,8004700,8000301,8006181,8003506,8001466,8006537,8000217,8004084,8002078,8000261,;602
2021-12-16T09:24:00.000Z;Vilshofen(Niederbay);RE;RE 3;3;4062;8006086;8006086%2021-12-16T09:24:00.000Z%,8000298,;602
2021-12-16T09:41:00.000Z;Vilshofen(Niederbay);RE;RE 3;3;4067;8006086;8006086%2021-12-16T09:41:00.000Z%,8004700,8000301,8006181,8003506,8001466,8006537,8000217,8004084,8002078,8000261,;602
2021-12-16T10:22:00.000Z;Vilshofen(Niederbay);RE;RE 3;3;4064;8006086;8006086%2021-12-16T10:22:00.000Z%,8000298,;602
2021-12-16T10:34:00.000Z;Vilshofen(Niederbay);RE;RE 3;3;4069;8006086;8006086%2021-12-16T10:34:00.000Z%,8004700,8000301,8006181,8003506,8001466,8006537,8000217,8004084,8002078,8000261,;602
2021-12-16T11:24:00.000Z;Vilshofen(Niederbay);RE;RE 3;3;4066;8006086;8006086%2021-12-16T11:24:00.000Z%,8000298,;602
2021-12-16T11:34:00.000Z;Vilshofen(Niederbay);RE;RE 3;3;4071;8006086;8006086%2021-12-16T11:34:00.000Z%,8004700,8000301,8006181,8003506,8001466,8006537,8000217,8004084,8002078,8000261,;602
2021-12-16T12:22:00.000Z;Vilshofen(Niederbay);RE;RE 3;3;4068;8006086;8006086%2021-12-16T12:22:00.000Z%,8000298,;602
2021-12-16T12:34:00.000Z;Vilshofen(Niederbay);RE;RE 3;3;4073;8006086;8006086%2021-12-16T12:34:00.000Z%,8004700,8000301,8006181,8003506,8001466,8006537,8000217,8004084,8002078,8000261,;602
2021-12-16T13:24:00.000Z;Vilshofen(Niederbay);RE;RE 3;3;4070;8006086;8006086%2021-12-16T13:24:00.000Z%,8000298,;602
2021-12-16T13:41:00.000Z;Vilshofen(Niederbay);RE;RE 3;3;4075;8006086;8006086%2021-12-16T13:41:00.000Z%,8004700,8000301,8006181,8003506,8001466,8006537,8000217,8004084,8002078,8000261,;602
2021-12-16T14:24:00.000Z;Vilshofen(Niederbay);RE;RE 3;3;4072;8006086;8006086%2021-12-16T14:24:00.000Z%,8000298,;602
2021-12-16T14:34:00.000Z;Vilshofen(Niederbay);RE;RE 3;3;4077;8006086;8006086%2021-12-16T14:34:00.000Z%,8004700,8000301,8006181,8003506,8001466,8006537,8000217,8004084,8002078,8000261,;602
2021-12-16T15:24:00.000Z;Vilshofen(Niederbay);RE;RE 3;3;4074;8006086;8006086%2021-12-16T15:24:00.000Z%,8000298,;602
2021-12-16T15:41:00.000Z;Vilshofen(Niederbay);RE;RE 3;3;4079;8006086;8006086%2021-12-16T15:41:00.000Z%,8004700,8000301,8006181,8003506,8001466,8006537,8000217,8004084,8002078,8000261,;602
2021-12-16T16:22:00.000Z;Vilshofen(Niederbay);RE;RE 3;3;4076;8006086;8006086%2021-12-16T16:22:00.000Z%,8000298,;602
2021-12-16T16:34:00.000Z;Vilshofen(Niederbay);RE;RE 3;3;4081;8006086;8006086%2021-12-16T16:34:00.000Z%,8004700,8000301,8006181,8003506,8001466,8006537,8000217,8004084,8002078,8000261,;602
2021-12-16T17:24:00.000Z;Vilshofen(Niederbay);RE;RE 3;3;4078;8006086;8006086%2021-12-16T17:24:00.000Z%,8000298,;602
2021-12-16T17:41:00.000Z;Vilshofen(Niederbay);RE;RE 3;3;4083;8006086;8006086%2021-12-16T17:41:00.000Z%,8004700,8000301,8006181,8003506,8001466,8006537,8000217,8004084,8002078,8000261,;602
2021-12-16T18:22:00.000Z;Vilshofen(Niederbay);RE;RE 3;3;4082;8006086;8006086%2021-12-16T18:22:00.000Z%,8000298,;602
2021-12-16T18:34:00.000Z;Vilshofen(Niederbay);RE;RE 3;3;4085;8006086;8006086%2021-12-16T18:34:00.000Z%,8004700,8000301,8006181,8003506,8001466,8006537,8000217,8004084,8002078,8000261,;602
2021-12-16T19:24:00.000Z;Vilshofen(Niederbay);RE;RE 3;3;4084;8006086;8006086%2021-12-16T19:24:00.000Z%,8000298,;602
2021-12-16T19:41:00.000Z;Vilshofen(Niederbay);RE;RE 3;3;4087;8006086;8006086%2021-12-16T19:41:00.000Z%,8004700,8000301,8006181,8003506,8001466,8006537,8000217,8004084,8002078,8000261,;602
2021-12-15T20:26:00.000Z;Vöhringen;RE;RE 75;75;57612;8006094;8006094%2021-12-15T20:27:00.000Z%1,8005532,8006730,8000170,;602
2021-12-15T21:13:00.000Z;Vöhringen;RB;RB RS7;RS7;57791;8006094;8006094%2021-12-15T21:13:00.000Z%,8000862,8003057,8000539,8003227,8000249,;426
2021-12-15T21:47:00.000Z;Vöhringen;RB;RB RS7;RS7;57774;8006094;8006094%2021-12-15T21:47:00.000Z%,8005532,8002244,8001985,8006730,8000170,;426
2021-12-15T22:26:00.000Z;Vöhringen;RE;RE 75;75;57616;8006094;8006094%2021-12-15T22:26:00.000Z%,8005532,8006730,8000170,;602
2021-12-15T22:39:00.000Z;Vöhringen;RE;RE 75;75;57617;8006094;8006094%2021-12-15T22:39:00.000Z%,8003057,8000249,8002378,8001454,8003230,8000197,;602
2021-12-15T23:29:00.000Z;Vöhringen;RE;RE 75;75;57618;8006094;8006094%2021-12-15T23:29:00.000Z%,8005532,8006730,8000170,;602
2021-12-15T23:42:00.000Z;Vöhringen;RE;RE RS7;RS7;57619;8006094;8006094%2021-12-15T23:42:00.000Z%,8000862,8003057,8000539,8003227,8000249,;602
2021-12-16T04:15:00.000Z;Vöhringen;RB;RB RS7;RS7;57750;8006094;8006094%2021-12-16T04:15:00.000Z%,8005532,8002244,8001985,8006730,8000170,;426
2021-12-16T04:44:00.000Z;Vöhringen;RB;RB RS7;RS7;57754;8006094;8006094%2021-12-16T04:44:00.000Z%,8005532,8001985,8006730,8000170,;426
2021-12-16T05:07:00.000Z;Vöhringen;RE;RE 75;75;3683;8006094;8006094%2021-12-16T05:07:00.000Z%,8000862,8003057,8000539,8003227,8000249,8002378,8001454,8003230,8000197,8003901,8003065,8001004,8005609,8000561,8001995,8003551,8004585,;602
2021-12-16T05:24:00.000Z;Vöhringen;RE;RE 75;75;57600;8006094;8006094%2021-12-16T05:24:00.000Z%,8005532,8001985,8006730,8000170,;602
2021-12-16T05:34:00.000Z;Vöhringen;RB;RB RS7;RS7;57757;8006094;8006094%2021-12-16T05:34:00.000Z%,8000862,8003057,8000539,8003227,8000249,;426
2021-12-16T05:49:00.000Z;Vöhringen;RB;RB RS7;RS7;57756;8006094;8006094%2021-12-16T05:49:00.000Z%,8005532,8002244,8006730,8000170,;426
2021-12-16T06:18:00.000Z;Vöhringen;RB;RB RS7;RS7;57692;8006094;8006094%2021-12-16T06:18:00.000Z%,8005532,8002244,8001985,8006730,8000170,;426
2021-12-16T06:19:00.000Z;Vöhringen;RE;RE 75;75;3687;8006094;8006094%2021-12-16T06:19:00.000Z%,8000862,8003057,8000249,8001454,8000197,8003901,8003065,8001004,8005609,8000561,8001995,8003551,8004585,;602
2021-12-16T06:47:00.000Z;Vöhringen;RB;RB RS7;RS7;57758;8006094;8006094%2021-12-16T06:47:00.000Z%,8005532,8001985,8006730,8000170,;426
2021-12-16T07:12:00.000Z;Vöhringen;RB;RB RS7;RS7;57759;8006094;8006094%2021-12-16T07:12:00.000Z%,8000862,8003057,8000539,8003227,8000249,;426
2021-12-16T07:47:00.000Z;Vöhringen;RB;RB RS7;RS7;57762;8006094;8006094%2021-12-16T07:47:00.000Z%,8005532,8002244,8001985,8006730,8000170,;426
2021-12-16T08:12:00.000Z;Vöhringen;RB;RB RS7;RS7;57761;8006094;8006094%2021-12-16T08:12:00.000Z%,8000862,8003057,8000539,8003227,8000249,;426
2021-12-16T08:46:00.000Z;Vöhringen;RB;RB RS7;RS7;57764;8006094;8006094%2021-12-16T08:46:00.000Z%,8005532,8001985,8006730,8000170,;426
2021-12-16T09:13:00.000Z;Vöhringen;RB;RB RS7;RS7;57763;8006094;8006094%2021-12-16T09:13:00.000Z%,8000862,8003057,8000539,8003227,8000249,;426
2021-12-16T09:46:00.000Z;Vöhringen;RB;RB RS7;RS7;57766;8006094;8006094%2021-12-16T09:46:00.000Z%,8005532,8002244,8001985,8006730,8000170,;426
2021-12-16T10:10:00.000Z;Vöhringen;RB;RB RS7;RS7;57765;8006094;8006094%2021-12-16T10:10:00.000Z%,8000862,8003057,8000539,8003227,8000249,;426
2021-12-16T10:27:00.000Z;Vöhringen;RE;RE 75;75;57608;8006094;8006094%2021-12-16T10:27:00.000Z%,8005532,8006730,8000170,;602
2021-12-16T11:12:00.000Z;Vöhringen;RB;RB RS7;RS7;57767;8006094;8006094%2021-12-16T11:12:00.000Z%,8000862,8003057,8000539,8003227,8000249,;426
2021-12-16T11:45:00.000Z;Vöhringen;RB;RB RS7;RS7;57770;8006094;8006094%2021-12-16T11:45:00.000Z%,8005532,8002244,8001985,8006730,8000170,;426
2021-12-16T12:10:00.000Z;Vöhringen;RB;RB RS7;RS7;57769;8006094;8006094%2021-12-16T12:10:00.000Z%,8000862,8003057,8000539,8003227,8000249,;426
2021-12-16T12:46:00.000Z;Vöhringen;RB;RB RS7;RS7;57772;8006094;8006094%2021-12-16T12:46:00.000Z%,8005532,8001985,8006730,8000170,;426
2021-12-16T12:47:00.000Z;Vöhringen;RB;RB RS7;RS7;57693;8006094;8006094%2021-12-16T12:47:00.000Z%,8000862,8003057,;426
2021-12-16T13:11:00.000Z;Vöhringen;RB;RB RS7;RS7;57773;8006094;8006094%2021-12-16T13:11:00.000Z%,8000862,8003057,8000539,8003227,8000249,;426
2021-12-16T13:13:00.000Z;Vöhringen;RB;RB RS7;RS7;57694;8006094;8006094%2021-12-16T13:13:00.000Z%,8005532,8002244,8006730,8000170,;426
2021-12-16T13:45:00.000Z;Vöhringen;RB;RB RS7;RS7;57776;8006094;8006094%2021-12-16T13:45:00.000Z%,8005532,8002244,8001985,8006730,8000170,;426
2021-12-16T14:12:00.000Z;Vöhringen;RB;RB RS7;RS7;57775;8006094;8006094%2021-12-16T14:12:00.000Z%,8000862,8003057,8000539,8003227,8000249,;426
2021-12-16T14:46:00.000Z;Vöhringen;RB;RB RS7;RS7;57778;8006094;8006094%2021-12-16T14:46:00.000Z%,8005532,8001985,8006730,8000170,;426
2021-12-16T15:11:00.000Z;Vöhringen;RB;RB RS7;RS7;57777;8006094;8006094%2021-12-16T15:11:00.000Z%,8000862,8003057,8000539,8003227,8000249,;426
2021-12-16T15:50:00.000Z;Vöhringen;RB;RB RS7;RS7;57780;8006094;8006094%2021-12-16T15:50:00.000Z%,8005532,8002244,8001985,8006730,8000170,;426
2021-12-16T15:52:00.000Z;Vöhringen;RE;RE 75;75;57605;8006094;8006094%2021-12-16T15:52:00.000Z%,8003057,8000539,8003227,8000249,8002378,8001454,8003230,8000197,;602
2021-12-16T16:13:00.000Z;Vöhringen;RB;RB RS7;RS7;57779;8006094;8006094%2021-12-16T16:13:00.000Z%,8000862,8003057,8000539,8003227,8000249,;426
2021-12-16T16:46:00.000Z;Vöhringen;RB;RB RS7;RS7;57784;8006094;8006094%2021-12-16T16:46:00.000Z%,8005532,8001985,8006730,8000170,;426
2021-12-16T16:47:00.000Z;Vöhringen;RB;RB RS7;RS7;57695;8006094;8006094%2021-12-16T16:47:00.000Z%,8000862,8003057,;426
2021-12-16T17:12:00.000Z;Vöhringen;RB;RB RS7;RS7;57781;8006094;8006094%2021-12-16T17:12:00.000Z%,8000862,8003057,8000539,8003227,8000249,;426
2021-12-16T17:13:00.000Z;Vöhringen;RB;RB RS7;RS7;57696;8006094;8006094%2021-12-16T17:13:00.000Z%,8005532,8002244,8006730,8000170,;426
2021-12-16T17:46:00.000Z;Vöhringen;RB;RB RS7;RS7;57786;8006094;8006094%2021-12-16T17:46:00.000Z%,8005532,8002244,8001985,8006730,8000170,;426
2021-12-16T18:11:00.000Z;Vöhringen;RB;RB RS7;RS7;57783;8006094;8006094%2021-12-16T18:11:00.000Z%,8000862,8003057,8000539,8003227,8000249,;426
2021-12-16T18:45:00.000Z;Vöhringen;RB;RB RS7;RS7;57788;8006094;8006094%2021-12-16T18:45:00.000Z%,8005532,8001985,8006730,8000170,;426
2021-12-16T19:12:00.000Z;Vöhringen;RB;RB RS7;RS7;57785;8006094;8006094%2021-12-16T19:12:00.000Z%,8000862,8003057,8000539,8003227,8000249,;426
2021-12-16T19:46:00.000Z;Vöhringen;RB;RB RS7;RS7;57790;8006094;8006094%2021-12-16T19:46:00.000Z%,8005532,8002244,8001985,8006730,8000170,;426
2021-12-16T20:12:00.000Z;Vöhringen;RB;RB RS7;RS7;57787;8006094;8006094%2021-12-16T20:12:00.000Z%,8000862,8003057,8000539,8003227,8000249,;426
2021-12-15T20:30:00.000Z;Voerde(Niederrhein);RE;RE 19;19;20036;8006098;8006098%2021-12-15T20:30:00.000Z%0,8002109,8000242,8006356,8003943,8002536,8001780,8004024,8004878,8001773,8400735,8400071,;602
2021-12-15T20:32:00.000Z;Voerde(Niederrhein);RE;RE 19;19;20039;8006098;8006098%2021-12-15T20:32:00.000Z%0,8001469,8004540,8004542,;602
2021-12-15T21:30:00.000Z;Voerde(Niederrhein);RE;RE 19;19;20038;8006098;8006098%2021-12-15T21:30:00.000Z%0,8002109,8000242,8006356,8003943,8002536,8001780,8004024,8004878,8001773,8400735,8400071,;602
2021-12-15T21:32:00.000Z;Voerde(Niederrhein);RE;RE 19;19;20041;8006098;8006098%2021-12-15T21:32:00.000Z%0,8001469,8004540,8004542,;602
2021-12-15T22:30:00.000Z;Voerde(Niederrhein);RE;RE 19;19;20040;8006098;8006098%2021-12-15T22:30:00.000Z%,8002109,8000242,8006356,8003943,8002536,8001780,8004024,8004878,8001773,8400735,8400071,;602
2021-12-15T22:32:00.000Z;Voerde(Niederrhein);RE;RE 19;19;20043;8006098;8006098%2021-12-15T22:32:00.000Z%0,8001469,8004540,8004542,;602
2021-12-15T23:30:00.000Z;Voerde(Niederrhein);RE;RE 19;19;20042;8006098;8006098%2021-12-15T23:30:00.000Z%0,8002109,8000242,8006356,8003943,8002536,8001780,8004024,8004878,8001773,;602
2021-12-15T23:32:00.000Z;Voerde(Niederrhein);RE;RE 19;19;20058;8006098;8006098%2021-12-15T23:32:00.000Z%,8001469,8004540,8004542,;602
2021-12-16T00:30:00.000Z;Voerde(Niederrhein);RE;RE 19;19;20000;8006098;8006098%2021-12-16T00:30:00.000Z%0,8002109,8000242,8006356,8003943,8002536,8001780,8004024,8004878,8001773,;602
2021-12-16T01:30:00.000Z;Voerde(Niederrhein);RE;RE 19;19;20002;8006098;8006098%2021-12-16T01:30:00.000Z%,8002109,8000242,;602
2021-12-16T02:29:00.000Z;Voerde(Niederrhein);RE;RE 19;19;20003;8006098;8006098%2021-12-16T02:29:00.000Z%,8001469,8004540,8004542,;602
2021-12-16T03:32:00.000Z;Voerde(Niederrhein);RE;RE 19;19;20005;8006098;8006098%2021-12-16T03:32:00.000Z%,8001469,8004540,8004542,;602
2021-12-16T04:30:00.000Z;Voerde(Niederrhein);RE;RE 19;19;20055;8006098;8006098%2021-12-16T04:30:00.000Z%,8002109,8000242,8006356,8003943,8002536,8001780,8004024,8004878,8001773,8400735,8400071,;602
2021-12-16T04:32:00.000Z;Voerde(Niederrhein);RE;RE 19;19;20007;8006098;8006098%2021-12-16T04:32:00.000Z%,8001469,8004540,8004542,;602
2021-12-16T05:30:00.000Z;Voerde(Niederrhein);RE;RE 19;19;20006;8006098;8006098%2021-12-16T05:30:00.000Z%,8002109,8000242,8006356,8003943,8002536,8001780,8004024,8004878,8001773,8400735,8400071,;602
2021-12-16T05:32:00.000Z;Voerde(Niederrhein);RE;RE 19;19;20009;8006098;8006098%2021-12-16T05:32:00.000Z%,8001469,8004540,8004542,;602
2021-12-16T06:30:00.000Z;Voerde(Niederrhein);RE;RE 19;19;20008;8006098;8006098%2021-12-16T06:30:00.000Z%,8002109,8000242,8006356,8003943,8002536,8001780,8004024,8004878,8001773,8400735,8400071,;602
2021-12-16T06:32:00.000Z;Voerde(Niederrhein);RE;RE 19;19;20011;8006098;8006098%2021-12-16T06:32:00.000Z%,8001469,8004540,8004542,;602
2021-12-16T07:30:00.000Z;Voerde(Niederrhein);RE;RE 19;19;20010;8006098;8006098%2021-12-16T07:30:00.000Z%,8002109,8000242,8006356,8003943,8002536,8001780,8004024,8004878,8001773,8400735,8400071,;602
2021-12-16T07:32:00.000Z;Voerde(Niederrhein);RE;RE 19;19;20013;8006098;8006098%2021-12-16T07:32:00.000Z%,8001469,8004540,8004542,;602
2021-12-16T08:30:00.000Z;Voerde(Niederrhein);RE;RE 19;19;20012;8006098;8006098%2021-12-16T08:30:00.000Z%,8002109,8000242,8006356,8003943,8002536,8001780,8004024,8004878,8001773,8400735,8400071,;602
2021-12-16T08:32:00.000Z;Voerde(Niederrhein);RE;RE 19;19;20015;8006098;8006098%2021-12-16T08:32:00.000Z%,8001469,8004540,8004542,;602
2021-12-16T09:30:00.000Z;Voerde(Niederrhein);RE;RE 19;19;20014;8006098;8006098%2021-12-16T09:30:00.000Z%,8002109,8000242,8006356,8003943,8002536,8001780,8004024,8004878,8001773,8400735,8400071,;602
2021-12-16T09:32:00.000Z;Voerde(Niederrhein);RE;RE 19;19;20017;8006098;8006098%2021-12-16T09:32:00.000Z%,8001469,8004540,8004542,;602
2021-12-16T10:30:00.000Z;Voerde(Niederrhein);RE;RE 19;19;20016;8006098;8006098%2021-12-16T10:30:00.000Z%,8002109,8000242,8006356,8003943,8002536,8001780,8004024,8004878,8001773,8400735,8400071,;602
2021-12-16T10:32:00.000Z;Voerde(Niederrhein);RE;RE 19;19;20019;8006098;8006098%2021-12-16T10:32:00.000Z%,8001469,8004540,8004542,;602
2021-12-16T11:30:00.000Z;Voerde(Niederrhein);RE;RE 19;19;20018;8006098;8006098%2021-12-16T11:30:00.000Z%,8002109,8000242,8006356,8003943,8002536,8001780,8004024,8004878,8001773,8400735,8400071,;602
2021-12-16T11:32:00.000Z;Voerde(Niederrhein);RE;RE 19;19;20021;8006098;8006098%2021-12-16T11:32:00.000Z%,8001469,8004540,8004542,;602
2021-12-16T12:30:00.000Z;Voerde(Niederrhein);RE;RE 19;19;20020;8006098;8006098%2021-12-16T12:30:00.000Z%,8002109,8000242,8006356,8003943,8002536,8001780,8004024,8004878,8001773,8400735,8400071,;602
2021-12-16T12:32:00.000Z;Voerde(Niederrhein);RE;RE 19;19;20023;8006098;8006098%2021-12-16T12:32:00.000Z%,8001469,8004540,8004542,;602
2021-12-16T13:30:00.000Z;Voerde(Niederrhein);RE;RE 19;19;20022;8006098;8006098%2021-12-16T13:30:00.000Z%,8002109,8000242,8006356,8003943,8002536,8001780,8004024,8004878,8001773,8400735,8400071,;602
2021-12-16T13:32:00.000Z;Voerde(Niederrhein);RE;RE 19;19;20025;8006098;8006098%2021-12-16T13:32:00.000Z%,8001469,8004540,8004542,;602
2021-12-16T14:30:00.000Z;Voerde(Niederrhein);RE;RE 19;19;20024;8006098;8006098%2021-12-16T14:30:00.000Z%,8002109,8000242,8006356,8003943,8002536,8001780,8004024,8004878,8001773,8400735,8400071,;602
2021-12-16T14:32:00.000Z;Voerde(Niederrhein);RE;RE 19;19;20027;8006098;8006098%2021-12-16T14:32:00.000Z%,8001469,8004540,8004542,;602
2021-12-16T15:30:00.000Z;Voerde(Niederrhein);RE;RE 19;19;20026;8006098;8006098%2021-12-16T15:30:00.000Z%,8002109,8000242,8006356,8003943,8002536,8001780,8004024,8004878,8001773,8400735,8400071,;602
2021-12-16T15:32:00.000Z;Voerde(Niederrhein);RE;RE 19;19;20029;8006098;8006098%2021-12-16T15:32:00.000Z%,8001469,8004540,8004542,;602
2021-12-16T16:30:00.000Z;Voerde(Niederrhein);RE;RE 19;19;20028;8006098;8006098%2021-12-16T16:30:00.000Z%,8002109,8000242,8006356,8003943,8002536,8001780,8004024,8004878,8001773,8400735,8400071,;602
2021-12-16T16:32:00.000Z;Voerde(Niederrhein);RE;RE 19;19;20031;8006098;8006098%2021-12-16T16:32:00.000Z%,8001469,8004540,8004542,;602
2021-12-16T17:30:00.000Z;Voerde(Niederrhein);RE;RE 19;19;20030;8006098;8006098%2021-12-16T17:30:00.000Z%,8002109,8000242,8006356,8003943,8002536,8001780,8004024,8004878,8001773,8400735,8400071,;602
2021-12-16T17:32:00.000Z;Voerde(Niederrhein);RE;RE 19;19;20033;8006098;8006098%2021-12-16T17:32:00.000Z%,8001469,8004540,8004542,;602
2021-12-16T18:30:00.000Z;Voerde(Niederrhein);RE;RE 19;19;20032;8006098;8006098%2021-12-16T18:30:00.000Z%,8002109,8000242,8006356,8003943,8002536,8001780,8004024,8004878,8001773,8400735,8400071,;602
2021-12-16T18:32:00.000Z;Voerde(Niederrhein);RE;RE 19;19;20035;8006098;8006098%2021-12-16T18:32:00.000Z%,8001469,8004540,8004542,;602
2021-12-16T19:30:00.000Z;Voerde(Niederrhein);RE;RE 19;19;20034;8006098;8006098%2021-12-16T19:30:00.000Z%,8002109,8000242,8006356,8003943,8002536,8001780,8004024,8004878,8001773,8400735,8400071,;602
2021-12-16T19:32:00.000Z;Voerde(Niederrhein);RE;RE 19;19;20037;8006098;8006098%2021-12-16T19:32:00.000Z%,8001469,8004540,8004542,;602
2021-12-15T20:51:00.000Z;Vogelweh;RB;RB 70;70;12545;8006100;8006100%2021-12-15T20:52:00.000Z%1,8003232,8000189,;426
2021-12-15T21:51:00.000Z;Vogelweh;RB;RB 70;70;12547;8006100;8006100%2021-12-15T21:56:00.000Z%5,8000189,;426
2021-12-15T23:40:00.000Z;Vogelweh;RB;RB 67;67;12895;8006100;8006100%2021-12-15T23:40:00.000Z%,8003232,8000189,;426
2021-12-16T03:31:00.000Z;Vogelweh;RB;RB 71;71;12504;8006100;8006100%2021-12-16T03:31:00.000Z%,8001720,8003257,8003515,8002655,8001200,8000176,8003684,8003294,8000319,8005649,8005044,8005332,8005306,8005241,8000323,8000175,8001110,8005247,8000075,8000840,8003992,8003991,8000926,8004004,8005246,8005812,8005539,8005245,8005392,8006461,8003173,8003402,8000402,8005905,8000134,;426
2021-12-16T04:33:00.000Z;Vogelweh;RB;RB 67;67;12851;8006100;8006100%2021-12-16T04:33:00.000Z%,8003232,8000189,;426
2021-12-16T04:57:00.000Z;Vogelweh;RB;RB 67;67;12853;8006100;8006100%2021-12-16T04:57:00.000Z%,8000189,8000372,8087062,8006483,8003070,8005111,8000505,8002879,8000517,8000726,8000021,8001177,8000585,8003568,8004172,8000039,;426
2021-12-16T05:19:00.000Z;Vogelweh;RB;RB 67;67;12850;8006100;8006100%2021-12-16T05:19:00.000Z%,8001720,8003257,8003515,8004938,8007482,8005715,8004557,8004396,8002286,8004993,8001727,8005857,8000491,8004929,8003481,;426
2021-12-16T05:28:00.000Z;Vogelweh;RE;RE 1;1;4109;8006100;8006100%2021-12-16T05:28:00.000Z%,8001720,8003257,8003515,8002655,8001200,8000176,8005649,8005241,8000323,8000175,8005247,8000075,8003992,8004004,8005245,8003402,8000134,8005476,8000379,8001267,8001340,8003179,8003350,8000206,;602
2021-12-16T05:43:00.000Z;Vogelweh;RB;RB 70;70;12507;8006100;8006100%2021-12-16T05:43:00.000Z%,8003232,8000189,;426
2021-12-16T05:58:00.000Z;Vogelweh;RB;RB 67;67;12855;8006100;8006100%2021-12-16T05:58:00.000Z%,8000189,8002875,8000372,8087062,8006483,8003070,8005111,8000505,8002879,8000517,8000726,8000021,;426
2021-12-16T06:10:00.000Z;Vogelweh;RB;RB 70;70;12510;8006100;8006100%2021-12-16T06:10:00.000Z%,8001720,8003257,8003515,8002655,8001200,8000176,8003684,8003294,8000319,8005649,8005332,8005241,8000323,8005243,8001302,8003796,8000175,8001110,8001799,8005247,8000075,8000840,8002083,8003992,;426
2021-12-16T06:39:00.000Z;Vogelweh;RB;RB 67;67;12857;8006100;8006100%2021-12-16T06:39:00.000Z%,8003232,8000189,;426
2021-12-16T11:11:00.000Z;Vogelweh;RB;RB 67;67;12864;8006100;8006100%2021-12-16T11:11:00.000Z%,8001720,8003515,8004938,8007482,8005715,8004557,8004396,8002286,8004993,8001727,8005857,8000491,8004929,8003481,;426
2021-12-16T12:11:00.000Z;Vogelweh;RB;RB 67;67;12868;8006100;8006100%2021-12-16T12:11:00.000Z%,8001720,8003515,8004938,8007482,8005715,8004557,8004396,8002286,8004993,8001727,8005857,8000491,8004929,8003481,;426
2021-12-16T12:41:00.000Z;Vogelweh;RB;RB 67;67;12896;8006100;8006100%2021-12-16T12:41:00.000Z%,8001720,8003257,8003515,8004938,8007482,8005715,8004557,8004396,8002286,8004993,8001727,8005857,8000491,8004929,8003481,;426
2021-12-16T15:07:00.000Z;Vogelweh;RB;RB 70;70;12536;8006100;8006100%2021-12-16T15:07:00.000Z%,8003257,8003515,8002655,8001200,8000176,8003684,8003294,8005649,8005044,8005332,8005241,8000323,8005243,8001302,8003796,8000175,8001110,8001799,8005247,8000075,8000840,8002083,8003992,;426
2021-12-16T15:11:00.000Z;Vogelweh;RB;RB 67;67;12876;8006100;8006100%2021-12-16T15:11:00.000Z%,8001720,8003515,8004938,8007482,8005715,8004557,8004396,8002286,8004993,8001727,8005857,8000491,8004929,8003481,;426
2021-12-15T20:23:00.000Z;Volkringhausen;RB;RB 54;54;14872;8006109;8006109%2021-12-15T20:23:00.000Z%0,8000978,8003638,8003965,8003967,8001066,8000113,8000597,8002130,8000171,;426
2021-12-16T04:13:00.000Z;Volkringhausen;RB;RB 54;54;14801;8006109;8006109%2021-12-16T04:13:00.000Z%,8005289,8000793,8002180,8003470,8004273,;426
2021-12-16T04:45:00.000Z;Volkringhausen;RB;RB 54;54;14802;8006109;8006109%2021-12-16T04:45:00.000Z%,8000978,8003638,8003965,8003967,8001066,8000113,8000597,8002130,8000171,;426
2021-12-16T05:23:00.000Z;Volkringhausen;RB;RB 54;54;14804;8006109;8006109%2021-12-16T05:23:00.000Z%,8000978,8003638,8003965,8003967,8001066,8000113,;426
2021-12-16T05:31:00.000Z;Volkringhausen;RB;RB 54;54;14805;8006109;8006109%2021-12-16T05:31:00.000Z%,8005289,8000793,8002180,8003470,8004273,;426
2021-12-16T06:20:00.000Z;Volkringhausen;RB;RB 54;54;14810;8006109;8006109%2021-12-16T06:20:00.000Z%,8000978,8003638,8003965,8003967,8001066,8000113,;426
2021-12-16T06:56:00.000Z;Volkringhausen;RB;RB 54;54;14811;8006109;8006109%2021-12-16T06:56:00.000Z%,8005289,8000793,;426
2021-12-16T07:23:00.000Z;Volkringhausen;RB;RB 54;54;14816;8006109;8006109%2021-12-16T07:23:00.000Z%,8000978,8003638,8003965,8003967,8001066,8000113,;426
2021-12-16T07:31:00.000Z;Volkringhausen;RB;RB 54;54;14815;8006109;8006109%2021-12-16T07:31:00.000Z%,8005289,8000793,8002180,8003470,8004273,;426
2021-12-16T08:23:00.000Z;Volkringhausen;RB;RB 54;54;14822;8006109;8006109%2021-12-16T08:23:00.000Z%,8000978,8003638,8003965,8003967,8001066,8000113,;426
2021-12-16T08:31:00.000Z;Volkringhausen;RB;RB 54;54;14819;8006109;8006109%2021-12-16T08:31:00.000Z%,8005289,8000793,8002180,8003470,8004273,;426
2021-12-16T09:23:00.000Z;Volkringhausen;RB;RB 54;54;14826;8006109;8006109%2021-12-16T09:23:00.000Z%,8000978,8003638,8003965,8003967,8001066,8000113,;426
2021-12-16T09:31:00.000Z;Volkringhausen;RB;RB 54;54;14823;8006109;8006109%2021-12-16T09:31:00.000Z%,8005289,8000793,8002180,8003470,8004273,;426
2021-12-16T10:23:00.000Z;Volkringhausen;RB;RB 54;54;14830;8006109;8006109%2021-12-16T10:23:00.000Z%,8000978,8003638,8003965,8003967,8001066,8000113,;426
2021-12-16T10:31:00.000Z;Volkringhausen;RB;RB 54;54;14827;8006109;8006109%2021-12-16T10:31:00.000Z%,8005289,8000793,8002180,8003470,8004273,;426
2021-12-16T11:23:00.000Z;Volkringhausen;RB;RB 54;54;14834;8006109;8006109%2021-12-16T11:23:00.000Z%,8000978,8003638,8003965,8003967,8001066,8000113,;426
2021-12-16T11:31:00.000Z;Volkringhausen;RB;RB 54;54;14831;8006109;8006109%2021-12-16T11:31:00.000Z%,8005289,8000793,8002180,8003470,8004273,;426
2021-12-16T12:32:00.000Z;Volkringhausen;RB;RB 54;54;14840;8006109;8006109%2021-12-16T12:32:00.000Z%,8000978,8003638,8003965,8003967,8001066,8000113,;426
2021-12-16T12:40:00.000Z;Volkringhausen;RB;RB 54;54;14837;8006109;8006109%2021-12-16T12:40:00.000Z%,8005289,8000793,8002180,8003470,8004273,;426
2021-12-16T13:23:00.000Z;Volkringhausen;RB;RB 54;54;14844;8006109;8006109%2021-12-16T13:23:00.000Z%,8000978,8003638,8003965,8003967,8001066,8000113,;426
2021-12-16T13:31:00.000Z;Volkringhausen;RB;RB 54;54;14841;8006109;8006109%2021-12-16T13:31:00.000Z%,8005289,8000793,8002180,8003470,8004273,;426
2021-12-16T14:23:00.000Z;Volkringhausen;RB;RB 54;54;14848;8006109;8006109%2021-12-16T14:23:00.000Z%,8000978,8003638,8003965,8003967,8001066,8000113,;426
2021-12-16T14:31:00.000Z;Volkringhausen;RB;RB 54;54;14845;8006109;8006109%2021-12-16T14:31:00.000Z%,8005289,8000793,8002180,8003470,8004273,;426
2021-12-16T15:23:00.000Z;Volkringhausen;RB;RB 54;54;14852;8006109;8006109%2021-12-16T15:23:00.000Z%,8000978,8003638,8003965,8003967,8001066,8000113,;426
2021-12-16T15:31:00.000Z;Volkringhausen;RB;RB 54;54;14849;8006109;8006109%2021-12-16T15:31:00.000Z%,8005289,8000793,8002180,8003470,8004273,;426
2021-12-16T16:23:00.000Z;Volkringhausen;RB;RB 54;54;14856;8006109;8006109%2021-12-16T16:23:00.000Z%,8000978,8003638,8003965,8003967,8001066,8000113,;426
2021-12-16T16:31:00.000Z;Volkringhausen;RB;RB 54;54;14853;8006109;8006109%2021-12-16T16:31:00.000Z%,8005289,8000793,8002180,8003470,8004273,;426
2021-12-16T17:23:00.000Z;Volkringhausen;RB;RB 54;54;14860;8006109;8006109%2021-12-16T17:23:00.000Z%,8000978,8003638,8003965,8003967,8001066,8000113,;426
2021-12-16T17:31:00.000Z;Volkringhausen;RB;RB 54;54;14857;8006109;8006109%2021-12-16T17:31:00.000Z%,8005289,8000793,8002180,8003470,8004273,;426
2021-12-16T18:23:00.000Z;Volkringhausen;RB;RB 54;54;14864;8006109;8006109%2021-12-16T18:23:00.000Z%,8000978,8003638,8003965,8003967,8001066,8000113,;426
2021-12-16T18:31:00.000Z;Volkringhausen;RB;RB 54;54;14861;8006109;8006109%2021-12-16T18:31:00.000Z%,8005289,8000793,8002180,8003470,8004273,;426
2021-12-16T19:23:00.000Z;Volkringhausen;RB;RB 54;54;14868;8006109;8006109%2021-12-16T19:23:00.000Z%,8000978,8003638,8003965,8003967,8001066,8000113,;426
2021-12-16T19:31:00.000Z;Volkringhausen;RB;RB 54;54;14865;8006109;8006109%2021-12-16T19:31:00.000Z%,8005289,8000793,8002180,8003470,8004273,;426
2021-12-15T20:25:00.000Z;Volpriehausen;RB;RB 81;81;14176;8006112;8006112%2021-12-15T20:26:00.000Z%1,8006041,8001050,;426
2021-12-15T21:30:00.000Z;Volpriehausen;RB;RB 81;81;14179;8006112;8006112%2021-12-15T21:30:00.000Z%,8002594,8000283,;426
2021-12-16T05:13:00.000Z;Volpriehausen;RB;RB 81;81;14151;8006112;8006112%2021-12-16T05:13:00.000Z%,8002594,8000283,;426
2021-12-16T05:53:00.000Z;Volpriehausen;RB;RB 81;81;14153;8006112;8006112%2021-12-16T05:53:00.000Z%,8002594,8000283,;426
2021-12-16T06:08:00.000Z;Volpriehausen;RB;RB 81;81;14150;8006112;8006112%2021-12-16T06:08:00.000Z%,8006041,8001050,;426
2021-12-16T06:41:00.000Z;Volpriehausen;RB;RB 81;81;14155;8006112;8006112%2021-12-16T06:41:00.000Z%,8002594,8000283,;426
2021-12-16T06:55:00.000Z;Volpriehausen;RB;RB 81;81;14154;8006112;8006112%2021-12-16T06:55:00.000Z%,8006041,8001050,;426
2021-12-16T07:30:00.000Z;Volpriehausen;RB;RB 81;81;14157;8006112;8006112%2021-12-16T07:30:00.000Z%,8002594,8000283,8003209,8006592,8002641,8000166,8005324,8000739,8006172,8011480,8013333,8012494,8012516,8010256,;426
2021-12-16T08:25:00.000Z;Volpriehausen;RB;RB 81;81;14156;8006112;8006112%2021-12-16T08:25:00.000Z%,8006041,8001050,;426
2021-12-16T09:30:00.000Z;Volpriehausen;RB;RB 81;81;14159;8006112;8006112%2021-12-16T09:30:00.000Z%,8002594,8000283,8003209,8006592,8002641,8000166,8005324,8000739,8006172,8011480,8013333,8012494,8012516,8010256,;426
2021-12-16T10:25:00.000Z;Volpriehausen;RB;RB 81;81;14158;8006112;8006112%2021-12-16T10:25:00.000Z%,8006041,8001050,;426
2021-12-16T11:40:00.000Z;Volpriehausen;RB;RB 81;81;14160;8006112;8006112%2021-12-16T11:40:00.000Z%,8006041,8001050,;426
2021-12-16T11:53:00.000Z;Volpriehausen;RB;RB 81;81;14163;8006112;8006112%2021-12-16T11:53:00.000Z%,8002594,8000283,;426
2021-12-16T12:28:00.000Z;Volpriehausen;RB;RB 81;81;14165;8006112;8006112%2021-12-16T12:28:00.000Z%,8002594,8000283,;426
2021-12-16T12:42:00.000Z;Volpriehausen;RB;RB 81;81;14164;8006112;8006112%2021-12-16T12:42:00.000Z%,8006041,8001050,;426
2021-12-16T13:30:00.000Z;Volpriehausen;RB;RB 81;81;14167;8006112;8006112%2021-12-16T13:30:00.000Z%,8002594,8000283,8003209,8006592,8002641,8000166,8005324,8000739,8006172,8011480,8013333,8012494,8012516,8010256,;426
2021-12-16T14:25:00.000Z;Volpriehausen;RB;RB 81;81;14166;8006112;8006112%2021-12-16T14:25:00.000Z%,8006041,8001050,;426
2021-12-16T15:17:00.000Z;Volpriehausen;RB;RB 81;81;14169;8006112;8006112%2021-12-16T15:17:00.000Z%,8002594,8000283,8003209,8006592,8002641,8000166,8005324,8000739,8006172,8011480,8013333,8012494,8012516,8010256,;426
2021-12-16T15:30:00.000Z;Volpriehausen;RB;RB 81;81;14168;8006112;8006112%2021-12-16T15:30:00.000Z%,8006041,8001050,;426
2021-12-16T16:17:00.000Z;Volpriehausen;RB;RB 81;81;14171;8006112;8006112%2021-12-16T16:17:00.000Z%,8002594,8000283,;426
2021-12-16T16:30:00.000Z;Volpriehausen;RB;RB 81;81;14170;8006112;8006112%2021-12-16T16:30:00.000Z%,8006041,8001050,;426
2021-12-16T17:17:00.000Z;Volpriehausen;RB;RB 81;81;14173;8006112;8006112%2021-12-16T17:17:00.000Z%,8002594,8000283,8003209,8006592,8002641,8000166,8005324,8000739,8006172,8011480,8013333,8012494,8012516,8010256,;426
2021-12-16T17:30:00.000Z;Volpriehausen;RB;RB 81;81;14172;8006112;8006112%2021-12-16T17:30:00.000Z%,8006041,8001050,;426
2021-12-16T18:17:00.000Z;Volpriehausen;RB;RB 81;81;14175;8006112;8006112%2021-12-16T18:17:00.000Z%,8002594,8000283,;426
2021-12-16T18:30:00.000Z;Volpriehausen;RB;RB 81;81;14174;8006112;8006112%2021-12-16T18:30:00.000Z%,8006041,8001050,;426
2021-12-16T19:30:00.000Z;Volpriehausen;RB;RB 81;81;14177;8006112;8006112%2021-12-16T19:30:00.000Z%,8002594,8000283,8003209,8006592,8002641,8000166,8005324,8000739,8006172,8011480,8013333,8012494,8012516,8010256,;426
2021-12-15T20:43:00.000Z;Wackershofen;RB;RB 83;83;23435;8006135;8006135%2021-12-15T20:43:00.000Z%,8005449,8000330,;426
2021-12-15T21:14:00.000Z;Wackershofen;RB;RB 83;83;23438;8006135;8006135%2021-12-15T21:14:00.000Z%,8006154,8004276,8004623,;426
2021-12-15T21:46:00.000Z;Wackershofen;RE;RE 80;80;23415;8006135;8006135%2021-12-15T21:46:00.000Z%,8005449,8000330,8001651,8000067,;602
2021-12-15T22:13:00.000Z;Wackershofen;RB;RB 83;83;23440;8006135;8006135%2021-12-15T22:13:00.000Z%,8006154,8004276,8004623,;426
2021-12-15T23:16:00.000Z;Wackershofen;RB;RB 83;83;23437;8006135;8006135%2021-12-15T23:16:00.000Z%,8005449,8000330,;426
2021-12-16T00:16:00.000Z;Wackershofen;RB;RB 83;83;23439;8006135;8006135%2021-12-16T00:16:00.000Z%,8005449,8000330,8001651,8000067,;426
2021-12-16T04:28:00.000Z;Wackershofen;RB;RB 83;83;23418;8006135;8006135%2021-12-16T04:28:00.000Z%,8006154,8004276,8004623,;426
2021-12-16T04:51:00.000Z;Wackershofen;RE;RE 80;80;23420;8006135;8006135%2021-12-16T04:51:00.000Z%,8006154,8004276,8004623,8006456,8006289,8000157,;602
2021-12-16T05:22:00.000Z;Wackershofen;RB;RB 83;83;23416;8006135;8006135%2021-12-16T05:22:00.000Z%,8006154,8004276,8004623,;426
2021-12-16T05:36:00.000Z;Wackershofen;RB;RB 83;83;23417;8006135;8006135%2021-12-16T05:36:00.000Z%,8005449,8000330,;426
2021-12-16T06:06:00.000Z;Wackershofen;RB;RB 83;83;23414;8006135;8006135%2021-12-16T06:06:00.000Z%,8006154,8004276,8004623,8006456,8006289,8000157,;426
2021-12-16T06:44:00.000Z;Wackershofen;RB;RB 83;83;23421;8006135;8006135%2021-12-16T06:44:00.000Z%,8005449,8000330,;426
2021-12-16T07:14:00.000Z;Wackershofen;RB;RB 83;83;23424;8006135;8006135%2021-12-16T07:14:00.000Z%,8006154,8004276,8004623,8006289,8000157,;426
2021-12-16T07:46:00.000Z;Wackershofen;RE;RE 80;80;23401;8006135;8006135%2021-12-16T07:46:00.000Z%,8005449,8000330,8001651,8000067,;602
2021-12-16T08:12:00.000Z;Wackershofen;RE;RE 80;80;23400;8006135;8006135%2021-12-16T08:12:00.000Z%,8006154,8004276,8004623,8006456,8006289,8000157,;602
2021-12-16T08:44:00.000Z;Wackershofen;RB;RB 83;83;23423;8006135;8006135%2021-12-16T08:44:00.000Z%,8005449,8000330,;426
2021-12-16T09:14:00.000Z;Wackershofen;RB;RB 83;83;23426;8006135;8006135%2021-12-16T09:14:00.000Z%,8006154,8004276,8004623,8006289,8000157,;426
2021-12-16T09:46:00.000Z;Wackershofen;RE;RE 80;80;23403;8006135;8006135%2021-12-16T09:46:00.000Z%,8005449,8000330,8001651,8000067,;602
2021-12-16T10:12:00.000Z;Wackershofen;RE;RE 80;80;23402;8006135;8006135%2021-12-16T10:12:00.000Z%,8006154,8004276,8004623,8006456,8006289,8000157,;602
2021-12-16T10:44:00.000Z;Wackershofen;RB;RB 83;83;23425;8006135;8006135%2021-12-16T10:44:00.000Z%,8005449,8000330,;426
2021-12-16T11:14:00.000Z;Wackershofen;RB;RB 83;83;23428;8006135;8006135%2021-12-16T11:14:00.000Z%,8006154,8004276,8004623,8006289,8000157,;426
2021-12-16T11:46:00.000Z;Wackershofen;RE;RE 80;80;23405;8006135;8006135%2021-12-16T11:46:00.000Z%,8005449,8000330,8001651,8000067,;602
2021-12-16T12:12:00.000Z;Wackershofen;RE;RE 80;80;23404;8006135;8006135%2021-12-16T12:12:00.000Z%,8006154,8004276,8004623,8006456,8006289,8000157,;602
2021-12-16T12:44:00.000Z;Wackershofen;RB;RB 83;83;23427;8006135;8006135%2021-12-16T12:44:00.000Z%,8005449,8000330,;426
2021-12-16T13:14:00.000Z;Wackershofen;RB;RB 83;83;23430;8006135;8006135%2021-12-16T13:14:00.000Z%,8006154,8004276,8004623,8006289,8000157,;426
2021-12-16T13:46:00.000Z;Wackershofen;RE;RE 80;80;23407;8006135;8006135%2021-12-16T13:46:00.000Z%,8005449,8000330,8001651,8000067,;602
2021-12-16T14:12:00.000Z;Wackershofen;RE;RE 80;80;23406;8006135;8006135%2021-12-16T14:12:00.000Z%,8006154,8004276,8004623,8006456,8006289,8000157,;602
2021-12-16T14:44:00.000Z;Wackershofen;RB;RB 83;83;23429;8006135;8006135%2021-12-16T14:44:00.000Z%,8005449,8000330,;426
2021-12-16T15:14:00.000Z;Wackershofen;RB;RB 83;83;23432;8006135;8006135%2021-12-16T15:14:00.000Z%,8006154,8004276,8004623,8006289,8000157,;426
2021-12-16T15:46:00.000Z;Wackershofen;RE;RE 80;80;23409;8006135;8006135%2021-12-16T15:46:00.000Z%,8005449,8000330,8001651,8000067,;602
2021-12-16T16:12:00.000Z;Wackershofen;RE;RE 80;80;23408;8006135;8006135%2021-12-16T16:12:00.000Z%,8006154,8004276,8004623,8006456,8006289,8000157,;602
2021-12-16T16:44:00.000Z;Wackershofen;RB;RB 83;83;23431;8006135;8006135%2021-12-16T16:44:00.000Z%,8005449,8000330,;426
2021-12-16T17:14:00.000Z;Wackershofen;RB;RB 83;83;23434;8006135;8006135%2021-12-16T17:14:00.000Z%,8006154,8004276,8004623,8006289,8000157,;426
2021-12-16T17:46:00.000Z;Wackershofen;RE;RE 80;80;23411;8006135;8006135%2021-12-16T17:46:00.000Z%,8005449,8000330,8001651,8000067,;602
2021-12-16T18:12:00.000Z;Wackershofen;RE;RE 80;80;23410;8006135;8006135%2021-12-16T18:12:00.000Z%,8006154,8004276,8004623,8006456,8006289,8000157,;602
2021-12-16T18:44:00.000Z;Wackershofen;RB;RB 83;83;23433;8006135;8006135%2021-12-16T18:44:00.000Z%,8005449,8000330,;426
2021-12-16T19:14:00.000Z;Wackershofen;RB;RB 83;83;23436;8006135;8006135%2021-12-16T19:14:00.000Z%,8006154,8004276,8004623,;426
2021-12-16T19:46:00.000Z;Wackershofen;RE;RE 80;80;23413;8006135;8006135%2021-12-16T19:46:00.000Z%,8005449,8000330,8001651,8000067,;602
2021-12-16T20:12:00.000Z;Wackershofen;RE;RE 80;80;23412;8006135;8006135%2021-12-16T20:12:00.000Z%,8006154,8004276,8004623,8006456,8006289,8000157,;602
2021-12-15T20:26:00.000Z;Waigolshausen;RB;RB 53;53;58268;8006147;8006147%2021-12-15T20:30:00.000Z%4,8001919,8000902,8005523,8005198,8000260,;426
2021-12-15T20:31:00.000Z;Waigolshausen;RB;RB 53;53;58075;8006147;8006147%2021-12-15T20:32:00.000Z%1,8000032,8005479,8005481,8005400,8002630,8006635,8001619,8004533,8000025,;426
2021-12-15T21:27:00.000Z;Waigolshausen;RE;RE 55;55;58404;8006147;8006147%2021-12-15T21:28:00.000Z%1,8001919,8000902,8005523,8005198,8000260,;602
2021-12-15T22:33:00.000Z;Waigolshausen;RB;RB 53;53;58279;8006147;8006147%2021-12-15T22:33:00.000Z%,8000032,8005479,8005481,8005400,8002630,8006635,8001619,8004533,8000025,;426
2021-12-15T22:51:00.000Z;Waigolshausen;RB;RB 53;53;58272;8006147;8006147%2021-12-15T22:51:00.000Z%,8001919,8000902,8005523,8005198,8000260,;426
2021-12-16T00:00:00.000Z;Waigolshausen;RB;RB 53;53;58281;8006147;8006147%2021-12-16T00:00:00.000Z%,8000032,8005479,8005481,;426
2021-12-16T03:21:00.000Z;Waigolshausen;RB;RB 53;53;58250;8006147;8006147%2021-12-16T03:21:00.000Z%,8001919,8000902,8005523,8005198,8000260,;426
2021-12-16T04:17:00.000Z;Waigolshausen;RB;RB 53;53;58251;8006147;8006147%2021-12-16T04:17:00.000Z%,8000032,8005479,8005481,8005400,8002630,8006635,8001619,8004533,8000025,;426
2021-12-16T04:17:00.000Z;Waigolshausen;RB;RB 53;53;58252;8006147;8006147%2021-12-16T04:17:00.000Z%,8001919,8000902,8005523,8005198,8000260,;426
2021-12-16T04:50:00.000Z;Waigolshausen;RB;RB 53;53;58256;8006147;8006147%2021-12-16T04:50:00.000Z%,8001919,8000902,8005523,8005198,8000260,;426
2021-12-16T05:18:00.000Z;Waigolshausen;RB;RB 53;53;58258;8006147;8006147%2021-12-16T05:18:00.000Z%,8001919,8000902,8005523,8005198,8000260,;426
2021-12-16T05:27:00.000Z;Waigolshausen;RB;RB 53;53;58253;8006147;8006147%2021-12-16T05:27:00.000Z%,8000032,8005479,8005481,8005400,8002630,8006635,8001619,8004533,8000025,;426
2021-12-16T05:46:00.000Z;Waigolshausen;RB;RB 53;53;58255;8006147;8006147%2021-12-16T05:46:00.000Z%,8000032,8005479,8005481,8005400,8002630,8006635,8001619,8004533,8000025,;426
2021-12-16T05:49:00.000Z;Waigolshausen;RB;RB 53;53;58260;8006147;8006147%2021-12-16T05:49:00.000Z%,8001919,8000902,8005523,8005198,8000260,;426
2021-12-16T06:31:00.000Z;Waigolshausen;RB;RB 53;53;58012;8006147;8006147%2021-12-16T06:31:00.000Z%,8001919,8000902,8005523,8005198,8000260,8006586,8006065,8005864,8005049,8002845,8003189,8006349,8000120,8005092,8001293,8004040,8004583,8003129,;426
2021-12-16T06:31:00.000Z;Waigolshausen;RB;RB 53;53;58257;8006147;8006147%2021-12-16T06:31:00.000Z%,8000032,8005479,8005481,8005400,8002630,8006635,8001619,8004533,8000025,;426
2021-12-16T06:48:00.000Z;Waigolshausen;RB;RB 53;53;58262;8006147;8006147%2021-12-16T06:48:00.000Z%,8001919,8000902,8005523,8005198,8000260,;426
2021-12-16T07:26:00.000Z;Waigolshausen;RB;RB 53;53;58016;8006147;8006147%2021-12-16T07:26:00.000Z%,8001919,8000902,8005523,8005198,8000260,8006586,8006065,8005864,8005049,8002845,8003189,8006349,8000120,8005092,8001293,8004040,8004583,8003129,8005720,8000891,;426
2021-12-16T07:31:00.000Z;Waigolshausen;RB;RB 53;53;58259;8006147;8006147%2021-12-16T07:31:00.000Z%,8000032,8005479,8005481,8005400,8002630,8006635,8001619,8004533,8000025,;426
2021-12-16T08:26:00.000Z;Waigolshausen;RB;RB 53;53;58020;8006147;8006147%2021-12-16T08:26:00.000Z%,8001919,8000902,8005523,8005198,8000260,8006586,8006065,8005864,8005049,8002845,8003189,8006349,8000120,8005092,8001293,8004040,8004583,8003129,;426
2021-12-16T08:30:00.000Z;Waigolshausen;RB;RB 53;53;58019;8006147;8006147%2021-12-16T08:30:00.000Z%,8000032,8005479,8005481,8005400,8002630,8006635,8001619,8004533,8000025,;426
2021-12-16T09:26:00.000Z;Waigolshausen;RB;RB 53;53;58024;8006147;8006147%2021-12-16T09:26:00.000Z%,8001919,8000902,8005523,8005198,8000260,8006586,8006065,8005864,8005049,8002845,8003189,8006349,8000120,8005092,8001293,8004040,8004583,8003129,8005720,8000891,;426
2021-12-16T09:31:00.000Z;Waigolshausen;RB;RB 53;53;58025;8006147;8006147%2021-12-16T09:31:00.000Z%,8000032,8005479,8005481,8005400,8002630,8006635,8001619,8004533,8000025,;426
2021-12-16T10:26:00.000Z;Waigolshausen;RB;RB 53;53;58030;8006147;8006147%2021-12-16T10:26:00.000Z%,8001919,8000902,8005523,8005198,8000260,8006586,8006065,8005864,8005049,8002845,8003189,8006349,8000120,8005092,8001293,8004040,8004583,8003129,;426
2021-12-16T10:31:00.000Z;Waigolshausen;RB;RB 53;53;58027;8006147;8006147%2021-12-16T10:31:00.000Z%,8000032,8005479,8005481,8005400,8002630,8006635,8001619,8004533,8000025,;426
2021-12-16T11:26:00.000Z;Waigolshausen;RB;RB 53;53;58032;8006147;8006147%2021-12-16T11:26:00.000Z%,8001919,8000902,8005523,8005198,8000260,8006586,8006065,8005864,8005049,8002845,8003189,8006349,8000120,8005092,8001293,8004040,8004583,8003129,8005720,8000891,;426
2021-12-16T11:31:00.000Z;Waigolshausen;RB;RB 53;53;58035;8006147;8006147%2021-12-16T11:31:00.000Z%,8000032,8005479,8005481,8005400,8002630,8006635,8001619,8004533,8000025,;426
2021-12-16T12:26:00.000Z;Waigolshausen;RB;RB 53;53;58036;8006147;8006147%2021-12-16T12:26:00.000Z%,8001919,8000902,8005523,8005198,8000260,8006586,8006065,8005864,8005049,8002845,8003189,8006349,8000120,8005092,8001293,8004040,8004583,8003129,;426
2021-12-16T12:46:00.000Z;Waigolshausen;RB;RB 53;53;58265;8006147;8006147%2021-12-16T12:46:00.000Z%,8000032,8005479,8005481,8005400,8002630,8006635,8001619,8004533,8000025,;426
2021-12-16T13:26:00.000Z;Waigolshausen;RB;RB 53;53;58044;8006147;8006147%2021-12-16T13:26:00.000Z%,8001919,8000902,8005523,8005198,8000260,8006586,8006065,8005864,8005049,8002845,8003189,8006349,8000120,8005092,8001293,8004040,8004583,8003129,8005720,8000891,;426
2021-12-16T13:31:00.000Z;Waigolshausen;RB;RB 53;53;58043;8006147;8006147%2021-12-16T13:31:00.000Z%,8000032,8005479,8005481,8005400,8002630,8006635,8001619,8004533,8000025,;426
2021-12-16T14:26:00.000Z;Waigolshausen;RB;RB 53;53;58048;8006147;8006147%2021-12-16T14:26:00.000Z%,8001919,8000902,8005523,8005198,8000260,8006586,8006065,8005864,8005049,8002845,8003189,8006349,8000120,8005092,8001293,8004040,8004583,8003129,8005720,8000891,;426
2021-12-16T14:31:00.000Z;Waigolshausen;RB;RB 53;53;58049;8006147;8006147%2021-12-16T14:31:00.000Z%,8000032,8005479,8005481,8005400,8002630,8006635,8001619,8004533,8000025,;426
2021-12-16T15:11:00.000Z;Waigolshausen;RB;RB 53;53;58267;8006147;8006147%2021-12-16T15:11:00.000Z%,8000032,8005479,8005481,8005400,8002630,8006635,8001619,8004533,8000025,;426
2021-12-16T15:26:00.000Z;Waigolshausen;RB;RB 53;53;58054;8006147;8006147%2021-12-16T15:26:00.000Z%,8001919,8000902,8005523,8005198,8000260,8006586,8006065,8005864,8005049,8002845,8003189,8006349,8000120,8005092,8001293,8004040,8004583,8003129,8005720,8000891,;426
2021-12-16T15:31:00.000Z;Waigolshausen;RB;RB 53;53;58053;8006147;8006147%2021-12-16T15:31:00.000Z%,8000032,8005479,8005481,8005400,8002630,8006635,8001619,8004533,8000025,;426
2021-12-16T16:11:00.000Z;Waigolshausen;RB;RB 53;53;58269;8006147;8006147%2021-12-16T16:11:00.000Z%,8000032,8005479,8005481,8005400,8002630,8006635,8001619,8004533,8000025,;426
2021-12-16T16:26:00.000Z;Waigolshausen;RB;RB 53;53;58060;8006147;8006147%2021-12-16T16:26:00.000Z%,8001919,8000902,8005523,8005198,8000260,8006586,8006065,8005864,8005049,8002845,8003189,8006349,8000120,8005092,8001293,8004040,8004583,8003129,8005720,8000891,;426
2021-12-16T16:31:00.000Z;Waigolshausen;RB;RB 53;53;58057;8006147;8006147%2021-12-16T16:31:00.000Z%,8000032,8005479,8005481,8005400,8002630,8006635,8001619,8004533,8000025,;426
2021-12-16T17:11:00.000Z;Waigolshausen;RB;RB 53;53;58273;8006147;8006147%2021-12-16T17:11:00.000Z%,8000032,8005479,8005481,;426
2021-12-16T17:26:00.000Z;Waigolshausen;RB;RB 53;53;58068;8006147;8006147%2021-12-16T17:26:00.000Z%,8001919,8000902,8005523,8005198,8000260,8006586,8006065,8005864,8005049,8002845,8003189,8006349,8000120,8005092,8001293,8004040,8004583,8003129,8005720,8000891,;426
2021-12-16T17:31:00.000Z;Waigolshausen;RB;RB 53;53;58061;8006147;8006147%2021-12-16T17:31:00.000Z%,8000032,8005479,8005481,8005400,8002630,8006635,8001619,8004533,8000025,;426
2021-12-16T18:26:00.000Z;Waigolshausen;RB;RB 53;53;58264;8006147;8006147%2021-12-16T18:26:00.000Z%,8001919,8000902,8005523,8005198,8000260,;426
2021-12-16T18:31:00.000Z;Waigolshausen;RB;RB 53;53;58067;8006147;8006147%2021-12-16T18:31:00.000Z%,8000032,8005479,8005481,8005400,8002630,8006635,8001619,8004533,8000025,;426
2021-12-16T19:26:00.000Z;Waigolshausen;RB;RB 53;53;58266;8006147;8006147%2021-12-16T19:26:00.000Z%,8001919,8000902,8005523,8005198,8000260,;426
2021-12-16T19:31:00.000Z;Waigolshausen;RB;RB 53;53;58071;8006147;8006147%2021-12-16T19:31:00.000Z%,8000032,8005479,8005481,8005400,8002630,8006635,8001619,8004533,8000025,;426
2021-12-15T20:19:00.000Z;Waldenburg(Württ);RE;RE 80;80;23412;8006154;8006154%2021-12-15T20:20:00.000Z%1,8004276,8004623,8006456,8006289,8000157,;602
2021-12-15T20:36:00.000Z;Waldenburg(Württ);RB;RB 83;83;23435;8006154;8006154%2021-12-15T20:36:00.000Z%,8006135,8005449,8000330,;426
2021-12-15T21:21:00.000Z;Waldenburg(Württ);RB;RB 83;83;23438;8006154;8006154%2021-12-15T21:21:00.000Z%,8004276,8004623,;426
2021-12-15T21:39:00.000Z;Waldenburg(Württ);RE;RE 80;80;23415;8006154;8006154%2021-12-15T21:39:00.000Z%,8006135,8005449,8000330,8001651,8000067,;602
2021-12-15T22:20:00.000Z;Waldenburg(Württ);RB;RB 83;83;23440;8006154;8006154%2021-12-15T22:20:00.000Z%,8004276,8004623,;426
2021-12-15T23:09:00.000Z;Waldenburg(Württ);RB;RB 83;83;23437;8006154;8006154%2021-12-15T23:09:00.000Z%,8006135,8005449,8000330,;426
2021-12-16T00:09:00.000Z;Waldenburg(Württ);RB;RB 83;83;23439;8006154;8006154%2021-12-16T00:09:00.000Z%,8006135,8005449,8000330,8001651,8000067,;426
2021-12-16T04:35:00.000Z;Waldenburg(Württ);RB;RB 83;83;23418;8006154;8006154%2021-12-16T04:35:00.000Z%,8004276,8004623,;426
2021-12-16T04:58:00.000Z;Waldenburg(Württ);RE;RE 80;80;23420;8006154;8006154%2021-12-16T04:58:00.000Z%,8004276,8004623,8006456,8006289,8000157,;602
2021-12-16T05:29:00.000Z;Waldenburg(Württ);RB;RB 83;83;23416;8006154;8006154%2021-12-16T05:29:00.000Z%,8004276,8004623,;426
2021-12-16T05:29:00.000Z;Waldenburg(Württ);RB;RB 83;83;23417;8006154;8006154%2021-12-16T05:29:00.000Z%,8006135,8005449,8000330,;426
2021-12-16T06:19:00.000Z;Waldenburg(Württ);RB;RB 83;83;23414;8006154;8006154%2021-12-16T06:19:00.000Z%,8004276,8004623,8006456,8006289,8000157,;426
2021-12-16T06:37:00.000Z;Waldenburg(Württ);RB;RB 83;83;23421;8006154;8006154%2021-12-16T06:37:00.000Z%,8006135,8005449,8000330,;426
2021-12-16T07:21:00.000Z;Waldenburg(Württ);RB;RB 83;83;23424;8006154;8006154%2021-12-16T07:21:00.000Z%,8004276,8004623,8006289,8000157,;426
2021-12-16T07:39:00.000Z;Waldenburg(Württ);RE;RE 80;80;23401;8006154;8006154%2021-12-16T07:39:00.000Z%,8006135,8005449,8000330,8001651,8000067,;602
2021-12-16T08:19:00.000Z;Waldenburg(Württ);RE;RE 80;80;23400;8006154;8006154%2021-12-16T08:19:00.000Z%,8004276,8004623,8006456,8006289,8000157,;602
2021-12-16T08:37:00.000Z;Waldenburg(Württ);RB;RB 83;83;23423;8006154;8006154%2021-12-16T08:37:00.000Z%,8006135,8005449,8000330,;426
2021-12-16T09:21:00.000Z;Waldenburg(Württ);RB;RB 83;83;23426;8006154;8006154%2021-12-16T09:21:00.000Z%,8004276,8004623,8006289,8000157,;426
2021-12-16T09:39:00.000Z;Waldenburg(Württ);RE;RE 80;80;23403;8006154;8006154%2021-12-16T09:39:00.000Z%,8006135,8005449,8000330,8001651,8000067,;602
2021-12-16T10:19:00.000Z;Waldenburg(Württ);RE;RE 80;80;23402;8006154;8006154%2021-12-16T10:19:00.000Z%,8004276,8004623,8006456,8006289,8000157,;602
2021-12-16T10:37:00.000Z;Waldenburg(Württ);RB;RB 83;83;23425;8006154;8006154%2021-12-16T10:37:00.000Z%,8006135,8005449,8000330,;426
2021-12-16T11:21:00.000Z;Waldenburg(Württ);RB;RB 83;83;23428;8006154;8006154%2021-12-16T11:21:00.000Z%,8004276,8004623,8006289,8000157,;426
2021-12-16T11:39:00.000Z;Waldenburg(Württ);RE;RE 80;80;23405;8006154;8006154%2021-12-16T11:39:00.000Z%,8006135,8005449,8000330,8001651,8000067,;602
2021-12-16T12:19:00.000Z;Waldenburg(Württ);RE;RE 80;80;23404;8006154;8006154%2021-12-16T12:19:00.000Z%,8004276,8004623,8006456,8006289,8000157,;602
2021-12-16T12:37:00.000Z;Waldenburg(Württ);RB;RB 83;83;23427;8006154;8006154%2021-12-16T12:37:00.000Z%,8006135,8005449,8000330,;426
2021-12-16T13:21:00.000Z;Waldenburg(Württ);RB;RB 83;83;23430;8006154;8006154%2021-12-16T13:21:00.000Z%,8004276,8004623,8006289,8000157,;426
2021-12-16T13:39:00.000Z;Waldenburg(Württ);RE;RE 80;80;23407;8006154;8006154%2021-12-16T13:39:00.000Z%,8006135,8005449,8000330,8001651,8000067,;602
2021-12-16T14:19:00.000Z;Waldenburg(Württ);RE;RE 80;80;23406;8006154;8006154%2021-12-16T14:19:00.000Z%,8004276,8004623,8006456,8006289,8000157,;602
2021-12-16T14:37:00.000Z;Waldenburg(Württ);RB;RB 83;83;23429;8006154;8006154%2021-12-16T14:37:00.000Z%,8006135,8005449,8000330,;426
2021-12-16T15:21:00.000Z;Waldenburg(Württ);RB;RB 83;83;23432;8006154;8006154%2021-12-16T15:21:00.000Z%,8004276,8004623,8006289,8000157,;426
2021-12-16T15:39:00.000Z;Waldenburg(Württ);RE;RE 80;80;23409;8006154;8006154%2021-12-16T15:39:00.000Z%,8006135,8005449,8000330,8001651,8000067,;602
2021-12-16T16:19:00.000Z;Waldenburg(Württ);RE;RE 80;80;23408;8006154;8006154%2021-12-16T16:19:00.000Z%,8004276,8004623,8006456,8006289,8000157,;602
2021-12-16T16:37:00.000Z;Waldenburg(Württ);RB;RB 83;83;23431;8006154;8006154%2021-12-16T16:37:00.000Z%,8006135,8005449,8000330,;426
2021-12-16T17:21:00.000Z;Waldenburg(Württ);RB;RB 83;83;23434;8006154;8006154%2021-12-16T17:21:00.000Z%,8004276,8004623,8006289,8000157,;426
2021-12-16T17:39:00.000Z;Waldenburg(Württ);RE;RE 80;80;23411;8006154;8006154%2021-12-16T17:39:00.000Z%,8006135,8005449,8000330,8001651,8000067,;602
2021-12-16T18:19:00.000Z;Waldenburg(Württ);RE;RE 80;80;23410;8006154;8006154%2021-12-16T18:19:00.000Z%,8004276,8004623,8006456,8006289,8000157,;602
2021-12-16T18:37:00.000Z;Waldenburg(Württ);RB;RB 83;83;23433;8006154;8006154%2021-12-16T18:37:00.000Z%,8006135,8005449,8000330,;426
2021-12-16T19:21:00.000Z;Waldenburg(Württ);RB;RB 83;83;23436;8006154;8006154%2021-12-16T19:21:00.000Z%,8004276,8004623,;426
2021-12-16T19:39:00.000Z;Waldenburg(Württ);RE;RE 80;80;23413;8006154;8006154%2021-12-16T19:39:00.000Z%,8006135,8005449,8000330,8001651,8000067,;602
2021-12-15T20:31:00.000Z;Waldshut;RB;RB 3;3;3070;8006167;8006167%2021-12-15T20:32:00.000Z%1,8001491,8000463,8003586,8003585,8004184,8005255,8001174,8005497,8000932,8005064,8002797,8006629,8002365,8000026,;426
2021-12-15T20:48:00.000Z;Waldshut;RB;RB 35;35;17283;8006167;8006167%2021-12-15T20:48:00.000Z%0,8005871,8003562,8004552,8001865,;426
2021-12-15T21:31:00.000Z;Waldshut;RE;RE 3;3;3074;8006167;8006167%2021-12-15T21:31:00.000Z%0,8001491,8000463,8003586,8003585,8004184,8005255,8005064,8002365,8000026,;602
2021-12-15T21:46:00.000Z;Waldshut;RB;RB 3;3;3077;8006167;8006167%2021-12-15T21:46:00.000Z%,8005871,8003562,8004552,8001865,8503424,8002337,8000073,;426
2021-12-16T03:07:00.000Z;Waldshut;RB;RB 35;35;17230;8006167;8006167%2021-12-16T03:07:00.000Z%,8001491,8000463,8003586,8003585,8004184,8005255,8001174,8005497,8000932,8005064,8002797,8006629,8002365,8000026,;426
2021-12-16T04:07:00.000Z;Waldshut;RB;RB 35;35;17234;8006167;8006167%2021-12-16T04:07:00.000Z%,8001491,8000463,8003586,8003585,8004184,8005255,8001174,8005497,8000932,8005064,8002797,8006629,8002365,8000026,;426
2021-12-16T04:41:00.000Z;Waldshut;RB;RB 35;35;17236;8006167;8006167%2021-12-16T04:41:00.000Z%,8001491,8000463,8003586,8003585,8004184,8005255,8001174,8005497,8000932,8005064,8002797,8006629,8002365,8000026,;426
2021-12-16T04:53:00.000Z;Waldshut;RB;RB 3;3;3041;8006167;8006167%2021-12-16T04:53:00.000Z%,8005871,8003562,8004552,8002373,8001865,8503424,8000073,;426
2021-12-16T05:11:00.000Z;Waldshut;RB;RB 35;35;17238;8006167;8006167%2021-12-16T05:11:00.000Z%,8001491,8000463,8003586,8003585,8004184,8005255,8001174,8005497,8000932,8005064,8002797,8006629,8002365,8000026,;426
2021-12-16T05:38:00.000Z;Waldshut;RB;RB 35;35;17231;8006167;8006167%2021-12-16T05:38:00.000Z%,8004552,;426
2021-12-16T05:46:00.000Z;Waldshut;RB;RB 35;35;17240;8006167;8006167%2021-12-16T05:46:00.000Z%,8001491,8000463,8003586,8003585,8004184,8005255,8001174,8005497,8000932,8005064,8002797,8006629,8002365,8000026,;426
2021-12-16T06:01:00.000Z;Waldshut;RB;RB 35;35;17233;8006167;8006167%2021-12-16T06:01:00.000Z%,8005871,8003562,8006628,8070866,8005764,;426
2021-12-16T06:08:00.000Z;Waldshut;RB;RB 35;35;17242;8006167;8006167%2021-12-16T06:08:00.000Z%,8001491,8000463,8003586,8003585,8004184,8005255,8001174,8005497,8000932,8005064,8002797,8006629,8002365,8000026,;426
2021-12-16T06:29:00.000Z;Waldshut;RE;RE 3;3;3047;8006167;8006167%2021-12-16T06:29:00.000Z%,8005871,8001865,8503424,8000073,;602
2021-12-16T06:46:00.000Z;Waldshut;RB;RB 35;35;17246;8006167;8006167%2021-12-16T06:46:00.000Z%,8001491,8000463,8003586,8003585,8004184,8005255,8001174,8005497,8000932,8005064,8002797,8006629,8002365,8000026,;426
2021-12-16T06:48:00.000Z;Waldshut;RB;RB 35;35;17235;8006167;8006167%2021-12-16T06:48:00.000Z%,8005871,8003562,8004552,;426
2021-12-16T07:16:00.000Z;Waldshut;RB;RB 35;35;17248;8006167;8006167%2021-12-16T07:16:00.000Z%,8001491,8000463,8003586,8003585,8004184,8005255,8001174,8005497,8000932,8005064,8002797,8006629,8002365,8000026,;426
2021-12-16T07:48:00.000Z;Waldshut;RB;RB 35;35;17239;8006167;8006167%2021-12-16T07:48:00.000Z%,8005871,8003562,8004552,;426
2021-12-16T08:16:00.000Z;Waldshut;RB;RB 35;35;17250;8006167;8006167%2021-12-16T08:16:00.000Z%,8001491,8000463,8003586,8003585,8004184,8005255,8001174,8005497,8000932,8005064,8002797,8006629,8002365,8000026,;426
2021-12-16T08:48:00.000Z;Waldshut;RB;RB 35;35;17241;8006167;8006167%2021-12-16T08:48:00.000Z%,8005871,8003562,8004552,;426
2021-12-16T09:16:00.000Z;Waldshut;RB;RB 35;35;17252;8006167;8006167%2021-12-16T09:16:00.000Z%,8001491,8000463,8003586,8003585,8004184,8005255,8001174,8005497,8000932,8005064,8002797,8006629,8002365,8000026,;426
2021-12-16T09:48:00.000Z;Waldshut;RB;RB 35;35;17243;8006167;8006167%2021-12-16T09:48:00.000Z%,8005871,8003562,8004552,;426
2021-12-16T10:16:00.000Z;Waldshut;RB;RB 35;35;17254;8006167;8006167%2021-12-16T10:16:00.000Z%,8001491,8000463,8003586,8003585,8004184,8005255,8001174,8005497,8000932,8005064,8002797,8006629,8002365,8000026,;426
2021-12-16T10:36:00.000Z;Waldshut;RB;RB 37;37;17691;8006167;8006167%2021-12-16T10:36:00.000Z%,8005871,8003562,8006628,8070866,8005764,;426
2021-12-16T10:48:00.000Z;Waldshut;RB;RB 35;35;17245;8006167;8006167%2021-12-16T10:48:00.000Z%,8005871,8003562,8004552,;426
2021-12-16T11:16:00.000Z;Waldshut;RB;RB 35;35;17256;8006167;8006167%2021-12-16T11:16:00.000Z%,8001491,8000463,8003586,8003585,8004184,8005255,8001174,8005497,8000932,8005064,8002797,8006629,8002365,8000026,;426
2021-12-16T11:46:00.000Z;Waldshut;RB;RB 35;35;17258;8006167;8006167%2021-12-16T11:46:00.000Z%,8001491,8000463,8003586,8003585,8004184,8005255,8001174,8005497,8000932,8005064,8002797,8006629,8002365,8000026,;426
2021-12-16T12:00:00.000Z;Waldshut;RB;RB 37;37;17693;8006167;8006167%2021-12-16T12:00:00.000Z%,8005871,8003562,8006628,8070866,8005764,;426
2021-12-16T12:08:00.000Z;Waldshut;RB;RB 35;35;17251;8006167;8006167%2021-12-16T12:08:00.000Z%,8005871,8003562,8004552,8002373,8001865,;426
2021-12-16T12:16:00.000Z;Waldshut;RB;RB 35;35;17262;8006167;8006167%2021-12-16T12:16:00.000Z%,8001491,8000463,8003586,8003585,8004184,8005255,8001174,8005497,8000932,8005064,8002797,8006629,8002365,8000026,;426
2021-12-16T12:47:00.000Z;Waldshut;RB;RB 35;35;17253;8006167;8006167%2021-12-16T12:47:00.000Z%,8005871,8003562,8004552,;426
2021-12-16T12:51:00.000Z;Waldshut;RB;RB 35;35;17264;8006167;8006167%2021-12-16T12:51:00.000Z%,8001491,8000463,8003586,8003585,8004184,8005255,8001174,8005497,8000932,8005064,8002797,8006629,8002365,8000026,;426
2021-12-16T13:16:00.000Z;Waldshut;RB;RB 35;35;17266;8006167;8006167%2021-12-16T13:16:00.000Z%,8001491,8000463,8003586,8003585,8004184,8005255,8001174,8005497,8000932,8005064,8002797,8006629,8002365,8000026,;426
2021-12-16T13:46:00.000Z;Waldshut;RB;RB 35;35;17268;8006167;8006167%2021-12-16T13:46:00.000Z%,8001491,8000463,8003586,8003585,8004184,8005255,8001174,8005497,8000932,8005064,8002797,8006629,8002365,8000026,;426
2021-12-16T13:48:00.000Z;Waldshut;RB;RB 35;35;17257;8006167;8006167%2021-12-16T13:48:00.000Z%,8005871,8003562,8004552,;426
2021-12-16T14:16:00.000Z;Waldshut;RB;RB 35;35;17270;8006167;8006167%2021-12-16T14:16:00.000Z%,8001491,8000463,8003586,8003585,8004184,8005255,8001174,8005497,8000932,8005064,8002797,8006629,8002365,8000026,;426
2021-12-16T14:36:00.000Z;Waldshut;RB;RB 37;37;17695;8006167;8006167%2021-12-16T14:36:00.000Z%,8005871,8003562,8006628,8070866,8005764,;426
2021-12-16T14:46:00.000Z;Waldshut;RB;RB 35;35;17272;8006167;8006167%2021-12-16T14:46:00.000Z%,8001491,8000463,8003586,8003585,8004184,8005255,8001174,8005497,8000932,8005064,8002797,8006629,8002365,8000026,;426
2021-12-16T14:48:00.000Z;Waldshut;RB;RB 35;35;17261;8006167;8006167%2021-12-16T14:48:00.000Z%,8005871,8003562,8004552,;426
2021-12-16T15:16:00.000Z;Waldshut;RB;RB 35;35;17274;8006167;8006167%2021-12-16T15:16:00.000Z%,8001491,8000463,8003586,8003585,8004184,8005255,8001174,8005497,8000932,8005064,8002797,8006629,8002365,8000026,;426
2021-12-15T20:42:00.000Z;Walheim(Württ);RE;RE 8;8;19086;8006171;8006171%2021-12-15T20:42:00.000Z%0,8003278,8003588,8004458,8000157,8004220,8000017,8004050,8000295,8000221,8000260,;602
2021-12-15T20:47:00.000Z;Walheim(Württ);RB;RB 18;18;19337;8006171;8006171%2021-12-15T20:49:00.000Z%2,8000925,8000038,8000235,8000096,8005769,8001920,8000302,8006331,8004517,8004488,8000865,8004009,8000314,8000141,;426
2021-12-15T21:09:00.000Z;Walheim(Württ);RB;RB 18;18;19336;8006171;8006171%2021-12-15T21:09:00.000Z%0,8003278,8003588,8004458,8000157,8002699,8004220,8004238,8000017,8005989,8002764,8004258,8005566,8006676,8004050,8005151,8005536,8000424,8000295,;426
2021-12-15T21:42:00.000Z;Walheim(Württ);RE;RE 8;8;19088;8006171;8006171%2021-12-15T21:42:00.000Z%0,8003278,8003588,8004458,8000157,8004220,8000017,8005989,8002764,8004258,8005566,8006676,8004050,8005151,8005536,8000424,8000295,8005168,8001933,8001111,8003381,8000221,;602
2021-12-15T21:46:00.000Z;Walheim(Württ);RB;RB 18;18;19339;8006171;8006171%2021-12-15T21:46:00.000Z%0,8000925,8000038,8000235,8000096,8005769,8001920,8000302,8006331,8004517,8004488,8000865,8004009,8000314,8000141,;426
2021-12-15T22:09:00.000Z;Walheim(Württ);RB;RB 18;18;19338;8006171;8006171%2021-12-15T22:09:00.000Z%0,8003278,8003588,8004458,8000157,8002699,8004220,;426
2021-12-15T22:29:00.000Z;Walheim(Württ);RE;RE 8;8;19087;8006171;8006171%2021-12-15T22:29:00.000Z%0,8000925,8000038,8000235,8000096,;602
2021-12-15T22:44:00.000Z;Walheim(Württ);RB;RB 8;8;19090;8006171;8006171%2021-12-15T22:44:00.000Z%0,8003278,8003588,8004458,8000157,8004220,;426
2021-12-15T23:44:00.000Z;Walheim(Württ);RB;RB 18;18;19254;8006171;8006171%2021-12-15T23:44:00.000Z%0,8003278,8003588,8004458,8000157,;426
2021-12-16T03:46:00.000Z;Walheim(Württ);RB;RB 18;18;19203;8006171;8006171%2021-12-16T03:46:00.000Z%,8000925,8000038,8000235,8000096,8005769,8001920,8000302,8006331,8004517,8004488,8000865,8004009,8000314,8000141,;426
2021-12-16T04:09:00.000Z;Walheim(Württ);RB;RB 8;8;19051;8006171;8006171%2021-12-16T04:09:00.000Z%,8000925,8000038,8000235,8000096,;426
2021-12-16T04:13:00.000Z;Walheim(Württ);RE;RE 8;8;19052;8006171;8006171%2021-12-16T04:13:00.000Z%,8003278,8003588,8004458,8000157,8002699,8004220,8000017,8004050,8000295,8001933,8001111,8000221,8002243,8002447,8006662,8006517,8002195,8003284,8002251,8005002,8006582,8000260,;602
2021-12-16T04:49:00.000Z;Walheim(Württ);RE;RE 18;18;19209;8006171;8006171%2021-12-16T04:49:00.000Z%,8000925,8000038,8000235,8000096,8000302,8006331,8004488,8004009,8000314,8003272,8000141,;602
2021-12-16T05:10:00.000Z;Walheim(Württ);RE;RE 8;8;19054;8006171;8006171%2021-12-16T05:10:00.000Z%,8003278,8003588,8004458,8000157,8002699,8004220,8000017,8005989,8002764,8004258,8005566,8006676,8004050,8005151,8005536,8000424,8000295,8000221,8000260,;602
2021-12-16T05:14:00.000Z;Walheim(Württ);RB;RB 18;18;19301;8006171;8006171%2021-12-16T05:14:00.000Z%,8000925,8000038,8000235,8000096,8005769,8001920,8000302,8006331,8004517,8004488,8004009,8000314,8000141,;426
2021-12-16T05:38:00.000Z;Walheim(Württ);RE;RE 10a;10a;19208;8006171;8006171%2021-12-16T05:38:00.000Z%,8003278,8003588,8004458,8000157,8004220,8000017,8004643,8002470,8002633,8004222,8000264,8000369,8000265,8000156,8000244,;602
2021-12-16T05:47:00.000Z;Walheim(Württ);RB;RB 18;18;19303;8006171;8006171%2021-12-16T05:47:00.000Z%,8000925,8000038,8000235,8000096,8005769,8001920,8000302,8006331,8004517,8004488,8000865,8004009,8000314,8000141,;426
2021-12-16T05:54:00.000Z;Walheim(Württ);RB;RB 8;8;19093;8006171;8006171%2021-12-16T05:54:00.000Z%,8000925,8000038,8000235,8000096,;426
2021-12-16T06:09:00.000Z;Walheim(Württ);RB;RB 18;18;19304;8006171;8006171%2021-12-16T06:09:00.000Z%,8003278,8003588,8004458,8000157,8002699,8004220,8000017,8005989,8002764,8004258,8005566,8006676,8004050,8005151,8005536,8000424,8000295,;426
2021-12-16T06:10:00.000Z;Walheim(Württ);RE;RE 12;12;19351;8006171;8006171%2021-12-16T06:10:00.000Z%,8000925,8000038,8000235,8000096,8005769,8001920,8000302,8006331,8004488,8004009,8000314,8000141,;602
2021-12-16T06:46:00.000Z;Walheim(Württ);RE;RE 12;12;19216;8006171;8006171%2021-12-16T06:46:00.000Z%,8003278,8003588,8004458,8000157,;602
2021-12-16T06:47:00.000Z;Walheim(Württ);RB;RB 18;18;19353;8006171;8006171%2021-12-16T06:47:00.000Z%,8000925,8000038,8000235,8000096,8005769,8001920,8000302,8006331,8004517,8004488,8000865,8004009,8000314,8000141,;426
2021-12-16T06:47:00.000Z;Walheim(Württ);RB;RB 18;18;19355;8006171;8006171%2021-12-16T06:47:00.000Z%,8000925,8000038,8000235,8000096,8005769,8001920,8000302,8006331,8004517,8004488,8000865,8004009,8000314,8000141,;426
2021-12-16T07:09:00.000Z;Walheim(Württ);RB;RB 18;18;19306;8006171;8006171%2021-12-16T07:09:00.000Z%,8003278,8003588,8004458,8000157,8002699,8004220,8000017,8005989,8002764,8004258,8005566,8006676,8004050,8005151,8005536,8000424,8000295,;426
2021-12-16T07:13:00.000Z;Walheim(Württ);RB;RB 18;18;19307;8006171;8006171%2021-12-16T07:13:00.000Z%,8000925,8000038,8000235,8000096,8005769,8001920,8000302,8006331,8004488,8004009,8000314,8000141,;426
2021-12-16T07:44:00.000Z;Walheim(Württ);RE;RE 12;12;19220;8006171;8006171%2021-12-16T07:44:00.000Z%,8003278,8003588,8004458,8000157,;602
2021-12-16T07:47:00.000Z;Walheim(Württ);RB;RB 18;18;19357;8006171;8006171%2021-12-16T07:47:00.000Z%,8000925,8000038,8000235,8000096,8005769,8001920,8000302,8006331,8004517,8004488,8000865,8004009,8000314,8000141,;426
2021-12-16T08:10:00.000Z;Walheim(Württ);RB;RB 18;18;19308;8006171;8006171%2021-12-16T08:10:00.000Z%,8003278,8003588,8004458,8000157,8002699,8004220,8000017,8005989,8002764,8004258,8005566,8006676,8004050,8005151,8005536,8000424,8000295,;426
2021-12-16T08:13:00.000Z;Walheim(Württ);RE;RE 12;12;19217;8006171;8006171%2021-12-16T08:13:00.000Z%,8000925,8000038,8000235,8000096,8005769,8001920,8000302,8006331,8004488,8004009,8000314,8000141,;602
2021-12-16T08:44:00.000Z;Walheim(Württ);RE;RE 12;12;19222;8006171;8006171%2021-12-16T08:44:00.000Z%,8003278,8003588,8004458,8000157,;602
2021-12-16T08:47:00.000Z;Walheim(Württ);RB;RB 18;18;19313;8006171;8006171%2021-12-16T08:47:00.000Z%,8000925,8000038,8000235,8000096,8005769,8001920,8000302,8006331,8004517,8004488,8000865,8004009,8000314,8000141,;426
2021-12-16T09:09:00.000Z;Walheim(Württ);RB;RB 18;18;19310;8006171;8006171%2021-12-16T09:09:00.000Z%,8003278,8003588,8004458,8000157,8002699,8004220,8000017,8005989,8002764,8004258,8005566,8006676,8004050,8005151,8005536,8000424,8000295,;426
2021-12-16T09:13:00.000Z;Walheim(Württ);RE;RE 12;12;19219;8006171;8006171%2021-12-16T09:13:00.000Z%,8000925,8000038,8000235,8000096,8005769,8001920,8000302,8006331,8004488,8004009,8000314,8000141,;602
2021-12-16T09:44:00.000Z;Walheim(Württ);RE;RE 12;12;19224;8006171;8006171%2021-12-16T09:44:00.000Z%,8003278,8003588,8004458,8000157,;602
2021-12-16T09:47:00.000Z;Walheim(Württ);RB;RB 18;18;19315;8006171;8006171%2021-12-16T09:47:00.000Z%,8000925,8000038,8000235,8000096,8005769,8001920,8000302,8006331,8004517,8004488,8000865,8004009,8000314,8000141,;426
2021-12-16T10:09:00.000Z;Walheim(Württ);RB;RB 18;18;19312;8006171;8006171%2021-12-16T10:09:00.000Z%,8003278,8003588,8004458,8000157,8002699,8004220,8000017,8005989,8002764,8004258,8005566,8006676,8004050,8005151,8005536,8000424,8000295,;426
2021-12-16T10:13:00.000Z;Walheim(Württ);RE;RE 12;12;19221;8006171;8006171%2021-12-16T10:13:00.000Z%,8000925,8000038,8000235,8000096,8005769,8001920,8000302,8006331,8004488,8004009,8000314,8000141,;602
2021-12-16T10:44:00.000Z;Walheim(Württ);RE;RE 12;12;19226;8006171;8006171%2021-12-16T10:44:00.000Z%,8003278,8003588,8004458,8000157,;602
2021-12-16T10:47:00.000Z;Walheim(Württ);RB;RB 18;18;19317;8006171;8006171%2021-12-16T10:47:00.000Z%,8000925,8000038,8000235,8000096,8005769,8001920,8000302,8006331,8004517,8004488,8000865,8004009,8000314,8000141,;426
2021-12-16T11:09:00.000Z;Walheim(Württ);RB;RB 18;18;19314;8006171;8006171%2021-12-16T11:09:00.000Z%,8003278,8003588,8004458,8000157,8002699,8004220,8000017,8005989,8002764,8004258,8005566,8006676,8004050,8005151,8005536,8000424,8000295,;426
2021-12-16T11:13:00.000Z;Walheim(Württ);RE;RE 12;12;19223;8006171;8006171%2021-12-16T11:13:00.000Z%,8000925,8000038,8000235,8000096,8005769,8001920,8000302,8006331,8004488,8004009,8000314,8000141,;602
2021-12-16T11:44:00.000Z;Walheim(Württ);RE;RE 12;12;19228;8006171;8006171%2021-12-16T11:44:00.000Z%,8003278,8003588,8004458,8000157,;602
2021-12-16T11:47:00.000Z;Walheim(Württ);RB;RB 18;18;19319;8006171;8006171%2021-12-16T11:47:00.000Z%,8000925,8000038,8000235,8000096,8005769,8001920,8000302,8006331,8004517,8004488,8000865,8004009,8000314,8000141,;426
2021-12-16T12:09:00.000Z;Walheim(Württ);RB;RB 18;18;19316;8006171;8006171%2021-12-16T12:09:00.000Z%,8003278,8003588,8004458,8000157,8002699,8004220,8000017,8005989,8002764,8004258,8005566,8006676,8004050,8005151,8005536,8000424,8000295,;426
2021-12-16T12:13:00.000Z;Walheim(Württ);RE;RE 12;12;19225;8006171;8006171%2021-12-16T12:13:00.000Z%,8000925,8000038,8000235,8000096,8005769,8001920,8000302,8006331,8004488,8004009,8000314,8000141,;602
2021-12-16T12:44:00.000Z;Walheim(Württ);RE;RE 12;12;19230;8006171;8006171%2021-12-16T12:44:00.000Z%,8003278,8003588,8004458,8000157,;602
2021-12-16T12:47:00.000Z;Walheim(Württ);RB;RB 18;18;19321;8006171;8006171%2021-12-16T12:47:00.000Z%,8000925,8000038,8000235,8000096,8005769,8001920,8000302,8006331,8004517,8004488,8000865,8004009,8000314,8000141,;426
2021-12-16T13:09:00.000Z;Walheim(Württ);RB;RB 18;18;19318;8006171;8006171%2021-12-16T13:09:00.000Z%,8003278,8003588,8004458,8000157,8002699,8004220,8004238,8000017,8005989,8002764,8004258,8005566,8006676,8004050,8005151,8005536,8000424,8000295,;426
2021-12-16T13:13:00.000Z;Walheim(Württ);RE;RE 12;12;19227;8006171;8006171%2021-12-16T13:13:00.000Z%,8000925,8000038,8000235,8000096,8005769,8001920,8000302,8006331,8004488,8004009,8000314,8000141,;602
2021-12-16T13:44:00.000Z;Walheim(Württ);RE;RE 12;12;19232;8006171;8006171%2021-12-16T13:44:00.000Z%,8003278,8003588,8004458,8000157,;602
2021-12-16T13:47:00.000Z;Walheim(Württ);RB;RB 18;18;19323;8006171;8006171%2021-12-16T13:47:00.000Z%,8000925,8000038,8000235,8000096,8005769,8001920,8000302,8006331,8004517,8004488,8000865,8004009,8000314,8000141,;426
2021-12-16T14:09:00.000Z;Walheim(Württ);RB;RB 18;18;19320;8006171;8006171%2021-12-16T14:09:00.000Z%,8003278,8003588,8004458,8000157,8002699,8004220,8004238,8000017,8005989,8002764,8004258,8005566,8006676,8004050,8005151,8005536,8000424,8000295,;426
2021-12-16T14:13:00.000Z;Walheim(Württ);RE;RE 12;12;19229;8006171;8006171%2021-12-16T14:13:00.000Z%,8000925,8000038,8000235,8000096,8005769,8001920,8000302,8006331,8004488,8004009,8000314,8000141,;602
2021-12-16T14:45:00.000Z;Walheim(Württ);RE;RE 12;12;19234;8006171;8006171%2021-12-16T14:45:00.000Z%,8003278,8003588,8004458,8000157,;602
2021-12-16T14:47:00.000Z;Walheim(Württ);RB;RB 18;18;19325;8006171;8006171%2021-12-16T14:47:00.000Z%,8000925,8000038,8000235,8000096,8005769,8001920,8000302,8006331,8004517,8004488,8000865,8004009,8000314,8000141,;426
2021-12-16T15:09:00.000Z;Walheim(Württ);RB;RB 18;18;19322;8006171;8006171%2021-12-16T15:09:00.000Z%,8003278,8003588,8004458,8000157,8002699,8004220,8004238,8000017,8005989,8002764,8004258,8005566,8006676,8004050,8005151,8005536,8000424,8000295,;426
2021-12-16T15:13:00.000Z;Walheim(Württ);RE;RE 12;12;19231;8006171;8006171%2021-12-16T15:13:00.000Z%,8000925,8000038,8000235,8000096,8005769,8001920,8000302,8006331,8004488,8004009,8000314,8000141,;602
2021-12-16T15:44:00.000Z;Walheim(Württ);RE;RE 12;12;19278;8006171;8006171%2021-12-16T15:44:00.000Z%,8003278,8003588,8004458,8000157,8002699,8004220,8004238,8000704,8000017,8004643,8002470,8002633,8004222,8000264,;602
2021-12-16T15:44:00.000Z;Walheim(Württ);RB;RB 18;18;19324;8006171;8006171%2021-12-16T15:44:00.000Z%,8003278,8003588,8004458,8000157,8002699,8004220,8004238,8000704,8000017,8005989,8002764,8004258,8005566,8006676,8004050,8005151,8005536,8000424,8000295,;426
2021-12-16T15:47:00.000Z;Walheim(Württ);RB;RB 18;18;19327;8006171;8006171%2021-12-16T15:47:00.000Z%,8000925,8000038,8000235,8000096,8005769,8001920,8000302,8006331,8004517,8004488,8000865,8004009,8000314,8000141,;426
2021-12-16T16:09:00.000Z;Walheim(Württ);RB;RB 18;18;19326;8006171;8006171%2021-12-16T16:09:00.000Z%,8003278,8003588,8004458,8000157,8002699,8004220,8000017,8005989,8002764,8004258,8005566,8006676,8004050,8005151,8005536,8000424,8000295,;426
2021-12-16T16:13:00.000Z;Walheim(Württ);RE;RE 12;12;19235;8006171;8006171%2021-12-16T16:13:00.000Z%,8000925,8000038,8000235,8000096,8005769,8001920,8000302,8006331,8004488,8004009,8000314,8000141,;602
2021-12-16T16:44:00.000Z;Walheim(Württ);RE;RE 12;12;19238;8006171;8006171%2021-12-16T16:44:00.000Z%,8003278,8003588,8004458,8000157,8002699,8004220,8004238,8000704,8000017,8004643,8002470,8002633,8004222,8000264,;602
2021-12-16T16:47:00.000Z;Walheim(Württ);RB;RB 18;18;19329;8006171;8006171%2021-12-16T16:47:00.000Z%,8000925,8000038,8000235,8000096,8005769,8001920,8000302,8006331,8004517,8004488,8000865,8004009,8000314,8000141,;426
2021-12-16T17:10:00.000Z;Walheim(Württ);RB;RB 18;18;19328;8006171;8006171%2021-12-16T17:10:00.000Z%,8003278,8003588,8004458,8000157,8002699,8004220,8000017,8005989,8002764,8004258,8005566,8006676,8004050,8005151,8005536,8000424,8000295,;426
2021-12-16T17:13:00.000Z;Walheim(Württ);RE;RE 12;12;19239;8006171;8006171%2021-12-16T17:13:00.000Z%,8000925,8000038,8000235,8000096,8005769,8001920,8000302,8006331,8004488,8004009,8000314,8000141,;602
2021-12-16T17:44:00.000Z;Walheim(Württ);RE;RE 12;12;19240;8006171;8006171%2021-12-16T17:44:00.000Z%,8003278,8003588,8004458,8000157,8002699,8004220,8004238,8000704,8000017,8004643,8002470,8002633,8004222,8000264,;602
2021-12-16T17:47:00.000Z;Walheim(Württ);RB;RB 18;18;19331;8006171;8006171%2021-12-16T17:47:00.000Z%,8000925,8000038,8000235,8000096,8005769,8001920,8000302,8006331,8004517,8004488,8000865,8004009,8000314,8000141,;426
2021-12-16T18:09:00.000Z;Walheim(Württ);RB;RB 18;18;19330;8006171;8006171%2021-12-16T18:09:00.000Z%,8003278,8003588,8004458,8000157,8002699,8004220,8000017,8005989,8002764,8004258,8005566,8006676,8004050,8005151,8005536,8000424,8000295,;426
2021-12-16T18:13:00.000Z;Walheim(Württ);RE;RE 12;12;19241;8006171;8006171%2021-12-16T18:13:00.000Z%,8000925,8000038,8000235,8000096,8005769,8001920,8000302,8006331,8004488,8004009,8000314,8000141,;602
2021-12-16T18:46:00.000Z;Walheim(Württ);RE;RE 12;12;19242;8006171;8006171%2021-12-16T18:46:00.000Z%,8003278,8003588,8004458,8000157,;602
2021-12-16T18:47:00.000Z;Walheim(Württ);RB;RB 18;18;19333;8006171;8006171%2021-12-16T18:47:00.000Z%,8000925,8000038,8000235,8000096,8005769,8001920,8000302,8006331,8004517,8004488,8000865,8004009,8000314,8000141,;426
2021-12-16T19:09:00.000Z;Walheim(Württ);RB;RB 18;18;19332;8006171;8006171%2021-12-16T19:09:00.000Z%,8003278,8003588,8004458,8000157,8002699,8004220,8000017,8005989,8002764,8004258,8005566,8006676,8004050,8005151,8005536,8000424,8000295,;426
2021-12-16T19:44:00.000Z;Walheim(Württ);RE;RE 12;12;19244;8006171;8006171%2021-12-16T19:44:00.000Z%,8003278,8003588,8004458,8000157,;602
2021-12-16T19:47:00.000Z;Walheim(Württ);RB;RB 18;18;19335;8006171;8006171%2021-12-16T19:47:00.000Z%,8000925,8000038,8000235,8000096,8005769,8001920,8000302,8006331,8004517,8004488,8000865,8004009,8000314,8000141,;426
2021-12-16T20:09:00.000Z;Walheim(Württ);RB;RB 18;18;19334;8006171;8006171%2021-12-16T20:09:00.000Z%,8003278,8003588,8004458,8000157,8002699,8004220,8000017,8005989,8002764,8004258,8005566,8006676,8004050,8005151,8005536,8000424,8000295,;426
2021-12-15T20:25:00.000Z;Walldorf(Hess);RE;RE 70;70;4585;8006175;8006175%2021-12-15T20:36:00.000Z%11,8004065,8002386,8000126,8005740,8000951,8002249,8002391,8000503,8098360,8003503,8003848,8000244,;602
2021-12-15T20:28:00.000Z;Walldorf(Hess);RE;RE 70;70;4582;8006175;8006175%2021-12-15T20:42:00.000Z%14,8002050,8000105,;602
2021-12-15T21:27:00.000Z;Walldorf(Hess);RE;RE 70;70;4587;8006175;8006175%2021-12-15T21:27:00.000Z%,8004065,8002386,8000126,8005740,8000951,8002249,8002391,8000503,8098360,8003503,8003848,8000244,;602
2021-12-15T21:28:00.000Z;Walldorf(Hess);RE;RE 70;70;4584;8006175;8006175%2021-12-15T21:28:00.000Z%0,8002050,8000105,;602
2021-12-15T22:26:00.000Z;Walldorf(Hess);RE;RE 70;70;4589;8006175;8006175%2021-12-15T22:26:00.000Z%,8004065,8002386,8000126,8005740,8000951,8002249,8002391,8000503,8098360,8003503,8003848,8000244,;602
2021-12-15T22:30:00.000Z;Walldorf(Hess);RE;RE 70;70;4586;8006175;8006175%2021-12-15T22:30:00.000Z%,8002050,8000105,;602
2021-12-15T23:27:00.000Z;Walldorf(Hess);RE;RE 70;70;4551;8006175;8006175%2021-12-15T23:27:00.000Z%,8004065,8002386,8000126,8005740,8000951,8002249,8002391,8000503,8098360,8003503,8003848,8000244,;602
2021-12-16T00:07:00.000Z;Walldorf(Hess);RE;RE 70;70;4588;8006175;8006175%2021-12-16T00:07:00.000Z%,8006648,8002040,8002050,8000105,;602
2021-12-16T03:50:00.000Z;Walldorf(Hess);RE;RE 70;70;4773;8006175;8006175%2021-12-16T03:50:00.000Z%,8004065,8002386,8001511,8003605,8000126,8005740,8000951,8002249,8002391,8000503,8001034,8098360,8003503,8003848,8006509,8006511,8006508,8000244,;602
2021-12-16T04:27:00.000Z;Walldorf(Hess);RE;RE 70;70;4553;8006175;8006175%2021-12-16T04:27:00.000Z%,8004065,8002386,8000126,8005740,8000951,8002249,8002391,8000503,8098360,8003503,8003848,8006509,8000244,;602
2021-12-16T04:31:00.000Z;Walldorf(Hess);RE;RE 70;70;4550;8006175;8006175%2021-12-16T04:31:00.000Z%,8002050,8000105,;602
2021-12-16T05:27:00.000Z;Walldorf(Hess);RE;RE 70;70;4555;8006175;8006175%2021-12-16T05:27:00.000Z%,8004065,8002386,8000126,8005740,8000951,8002249,8002391,8000503,8098360,8003503,8003848,8006509,8006508,8000244,;602
2021-12-16T05:28:00.000Z;Walldorf(Hess);RE;RE 70;70;4552;8006175;8006175%2021-12-16T05:28:00.000Z%,8002050,8000105,;602
2021-12-16T06:27:00.000Z;Walldorf(Hess);RE;RE 70;70;4557;8006175;8006175%2021-12-16T06:27:00.000Z%,8004065,8002386,8000126,8005740,8000951,8002249,8002391,8000503,8098360,8003503,8003848,8000244,;602
2021-12-16T06:28:00.000Z;Walldorf(Hess);RE;RE 70;70;4554;8006175;8006175%2021-12-16T06:28:00.000Z%,8002050,8000105,;602
2021-12-16T07:27:00.000Z;Walldorf(Hess);RE;RE 70;70;4556;8006175;8006175%2021-12-16T07:27:00.000Z%,8002050,8000105,;602
2021-12-16T07:27:00.000Z;Walldorf(Hess);RE;RE 70;70;4559;8006175;8006175%2021-12-16T07:27:00.000Z%,8004065,8002386,8000126,8005740,8000951,8002249,8002391,8000503,8098360,8003503,8003848,8000244,;602
2021-12-16T08:25:00.000Z;Walldorf(Hess);RE;RE 70;70;4561;8006175;8006175%2021-12-16T08:25:00.000Z%,8004065,8002386,8000126,8005740,8000951,8002249,8002391,8000503,8098360,8003503,8003848,8000244,;602
2021-12-16T08:28:00.000Z;Walldorf(Hess);RE;RE 70;70;4558;8006175;8006175%2021-12-16T08:28:00.000Z%,8002050,8000105,;602
2021-12-16T09:27:00.000Z;Walldorf(Hess);RE;RE 70;70;4560;8006175;8006175%2021-12-16T09:27:00.000Z%,8002050,8000105,;602
2021-12-16T09:27:00.000Z;Walldorf(Hess);RE;RE 70;70;4563;8006175;8006175%2021-12-16T09:27:00.000Z%,8004065,8002386,8000126,8005740,8000951,8002249,8002391,8000503,8098360,8003503,8003848,8000244,;602
2021-12-16T10:25:00.000Z;Walldorf(Hess);RE;RE 70;70;4565;8006175;8006175%2021-12-16T10:25:00.000Z%,8004065,8002386,8000126,8005740,8000951,8002249,8002391,8000503,8098360,8003503,8003848,8000244,;602
2021-12-16T10:28:00.000Z;Walldorf(Hess);RE;RE 70;70;4562;8006175;8006175%2021-12-16T10:28:00.000Z%,8002050,8000105,;602
2021-12-16T11:27:00.000Z;Walldorf(Hess);RE;RE 70;70;4567;8006175;8006175%2021-12-16T11:27:00.000Z%,8004065,8002386,8000126,8005740,8000951,8002249,8002391,8000503,8098360,8003503,8003848,8000244,;602
2021-12-16T11:27:00.000Z;Walldorf(Hess);RE;RE 70;70;4564;8006175;8006175%2021-12-16T11:27:00.000Z%,8002050,8000105,;602
2021-12-16T12:25:00.000Z;Walldorf(Hess);RE;RE 70;70;4569;8006175;8006175%2021-12-16T12:25:00.000Z%,8004065,8002386,8000126,8005740,8000951,8002249,8002391,8000503,8098360,8003503,8003848,8000244,;602
2021-12-16T12:28:00.000Z;Walldorf(Hess);RE;RE 70;70;4566;8006175;8006175%2021-12-16T12:28:00.000Z%,8002050,8000105,;602
2021-12-16T13:27:00.000Z;Walldorf(Hess);RE;RE 70;70;4568;8006175;8006175%2021-12-16T13:27:00.000Z%,8002050,8000105,;602
2021-12-16T13:27:00.000Z;Walldorf(Hess);RE;RE 70;70;4571;8006175;8006175%2021-12-16T13:27:00.000Z%,8004065,8002386,8000126,8005740,8000951,8002249,8002391,8000503,8098360,8003503,8003848,8000244,;602
2021-12-16T14:25:00.000Z;Walldorf(Hess);RE;RE 70;70;4573;8006175;8006175%2021-12-16T14:25:00.000Z%,8004065,8002386,8000126,8005740,8000951,8002249,8002391,8000503,8098360,8003503,8003848,8000244,;602
2021-12-16T14:28:00.000Z;Walldorf(Hess);RE;RE 70;70;4570;8006175;8006175%2021-12-16T14:28:00.000Z%,8002050,8000105,;602
2021-12-16T15:27:00.000Z;Walldorf(Hess);RE;RE 70;70;4575;8006175;8006175%2021-12-16T15:27:00.000Z%,8004065,8002386,8000126,8005740,8000951,8002249,8002391,8000503,8098360,8003503,8003848,8000244,;602
2021-12-16T15:28:00.000Z;Walldorf(Hess);RE;RE 70;70;4572;8006175;8006175%2021-12-16T15:28:00.000Z%,8002050,8000105,;602
2021-12-16T16:25:00.000Z;Walldorf(Hess);RE;RE 70;70;4577;8006175;8006175%2021-12-16T16:25:00.000Z%,8004065,8002386,8000126,8005740,8000951,8002249,8002391,8000503,8098360,8003503,8003848,8000244,;602
2021-12-16T16:28:00.000Z;Walldorf(Hess);RE;RE 70;70;4574;8006175;8006175%2021-12-16T16:28:00.000Z%,8002050,8000105,;602
2021-12-16T17:27:00.000Z;Walldorf(Hess);RE;RE 70;70;4579;8006175;8006175%2021-12-16T17:27:00.000Z%,8004065,8002386,8000126,8005740,8000951,8002249,8002391,8000503,8098360,8003503,8003848,8000244,;602
2021-12-16T18:25:00.000Z;Walldorf(Hess);RE;RE 70;70;4581;8006175;8006175%2021-12-16T18:25:00.000Z%,8004065,8002386,8000126,8005740,8000951,8002249,8002391,8000503,8098360,8003503,8003848,8000244,;602
2021-12-16T18:28:00.000Z;Walldorf(Hess);RE;RE 70;70;4578;8006175;8006175%2021-12-16T18:28:00.000Z%,8002050,8000105,;602
2021-12-16T19:27:00.000Z;Walldorf(Hess);RE;RE 70;70;4580;8006175;8006175%2021-12-16T19:27:00.000Z%,8002050,8000105,;602
2021-12-16T19:27:00.000Z;Walldorf(Hess);RE;RE 70;70;4583;8006175;8006175%2021-12-16T19:27:00.000Z%,8004065,8002386,8000126,8005740,8000951,8002249,8002391,8000503,8098360,8003503,8003848,8000244,;602
2021-12-15T20:54:00.000Z;Wallersdorf;RE;RE 3;3;4088;8006181;8006181%2021-12-15T20:55:00.000Z%1,8000301,8004700,8006086,8000298,;602
2021-12-15T21:09:00.000Z;Wallersdorf;RE;RE 3;3;4089;8006181;8006181%2021-12-15T21:10:00.000Z%1,8003506,8001466,8006537,8000217,8004084,8002078,8000261,;602
2021-12-15T21:54:00.000Z;Wallersdorf;RE;RE 3;3;4090;8006181;8006181%2021-12-15T21:55:00.000Z%1,8000301,8004700,8006086,8000298,;602
2021-12-15T23:03:00.000Z;Wallersdorf;RE;RE 3;3;4091;8006181;8006181%2021-12-15T23:03:00.000Z%,8003506,8001466,8006537,8000217,;602
2021-12-15T23:48:00.000Z;Wallersdorf;RE;RE 3;3;4092;8006181;8006181%2021-12-15T23:48:00.000Z%,8000301,8004700,8006086,8000298,;602
2021-12-16T04:27:00.000Z;Wallersdorf;RE;RE 3;3;4051;8006181;8006181%2021-12-16T04:27:00.000Z%,8003506,8001466,8006537,8000217,8004084,8002078,8000261,;602
2021-12-16T05:07:00.000Z;Wallersdorf;RE;RE 3;3;4053;8006181;8006181%2021-12-16T05:07:00.000Z%,8003506,8001466,8006537,8000217,8004084,8002078,8000261,;602
2021-12-16T05:32:00.000Z;Wallersdorf;RE;RE 3;3;4052;8006181;8006181%2021-12-16T05:32:00.000Z%,8000301,8004700,8006086,8000298,;602
2021-12-16T05:49:00.000Z;Wallersdorf;RE;RE 3;3;4055;8006181;8006181%2021-12-16T05:49:00.000Z%,8003506,8001466,8006537,8000217,8002078,8000261,;602
2021-12-16T06:06:00.000Z;Wallersdorf;RE;RE 3;3;4054;8006181;8006181%2021-12-16T06:06:00.000Z%,8000301,8004700,8006086,8000298,;602
2021-12-16T06:29:00.000Z;Wallersdorf;RE;RE 3;3;4059;8006181;8006181%2021-12-16T06:29:00.000Z%,8003506,8001466,8006537,8000217,8004084,8002078,8000261,;602
2021-12-16T06:43:00.000Z;Wallersdorf;RE;RE 3;3;4056;8006181;8006181%2021-12-16T06:43:00.000Z%,8000301,8004700,8006086,8000298,;602
2021-12-16T07:09:00.000Z;Wallersdorf;RE;RE 3;3;4061;8006181;8006181%2021-12-16T07:09:00.000Z%,8003506,8001466,8006537,8000217,8004084,8002078,8000261,;602
2021-12-16T07:54:00.000Z;Wallersdorf;RE;RE 3;3;4060;8006181;8006181%2021-12-16T07:54:00.000Z%,8000301,8004700,8006086,8000298,;602
2021-12-16T08:09:00.000Z;Wallersdorf;RE;RE 3;3;4063;8006181;8006181%2021-12-16T08:09:00.000Z%,8003506,8001466,8006537,8000217,8004084,8002078,8000261,;602
2021-12-16T08:54:00.000Z;Wallersdorf;RE;RE 3;3;4062;8006181;8006181%2021-12-16T08:54:00.000Z%,8000301,8004700,8006086,8000298,;602
2021-12-16T09:09:00.000Z;Wallersdorf;RE;RE 3;3;4065;8006181;8006181%2021-12-16T09:09:00.000Z%,8003506,8001466,8006537,8000217,8004084,8002078,8000261,;602
2021-12-16T09:54:00.000Z;Wallersdorf;RE;RE 3;3;4064;8006181;8006181%2021-12-16T09:54:00.000Z%,8000301,8004700,8006086,8000298,;602
2021-12-16T10:09:00.000Z;Wallersdorf;RE;RE 3;3;4067;8006181;8006181%2021-12-16T10:09:00.000Z%,8003506,8001466,8006537,8000217,8004084,8002078,8000261,;602
2021-12-16T10:54:00.000Z;Wallersdorf;RE;RE 3;3;4066;8006181;8006181%2021-12-16T10:54:00.000Z%,8000301,8004700,8006086,8000298,;602
2021-12-16T11:09:00.000Z;Wallersdorf;RE;RE 3;3;4069;8006181;8006181%2021-12-16T11:09:00.000Z%,8003506,8001466,8006537,8000217,8004084,8002078,8000261,;602
2021-12-16T11:54:00.000Z;Wallersdorf;RE;RE 3;3;4068;8006181;8006181%2021-12-16T11:54:00.000Z%,8000301,8004700,8006086,8000298,;602
2021-12-16T12:09:00.000Z;Wallersdorf;RE;RE 3;3;4071;8006181;8006181%2021-12-16T12:09:00.000Z%,8003506,8001466,8006537,8000217,8004084,8002078,8000261,;602
2021-12-16T12:54:00.000Z;Wallersdorf;RE;RE 3;3;4070;8006181;8006181%2021-12-16T12:54:00.000Z%,8000301,8004700,8006086,8000298,;602
2021-12-16T13:09:00.000Z;Wallersdorf;RE;RE 3;3;4073;8006181;8006181%2021-12-16T13:09:00.000Z%,8003506,8001466,8006537,8000217,8004084,8002078,8000261,;602
2021-12-16T13:54:00.000Z;Wallersdorf;RE;RE 3;3;4072;8006181;8006181%2021-12-16T13:54:00.000Z%,8000301,8004700,8006086,8000298,;602
2021-12-16T14:09:00.000Z;Wallersdorf;RE;RE 3;3;4075;8006181;8006181%2021-12-16T14:09:00.000Z%,8003506,8001466,8006537,8000217,8004084,8002078,8000261,;602
2021-12-16T14:54:00.000Z;Wallersdorf;RE;RE 3;3;4074;8006181;8006181%2021-12-16T14:54:00.000Z%,8000301,8004700,8006086,8000298,;602
2021-12-16T15:09:00.000Z;Wallersdorf;RE;RE 3;3;4077;8006181;8006181%2021-12-16T15:09:00.000Z%,8003506,8001466,8006537,8000217,8004084,8002078,8000261,;602
2021-12-16T15:54:00.000Z;Wallersdorf;RE;RE 3;3;4076;8006181;8006181%2021-12-16T15:54:00.000Z%,8000301,8004700,8006086,8000298,;602
2021-12-16T16:09:00.000Z;Wallersdorf;RE;RE 3;3;4079;8006181;8006181%2021-12-16T16:09:00.000Z%,8003506,8001466,8006537,8000217,8004084,8002078,8000261,;602
2021-12-16T16:54:00.000Z;Wallersdorf;RE;RE 3;3;4078;8006181;8006181%2021-12-16T16:54:00.000Z%,8000301,8004700,8006086,8000298,;602
2021-12-16T17:09:00.000Z;Wallersdorf;RE;RE 3;3;4081;8006181;8006181%2021-12-16T17:09:00.000Z%,8003506,8001466,8006537,8000217,8004084,8002078,8000261,;602
2021-12-16T17:31:00.000Z;Wallersdorf;RB;RB 33;33;59262;8006181;8006181%2021-12-16T17:31:00.000Z%,8000301,;426
2021-12-16T17:53:00.000Z;Wallersdorf;RE;RE 3;3;4082;8006181;8006181%2021-12-16T17:53:00.000Z%,8000301,8004700,8006086,8000298,;602
2021-12-16T18:09:00.000Z;Wallersdorf;RE;RE 3;3;4083;8006181;8006181%2021-12-16T18:09:00.000Z%,8003506,8001466,8006537,8000217,8004084,8002078,8000261,;602
2021-12-16T18:54:00.000Z;Wallersdorf;RE;RE 3;3;4084;8006181;8006181%2021-12-16T18:54:00.000Z%,8000301,8004700,8006086,8000298,;602
2021-12-16T19:09:00.000Z;Wallersdorf;RE;RE 3;3;4085;8006181;8006181%2021-12-16T19:09:00.000Z%,8003506,8001466,8006537,8000217,8004084,8002078,8000261,;602
2021-12-16T19:54:00.000Z;Wallersdorf;RE;RE 3;3;4086;8006181;8006181%2021-12-16T19:54:00.000Z%,8000301,8004700,8006086,8000298,;602
2021-12-16T20:09:00.000Z;Wallersdorf;RE;RE 3;3;4087;8006181;8006181%2021-12-16T20:09:00.000Z%,8003506,8001466,8006537,8000217,8004084,8002078,8000261,;602
2021-12-16T04:03:00.000Z;Wallertheim;RB;RB 35;35;29283;8006183;8006183%2021-12-16T04:03:00.000Z%,8002191,8005637,8006312,8000121,8000976,;426
2021-12-16T04:36:00.000Z;Wallertheim;RB;RB 35;35;13823;8006183;8006183%2021-12-16T04:36:00.000Z%,8000602,8000468,8000007,8000558,8001813,8002473,8004345,8000663,8004788,8000257,;426
2021-12-16T05:12:00.000Z;Wallertheim;RB;RB 35;35;29288;8006183;8006183%2021-12-16T05:12:00.000Z%,8000602,8000468,8000007,;426
2021-12-16T05:28:00.000Z;Wallertheim;RB;RB 35;35;29285;8006183;8006183%2021-12-16T05:28:00.000Z%,8002191,8005637,8006312,8000121,8000976,;426
2021-12-16T05:44:00.000Z;Wallertheim;RB;RB 35;35;29287;8006183;8006183%2021-12-16T05:44:00.000Z%,8002191,8005637,8006312,8000121,8000976,;426
2021-12-16T06:04:00.000Z;Wallertheim;RB;RB 35;35;13826;8006183;8006183%2021-12-16T06:04:00.000Z%,8002191,8005637,8006312,8000121,8000976,;426
2021-12-16T06:22:00.000Z;Wallertheim;RB;RB 35;35;29292;8006183;8006183%2021-12-16T06:22:00.000Z%,8000602,8000468,8000007,8000558,8001813,;426
2021-12-16T07:10:00.000Z;Wallertheim;RB;RB 35;35;13830;8006183;8006183%2021-12-16T07:10:00.000Z%,8002191,8005637,8006312,8000121,8000976,8000039,;426
2021-12-16T07:25:00.000Z;Wallertheim;RB;RB 35;35;13833;8006183;8006183%2021-12-16T07:25:00.000Z%,8000602,8000468,8000007,8000558,8001813,8002473,8004345,8000663,8004788,8000257,;426
2021-12-16T07:34:00.000Z;Wallertheim;RB;RB 35;35;13832;8006183;8006183%2021-12-16T07:34:00.000Z%,8002191,8005637,8006312,8000121,8000976,;426
2021-12-16T08:25:00.000Z;Wallertheim;RB;RB 35;35;13837;8006183;8006183%2021-12-16T08:25:00.000Z%,8000602,8000468,8000007,8000558,8001813,8002473,8004345,8000663,8004788,8000257,;426
2021-12-16T08:34:00.000Z;Wallertheim;RB;RB 35;35;13834;8006183;8006183%2021-12-16T08:34:00.000Z%,8002191,8005637,8006312,8000121,8000976,;426
2021-12-16T09:25:00.000Z;Wallertheim;RB;RB 35;35;13839;8006183;8006183%2021-12-16T09:25:00.000Z%,8000602,8000468,8000007,8000558,8001813,8002473,8004345,8000663,8004788,8000257,;426
2021-12-16T09:34:00.000Z;Wallertheim;RB;RB 35;35;13836;8006183;8006183%2021-12-16T09:34:00.000Z%,8002191,8005637,8006312,8000121,8000976,;426
2021-12-16T10:25:00.000Z;Wallertheim;RB;RB 35;35;13841;8006183;8006183%2021-12-16T10:25:00.000Z%,8000602,8000468,8000007,8000558,8001813,8002473,8004345,8000663,8004788,8000257,;426
2021-12-16T10:34:00.000Z;Wallertheim;RB;RB 35;35;13838;8006183;8006183%2021-12-16T10:34:00.000Z%,8002191,8005637,8006312,8000121,8000976,;426
2021-12-16T11:25:00.000Z;Wallertheim;RB;RB 35;35;13843;8006183;8006183%2021-12-16T11:25:00.000Z%,8000602,8000468,8000007,8000558,8001813,8002473,8004345,8000663,8004788,8000257,;426
2021-12-16T11:34:00.000Z;Wallertheim;RB;RB 35;35;13840;8006183;8006183%2021-12-16T11:34:00.000Z%,8002191,8005637,8006312,8000121,8000976,;426
2021-12-16T12:25:00.000Z;Wallertheim;RB;RB 35;35;13847;8006183;8006183%2021-12-16T12:25:00.000Z%,8000602,8000468,8000007,8000558,8001813,8002473,8004345,8000663,8004788,8000257,;426
2021-12-16T12:39:00.000Z;Wallertheim;RB;RB 35;35;13844;8006183;8006183%2021-12-16T12:39:00.000Z%,8002191,8005637,8006312,8000121,8000976,8000039,;426
2021-12-16T13:25:00.000Z;Wallertheim;RB;RB 35;35;13851;8006183;8006183%2021-12-16T13:25:00.000Z%,8000602,8000468,8000007,8000558,8001813,8002473,8004345,8000663,8004788,8000257,;426
2021-12-16T13:34:00.000Z;Wallertheim;RB;RB 35;35;13848;8006183;8006183%2021-12-16T13:34:00.000Z%,8002191,8005637,8006312,8000121,8000976,;426
2021-12-16T14:25:00.000Z;Wallertheim;RB;RB 35;35;13855;8006183;8006183%2021-12-16T14:25:00.000Z%,8000602,8000468,8000007,8000558,8001813,8002473,8004345,8000663,8004788,8000257,;426
2021-12-16T14:34:00.000Z;Wallertheim;RB;RB 35;35;13852;8006183;8006183%2021-12-16T14:34:00.000Z%,8002191,8005637,8006312,8000121,8000976,;426
2021-12-16T15:25:00.000Z;Wallertheim;RB;RB 35;35;13859;8006183;8006183%2021-12-16T15:25:00.000Z%,8000602,8000468,8000007,8000558,8001813,8002473,8004345,8000663,8004788,8000257,;426
2021-12-16T15:34:00.000Z;Wallertheim;RB;RB 35;35;13856;8006183;8006183%2021-12-16T15:34:00.000Z%,8002191,8005637,8006312,8000121,8000976,;426
2021-12-16T16:25:00.000Z;Wallertheim;RB;RB 35;35;13863;8006183;8006183%2021-12-16T16:25:00.000Z%,8000602,8000468,8000007,8000558,8001813,8002473,8004345,8000663,8004788,8000257,;426
2021-12-16T16:34:00.000Z;Wallertheim;RB;RB 35;35;13862;8006183;8006183%2021-12-16T16:34:00.000Z%,8002191,8005637,8006312,8000121,8000976,;426
2021-12-16T17:25:00.000Z;Wallertheim;RB;RB 35;35;13867;8006183;8006183%2021-12-16T17:25:00.000Z%,8000602,8000468,8000007,8000558,8001813,8002473,8004345,8000663,8004788,8000257,;426
2021-12-16T17:34:00.000Z;Wallertheim;RB;RB 35;35;13868;8006183;8006183%2021-12-16T17:34:00.000Z%,8002191,8005637,8006312,8000121,8000976,;426
2021-12-16T18:25:00.000Z;Wallertheim;RB;RB 35;35;13869;8006183;8006183%2021-12-16T18:25:00.000Z%,8000602,8000468,8000007,8000558,8001813,8002473,8004345,8000663,8004788,8000257,;426
2021-12-16T18:34:00.000Z;Wallertheim;RB;RB 35;35;13872;8006183;8006183%2021-12-16T18:34:00.000Z%,8002191,8005637,8006312,8000121,8000976,;426
2021-12-16T19:25:00.000Z;Wallertheim;RB;RB 35;35;13871;8006183;8006183%2021-12-16T19:25:00.000Z%,8000602,8000468,8000007,8000558,8001813,8002473,8004345,8000663,8004788,8000257,;426
2021-12-16T19:34:00.000Z;Wallertheim;RB;RB 35;35;13876;8006183;8006183%2021-12-16T19:34:00.000Z%,8002191,8005637,8006312,8000121,8000976,;426
2021-12-15T21:03:00.000Z;Walpertskirchen;RB;RB 40;40;27071;8006190;8006190%2021-12-15T21:04:00.000Z%1,8001499,8005495,8000576,8000258,8005923,8002703,8000555,8003205,8002234,8001288,8001284,;426
2021-12-15T21:03:00.000Z;Walpertskirchen;RB;RB 40;40;27071;8006190;8006190%2021-12-15T21:04:00.000Z%1,8001499,8005495,8000576,8000258,8005883,8004315,8003883,8003136,8000072,;426
2021-12-15T23:04:00.000Z;Walpertskirchen;RB;RB 40;40;27075;8006190;8006190%2021-12-15T23:04:00.000Z%,8005852,8001499,8005495,8000576,8000258,;426
2021-12-16T00:23:00.000Z;Walpertskirchen;RB;RB 40;40;27077;8006190;8006190%2021-12-16T00:23:00.000Z%,8005852,8001499,8005495,8000576,8000258,;426
2021-12-16T04:35:00.000Z;Walpertskirchen;RB;RB 40;40;27012;8006190;8006190%2021-12-16T04:35:00.000Z%,8002912,8003879,8000262,8098262,;426
2021-12-16T04:58:00.000Z;Walpertskirchen;RB;RB 40;40;27014;8006190;8006190%2021-12-16T04:58:00.000Z%,8002912,8003879,8000262,8098262,;426
2021-12-16T05:35:00.000Z;Walpertskirchen;RB;RB 40;40;27016;8006190;8006190%2021-12-16T05:35:00.000Z%,8002912,8003879,8000262,;426
2021-12-16T06:37:00.000Z;Walpertskirchen;RB;RB 40;40;27024;8006190;8006190%2021-12-16T06:37:00.000Z%,8002912,8003879,8000262,;426
2021-12-16T07:19:00.000Z;Walpertskirchen;RB;RB 40;40;27028;8006190;8006190%2021-12-16T07:19:00.000Z%,8002912,8003879,8000262,8098262,;426
2021-12-16T08:42:00.000Z;Walpertskirchen;RB;RB 40;40;27023;8006190;8006190%2021-12-16T08:42:00.000Z%,8005852,8001499,8005495,8000576,8000258,;426
2021-12-16T09:20:00.000Z;Walpertskirchen;RB;RB 40;40;27034;8006190;8006190%2021-12-16T09:20:00.000Z%,8002912,8003879,8000262,8098262,;426
2021-12-16T10:42:00.000Z;Walpertskirchen;RB;RB 40;40;27027;8006190;8006190%2021-12-16T10:42:00.000Z%,8001499,8005495,8000576,8000258,;426
2021-12-16T11:18:00.000Z;Walpertskirchen;RB;RB 40;40;27038;8006190;8006190%2021-12-16T11:18:00.000Z%,8002912,8003879,8000262,8098262,;426
2021-12-16T12:41:00.000Z;Walpertskirchen;RB;RB 40;40;27031;8006190;8006190%2021-12-16T12:41:00.000Z%,8005852,8001499,8005495,8000576,8000258,;426
2021-12-16T13:17:00.000Z;Walpertskirchen;RB;RB 40;40;27042;8006190;8006190%2021-12-16T13:17:00.000Z%,8002912,8003879,8000262,8000261,;426
2021-12-16T14:40:00.000Z;Walpertskirchen;RB;RB 40;40;27041;8006190;8006190%2021-12-16T14:40:00.000Z%,8005852,8001499,8005495,8006258,8000576,8000258,;426
2021-12-16T15:18:00.000Z;Walpertskirchen;RB;RB 40;40;27046;8006190;8006190%2021-12-16T15:18:00.000Z%,8002912,8003879,8000262,8098262,;426
2021-12-16T15:45:00.000Z;Walpertskirchen;RB;RB 40;40;27045;8006190;8006190%2021-12-16T15:45:00.000Z%,8005852,8001499,8005495,8006258,8000576,8000258,;426
2021-12-16T16:18:00.000Z;Walpertskirchen;RB;RB 40;40;27050;8006190;8006190%2021-12-16T16:18:00.000Z%,8002912,8003879,8000262,8098262,;426
2021-12-16T16:27:00.000Z;Walpertskirchen;RB;RB 40;40;27047;8006190;8006190%2021-12-16T16:27:00.000Z%,8005852,8001499,8005495,8006258,8000576,8000258,;426
2021-12-16T17:18:00.000Z;Walpertskirchen;RB;RB 40;40;27052;8006190;8006190%2021-12-16T17:18:00.000Z%,8002912,8003879,8000262,8000261,;426
2021-12-16T17:44:00.000Z;Walpertskirchen;RB;RB 40;40;27057;8006190;8006190%2021-12-16T17:44:00.000Z%,8005852,8001499,8005495,8000576,8000258,;426
2021-12-16T18:42:00.000Z;Walpertskirchen;RB;RB 40;40;27061;8006190;8006190%2021-12-16T18:42:00.000Z%,8005852,8001499,8005495,8006258,8000576,8000258,;426
2021-12-16T19:18:00.000Z;Walpertskirchen;RB;RB 40;40;27060;8006190;8006190%2021-12-16T19:18:00.000Z%,8002912,8003879,8000262,8000261,;426
2021-12-16T19:26:00.000Z;Walpertskirchen;RB;RB 40;40;27063;8006190;8006190%2021-12-16T19:26:00.000Z%,8005852,8001499,8005495,8000576,8000258,;426
2021-12-16T20:03:00.000Z;Walpertskirchen;RB;RB 40;40;27067;8006190;8006190%2021-12-16T20:03:00.000Z%,8005852,8001499,8005495,8000576,8000258,;426
2021-12-16T20:17:00.000Z;Walpertskirchen;RB;RB 40;40;27062;8006190;8006190%2021-12-16T20:17:00.000Z%,8002912,8003879,8000262,8000261,;426
2021-12-15T20:37:00.000Z;Walporzheim;RB;RB 39;39;10687;8006191;8006191%2021-12-15T20:37:00.000Z%0,8000449,8000448,8000729,8002711,8001049,8000310,;426
2021-12-15T21:37:00.000Z;Walporzheim;RB;RB 39;39;10691;8006191;8006191%2021-12-15T21:37:00.000Z%,8000449,8000448,8000729,8002711,8001049,8000310,;426
2021-12-15T22:37:00.000Z;Walporzheim;RB;RB 39;39;10693;8006191;8006191%2021-12-15T22:37:00.000Z%,8000449,8000448,8000729,8002711,8001049,8000310,;426
2021-12-15T23:37:00.000Z;Walporzheim;RB;RB 39;39;10695;8006191;8006191%2021-12-15T23:37:00.000Z%,8000449,8000448,8000729,8002711,8001049,8000310,;426
2021-12-16T04:04:00.000Z;Walporzheim;RB;RB 30;30;10851;8006191;8006191%2021-12-16T04:04:00.000Z%,8000449,8000448,8000729,8002711,8001049,8000310,8004604,8001085,8001082,8001091,8000044,8001088,8001081,8001084,8000495,8006516,8003937,8003931,8005057,8005058,;426
2021-12-16T05:18:00.000Z;Walporzheim;RB;RB 30;30;10853;8006191;8006191%2021-12-16T05:18:00.000Z%,8000449,8000448,8000729,8002711,8001049,8000310,8004604,8001085,8001082,8001091,8000044,;426
2021-12-16T06:18:00.000Z;Walporzheim;RB;RB 30;30;10855;8006191;8006191%2021-12-16T06:18:00.000Z%,8000449,8000448,8000729,8002711,8001049,8000310,8004604,8001085,8001082,8001091,8000044,;426
2021-12-16T07:18:00.000Z;Walporzheim;RB;RB 30;30;10857;8006191;8006191%2021-12-16T07:18:00.000Z%,8000449,8000448,8000729,8002711,8001049,8000310,8004604,8001085,8001082,8001091,8000044,;426
2021-12-16T08:18:00.000Z;Walporzheim;RB;RB 30;30;10859;8006191;8006191%2021-12-16T08:18:00.000Z%,8000449,8000448,8000729,8002711,8001049,8000310,8004604,8001085,8001082,8001091,8000044,;426
2021-12-16T09:18:00.000Z;Walporzheim;RB;RB 30;30;10861;8006191;8006191%2021-12-16T09:18:00.000Z%,8000449,8000448,8000729,8002711,8001049,8000310,8004604,8001085,8001082,8001091,8000044,;426
2021-12-16T10:18:00.000Z;Walporzheim;RB;RB 30;30;10863;8006191;8006191%2021-12-16T10:18:00.000Z%,8000449,8000448,8000729,8002711,8001049,8000310,8004604,8001085,8001082,8001091,8000044,;426
2021-12-16T11:18:00.000Z;Walporzheim;RB;RB 30;30;10865;8006191;8006191%2021-12-16T11:18:00.000Z%,8000449,8000448,8000729,8002711,8001049,8000310,8004604,8001085,8001082,8001091,8000044,;426
2021-12-16T12:18:00.000Z;Walporzheim;RB;RB 30;30;10867;8006191;8006191%2021-12-16T12:18:00.000Z%,8000449,8000448,8000729,8002711,8001049,8000310,8004604,8001085,8001082,8001091,8000044,;426
2021-12-16T13:18:00.000Z;Walporzheim;RB;RB 30;30;10869;8006191;8006191%2021-12-16T13:18:00.000Z%,8000449,8000448,8000729,8002711,8001049,8000310,8004604,8001085,8001082,8001091,8000044,;426
2021-12-16T14:18:00.000Z;Walporzheim;RB;RB 30;30;10871;8006191;8006191%2021-12-16T14:18:00.000Z%,8000449,8000448,8000729,8002711,8001049,8000310,8004604,8001085,8001082,8001091,8000044,;426
2021-12-16T15:18:00.000Z;Walporzheim;RB;RB 30;30;10873;8006191;8006191%2021-12-16T15:18:00.000Z%,8000449,8000448,8000729,8002711,8001049,8000310,8004604,8001085,8001082,8001091,8000044,;426
2021-12-16T16:18:00.000Z;Walporzheim;RB;RB 30;30;10875;8006191;8006191%2021-12-16T16:18:00.000Z%,8000449,8000448,8000729,8002711,8001049,8000310,8004604,8001085,8001082,8001091,8000044,;426
2021-12-16T17:18:00.000Z;Walporzheim;RB;RB 30;30;10877;8006191;8006191%2021-12-16T17:18:00.000Z%,8000449,8000448,8000729,8002711,8001049,8000310,8004604,8001085,8001082,8001091,8000044,;426
2021-12-16T18:18:00.000Z;Walporzheim;RB;RB 30;30;10879;8006191;8006191%2021-12-16T18:18:00.000Z%,8000449,8000448,8000729,8002711,8001049,8000310,8004604,8001085,8001082,8001091,8000044,;426
2021-12-16T19:18:00.000Z;Walporzheim;RB;RB 30;30;10881;8006191;8006191%2021-12-16T19:18:00.000Z%,8000449,8000448,8000729,8002711,8001049,8000310,8004604,8001085,8001082,8001091,8000044,;426
2021-12-16T19:41:00.000Z;Walporzheim;RB;RB 39;39;10683;8006191;8006191%2021-12-16T19:41:00.000Z%,8000449,8000448,8000729,8002711,8001049,8000310,;426
2021-12-15T20:30:00.000Z;Wannweil;RB;RB 63;63;22880;8006203;8006203%2021-12-15T20:31:00.000Z%1,8003272,8005918,8000141,8005916,8006003,8006002,8004778,8001802,8070591,8070604,8002786,8002785,;426
2021-12-15T20:53:00.000Z;Wannweil;RB;RB 63;63;22842;8006203;8006203%2021-12-15T20:54:00.000Z%1,8005053,8005052,8000314,8005054,8004009,;426
2021-12-15T21:05:00.000Z;Wannweil;RB;RB 63;63;22847;8006203;8006203%2021-12-15T21:05:00.000Z%,8003272,8000141,8005916,8006003,8006002,8004778,8001802,8070591,8070604,8002786,8002785,;426
2021-12-15T21:53:00.000Z;Wannweil;RB;RB 63;63;22844;8006203;8006203%2021-12-15T21:53:00.000Z%,8005053,8005052,8000314,8005054,8004009,;426
2021-12-15T22:05:00.000Z;Wannweil;RB;RB 63;63;22849;8006203;8006203%2021-12-15T22:05:00.000Z%,8003272,8005918,8000141,8005916,8006003,8006002,8004778,8001802,8070591,8070604,8002786,8002785,;426
2021-12-15T23:05:00.000Z;Wannweil;RB;RB 63;63;22795;8006203;8006203%2021-12-15T23:05:00.000Z%,8003272,8005918,8000141,;426
2021-12-15T23:21:00.000Z;Wannweil;RB;RB 63;63;22846;8006203;8006203%2021-12-15T23:21:00.000Z%,8005053,8000314,;426
2021-12-15T23:38:00.000Z;Wannweil;RB;RB 63;63;22855;8006203;8006203%2021-12-15T23:38:00.000Z%,8003272,8000141,;426
2021-12-16T03:40:00.000Z;Wannweil;RB;RB 63;63;22882;8006203;8006203%2021-12-16T03:40:00.000Z%,8005053,8005052,8000314,8005054,8004009,8070678,8001422,8070679,8001424,8001426,8070680,8006027,8006029,;426
2021-12-16T04:09:00.000Z;Wannweil;RB;RB 63;63;22793;8006203;8006203%2021-12-16T04:09:00.000Z%,8003272,8005918,8000141,;426
2021-12-16T04:26:00.000Z;Wannweil;RB;RB 63;63;22790;8006203;8006203%2021-12-16T04:26:00.000Z%,8005053,8005052,8000314,;426
2021-12-16T04:43:00.000Z;Wannweil;RB;RB 63;63;22792;8006203;8006203%2021-12-16T04:43:00.000Z%,8005053,8005052,8000314,8005054,8004009,8070678,8001422,8070679,8001424,8001426,8070680,8006027,8006029,;426
2021-12-16T04:57:00.000Z;Wannweil;RB;RB 63;63;22851;8006203;8006203%2021-12-16T04:57:00.000Z%,8003272,8005918,8000141,;426
2021-12-16T05:24:00.000Z;Wannweil;RB;RB 63;63;22848;8006203;8006203%2021-12-16T05:24:00.000Z%,8005053,8005052,8000314,;426
2021-12-16T05:27:00.000Z;Wannweil;RB;RB 63;63;22853;8006203;8006203%2021-12-16T05:27:00.000Z%,8003272,8005918,8000141,;426
2021-12-16T05:53:00.000Z;Wannweil;RB;RB 63;63;22884;8006203;8006203%2021-12-16T05:53:00.000Z%,8005053,8005052,8000314,8005054,8004009,8070678,8001422,8070679,8001424,8001426,8070680,8006027,8006029,;426
2021-12-16T06:01:00.000Z;Wannweil;RB;RB 63;63;22883;8006203;8006203%2021-12-16T06:01:00.000Z%,8003272,8005918,8000141,8005916,8006003,8006002,8004778,8001802,8070591,8070604,8002785,;426
2021-12-16T06:12:00.000Z;Wannweil;RE;RE 12;12;19220;8006203;8006203%2021-12-16T06:12:00.000Z%,8000314,8004009,8000865,8004488,8004517,8006331,8000302,8001920,8005769,8000096,8000235,8000038,8000925,8006171,8003278,8003588,8004458,8000157,;602
2021-12-16T06:25:00.000Z;Wannweil;RB;RB 63;63;22850;8006203;8006203%2021-12-16T06:25:00.000Z%,8005053,8005052,8000314,;426
2021-12-16T06:28:00.000Z;Wannweil;RB;RB 18;18;19207;8006203;8006203%2021-12-16T06:28:00.000Z%,8003272,8005918,8000141,;426
2021-12-16T06:55:00.000Z;Wannweil;RB;RB 63;63;22888;8006203;8006203%2021-12-16T06:55:00.000Z%,8005053,8005052,8000314,8004009,8070678,8001422,8070679,8001424,8001426,8070680,8006027,8006029,;426
2021-12-16T07:05:00.000Z;Wannweil;RB;RB 63;63;22885;8006203;8006203%2021-12-16T07:05:00.000Z%,8003272,8005918,8000141,8005916,8006003,8006002,8004778,8001802,8070591,8070604,8002785,;426
2021-12-16T07:25:00.000Z;Wannweil;RB;RB 63;63;22852;8006203;8006203%2021-12-16T07:25:00.000Z%,8005053,8005052,8000314,;426
2021-12-16T07:30:00.000Z;Wannweil;RB;RB 63;63;22857;8006203;8006203%2021-12-16T07:30:00.000Z%,8003272,8005918,8000141,8005916,8006003,8006002,8004778,8001802,8070591,8070604,8002785,;426
2021-12-16T07:53:00.000Z;Wannweil;RB;RB 63;63;22794;8006203;8006203%2021-12-16T07:53:00.000Z%,8005053,8005052,8000314,8005054,8004009,8070678,8001422,8070679,8001424,8001426,8070680,8006027,8006029,;426
2021-12-16T08:05:00.000Z;Wannweil;RB;RB 63;63;22807;8006203;8006203%2021-12-16T08:05:00.000Z%,8003272,8005918,8000141,8005916,8006003,8006002,8004778,8001802,8070591,8070604,8002785,;426
2021-12-16T08:25:00.000Z;Wannweil;RB;RB 63;63;22854;8006203;8006203%2021-12-16T08:25:00.000Z%,8005053,8005052,8000314,;426
2021-12-16T08:30:00.000Z;Wannweil;RB;RB 63;63;22861;8006203;8006203%2021-12-16T08:30:00.000Z%,8003272,8005918,8000141,8005916,8006003,8006002,8004778,8001802,8070591,8070604,8002785,;426
2021-12-16T08:53:00.000Z;Wannweil;RB;RB 63;63;22890;8006203;8006203%2021-12-16T08:53:00.000Z%,8005053,8005052,8000314,8005054,8004009,8070678,8001422,8070679,8001424,8001426,8070680,8006027,8006029,;426
2021-12-16T09:05:00.000Z;Wannweil;RB;RB 63;63;22891;8006203;8006203%2021-12-16T09:05:00.000Z%,8003272,8005918,8000141,8005916,8006003,8006002,8004778,8001802,8070591,8070604,8002785,;426
2021-12-16T09:25:00.000Z;Wannweil;RB;RB 63;63;22856;8006203;8006203%2021-12-16T09:25:00.000Z%,8005053,8005052,8000314,;426
2021-12-16T09:30:00.000Z;Wannweil;RB;RB 63;63;22859;8006203;8006203%2021-12-16T09:30:00.000Z%,8003272,8005918,8000141,8005916,8006003,8006002,8004778,8001802,8070591,8070604,8002785,;426
2021-12-16T09:53:00.000Z;Wannweil;RB;RB 63;63;22808;8006203;8006203%2021-12-16T09:53:00.000Z%,8005053,8005052,8000314,8005054,8004009,8070678,8001422,8070679,8001424,8001426,8070680,8006027,8006029,;426
2021-12-16T10:05:00.000Z;Wannweil;RB;RB 63;63;22813;8006203;8006203%2021-12-16T10:05:00.000Z%,8003272,8005918,8000141,8005916,8006003,8006002,8004778,8001802,8070591,8070604,8002785,;426
2021-12-16T10:25:00.000Z;Wannweil;RB;RB 63;63;22860;8006203;8006203%2021-12-16T10:25:00.000Z%,8005053,8005052,8000314,;426
2021-12-16T10:30:00.000Z;Wannweil;RB;RB 63;63;22863;8006203;8006203%2021-12-16T10:30:00.000Z%,8003272,8005918,8000141,8005916,8006003,8006002,8004778,8001802,8070591,8070604,8002785,;426
2021-12-16T10:53:00.000Z;Wannweil;RB;RB 63;63;22812;8006203;8006203%2021-12-16T10:53:00.000Z%,8005053,8005052,8000314,8005054,8004009,8070678,8001422,8070679,8001424,8001426,8070680,8006027,8006029,;426
2021-12-16T11:05:00.000Z;Wannweil;RB;RB 63;63;22817;8006203;8006203%2021-12-16T11:05:00.000Z%,8003272,8005918,8000141,8005916,8006003,8006002,8004778,8001802,8070591,8070604,8002785,;426
2021-12-16T11:25:00.000Z;Wannweil;RB;RB 63;63;22858;8006203;8006203%2021-12-16T11:25:00.000Z%,8005053,8005052,8000314,;426
2021-12-16T11:30:00.000Z;Wannweil;RB;RB 63;63;22799;8006203;8006203%2021-12-16T11:30:00.000Z%,8003272,8005918,8000141,8005916,8006003,8006002,8004778,8001802,8070591,8070604,8002785,;426
2021-12-16T11:53:00.000Z;Wannweil;RB;RB 63;63;22892;8006203;8006203%2021-12-16T11:53:00.000Z%,8005053,8005052,8000314,8005054,8004009,8070678,8001422,8070679,8001424,8001426,8070680,8006027,8006029,;426
2021-12-16T12:05:00.000Z;Wannweil;RB;RB 63;63;22889;8006203;8006203%2021-12-16T12:05:00.000Z%,8003272,8005918,8000141,8005916,8006003,8006002,8004778,8001802,8070591,8070604,8002785,;426
2021-12-16T12:25:00.000Z;Wannweil;RB;RB 63;63;22864;8006203;8006203%2021-12-16T12:25:00.000Z%,8005053,8005052,8000314,;426
2021-12-16T12:30:00.000Z;Wannweil;RB;RB 63;63;22865;8006203;8006203%2021-12-16T12:30:00.000Z%,8003272,8005918,8000141,8005916,8006003,8006002,8004778,8001802,8070591,8070604,8002785,;426
2021-12-16T12:53:00.000Z;Wannweil;RB;RB 63;63;22820;8006203;8006203%2021-12-16T12:53:00.000Z%,8005053,8005052,8000314,8005054,8004009,8070678,8001422,8070679,8001424,8001426,8070680,8006027,8006029,;426
2021-12-16T13:05:00.000Z;Wannweil;RB;RB 63;63;22825;8006203;8006203%2021-12-16T13:05:00.000Z%,8003272,8005918,8000141,8005916,8006003,8006002,8004778,8001802,8070591,8070604,8002785,;426
2021-12-16T13:25:00.000Z;Wannweil;RB;RB 63;63;22866;8006203;8006203%2021-12-16T13:25:00.000Z%,8005053,8005052,8000314,;426
2021-12-16T13:30:00.000Z;Wannweil;RB;RB 63;63;22867;8006203;8006203%2021-12-16T13:30:00.000Z%,8003272,8005918,8000141,8005916,8006003,8006002,8004778,8001802,8070591,8070604,8002785,;426
2021-12-16T13:53:00.000Z;Wannweil;RB;RB 63;63;22894;8006203;8006203%2021-12-16T13:53:00.000Z%,8005053,8005052,8000314,8005054,8004009,8070678,8001422,8070679,8001424,8001426,8070680,8006027,8006029,;426
2021-12-16T14:05:00.000Z;Wannweil;RB;RB 63;63;22893;8006203;8006203%2021-12-16T14:05:00.000Z%,8003272,8005918,8000141,8005916,8006003,8006002,8004778,8001802,8070591,8070604,8002785,;426
2021-12-16T14:25:00.000Z;Wannweil;RB;RB 63;63;22868;8006203;8006203%2021-12-16T14:25:00.000Z%,8005053,8005052,8000314,;426
2021-12-16T14:30:00.000Z;Wannweil;RB;RB 63;63;22869;8006203;8006203%2021-12-16T14:30:00.000Z%,8003272,8005918,8000141,8005916,8006003,8006002,8004778,8001802,8070591,8070604,8002785,;426
2021-12-16T14:53:00.000Z;Wannweil;RB;RB 63;63;22896;8006203;8006203%2021-12-16T14:53:00.000Z%,8005053,8005052,8000314,8005054,8004009,8070678,8001422,8070679,8001424,8001426,8070680,8006027,8006029,;426
2021-12-16T15:05:00.000Z;Wannweil;RB;RB 63;63;22895;8006203;8006203%2021-12-16T15:05:00.000Z%,8003272,8005918,8000141,8005916,8006003,8006002,8004778,8001802,8070591,8070604,8002785,;426
2021-12-16T15:25:00.000Z;Wannweil;RB;RB 63;63;22870;8006203;8006203%2021-12-16T15:25:00.000Z%,8005053,8005052,8000314,;426
2021-12-16T15:30:00.000Z;Wannweil;RB;RB 63;63;22871;8006203;8006203%2021-12-16T15:30:00.000Z%,8003272,8005918,8000141,8005916,8006003,8006002,8004778,8001802,8070591,8070604,8002785,;426
2021-12-16T15:53:00.000Z;Wannweil;RB;RB 63;63;22898;8006203;8006203%2021-12-16T15:53:00.000Z%,8005053,8005052,8000314,8005054,8004009,8070678,8001422,8070679,8001424,8001426,8070680,8006027,8006029,;426
2021-12-16T16:05:00.000Z;Wannweil;RB;RB 63;63;22897;8006203;8006203%2021-12-16T16:05:00.000Z%,8003272,8005918,8000141,8005916,8006003,8006002,8004778,8001802,8070591,8070604,8002785,;426
2021-12-16T16:25:00.000Z;Wannweil;RB;RB 63;63;22872;8006203;8006203%2021-12-16T16:25:00.000Z%,8005053,8005052,8000314,;426
2021-12-16T16:34:00.000Z;Wannweil;RB;RB 63;63;22873;8006203;8006203%2021-12-16T16:34:00.000Z%,8003272,8005918,8000141,8005916,8006003,8006002,8004778,8001802,8070591,8070604,8002785,;426
2021-12-16T16:53:00.000Z;Wannweil;RB;RB 63;63;22796;8006203;8006203%2021-12-16T16:53:00.000Z%,8005053,8005052,8000314,8005054,8004009,8070678,8001422,8070679,8001424,8001426,8070680,8006027,8006029,;426
2021-12-16T17:05:00.000Z;Wannweil;RB;RB 63;63;22899;8006203;8006203%2021-12-16T17:05:00.000Z%,8003272,8005918,8000141,8005916,8006003,8006002,8004778,8001802,8070591,8070604,8002785,;426
2021-12-16T17:25:00.000Z;Wannweil;RB;RB 63;63;22874;8006203;8006203%2021-12-16T17:25:00.000Z%,8005053,8005052,8000314,;426
2021-12-16T17:30:00.000Z;Wannweil;RB;RB 63;63;22875;8006203;8006203%2021-12-16T17:30:00.000Z%,8003272,8005918,8000141,8005916,8006003,8006002,8004778,8001802,8070591,8070604,8002785,;426
2021-12-16T17:53:00.000Z;Wannweil;RB;RB 63;63;22798;8006203;8006203%2021-12-16T17:53:00.000Z%,8005053,8005052,8000314,8005054,8004009,8070678,8001422,8070679,8001424,8001426,8070680,8006027,8006029,;426
2021-12-16T18:05:00.000Z;Wannweil;RB;RB 63;63;22797;8006203;8006203%2021-12-16T18:05:00.000Z%,8003272,8005918,8000141,8005916,8006003,8006002,8004778,8001802,8070591,8070604,8002785,;426
2021-12-16T18:25:00.000Z;Wannweil;RB;RB 63;63;22876;8006203;8006203%2021-12-16T18:25:00.000Z%,8005053,8005052,8000314,;426
2021-12-16T18:30:00.000Z;Wannweil;RB;RB 63;63;22877;8006203;8006203%2021-12-16T18:30:00.000Z%,8003272,8005918,8000141,8005916,8006003,8006002,8004778,8001802,8070591,8070604,8002785,;426
2021-12-16T18:53:00.000Z;Wannweil;RB;RB 63;63;22836;8006203;8006203%2021-12-16T18:53:00.000Z%,8005053,8005052,8000314,8005054,8004009,8070678,8001422,8070679,8001424,8001426,8070680,8006027,8006029,;426
2021-12-16T19:05:00.000Z;Wannweil;RB;RB 63;63;22843;8006203;8006203%2021-12-16T19:05:00.000Z%,8003272,8005918,8000141,8005916,8006003,8006002,8004778,8001802,8070591,8070604,8002785,;426
2021-12-16T19:25:00.000Z;Wannweil;RB;RB 63;63;22878;8006203;8006203%2021-12-16T19:25:00.000Z%,8005053,8005052,8000314,;426
2021-12-16T19:30:00.000Z;Wannweil;RB;RB 63;63;22879;8006203;8006203%2021-12-16T19:30:00.000Z%,8003272,8005918,8000141,8005916,8006003,8006002,8004778,8001802,8070591,8070604,8002785,;426
2021-12-16T19:53:00.000Z;Wannweil;RB;RB 63;63;22840;8006203;8006203%2021-12-16T19:53:00.000Z%,8005053,8005052,8000314,8005054,8004009,;426
2021-12-16T20:05:00.000Z;Wannweil;RB;RB 63;63;22887;8006203;8006203%2021-12-16T20:05:00.000Z%,8003272,8005918,8000141,8005916,8006003,8006002,8004778,8001802,8070591,8070604,8002786,8002785,;426
2021-12-15T20:42:00.000Z;Warthausen;RB;RB RS21;RS21;17362;8006212;8006212%2021-12-15T20:42:00.000Z%0,8005334,8003591,8003592,8001820,8005954,8000170,;426
2021-12-15T21:14:00.000Z;Warthausen;RB;RB RS21;RS21;17363;8006212;8006212%2021-12-15T21:15:00.000Z%1,8000943,8000944,8000746,8000014,;426
2021-12-15T23:02:00.000Z;Warthausen;RE;RE 5;5;17399;8006212;8006212%2021-12-15T23:02:00.000Z%,8000943,8000746,8000014,8004965,8003930,8000112,;602
2021-12-16T03:57:00.000Z;Warthausen;RB;RB RS21;RS21;17302;8006212;8006212%2021-12-16T03:57:00.000Z%,8005334,8003591,8003592,8001820,8005954,8000170,;426
2021-12-16T04:13:00.000Z;Warthausen;RB;RB RS21;RS21;17301;8006212;8006212%2021-12-16T04:13:00.000Z%,8000943,;426
2021-12-16T04:27:00.000Z;Warthausen;RB;RB RS21;RS21;17304;8006212;8006212%2021-12-16T04:27:00.000Z%,8005334,8003591,8003592,8001820,8005954,8000170,;426
2021-12-16T05:12:00.000Z;Warthausen;RE;RE 5;5;17392;8006212;8006212%2021-12-16T05:12:00.000Z%,8005334,8003592,8001820,8005954,8000170,;602
2021-12-16T05:18:00.000Z;Warthausen;RB;RB RS21;RS21;17307;8006212;8006212%2021-12-16T05:18:00.000Z%,8000943,8000944,;426
2021-12-16T05:40:00.000Z;Warthausen;RB;RB RS21;RS21;17308;8006212;8006212%2021-12-16T05:40:00.000Z%,8005334,8003591,8003592,8001820,8005954,8000170,;426
2021-12-16T05:58:00.000Z;Warthausen;RB;RB RS2;RS2;17310;8006212;8006212%2021-12-16T05:58:00.000Z%,8005334,8003592,8001820,8005954,8000170,;426
2021-12-16T06:04:00.000Z;Warthausen;RB;RB RS21;RS21;17311;8006212;8006212%2021-12-16T06:04:00.000Z%,8000943,8000944,;426
2021-12-16T06:37:00.000Z;Warthausen;RB;RB RS21;RS21;17314;8006212;8006212%2021-12-16T06:37:00.000Z%,8005334,8003591,8003592,8001820,8005954,8000170,;426
2021-12-16T07:10:00.000Z;Warthausen;RB;RB RS21;RS21;17317;8006212;8006212%2021-12-16T07:10:00.000Z%,8000943,8000944,;426
2021-12-16T07:12:00.000Z;Warthausen;RB;RB 51;51;17801;8006212;8006212%2021-12-16T07:12:00.000Z%,8005334,8003592,8001820,8005954,8000170,;426
2021-12-16T07:27:00.000Z;Warthausen;RB;RB RS2;RS2;17321;8006212;8006212%2021-12-16T07:27:00.000Z%,8000943,8000944,;426
2021-12-16T07:42:00.000Z;Warthausen;RB;RB RS21;RS21;17318;8006212;8006212%2021-12-16T07:42:00.000Z%,8005334,8003591,8003592,8001820,8005954,8000170,;426
2021-12-16T08:13:00.000Z;Warthausen;RB;RB RS21;RS21;17320;8006212;8006212%2021-12-16T08:13:00.000Z%,8005334,8003592,8001820,8005954,8000170,;426
2021-12-16T08:14:00.000Z;Warthausen;RB;RB RS21;RS21;17323;8006212;8006212%2021-12-16T08:14:00.000Z%,8000943,8000944,;426
2021-12-16T08:42:00.000Z;Warthausen;RB;RB RS21;RS21;17322;8006212;8006212%2021-12-16T08:42:00.000Z%,8005334,8003591,8003592,8001820,8005954,8000170,;426
2021-12-16T09:14:00.000Z;Warthausen;RB;RB RS21;RS21;17325;8006212;8006212%2021-12-16T09:14:00.000Z%,8000943,8000944,;426
2021-12-16T09:42:00.000Z;Warthausen;RB;RB RS21;RS21;17324;8006212;8006212%2021-12-16T09:42:00.000Z%,8005334,8003591,8003592,8001820,8005954,8000170,;426
2021-12-16T10:14:00.000Z;Warthausen;RB;RB RS21;RS21;17327;8006212;8006212%2021-12-16T10:14:00.000Z%,8000943,8000944,;426
2021-12-16T10:32:00.000Z;Warthausen;RB;RB RS2;RS2;17329;8006212;8006212%2021-12-16T10:32:00.000Z%,8000943,8000944,;426
2021-12-16T10:42:00.000Z;Warthausen;RB;RB RS21;RS21;17326;8006212;8006212%2021-12-16T10:42:00.000Z%,8005334,8003591,8003592,8001820,8005954,8000170,;426
2021-12-16T11:13:00.000Z;Warthausen;RB;RB RS2;RS2;17328;8006212;8006212%2021-12-16T11:13:00.000Z%,8005334,8003592,8001820,8005954,8000170,;426
2021-12-16T11:14:00.000Z;Warthausen;RB;RB RS21;RS21;17331;8006212;8006212%2021-12-16T11:14:00.000Z%,8000943,8000944,;426
2021-12-16T11:51:00.000Z;Warthausen;RB;RB RS21;RS21;17332;8006212;8006212%2021-12-16T11:51:00.000Z%,8005334,8003591,8003592,8001820,8005954,8000170,;426
2021-12-16T12:17:00.000Z;Warthausen;RB;RB RS21;RS21;17333;8006212;8006212%2021-12-16T12:17:00.000Z%,8000943,8000944,;426
2021-12-16T12:40:00.000Z;Warthausen;RB;RB RS21;RS21;17334;8006212;8006212%2021-12-16T12:40:00.000Z%,8005334,8003591,8003592,8001820,8005954,8000170,;426
2021-12-16T12:48:00.000Z;Warthausen;RB;RB RS2;RS2;17335;8006212;8006212%2021-12-16T12:48:00.000Z%,8000943,;426
2021-12-16T13:03:00.000Z;Warthausen;RB;RB RS21;RS21;17336;8006212;8006212%2021-12-16T13:03:00.000Z%,8005334,8003591,8003592,;426
2021-12-16T13:15:00.000Z;Warthausen;RB;RB RS21;RS21;17337;8006212;8006212%2021-12-16T13:15:00.000Z%,8000943,8000944,;426
2021-12-16T13:42:00.000Z;Warthausen;RB;RB RS21;RS21;17338;8006212;8006212%2021-12-16T13:42:00.000Z%,8005334,8003591,8003592,8001820,8005954,8000170,;426
2021-12-16T13:55:00.000Z;Warthausen;RB;RB RS21;RS21;17339;8006212;8006212%2021-12-16T13:55:00.000Z%,8000943,8000944,;426
2021-12-16T14:13:00.000Z;Warthausen;RB;RB RS2;RS2;17340;8006212;8006212%2021-12-16T14:13:00.000Z%,8005334,8003592,8001820,8005954,8000170,;426
2021-12-16T14:15:00.000Z;Warthausen;RB;RB RS21;RS21;17341;8006212;8006212%2021-12-16T14:15:00.000Z%,8000943,8000944,;426
2021-12-16T14:27:00.000Z;Warthausen;RB;RB 51;51;17810;8006212;8006212%2021-12-16T14:27:00.000Z%,8000943,8000944,8000746,8000014,8000559,8005301,8002760,8000160,8003969,8005568,8000069,;426
2021-12-16T14:42:00.000Z;Warthausen;RB;RB RS21;RS21;17342;8006212;8006212%2021-12-16T14:42:00.000Z%,8005334,8003591,8003592,8001820,8005954,8000170,;426
2021-12-16T15:15:00.000Z;Warthausen;RB;RB RS21;RS21;17343;8006212;8006212%2021-12-16T15:15:00.000Z%,8000943,8000944,;426
2021-12-16T15:28:00.000Z;Warthausen;RB;RB 51;51;17811;8006212;8006212%2021-12-16T15:28:00.000Z%,8005334,8003592,8001820,8005954,8000170,;426
2021-12-16T15:32:00.000Z;Warthausen;RB;RB RS2;RS2;17345;8006212;8006212%2021-12-16T15:32:00.000Z%,8000943,8000944,;426
2021-12-16T15:42:00.000Z;Warthausen;RB;RB RS21;RS21;17346;8006212;8006212%2021-12-16T15:42:00.000Z%,8005334,8003591,8003592,8001820,8005954,8000170,;426
2021-12-16T16:13:00.000Z;Warthausen;RB;RB RS2;RS2;17348;8006212;8006212%2021-12-16T16:13:00.000Z%,8005334,8003592,8001820,8005954,8000170,;426
2021-12-16T16:15:00.000Z;Warthausen;RB;RB RS21;RS21;17347;8006212;8006212%2021-12-16T16:15:00.000Z%,8000943,8000944,;426
2021-12-16T16:28:00.000Z;Warthausen;RB;RB 51;51;17814;8006212;8006212%2021-12-16T16:28:00.000Z%,8000943,8000944,8000746,8000014,8000559,8005301,8002760,8000160,8003969,8005568,8000069,;426
2021-12-16T16:42:00.000Z;Warthausen;RB;RB RS21;RS21;17350;8006212;8006212%2021-12-16T16:42:00.000Z%,8005334,8003591,8003592,8001820,8005954,8000170,;426
2021-12-16T17:15:00.000Z;Warthausen;RB;RB RS21;RS21;17349;8006212;8006212%2021-12-16T17:15:00.000Z%,8000943,8000944,;426
2021-12-16T17:37:00.000Z;Warthausen;RB;RB RS21;RS21;17354;8006212;8006212%2021-12-16T17:37:00.000Z%,8005334,8003591,8003592,8001820,8005954,8000170,;426
2021-12-16T18:15:00.000Z;Warthausen;RB;RB RS21;RS21;17353;8006212;8006212%2021-12-16T18:15:00.000Z%,8000943,8000944,;426
2021-12-16T18:42:00.000Z;Warthausen;RB;RB RS21;RS21;17358;8006212;8006212%2021-12-16T18:42:00.000Z%,8005334,8003591,8003592,8001820,8005954,8000170,;426
2021-12-15T20:10:00.000Z;Wasserburg(Bodensee);RE;RE 5;5;4236;8006218;8006218%2021-12-15T20:22:00.000Z%12,8004446,8003432,8003524,8000112,8003930,8004965,8000014,8000746,8000943,8003592,8000170,;602
2021-12-15T20:48:00.000Z;Wasserburg(Bodensee);RB;RB 93;93;17741;8006218;8006218%2021-12-15T20:53:00.000Z%5,8001806,8003692,8003693,;426
2021-12-15T21:10:00.000Z;Wasserburg(Bodensee);RB;RB 93;93;17378;8006218;8006218%2021-12-15T21:10:00.000Z%,8004446,8003432,8003524,8001838,8000112,8003930,8004965,8000014,8000746,8000943,8005334,8003592,8001820,8000170,;426
2021-12-15T21:16:00.000Z;Wasserburg(Bodensee);RB;RB 93;93;17393;8006218;8006218%2021-12-15T21:16:00.000Z%,8001806,8003692,8003693,;426
2021-12-15T21:51:00.000Z;Wasserburg(Bodensee);RE;RE 5;5;4233;8006218;8006218%2021-12-15T21:52:00.000Z%1,8003693,;602
2021-12-15T22:50:00.000Z;Wasserburg(Bodensee);RE;RE 5;5;4235;8006218;8006218%2021-12-15T22:52:00.000Z%2,8001806,8003692,8003693,;602
2021-12-15T22:57:00.000Z;Wasserburg(Bodensee);RB;RB 93;93;17742;8006218;8006218%2021-12-15T22:57:00.000Z%,8004446,8003432,8003524,8001838,8002030,8000112,;426
2021-12-16T03:58:00.000Z;Wasserburg(Bodensee);RE;RE 5;5;17392;8006218;8006218%2021-12-16T03:58:00.000Z%,8004446,8003432,8003524,8001838,8002030,8000112,8003930,8004965,8000014,8000746,8000944,8000943,8006212,8005334,8003592,8001820,8005954,8000170,;602
2021-12-16T04:38:00.000Z;Wasserburg(Bodensee);RB;RB 93;93;17701;8006218;8006218%2021-12-16T04:38:00.000Z%,8001806,8003692,8000230,;426
2021-12-16T05:06:00.000Z;Wasserburg(Bodensee);RE;RE 5;5;4206;8006218;8006218%2021-12-16T05:06:00.000Z%,8004446,8003432,8003524,8000112,8003930,8004965,8000014,8000746,8000944,8000943,8005334,8003592,8000170,8002218,8000127,8000302,8001920,8000096,;602
2021-12-16T05:24:00.000Z;Wasserburg(Bodensee);RB;RB 93;93;17700;8006218;8006218%2021-12-16T05:24:00.000Z%,8004446,8003432,8003524,8001838,8002030,8000112,8004965,8000014,8000943,8003592,8000170,;426
2021-12-16T05:44:00.000Z;Wasserburg(Bodensee);RE;RE 5;5;4801;8006218;8006218%2021-12-16T05:44:00.000Z%,8001806,8003692,8000230,;602
2021-12-16T06:07:00.000Z;Wasserburg(Bodensee);RE;RE 5;5;4208;8006218;8006218%2021-12-16T06:07:00.000Z%,8004446,8003432,8003524,8001838,8000112,8003930,8004965,8000014,8000746,8000943,8003592,8000170,8002218,8000127,8000302,8001920,8000096,;602
2021-12-16T06:15:00.000Z;Wasserburg(Bodensee);RB;RB 93;93;17702;8006218;8006218%2021-12-16T06:15:00.000Z%,8004446,8003432,8003524,8001838,8002030,8000112,;426
2021-12-16T06:21:00.000Z;Wasserburg(Bodensee);RE;RE 5;5;17705;8006218;8006218%2021-12-16T06:21:00.000Z%,8001806,8003692,8000230,;602
2021-12-16T06:43:00.000Z;Wasserburg(Bodensee);RB;RB 93;93;17704;8006218;8006218%2021-12-16T06:43:00.000Z%,8004446,8003432,8003524,8001838,8000112,8002110,;426
2021-12-16T06:48:00.000Z;Wasserburg(Bodensee);RE;RE 5;5;4201;8006218;8006218%2021-12-16T06:48:00.000Z%,8003693,;602
2021-12-16T07:06:00.000Z;Wasserburg(Bodensee);RB;RB 93;93;17707;8006218;8006218%2021-12-16T07:06:00.000Z%,8001806,8003692,8000230,;426
2021-12-16T07:29:00.000Z;Wasserburg(Bodensee);RB;RB 93;93;17708;8006218;8006218%2021-12-16T07:29:00.000Z%,8004446,8003432,8003524,8001838,8002030,8000112,8004965,8000014,8000943,8000170,;426
2021-12-16T07:35:00.000Z;Wasserburg(Bodensee);RB;RB 93;93;17709;8006218;8006218%2021-12-16T07:35:00.000Z%,8001806,8003692,8000230,;426
2021-12-16T07:48:00.000Z;Wasserburg(Bodensee);RE;RE 5;5;4205;8006218;8006218%2021-12-16T07:48:00.000Z%,8003693,;602
2021-12-16T08:10:00.000Z;Wasserburg(Bodensee);RE;RE 5;5;4212;8006218;8006218%2021-12-16T08:10:00.000Z%,8003432,8000112,8003930,8004965,8000014,8000746,8000943,8003592,8000170,8002218,8000127,8000302,8001920,8000096,;602
2021-12-16T08:27:00.000Z;Wasserburg(Bodensee);RB;RB 93;93;17710;8006218;8006218%2021-12-16T08:27:00.000Z%,8004446,8003432,8003524,8001838,8002030,8000112,;426
2021-12-16T08:33:00.000Z;Wasserburg(Bodensee);RB;RB 93;93;17711;8006218;8006218%2021-12-16T08:33:00.000Z%,8001806,8003692,8000230,;426
2021-12-16T09:19:00.000Z;Wasserburg(Bodensee);RB;RB 93;93;17713;8006218;8006218%2021-12-16T09:19:00.000Z%,8003692,8000230,;426
2021-12-16T09:35:00.000Z;Wasserburg(Bodensee);RB;RB 93;93;17712;8006218;8006218%2021-12-16T09:35:00.000Z%,8004446,8003432,8003524,8001838,8002030,8000112,8004965,8000014,8000943,8000170,;426
2021-12-16T09:48:00.000Z;Wasserburg(Bodensee);RE;RE 5;5;4209;8006218;8006218%2021-12-16T09:48:00.000Z%,8003693,;602
2021-12-16T10:10:00.000Z;Wasserburg(Bodensee);RE;RE 5;5;4216;8006218;8006218%2021-12-16T10:10:00.000Z%,8003432,8000112,8003930,8004965,8000014,8000746,8000943,8003592,8000170,8002218,8000127,8000302,8001920,8000096,;602
2021-12-16T10:27:00.000Z;Wasserburg(Bodensee);RB;RB 93;93;17714;8006218;8006218%2021-12-16T10:27:00.000Z%,8004446,8003432,8003524,8001838,8002030,8000112,;426
2021-12-16T10:33:00.000Z;Wasserburg(Bodensee);RB;RB 93;93;17715;8006218;8006218%2021-12-16T10:33:00.000Z%,8001806,8003692,8000230,;426
2021-12-16T11:27:00.000Z;Wasserburg(Bodensee);RB;RB 93;93;17716;8006218;8006218%2021-12-16T11:27:00.000Z%,8004446,8003432,8003524,8001838,8002030,8000112,8003930,8004965,8000014,8000746,8000943,8003592,8000170,;426
2021-12-16T11:33:00.000Z;Wasserburg(Bodensee);RB;RB 93;93;17717;8006218;8006218%2021-12-16T11:33:00.000Z%,8001806,8003692,8000230,;426
2021-12-16T11:48:00.000Z;Wasserburg(Bodensee);RE;RE 5;5;4213;8006218;8006218%2021-12-16T11:48:00.000Z%,8003693,;602
2021-12-16T12:10:00.000Z;Wasserburg(Bodensee);RE;RE 5;5;4220;8006218;8006218%2021-12-16T12:10:00.000Z%,8003432,8000112,8003930,8004965,8000014,8000746,8000943,8003592,8000170,8002218,8000127,8000302,8001920,8000096,;602
2021-12-16T12:27:00.000Z;Wasserburg(Bodensee);RB;RB 93;93;17720;8006218;8006218%2021-12-16T12:27:00.000Z%,8004446,8003432,8003524,8001838,8002030,8000112,8004965,8000014,8000943,8000170,;426
2021-12-16T12:33:00.000Z;Wasserburg(Bodensee);RB;RB 93;93;17743;8006218;8006218%2021-12-16T12:33:00.000Z%,8001806,8003692,8000230,;426
2021-12-16T13:27:00.000Z;Wasserburg(Bodensee);RB;RB 93;93;17724;8006218;8006218%2021-12-16T13:27:00.000Z%,8004446,8003432,8003524,8001838,8002030,8000112,;426
2021-12-16T13:33:00.000Z;Wasserburg(Bodensee);RB;RB 93;93;17725;8006218;8006218%2021-12-16T13:33:00.000Z%,8001806,8003692,8000230,;426
2021-12-16T13:48:00.000Z;Wasserburg(Bodensee);RE;RE 5;5;4217;8006218;8006218%2021-12-16T13:48:00.000Z%,8003693,;602
2021-12-16T14:10:00.000Z;Wasserburg(Bodensee);RE;RE 5;5;4224;8006218;8006218%2021-12-16T14:10:00.000Z%,8003432,8000112,8003930,8004965,8000014,8000746,8000943,8003592,8000170,8002218,8000127,8000302,8001920,8000096,;602
2021-12-16T14:27:00.000Z;Wasserburg(Bodensee);RB;RB 93;93;17728;8006218;8006218%2021-12-16T14:27:00.000Z%,8004446,8003432,8003524,8001838,8002030,8000112,8004965,8000014,8000943,8000170,;426
2021-12-16T14:33:00.000Z;Wasserburg(Bodensee);RB;RB 93;93;17729;8006218;8006218%2021-12-16T14:33:00.000Z%,8001806,8003692,8000230,;426
2021-12-16T15:27:00.000Z;Wasserburg(Bodensee);RB;RB 93;93;17730;8006218;8006218%2021-12-16T15:27:00.000Z%,8004446,8003432,8003524,8001838,8002030,8000112,8003733,8004965,8000014,8000943,8000170,;426
2021-12-16T15:33:00.000Z;Wasserburg(Bodensee);RB;RB 93;93;17731;8006218;8006218%2021-12-16T15:33:00.000Z%,8001806,8003692,8000230,;426
2021-12-16T15:48:00.000Z;Wasserburg(Bodensee);RE;RE 5;5;4221;8006218;8006218%2021-12-16T15:48:00.000Z%,8003693,;602
2021-12-16T16:10:00.000Z;Wasserburg(Bodensee);RE;RE 5;5;4228;8006218;8006218%2021-12-16T16:10:00.000Z%,8003432,8000112,8003930,8004965,8000014,8000746,8000943,8003592,8000170,8002218,8000127,8000302,8001920,8000096,;602
2021-12-16T16:20:00.000Z;Wasserburg(Bodensee);RB;RB 93;93;17733;8006218;8006218%2021-12-16T16:20:00.000Z%,8001806,8003692,8000230,;426
2021-12-16T16:29:00.000Z;Wasserburg(Bodensee);RB;RB 93;93;17732;8006218;8006218%2021-12-16T16:29:00.000Z%,8004446,8003432,8003524,8001838,8002030,8000112,8004965,8000014,8000943,8000170,;426
2021-12-16T17:27:00.000Z;Wasserburg(Bodensee);RB;RB 93;93;17734;8006218;8006218%2021-12-16T17:27:00.000Z%,8004446,8003432,8003524,8001838,8002030,8000112,;426
2021-12-16T17:33:00.000Z;Wasserburg(Bodensee);RB;RB 93;93;17735;8006218;8006218%2021-12-16T17:33:00.000Z%,8001806,8003692,8000230,;426
2021-12-16T17:48:00.000Z;Wasserburg(Bodensee);RE;RE 5;5;4225;8006218;8006218%2021-12-16T17:48:00.000Z%,8003693,;602
2021-12-16T18:10:00.000Z;Wasserburg(Bodensee);RE;RE 5;5;4232;8006218;8006218%2021-12-16T18:10:00.000Z%,8003432,8000112,8003930,8004965,8000014,8000746,8000943,8003592,8000170,8002218,8000127,8000302,8001920,8000096,;602
2021-12-16T18:27:00.000Z;Wasserburg(Bodensee);RB;RB 93;93;17736;8006218;8006218%2021-12-16T18:27:00.000Z%,8004446,8003432,8003524,8001838,8002030,8000112,8004965,8000014,8000943,8000170,;426
2021-12-16T18:33:00.000Z;Wasserburg(Bodensee);RB;RB 93;93;17737;8006218;8006218%2021-12-16T18:33:00.000Z%,8001806,8003692,8000230,;426
2021-12-16T19:27:00.000Z;Wasserburg(Bodensee);RB;RB 93;93;17738;8006218;8006218%2021-12-16T19:27:00.000Z%,8004446,8003432,8003524,8001838,8002030,8000112,;426
2021-12-16T19:33:00.000Z;Wasserburg(Bodensee);RB;RB 93;93;17739;8006218;8006218%2021-12-16T19:33:00.000Z%,8001806,8003692,8000230,;426
2021-12-16T19:48:00.000Z;Wasserburg(Bodensee);RE;RE 5;5;4229;8006218;8006218%2021-12-16T19:48:00.000Z%,8003693,;602
2021-12-15T20:27:00.000Z;Wasserburg(Günz);RB;RB 78;78;57744;8006219;8006219%2021-12-15T20:27:00.000Z%0,8000139,;426
2021-12-15T21:49:00.000Z;Wasserburg(Günz);RB;RB 78;78;57741;8006219;8006219%2021-12-15T21:49:00.000Z%,8003326,8002881,8003038,8001752,8004256,8002856,8000969,8003457,;426
2021-12-16T04:30:00.000Z;Wasserburg(Günz);RB;RB 78;78;57732;8006219;8006219%2021-12-16T04:30:00.000Z%,8000139,;426
2021-12-16T05:01:00.000Z;Wasserburg(Günz);RB;RB 78;78;57701;8006219;8006219%2021-12-16T05:01:00.000Z%,8003326,8002881,8003038,8001752,8004256,8002856,8000969,8003457,8001179,8004401,8000482,8002651,8003749,8001147,8006279,8004780,8002664,8004207,8000338,;426
2021-12-16T05:24:00.000Z;Wasserburg(Günz);RB;RB 78;78;57736;8006219;8006219%2021-12-16T05:24:00.000Z%,8000139,;426
2021-12-16T05:49:00.000Z;Wasserburg(Günz);RB;RB 78;78;57733;8006219;8006219%2021-12-16T05:49:00.000Z%,8003326,8002881,8003038,8001752,8004256,8002856,8000969,8003457,8001179,;426
2021-12-16T06:11:00.000Z;Wasserburg(Günz);RB;RB 78;78;57748;8006219;8006219%2021-12-16T06:11:00.000Z%,8000139,8006730,8000170,;426
2021-12-16T06:59:00.000Z;Wasserburg(Günz);RB;RB 78;78;57702;8006219;8006219%2021-12-16T06:59:00.000Z%,8000139,;426
2021-12-16T07:37:00.000Z;Wasserburg(Günz);RB;RB 78;78;57717;8006219;8006219%2021-12-16T07:37:00.000Z%,8003326,8002881,8003038,8001752,8004256,8002856,8000969,8003457,;426
2021-12-16T07:59:00.000Z;Wasserburg(Günz);RB;RB 78;78;57680;8006219;8006219%2021-12-16T07:59:00.000Z%,8000139,;426
2021-12-16T08:39:00.000Z;Wasserburg(Günz);RB;RB 78;78;57705;8006219;8006219%2021-12-16T08:39:00.000Z%,8003326,8002881,8003038,8001752,8004256,8002856,8000969,8003457,8001179,8004401,8000482,8002651,8003749,8001147,8006279,8004780,8002664,8004207,8000338,;426
2021-12-16T09:01:00.000Z;Wasserburg(Günz);RB;RB 78;78;57742;8006219;8006219%2021-12-16T09:01:00.000Z%,8000139,;426
2021-12-16T09:59:00.000Z;Wasserburg(Günz);RB;RB 78;78;57684;8006219;8006219%2021-12-16T09:59:00.000Z%,8000139,;426
2021-12-16T10:23:00.000Z;Wasserburg(Günz);RB;RB 78;78;57793;8006219;8006219%2021-12-16T10:23:00.000Z%,8003326,8002881,8003038,8001752,8004256,8002856,8000969,8003457,;426
2021-12-16T10:49:00.000Z;Wasserburg(Günz);RB;RB 78;78;57709;8006219;8006219%2021-12-16T10:49:00.000Z%,8003326,8002881,8003038,8001752,8004256,8002856,8000969,8003457,8001179,8004401,8000482,8002651,8003749,8001147,8006279,8004780,8002664,8004207,8000338,;426
2021-12-16T12:14:00.000Z;Wasserburg(Günz);RB;RB 78;78;57708;8006219;8006219%2021-12-16T12:14:00.000Z%,8000139,8006730,8000170,;426
2021-12-16T12:28:00.000Z;Wasserburg(Günz);RB;RB 78;78;57715;8006219;8006219%2021-12-16T12:28:00.000Z%,8003326,8002881,8003038,8001752,8004256,8002856,8000969,8003457,8001179,8004401,8000482,8002651,8003749,8001147,8006279,8004780,8002664,8004207,8000338,;426
2021-12-16T12:50:00.000Z;Wasserburg(Günz);RB;RB 78;78;57712;8006219;8006219%2021-12-16T12:50:00.000Z%,8000139,;426
2021-12-16T13:40:00.000Z;Wasserburg(Günz);RB;RB 78;78;57714;8006219;8006219%2021-12-16T13:40:00.000Z%,8000139,;426
2021-12-16T13:54:00.000Z;Wasserburg(Günz);RB;RB 78;78;57745;8006219;8006219%2021-12-16T13:54:00.000Z%,8003326,8002881,8003038,8001752,8004256,8002856,8000969,8003457,8001179,8004401,8000482,8002651,8003749,8001147,8006279,8004780,8002664,8004207,8000338,;426
2021-12-16T14:49:00.000Z;Wasserburg(Günz);RB;RB 78;78;57721;8006219;8006219%2021-12-16T14:49:00.000Z%,8003326,8002881,8003038,8001752,8004256,8002856,8000969,8003457,8001179,8004401,8000482,8002651,8003749,8001147,8006279,8004780,8002664,8004207,8000338,;426
2021-12-16T15:11:00.000Z;Wasserburg(Günz);RB;RB 78;78;57718;8006219;8006219%2021-12-16T15:11:00.000Z%,8000139,;426
2021-12-16T15:49:00.000Z;Wasserburg(Günz);RB;RB 78;78;57723;8006219;8006219%2021-12-16T15:49:00.000Z%,8003326,8002881,8003038,8001752,8004256,8002856,8000969,8003457,8001179,8004401,8000482,8002651,8003749,8001147,8006279,8004780,8002664,8004207,8000338,;426
2021-12-16T16:11:00.000Z;Wasserburg(Günz);RB;RB 78;78;57686;8006219;8006219%2021-12-16T16:11:00.000Z%,8000139,;426
2021-12-16T16:27:00.000Z;Wasserburg(Günz);RB;RB 78;78;57749;8006219;8006219%2021-12-16T16:27:00.000Z%,8003326,8002881,8003038,8001752,8004256,8002856,8000969,8003457,;426
2021-12-16T17:11:00.000Z;Wasserburg(Günz);RB;RB 78;78;57735;8006219;8006219%2021-12-16T17:11:00.000Z%,8003326,8002881,8003038,8001752,8004256,8002856,8000969,8003457,;426
2021-12-16T17:32:00.000Z;Wasserburg(Günz);RB;RB 78;78;57722;8006219;8006219%2021-12-16T17:32:00.000Z%,8000139,;426
2021-12-16T17:54:00.000Z;Wasserburg(Günz);RB;RB 78;78;57727;8006219;8006219%2021-12-16T17:54:00.000Z%,8003326,8002881,8003038,8001752,8004256,8002856,8000969,8003457,8001179,8004401,8000482,8002651,8003749,8001147,8006279,8004780,8002664,8004207,8000338,;426
2021-12-16T18:16:00.000Z;Wasserburg(Günz);RB;RB 78;78;57688;8006219;8006219%2021-12-16T18:16:00.000Z%,8000139,;426
2021-12-16T18:54:00.000Z;Wasserburg(Günz);RB;RB 78;78;57737;8006219;8006219%2021-12-16T18:54:00.000Z%,8003326,8002881,8003038,8001752,8004256,8002856,8000969,8003457,;426
2021-12-16T19:16:00.000Z;Wasserburg(Günz);RB;RB 78;78;57726;8006219;8006219%2021-12-16T19:16:00.000Z%,8000139,;426
2021-12-16T20:06:00.000Z;Wasserburg(Günz);RB;RB 78;78;57739;8006219;8006219%2021-12-16T20:06:00.000Z%,8003326,8002881,8003038,8001752,8004256,8002856,8000969,8003457,;426
2021-12-15T20:22:00.000Z;Weddel(Braunschw);RB;RB 40;40;16439;8006233;8006233%2021-12-15T20:22:00.000Z%0,8005320,8003382,8002080,8000159,8012302,8013248,8010096,8012599,8011415,8012546,8013271,8012490,8012292,8010224,;426
2021-12-15T20:35:00.000Z;Weddel(Braunschw);RB;RB 40;40;16432;8006233;8006233%2021-12-15T20:35:00.000Z%0,8000049,;426
2021-12-15T21:22:00.000Z;Weddel(Braunschw);RB;RB 40;40;16443;8006233;8006233%2021-12-15T21:22:00.000Z%,8005320,8003382,8002080,8000159,8012302,8013248,8010096,8012599,8011415,8012546,8013271,8012490,8012292,8010224,;426
2021-12-15T22:07:00.000Z;Weddel(Braunschw);RB;RB 40;40;16436;8006233;8006233%2021-12-15T22:07:00.000Z%,8000049,;426
2021-12-15T22:52:00.000Z;Weddel(Braunschw);RB;RB 40;40;16445;8006233;8006233%2021-12-15T22:52:00.000Z%,8005320,8003382,8002080,8000159,;426
2021-12-16T04:35:00.000Z;Weddel(Braunschw);RB;RB 40;40;14141;8006233;8006233%2021-12-16T04:35:00.000Z%,8005320,8003382,8002080,8000159,;426
2021-12-16T04:35:00.000Z;Weddel(Braunschw);RB;RB 40;40;16400;8006233;8006233%2021-12-16T04:35:00.000Z%,8000049,;426
2021-12-16T05:22:00.000Z;Weddel(Braunschw);RB;RB 40;40;16409;8006233;8006233%2021-12-16T05:22:00.000Z%,8005320,8003382,8002080,8000159,8012302,8013248,8010096,8012599,8011415,8012546,8013271,8012490,8012292,8010224,8010226,8013455,8010047,8011630,8012381,8011294,;426
2021-12-16T05:39:00.000Z;Weddel(Braunschw);RB;RB 40;40;14140;8006233;8006233%2021-12-16T05:39:00.000Z%,8000049,;426
2021-12-16T05:56:00.000Z;Weddel(Braunschw);RB;RB 40;40;14143;8006233;8006233%2021-12-16T05:56:00.000Z%,8005320,8003382,8002080,8000159,;426
2021-12-16T06:05:00.000Z;Weddel(Braunschw);RB;RB 40;40;16442;8006233;8006233%2021-12-16T06:05:00.000Z%,8000049,;426
2021-12-16T06:22:00.000Z;Weddel(Braunschw);RB;RB 40;40;16411;8006233;8006233%2021-12-16T06:22:00.000Z%,8005320,8003382,8002080,8000159,8012302,8013248,8010096,8012599,8011415,8012546,8013271,8012490,8012292,8010224,8010226,8013455,8010047,8011630,8012381,8011294,;426
2021-12-16T06:35:00.000Z;Weddel(Braunschw);RB;RB 40;40;16404;8006233;8006233%2021-12-16T06:35:00.000Z%,8000049,;426
2021-12-16T07:09:00.000Z;Weddel(Braunschw);RB;RB 40;40;14142;8006233;8006233%2021-12-16T07:09:00.000Z%,8000049,;426
2021-12-16T07:22:00.000Z;Weddel(Braunschw);RB;RB 40;40;16413;8006233;8006233%2021-12-16T07:22:00.000Z%,8005320,8003382,8002080,8000159,8012302,8013248,8010096,8012599,8011415,8012546,8013271,8012490,8012292,8010224,;426
2021-12-16T07:35:00.000Z;Weddel(Braunschw);RB;RB 40;40;16468;8006233;8006233%2021-12-16T07:35:00.000Z%,8000049,;426
2021-12-16T08:22:00.000Z;Weddel(Braunschw);RB;RB 40;40;16415;8006233;8006233%2021-12-16T08:22:00.000Z%,8005320,8003382,8002080,8000159,8012302,8013248,8010096,8012599,8011415,8012546,8013271,8012490,8012292,8010224,8010226,8013455,8010047,8011630,8012381,8011294,;426
2021-12-16T08:35:00.000Z;Weddel(Braunschw);RB;RB 40;40;16408;8006233;8006233%2021-12-16T08:35:00.000Z%,8000049,;426
2021-12-16T09:22:00.000Z;Weddel(Braunschw);RB;RB 40;40;16417;8006233;8006233%2021-12-16T09:22:00.000Z%,8005320,8003382,8002080,8000159,8012302,8013248,8010096,8012599,8011415,8012546,8013271,8012490,8012292,8010224,;426
2021-12-16T09:35:00.000Z;Weddel(Braunschw);RB;RB 40;40;16410;8006233;8006233%2021-12-16T09:35:00.000Z%,8000049,;426
2021-12-16T10:22:00.000Z;Weddel(Braunschw);RB;RB 40;40;16419;8006233;8006233%2021-12-16T10:22:00.000Z%,8005320,8003382,8002080,8000159,8012302,8013248,8010096,8012599,8011415,8012546,8013271,8012490,8012292,8010224,8010226,8013455,8010047,8011630,8012381,8011294,;426
2021-12-16T10:35:00.000Z;Weddel(Braunschw);RB;RB 40;40;16412;8006233;8006233%2021-12-16T10:35:00.000Z%,8000049,;426
2021-12-16T11:22:00.000Z;Weddel(Braunschw);RB;RB 40;40;16421;8006233;8006233%2021-12-16T11:22:00.000Z%,8005320,8003382,8002080,8000159,8012302,8013248,8010096,8012599,8011415,8012546,8013271,8012490,8012292,8010224,8010226,8013455,8010047,8011630,8012381,8011294,;426
2021-12-16T11:35:00.000Z;Weddel(Braunschw);RB;RB 40;40;16414;8006233;8006233%2021-12-16T11:35:00.000Z%,8000049,;426
2021-12-16T12:25:00.000Z;Weddel(Braunschw);RB;RB 40;40;16469;8006233;8006233%2021-12-16T12:25:00.000Z%,8005320,8003382,8002080,8000159,8012302,8013248,8010096,8012599,8011415,8012546,8013271,8012490,8012292,8010224,8010226,8013455,8010047,8011630,8012381,8011294,;426
2021-12-16T12:35:00.000Z;Weddel(Braunschw);RB;RB 40;40;16416;8006233;8006233%2021-12-16T12:35:00.000Z%,8000049,;426
2021-12-16T13:22:00.000Z;Weddel(Braunschw);RB;RB 40;40;16425;8006233;8006233%2021-12-16T13:22:00.000Z%,8005320,8003382,8002080,8000159,8012302,8013248,8010096,8012599,8011415,8012546,8013271,8012490,8012292,8010224,8010226,8013455,8010047,8011630,8012381,8011294,;426
2021-12-16T13:35:00.000Z;Weddel(Braunschw);RB;RB 40;40;16418;8006233;8006233%2021-12-16T13:35:00.000Z%,8000049,;426
2021-12-16T14:22:00.000Z;Weddel(Braunschw);RB;RB 40;40;16427;8006233;8006233%2021-12-16T14:22:00.000Z%,8005320,8003382,8002080,8000159,8012302,8013248,8010096,8012599,8011415,8012546,8013271,8012490,8012292,8010224,8010226,8013455,8010047,8011630,8012381,8011294,;426
2021-12-16T14:35:00.000Z;Weddel(Braunschw);RB;RB 40;40;16420;8006233;8006233%2021-12-16T14:35:00.000Z%,8000049,;426
2021-12-16T14:56:00.000Z;Weddel(Braunschw);RB;RB 40;40;14147;8006233;8006233%2021-12-16T14:56:00.000Z%,8005320,8003382,8002080,8000159,;426
2021-12-16T15:22:00.000Z;Weddel(Braunschw);RB;RB 40;40;16429;8006233;8006233%2021-12-16T15:22:00.000Z%,8005320,8003382,8002080,8000159,8012302,8013248,8010096,8012599,8011415,8012546,8013271,8012490,8012292,8010224,8010226,8013455,8010047,8011630,8012381,8011294,;426
2021-12-16T15:35:00.000Z;Weddel(Braunschw);RB;RB 40;40;16422;8006233;8006233%2021-12-16T15:35:00.000Z%,8000049,;426
2021-12-16T16:07:00.000Z;Weddel(Braunschw);RB;RB 40;40;14146;8006233;8006233%2021-12-16T16:07:00.000Z%,8000049,;426
2021-12-16T16:22:00.000Z;Weddel(Braunschw);RB;RB 40;40;16431;8006233;8006233%2021-12-16T16:22:00.000Z%,8005320,8003382,8002080,8000159,8012302,8013248,8010096,8012599,8011415,8012546,8013271,8012490,8012292,8010224,8010226,8013455,8010047,8011630,8012381,8011294,;426
2021-12-16T16:35:00.000Z;Weddel(Braunschw);RB;RB 40;40;16424;8006233;8006233%2021-12-16T16:35:00.000Z%,8000049,;426
2021-12-16T16:56:00.000Z;Weddel(Braunschw);RB;RB 40;40;14149;8006233;8006233%2021-12-16T16:56:00.000Z%,8005320,8003382,8002080,8000159,;426
2021-12-16T17:22:00.000Z;Weddel(Braunschw);RB;RB 40;40;16433;8006233;8006233%2021-12-16T17:22:00.000Z%,8005320,8003382,8002080,8000159,8012302,8013248,8010096,8012599,8011415,8012546,8013271,8012490,8012292,8010224,8010226,8013455,8010047,8011630,8012381,8011294,;426
2021-12-16T17:35:00.000Z;Weddel(Braunschw);RB;RB 40;40;16426;8006233;8006233%2021-12-16T17:35:00.000Z%,8000049,;426
2021-12-16T18:05:00.000Z;Weddel(Braunschw);RB;RB 40;40;14148;8006233;8006233%2021-12-16T18:05:00.000Z%,8000049,;426
2021-12-16T18:22:00.000Z;Weddel(Braunschw);RB;RB 40;40;16435;8006233;8006233%2021-12-16T18:22:00.000Z%,8005320,8003382,8002080,8000159,8012302,8013248,8010096,8012599,8011415,8012546,8013271,8012490,8012292,8010224,8010226,8013455,8010047,8011630,8012381,8011294,;426
2021-12-16T18:35:00.000Z;Weddel(Braunschw);RB;RB 40;40;16428;8006233;8006233%2021-12-16T18:35:00.000Z%,8000049,;426
2021-12-16T19:22:00.000Z;Weddel(Braunschw);RB;RB 40;40;16437;8006233;8006233%2021-12-16T19:22:00.000Z%,8005320,8003382,8002080,8000159,8012302,8013248,8010096,8012599,8011415,8012546,8013271,8012490,8012292,8010224,8010226,8013455,8010047,8011630,8012381,8011294,8010151,8010123,;426
2021-12-16T19:35:00.000Z;Weddel(Braunschw);RB;RB 40;40;16430;8006233;8006233%2021-12-16T19:35:00.000Z%,8000049,;426
2021-12-16T04:09:00.000Z;Weidenbach;RB;RB 40;40;27012;8006258;8006258%2021-12-16T04:09:00.000Z%,8005495,8001499,8005852,8006190,8002912,8003879,8000262,8098262,;426
2021-12-16T05:10:00.000Z;Weidenbach;RB;RB 40;40;27016;8006258;8006258%2021-12-16T05:10:00.000Z%,8005495,8001499,8005852,8006190,8002912,8003879,8000262,;426
2021-12-16T06:11:00.000Z;Weidenbach;RB;RB 40;40;27024;8006258;8006258%2021-12-16T06:11:00.000Z%,8005495,8001499,8005852,8006190,8002912,8003879,8000262,;426
2021-12-16T15:05:00.000Z;Weidenbach;RB;RB 40;40;27041;8006258;8006258%2021-12-16T15:05:00.000Z%,8000576,8000258,;426
2021-12-16T16:10:00.000Z;Weidenbach;RB;RB 40;40;27045;8006258;8006258%2021-12-16T16:10:00.000Z%,8000576,8000258,;426
2021-12-16T16:54:00.000Z;Weidenbach;RB;RB 40;40;27047;8006258;8006258%2021-12-16T16:54:00.000Z%,8000576,8000258,;426
2021-12-16T16:55:00.000Z;Weidenbach;RB;RB 40;40;27052;8006258;8006258%2021-12-16T16:55:00.000Z%,8005495,8001499,8006190,8002912,8003879,8000262,8000261,;426
2021-12-16T19:08:00.000Z;Weidenbach;RB;RB 40;40;27061;8006258;8006258%2021-12-16T19:08:00.000Z%,8000576,8000258,;426
2021-12-15T20:53:00.000Z;Weiding;RE;RE 47;47;3573;8006264;8006264%2021-12-15T20:55:00.000Z%2,8000606,8002159,;602
2021-12-16T05:06:00.000Z;Weiding;RE;RE 47;47;3594;8006264;8006264%2021-12-16T05:06:00.000Z%,8003413,8001330,8004849,8005121,8004250,8001054,8000027,8002075,8000566,8005800,8000269,8001929,8002612,8002794,8000284,;602
2021-12-15T21:07:00.000Z;Weiherhammer;RE;RE 41;41;3035;8006266;8006266%2021-12-15T21:09:00.000Z%2,8000204,;602
2021-12-15T21:22:00.000Z;Weiherhammer;RE;RE 41;41;3034;8006266;8006266%2021-12-15T21:22:00.000Z%0,8002076,8006085,8000269,8001929,8002612,8002794,8000284,;602
2021-12-15T22:15:00.000Z;Weiherhammer;RE;RE 41;41;3037;8006266;8006266%2021-12-15T22:15:00.000Z%,8000204,;602
2021-12-15T23:02:00.000Z;Weiherhammer;RE;RE 41;41;3039;8006266;8006266%2021-12-15T23:02:00.000Z%,8000204,;602
2021-12-16T03:15:00.000Z;Weiherhammer;RE;RE 41;41;3584;8006266;8006266%2021-12-16T03:15:00.000Z%,8002076,8006085,8000269,8001929,8002612,8002794,8000284,;602
2021-12-16T04:12:00.000Z;Weiherhammer;RE;RE 41;41;3000;8006266;8006266%2021-12-16T04:12:00.000Z%,8002076,8006085,8000269,8001929,8002612,8002794,8000284,;602
2021-12-16T04:34:00.000Z;Weiherhammer;RE;RE 41;41;3001;8006266;8006266%2021-12-16T04:34:00.000Z%,8000204,8000540,8004332,;602
2021-12-16T05:16:00.000Z;Weiherhammer;RE;RE 41;41;3002;8006266;8006266%2021-12-16T05:16:00.000Z%,8002076,8006085,8000269,8001929,8002612,8002794,8000284,;602
2021-12-16T05:39:00.000Z;Weiherhammer;RE;RE 41;41;3003;8006266;8006266%2021-12-16T05:39:00.000Z%,8000204,8000540,8004332,;602
2021-12-16T06:04:00.000Z;Weiherhammer;RE;RE 41;41;3004;8006266;8006266%2021-12-16T06:04:00.000Z%,8002076,8006085,8000269,8001929,8002612,8002794,8000284,;602
2021-12-16T06:06:00.000Z;Weiherhammer;RE;RE 41;41;3583;8006266;8006266%2021-12-16T06:06:00.000Z%,8000204,;602
2021-12-16T06:42:00.000Z;Weiherhammer;RE;RE 41;41;3007;8006266;8006266%2021-12-16T06:42:00.000Z%,8000204,;602
2021-12-16T07:12:00.000Z;Weiherhammer;RE;RE 41;41;3006;8006266;8006266%2021-12-16T07:12:00.000Z%,8002076,8006085,8000269,8001929,8002612,8002794,8000284,;602
2021-12-16T07:45:00.000Z;Weiherhammer;RE;RE 41;41;3009;8006266;8006266%2021-12-16T07:45:00.000Z%,8000204,8000540,8004332,;602
2021-12-16T08:12:00.000Z;Weiherhammer;RE;RE 41;41;3008;8006266;8006266%2021-12-16T08:12:00.000Z%,8002076,8006085,8000269,8001929,8002612,8002794,8000284,;602
2021-12-16T08:43:00.000Z;Weiherhammer;RE;RE 41;41;3011;8006266;8006266%2021-12-16T08:43:00.000Z%,8000204,8000540,8004332,;602
2021-12-16T09:12:00.000Z;Weiherhammer;RE;RE 41;41;3010;8006266;8006266%2021-12-16T09:12:00.000Z%,8002076,8006085,8000269,8001929,8002612,8002794,8000284,;602
2021-12-16T09:43:00.000Z;Weiherhammer;RE;RE 41;41;3013;8006266;8006266%2021-12-16T09:43:00.000Z%,8000204,8000540,8004332,;602
2021-12-16T10:12:00.000Z;Weiherhammer;RE;RE 41;41;3012;8006266;8006266%2021-12-16T10:12:00.000Z%,8002076,8006085,8000269,8001929,8002612,8002794,8000284,;602
2021-12-16T10:43:00.000Z;Weiherhammer;RE;RE 41;41;3015;8006266;8006266%2021-12-16T10:43:00.000Z%,8000204,8000540,8004332,;602
2021-12-16T11:12:00.000Z;Weiherhammer;RE;RE 41;41;3014;8006266;8006266%2021-12-16T11:12:00.000Z%,8002076,8006085,8000269,8001929,8002612,8002794,8000284,;602
2021-12-16T11:43:00.000Z;Weiherhammer;RE;RE 41;41;3017;8006266;8006266%2021-12-16T11:43:00.000Z%,8000204,8000540,8004332,;602
2021-12-16T12:12:00.000Z;Weiherhammer;RE;RE 41;41;3016;8006266;8006266%2021-12-16T12:12:00.000Z%,8002076,8006085,8000269,8001929,8002612,8002794,8000284,;602
2021-12-16T12:43:00.000Z;Weiherhammer;RE;RE 41;41;3019;8006266;8006266%2021-12-16T12:43:00.000Z%,8000204,8000540,8004332,;602
2021-12-16T12:44:00.000Z;Weiherhammer;RE;RE 41;41;3596;8006266;8006266%2021-12-16T12:44:00.000Z%,8005139,8005855,8002076,;602
2021-12-16T13:12:00.000Z;Weiherhammer;RE;RE 41;41;3018;8006266;8006266%2021-12-16T13:12:00.000Z%,8002076,8006085,8000269,8001929,8002612,8002794,8000284,;602
2021-12-16T13:43:00.000Z;Weiherhammer;RE;RE 41;41;3021;8006266;8006266%2021-12-16T13:43:00.000Z%,8000204,8000540,8004332,;602
2021-12-16T14:12:00.000Z;Weiherhammer;RE;RE 41;41;3020;8006266;8006266%2021-12-16T14:12:00.000Z%,8002076,8006085,8000269,8001929,8002612,8002794,8000284,;602
2021-12-16T14:43:00.000Z;Weiherhammer;RE;RE 41;41;3023;8006266;8006266%2021-12-16T14:43:00.000Z%,8000204,8000540,8004332,;602
2021-12-16T15:10:00.000Z;Weiherhammer;RE;RE 41;41;3022;8006266;8006266%2021-12-16T15:10:00.000Z%,8005855,8002076,8006085,8000269,8001929,8002612,8002794,8000284,;602
2021-12-16T15:43:00.000Z;Weiherhammer;RE;RE 41;41;3025;8006266;8006266%2021-12-16T15:43:00.000Z%,8000204,8000540,8004332,;602
2021-12-16T16:10:00.000Z;Weiherhammer;RE;RE 41;41;3024;8006266;8006266%2021-12-16T16:10:00.000Z%,8005139,8002076,8006085,8000269,8001929,8002612,8002794,8000284,;602
2021-12-16T16:43:00.000Z;Weiherhammer;RE;RE 41;41;3027;8006266;8006266%2021-12-16T16:43:00.000Z%,8000204,8000540,8004332,;602
2021-12-16T17:10:00.000Z;Weiherhammer;RE;RE 41;41;3026;8006266;8006266%2021-12-16T17:10:00.000Z%,8005855,8002076,8006085,8000269,8001929,8002612,8002794,8000284,;602
2021-12-16T17:43:00.000Z;Weiherhammer;RE;RE 41;41;3029;8006266;8006266%2021-12-16T17:43:00.000Z%,8000204,8000540,8004332,;602
2021-12-16T18:12:00.000Z;Weiherhammer;RE;RE 41;41;3028;8006266;8006266%2021-12-16T18:12:00.000Z%,8002076,8006085,8000269,8001929,8002612,8002794,8000284,;602
2021-12-16T18:45:00.000Z;Weiherhammer;RE;RE 41;41;3031;8006266;8006266%2021-12-16T18:45:00.000Z%,8000204,8000540,8004332,;602
2021-12-16T19:12:00.000Z;Weiherhammer;RE;RE 41;41;3030;8006266;8006266%2021-12-16T19:12:00.000Z%,8002076,8006085,8000269,8001929,8002612,8002794,8000284,;602
2021-12-16T19:44:00.000Z;Weiherhammer;RE;RE 41;41;3033;8006266;8006266%2021-12-16T19:44:00.000Z%,8000204,8000540,8004332,;602
2021-12-16T04:36:00.000Z;Weilbach(Unterallg);RB;RB 78;78;57681;8006279;8006279%2021-12-16T04:36:00.000Z%,8004780,8002664,8004207,8000338,;426
2021-12-16T05:57:00.000Z;Weilbach(Unterallg);RB;RB 78;78;57701;8006279;8006279%2021-12-16T05:57:00.000Z%,8004780,8002664,8004207,8000338,;426
2021-12-16T06:05:00.000Z;Weilbach(Unterallg);RB;RB 78;78;57702;8006279;8006279%2021-12-16T06:05:00.000Z%,8001147,8003749,8002651,8000482,8004401,8001179,8003457,8000969,8002856,8004256,8001752,8003038,8002881,8003326,8006219,8000139,;426
2021-12-16T06:49:00.000Z;Weilbach(Unterallg);RB;RB 78;78;57680;8006279;8006279%2021-12-16T06:49:00.000Z%,8001147,8003749,8002651,8000482,8004401,8001179,8003457,8000969,8002856,8004256,8001752,8003038,8002881,8003326,8006219,8000139,;426
2021-12-16T07:48:00.000Z;Weilbach(Unterallg);RB;RB 78;78;57687;8006279;8006279%2021-12-16T07:48:00.000Z%,8004780,8002664,8004207,8000338,;426
2021-12-16T08:50:00.000Z;Weilbach(Unterallg);RB;RB 78;78;57684;8006279;8006279%2021-12-16T08:50:00.000Z%,8001147,8003749,8002651,8000482,8004401,8001179,8003457,8000969,8002856,8004256,8001752,8003038,8002881,8003326,8006219,8000139,;426
2021-12-16T09:49:00.000Z;Weilbach(Unterallg);RB;RB 78;78;57705;8006279;8006279%2021-12-16T09:49:00.000Z%,8004780,8002664,8004207,8000338,;426
2021-12-16T10:50:00.000Z;Weilbach(Unterallg);RB;RB 78;78;57708;8006279;8006279%2021-12-16T10:50:00.000Z%,8001147,8003749,8002651,8000482,8004401,8001179,8003457,8000969,8002856,8004256,8001752,8003038,8002881,8003326,8006219,8000139,8006730,8000170,;426
2021-12-16T11:59:00.000Z;Weilbach(Unterallg);RB;RB 78;78;57709;8006279;8006279%2021-12-16T11:59:00.000Z%,8004780,8002664,8004207,8000338,;426
2021-12-16T12:38:00.000Z;Weilbach(Unterallg);RB;RB 78;78;57711;8006279;8006279%2021-12-16T12:38:00.000Z%,8004780,8002664,8004207,8000338,;426
2021-12-16T12:48:00.000Z;Weilbach(Unterallg);RB;RB 78;78;57714;8006279;8006279%2021-12-16T12:48:00.000Z%,8001147,8003749,8002651,8000482,8004401,8001179,8003457,8000969,8002856,8004256,8001752,8003038,8002881,8003326,8006219,8000139,;426
2021-12-16T13:40:00.000Z;Weilbach(Unterallg);RB;RB 78;78;57715;8006279;8006279%2021-12-16T13:40:00.000Z%,8004780,8002664,8004207,8000338,;426
2021-12-16T13:50:00.000Z;Weilbach(Unterallg);RB;RB 78;78;57718;8006279;8006279%2021-12-16T13:50:00.000Z%,8001147,8003749,8002651,8000482,8004401,8001179,8003457,8000969,8002856,8004256,8001752,8003038,8002881,8003326,8006219,8000139,;426
2021-12-16T14:49:00.000Z;Weilbach(Unterallg);RB;RB 78;78;57745;8006279;8006279%2021-12-16T14:49:00.000Z%,8004780,8002664,8004207,8000338,;426
2021-12-16T14:57:00.000Z;Weilbach(Unterallg);RB;RB 78;78;57686;8006279;8006279%2021-12-16T14:57:00.000Z%,8001147,8003749,8002651,8000482,8004401,8001179,8003457,8000969,8002856,8004256,8001752,8003038,8002881,8003326,8006219,8000139,;426
2021-12-16T15:43:00.000Z;Weilbach(Unterallg);RB;RB 78;78;57721;8006279;8006279%2021-12-16T15:43:00.000Z%,8004780,8002664,8004207,8000338,;426
2021-12-16T16:19:00.000Z;Weilbach(Unterallg);RB;RB 78;78;57722;8006279;8006279%2021-12-16T16:19:00.000Z%,8001147,8003749,8002651,8000482,8004401,8001179,8003457,8000969,8002856,8004256,8001752,8003038,8002881,8003326,8006219,8000139,;426
2021-12-16T17:08:00.000Z;Weilbach(Unterallg);RB;RB 78;78;57723;8006279;8006279%2021-12-16T17:08:00.000Z%,8004780,8002664,8004207,8000338,;426
2021-12-16T17:17:00.000Z;Weilbach(Unterallg);RB;RB 78;78;57688;8006279;8006279%2021-12-16T17:17:00.000Z%,8001147,8003749,8002651,8000482,8004401,8001179,8003457,8000969,8002856,8004256,8001752,8003038,8002881,8003326,8006219,8000139,;426
2021-12-16T18:11:00.000Z;Weilbach(Unterallg);RB;RB 78;78;57726;8006279;8006279%2021-12-16T18:11:00.000Z%,8001147,8003749,8002651,8000482,8004401,8001179,8003457,8000969,8002856,8004256,8001752,8003038,8002881,8003326,8006219,8000139,;426
2021-12-16T19:08:00.000Z;Weilbach(Unterallg);RB;RB 78;78;57727;8006279;8006279%2021-12-16T19:08:00.000Z%,8004780,8002664,8004207,8000338,;426
2021-12-16T19:50:00.000Z;Weilbach(Unterallg);RB;RB 78;78;57746;8006279;8006279%2021-12-16T19:50:00.000Z%,8001147,8003749,8002651,8000482,8004401,8001179,8003457,;426
2021-12-15T20:21:00.000Z;Weißenburg(Bay);RE;RE 16;16;59133;8006298;8006298%2021-12-15T20:21:00.000Z%0,8000122,8004731,8000078,8003989,8004451,8003952,8000662,8000013,;602
2021-12-15T20:31:00.000Z;Weißenburg(Bay);RB;RB 16;16;59106;8006298;8006298%2021-12-15T20:32:00.000Z%1,8001749,8004835,8004115,8002237,8005995,8005185,8005439,8000284,;426
2021-12-15T21:21:00.000Z;Weißenburg(Bay);RB;RB 16;16;59109;8006298;8006298%2021-12-15T21:21:00.000Z%0,8000122,8004753,8005593,8001495,8001708,8000419,8005828,8001734,8002171,8003074,8003076,8000183,8000678,8000256,8004781,8005008,8004747,8004775,8001354,8000261,;426
2021-12-15T21:31:00.000Z;Weißenburg(Bay);RE;RE 16;16;59134;8006298;8006298%2021-12-15T21:32:00.000Z%1,8001749,8004835,8004115,8002237,8005995,8005185,8005439,8000284,;602
2021-12-15T22:27:00.000Z;Weißenburg(Bay);RB;RB 16;16;59225;8006298;8006298%2021-12-15T22:27:00.000Z%,8000122,;426
2021-12-15T22:31:00.000Z;Weißenburg(Bay);RB;RB 16;16;59108;8006298;8006298%2021-12-15T22:32:00.000Z%1,8001749,8004835,8004115,8002237,8005995,8005185,8005439,8000284,;426
2021-12-15T23:25:00.000Z;Weißenburg(Bay);RB;RB 16;16;59227;8006298;8006298%2021-12-15T23:25:00.000Z%,8000122,;426
2021-12-16T00:39:00.000Z;Weißenburg(Bay);RB;RB 16;16;59229;8006298;8006298%2021-12-16T00:39:00.000Z%,8000122,;426
2021-12-16T03:24:00.000Z;Weißenburg(Bay);RE;RE 16;16;59110;8006298;8006298%2021-12-16T03:24:00.000Z%,8001749,8004835,8004115,8002237,8005995,8005185,8005439,8000284,;602
2021-12-16T04:03:00.000Z;Weißenburg(Bay);RB;RB 16;16;59140;8006298;8006298%2021-12-16T04:03:00.000Z%,8001749,8004835,8004115,8002237,8005995,8005185,8005439,8000284,;426
2021-12-16T04:14:00.000Z;Weißenburg(Bay);RB;RB 16;16;59202;8006298;8006298%2021-12-16T04:14:00.000Z%,8001749,8004835,8004115,8002237,8005995,8005185,8005439,8000284,;426
2021-12-16T04:21:00.000Z;Weißenburg(Bay);RE;RE 16;16;59113;8006298;8006298%2021-12-16T04:21:00.000Z%,8000122,8004731,8000078,8003989,8004451,8003952,8000662,8000013,;602
2021-12-16T04:59:00.000Z;Weißenburg(Bay);RB;RB 16;16;59204;8006298;8006298%2021-12-16T04:59:00.000Z%,8001749,8004835,8004115,8002237,8005995,8005185,8005439,8000284,;426
2021-12-16T05:08:00.000Z;Weißenburg(Bay);RB;RB 16;16;59085;8006298;8006298%2021-12-16T05:08:00.000Z%,8000122,8004753,8005593,8001495,8001708,8000419,8005828,8001734,8002171,8003074,8003076,8000183,8000678,8000256,8004781,8005008,8004747,8004775,8001354,8000261,;426
2021-12-16T05:33:00.000Z;Weißenburg(Bay);RE;RE 16;16;59114;8006298;8006298%2021-12-16T05:33:00.000Z%,8001749,8004835,8004115,8002237,8005995,8005185,8005439,8000284,;602
2021-12-16T05:38:00.000Z;Weißenburg(Bay);RE;RE 60;60;59201;8006298;8006298%2021-12-16T05:38:00.000Z%,8000122,;602
2021-12-16T05:44:00.000Z;Weißenburg(Bay);RE;RE 60;60;59206;8006298;8006298%2021-12-16T05:44:00.000Z%,8004835,8004115,8002237,8005185,8005439,8000284,;602
2021-12-16T06:09:00.000Z;Weißenburg(Bay);RB;RB RE 60;RE 60;59208;8006298;8006298%2021-12-16T06:09:00.000Z%,8001749,8004835,8004115,8002237,8005995,8005185,8005439,8000284,;426
2021-12-16T06:12:00.000Z;Weißenburg(Bay);RB;RB 16;16;59145;8006298;8006298%2021-12-16T06:12:00.000Z%,8000122,8004753,8005593,8001495,8001708,8000419,8005828,8001734,8002171,8003074,8003076,8000183,8000678,8000256,8004781,8005008,8004747,8004775,8001354,8000261,;426
2021-12-16T06:24:00.000Z;Weißenburg(Bay);RE;RE 16;16;59115;8006298;8006298%2021-12-16T06:24:00.000Z%,8000122,8004731,8000078,8003989,8004451,8003952,8000662,8000013,;602
2021-12-16T06:31:00.000Z;Weißenburg(Bay);RB;RB 16;16;59086;8006298;8006298%2021-12-16T06:31:00.000Z%,8001749,8004835,8004115,8002237,8005995,8005185,8005439,8000284,;426
2021-12-16T06:37:00.000Z;Weißenburg(Bay);RE;RE 60;60;59203;8006298;8006298%2021-12-16T06:37:00.000Z%,8000122,;602
2021-12-16T07:15:00.000Z;Weißenburg(Bay);RE;RE 60;60;59210;8006298;8006298%2021-12-16T07:15:00.000Z%,8001749,8004835,8002237,8005185,8005439,8000284,;602
2021-12-16T07:21:00.000Z;Weißenburg(Bay);RB;RB 16;16;59089;8006298;8006298%2021-12-16T07:21:00.000Z%,8000122,8004753,8005593,8001495,8001708,8000419,8005828,8001734,8002171,8003074,8003076,8000183,8000678,8000256,8004781,8005008,8004747,8004775,8001354,8000261,;426
2021-12-16T07:34:00.000Z;Weißenburg(Bay);RE;RE 16;16;59116;8006298;8006298%2021-12-16T07:34:00.000Z%,8001749,8004835,8004115,8002237,8005995,8005185,8005439,8000284,;602
2021-12-16T07:46:00.000Z;Weißenburg(Bay);RE;RE 60;60;59205;8006298;8006298%2021-12-16T07:46:00.000Z%,8000122,;602
2021-12-16T08:13:00.000Z;Weißenburg(Bay);RE;RE 60;60;59212;8006298;8006298%2021-12-16T08:13:00.000Z%,8001749,8004835,8002237,8005185,8005439,8000284,;602
2021-12-16T08:21:00.000Z;Weißenburg(Bay);RE;RE 16;16;59119;8006298;8006298%2021-12-16T08:21:00.000Z%,8000122,8004731,8000078,8003989,8004451,8003952,8000662,8000013,;602
2021-12-16T08:31:00.000Z;Weißenburg(Bay);RB;RB 16;16;59090;8006298;8006298%2021-12-16T08:31:00.000Z%,8001749,8004835,8004115,8002237,8005995,8005185,8005439,8000284,;426
2021-12-16T08:46:00.000Z;Weißenburg(Bay);RE;RE 60;60;59199;8006298;8006298%2021-12-16T08:46:00.000Z%,8000122,;602
2021-12-16T09:21:00.000Z;Weißenburg(Bay);RB;RB 16;16;59093;8006298;8006298%2021-12-16T09:21:00.000Z%,8000122,8004753,8005593,8001495,8001708,8000419,8005828,8001734,8002171,8003074,8003076,8000183,8000678,8000256,8004781,8005008,8004747,8004775,8001354,8000261,;426
2021-12-16T09:34:00.000Z;Weißenburg(Bay);RE;RE 16;16;59118;8006298;8006298%2021-12-16T09:34:00.000Z%,8001749,8004835,8004115,8002237,8005995,8005185,8005439,8000284,;602
2021-12-16T10:21:00.000Z;Weißenburg(Bay);RE;RE 16;16;59121;8006298;8006298%2021-12-16T10:21:00.000Z%,8000122,8004731,8000078,8003989,8004451,8003952,8000662,8000013,;602
2021-12-16T10:31:00.000Z;Weißenburg(Bay);RB;RB 16;16;59092;8006298;8006298%2021-12-16T10:31:00.000Z%,8001749,8004835,8004115,8002237,8005995,8005185,8005439,8000284,;426
2021-12-16T11:13:00.000Z;Weißenburg(Bay);RE;RE 60;60;59214;8006298;8006298%2021-12-16T11:13:00.000Z%,8001749,8004835,8002237,8005185,8005439,8000284,;602
2021-12-16T11:21:00.000Z;Weißenburg(Bay);RB;RB 16;16;59139;8006298;8006298%2021-12-16T11:21:00.000Z%,8000122,8004753,8005593,8001495,8001708,8000419,8005828,8001734,8002171,8003074,8003076,8000183,8000678,8000256,8004781,8005008,8004747,8004775,8001354,8000261,;426
2021-12-16T11:45:00.000Z;Weißenburg(Bay);RE;RE 16;16;59122;8006298;8006298%2021-12-16T11:45:00.000Z%,8001749,8004835,8004115,8002237,8005995,8005185,8005439,8000284,;602
2021-12-16T11:46:00.000Z;Weißenburg(Bay);RE;RE 60;60;59207;8006298;8006298%2021-12-16T11:46:00.000Z%,8000122,8004753,8005593,;602
2021-12-16T12:11:00.000Z;Weißenburg(Bay);RE;RE 60;60;59216;8006298;8006298%2021-12-16T12:11:00.000Z%,8001749,8004835,8004115,8002237,8005185,8005439,8000284,;602
2021-12-16T12:22:00.000Z;Weißenburg(Bay);RE;RE 16;16;59123;8006298;8006298%2021-12-16T12:22:00.000Z%,8000122,8004731,8000078,8003989,8004451,8003952,8000662,8000013,;602
2021-12-16T12:31:00.000Z;Weißenburg(Bay);RB;RB 16;16;59096;8006298;8006298%2021-12-16T12:31:00.000Z%,8001749,8004835,8004115,8002237,8005995,8005185,8005439,8000284,;426
2021-12-16T12:49:00.000Z;Weißenburg(Bay);RE;RE 60;60;59209;8006298;8006298%2021-12-16T12:49:00.000Z%,8000122,;602
2021-12-16T13:13:00.000Z;Weißenburg(Bay);RE;RE 60;60;59218;8006298;8006298%2021-12-16T13:13:00.000Z%,8001749,8004835,8002237,8005185,8005439,8000284,;602
2021-12-16T13:21:00.000Z;Weißenburg(Bay);RB;RB 16;16;59097;8006298;8006298%2021-12-16T13:21:00.000Z%,8000122,8004753,8005593,8001495,8001708,8000419,8005828,8001734,8002171,8003074,8003076,8000183,8000678,8000256,8004781,8005008,8004747,8004775,8001354,8000261,;426
2021-12-16T13:34:00.000Z;Weißenburg(Bay);RE;RE 16;16;59124;8006298;8006298%2021-12-16T13:34:00.000Z%,8001749,8004835,8004115,8002237,8005995,8005185,8005439,8000284,;602
2021-12-16T13:46:00.000Z;Weißenburg(Bay);RE;RE 60;60;59211;8006298;8006298%2021-12-16T13:46:00.000Z%,8000122,;602
2021-12-16T14:13:00.000Z;Weißenburg(Bay);RE;RE 60;60;59220;8006298;8006298%2021-12-16T14:13:00.000Z%,8001749,8004835,8002237,8005185,8005439,8000284,;602
2021-12-16T14:21:00.000Z;Weißenburg(Bay);RE;RE 16;16;59125;8006298;8006298%2021-12-16T14:21:00.000Z%,8000122,8004731,8000078,8003989,8004451,8003952,8000662,8000013,;602
2021-12-16T14:31:00.000Z;Weißenburg(Bay);RB;RB 16;16;59098;8006298;8006298%2021-12-16T14:31:00.000Z%,8001749,8004835,8004115,8002237,8005995,8005185,8005439,8000284,;426
2021-12-16T14:46:00.000Z;Weißenburg(Bay);RE;RE 60;60;59213;8006298;8006298%2021-12-16T14:46:00.000Z%,8000122,;602
2021-12-16T15:13:00.000Z;Weißenburg(Bay);RE;RE 60;60;59222;8006298;8006298%2021-12-16T15:13:00.000Z%,8001749,8004835,8002237,8005185,8005439,8000284,;602
2021-12-16T15:21:00.000Z;Weißenburg(Bay);RB;RB 16;16;59099;8006298;8006298%2021-12-16T15:21:00.000Z%,8000122,8004753,8005593,8001495,8001708,8000419,8005828,8001734,8002171,8003074,8003076,8000183,8000678,8000256,8004781,8005008,8004747,8004775,8001354,8000261,;426
2021-12-16T15:35:00.000Z;Weißenburg(Bay);RE;RE 16;16;59126;8006298;8006298%2021-12-16T15:35:00.000Z%,8001749,8004835,8004115,8002237,8005995,8005185,8005439,8000284,;602
2021-12-16T15:46:00.000Z;Weißenburg(Bay);RE;RE 60;60;59215;8006298;8006298%2021-12-16T15:46:00.000Z%,8000122,;602
2021-12-16T16:13:00.000Z;Weißenburg(Bay);RE;RE 60;60;59224;8006298;8006298%2021-12-16T16:13:00.000Z%,8001749,8004835,8002237,8005185,8005439,8000284,;602
2021-12-16T16:21:00.000Z;Weißenburg(Bay);RE;RE 16;16;59129;8006298;8006298%2021-12-16T16:21:00.000Z%,8000122,8004731,8000078,8003989,8004451,8003952,8000662,8000013,;602
2021-12-16T16:34:00.000Z;Weißenburg(Bay);RB;RB 16;16;59102;8006298;8006298%2021-12-16T16:34:00.000Z%,8001749,8004835,8004115,8002237,8005995,8005185,8005439,8000284,;426
2021-12-16T16:50:00.000Z;Weißenburg(Bay);RE;RE 60;60;59217;8006298;8006298%2021-12-16T16:50:00.000Z%,8000122,;602
2021-12-16T17:13:00.000Z;Weißenburg(Bay);RE;RE 60;60;59226;8006298;8006298%2021-12-16T17:13:00.000Z%,8001749,8004835,8002237,8005185,8005439,8000284,;602
2021-12-16T17:22:00.000Z;Weißenburg(Bay);RB;RB 16;16;59101;8006298;8006298%2021-12-16T17:22:00.000Z%,8000122,8004753,8005593,8001495,8001708,8000419,8005828,8001734,8002171,8003074,8003076,8000183,8000678,8000256,8004781,8005008,8004747,8004775,8001354,8000261,;426
2021-12-16T17:35:00.000Z;Weißenburg(Bay);RE;RE 16;16;59130;8006298;8006298%2021-12-16T17:35:00.000Z%,8001749,8004835,8004115,8002237,8005995,8005185,8005439,8000284,;602
2021-12-16T17:46:00.000Z;Weißenburg(Bay);RE;RE 60;60;59219;8006298;8006298%2021-12-16T17:46:00.000Z%,8000122,;602
2021-12-16T18:13:00.000Z;Weißenburg(Bay);RE;RE 60;60;59228;8006298;8006298%2021-12-16T18:13:00.000Z%,8001749,8004835,8002237,8005185,8005439,8000284,;602
2021-12-16T18:21:00.000Z;Weißenburg(Bay);RE;RE 16;16;59131;8006298;8006298%2021-12-16T18:21:00.000Z%,8000122,8004731,8000078,8003989,8004451,8003952,8000662,8000013,;602
2021-12-16T18:31:00.000Z;Weißenburg(Bay);RB;RB 16;16;59104;8006298;8006298%2021-12-16T18:31:00.000Z%,8001749,8004835,8004115,8002237,8005995,8005185,8005439,8000284,;426
2021-12-16T18:46:00.000Z;Weißenburg(Bay);RE;RE 60;60;59221;8006298;8006298%2021-12-16T18:46:00.000Z%,8000122,;602
2021-12-16T19:13:00.000Z;Weißenburg(Bay);RE;RE 60;60;59230;8006298;8006298%2021-12-16T19:13:00.000Z%,8001749,8004835,8002237,8005185,8005439,8000284,;602
2021-12-16T19:20:00.000Z;Weißenburg(Bay);RB;RB 16;16;59107;8006298;8006298%2021-12-16T19:20:00.000Z%,8000122,8004753,8005593,8001495,8001708,8000419,8005828,8001734,8002171,8003074,8003076,8000183,8000678,8000256,8004781,8005008,8004747,8004775,8001354,8000261,;426
2021-12-16T19:34:00.000Z;Weißenburg(Bay);RE;RE 16;16;59132;8006298;8006298%2021-12-16T19:34:00.000Z%,8001749,8004835,8004115,8002237,8005995,8005185,8005439,8000284,;602
2021-12-16T19:46:00.000Z;Weißenburg(Bay);RE;RE 60;60;59223;8006298;8006298%2021-12-16T19:46:00.000Z%,8000122,;602
2021-12-15T20:46:00.000Z;Weißenohe;RB;RB 21;21;58772;8006300;8006300%2021-12-15T20:46:00.000Z%0,8003044,8005219,8002029,8001875,8002416,8003154,8002783,8002782,8004469,;426
2021-12-15T21:14:00.000Z;Weißenohe;RB;RB 21;21;58773;8006300;8006300%2021-12-15T21:14:00.000Z%0,8002340,;426
2021-12-15T21:40:00.000Z;Weißenohe;RB;RB 21;21;58774;8006300;8006300%2021-12-15T21:40:00.000Z%,8003044,8005219,8002029,8001875,8002416,8003154,8002783,8002782,8004469,;426
2021-12-15T22:08:00.000Z;Weißenohe;RB;RB 21;21;58775;8006300;8006300%2021-12-15T22:08:00.000Z%,8002340,;426
2021-12-15T22:40:00.000Z;Weißenohe;RB;RB 21;21;58776;8006300;8006300%2021-12-15T22:40:00.000Z%,8003044,8005219,8002029,8001875,8002416,8003154,8002783,8002782,8004469,;426
2021-12-15T23:08:00.000Z;Weißenohe;RB;RB 21;21;58777;8006300;8006300%2021-12-15T23:08:00.000Z%,8002340,;426
2021-12-16T04:11:00.000Z;Weißenohe;RB;RB 21;21;58700;8006300;8006300%2021-12-16T04:11:00.000Z%,8003044,8005219,8002029,8001875,8002416,8003154,8002783,8002782,8004469,;426
2021-12-16T04:47:00.000Z;Weißenohe;RB;RB 21;21;58702;8006300;8006300%2021-12-16T04:47:00.000Z%,8003044,8005219,8002029,8001875,8002416,8003154,8002783,8002782,8004469,;426
2021-12-16T05:22:00.000Z;Weißenohe;RB;RB 21;21;58704;8006300;8006300%2021-12-16T05:22:00.000Z%,8003044,8005219,8002029,8001875,8002416,8003154,8002783,8002782,8004469,;426
2021-12-16T05:51:00.000Z;Weißenohe;RB;RB 21;21;58703;8006300;8006300%2021-12-16T05:51:00.000Z%,8002340,;426
2021-12-16T06:01:00.000Z;Weißenohe;RB;RB 21;21;58708;8006300;8006300%2021-12-16T06:01:00.000Z%,8003044,8005219,8002029,8001875,8002416,8003154,8002783,8002782,8004469,;426
2021-12-16T06:29:00.000Z;Weißenohe;RB;RB 21;21;58707;8006300;8006300%2021-12-16T06:29:00.000Z%,8002340,;426
2021-12-16T06:40:00.000Z;Weißenohe;RB;RB 21;21;58710;8006300;8006300%2021-12-16T06:40:00.000Z%,8003044,8005219,8002029,8001875,8002416,8003154,8002783,8002782,8004469,;426
2021-12-16T07:08:00.000Z;Weißenohe;RB;RB 21;21;58709;8006300;8006300%2021-12-16T07:08:00.000Z%,8002340,;426
2021-12-16T07:32:00.000Z;Weißenohe;RB;RB 21;21;58712;8006300;8006300%2021-12-16T07:32:00.000Z%,8003044,8005219,8002029,8001875,8002416,8003154,8002783,8002782,8004469,;426
2021-12-16T08:00:00.000Z;Weißenohe;RB;RB 21;21;58713;8006300;8006300%2021-12-16T08:00:00.000Z%,8002340,;426
2021-12-16T08:32:00.000Z;Weißenohe;RB;RB 21;21;58716;8006300;8006300%2021-12-16T08:32:00.000Z%,8003044,8005219,8002029,8001875,8002416,8003154,8002783,8002782,8004469,;426
2021-12-16T09:00:00.000Z;Weißenohe;RB;RB 21;21;58717;8006300;8006300%2021-12-16T09:00:00.000Z%,8002340,;426
2021-12-16T09:32:00.000Z;Weißenohe;RB;RB 21;21;58720;8006300;8006300%2021-12-16T09:32:00.000Z%,8003044,8005219,8002029,8001875,8002416,8003154,8002783,8002782,8004469,;426
2021-12-16T10:00:00.000Z;Weißenohe;RB;RB 21;21;58721;8006300;8006300%2021-12-16T10:00:00.000Z%,8002340,;426
2021-12-16T10:32:00.000Z;Weißenohe;RB;RB 21;21;58724;8006300;8006300%2021-12-16T10:32:00.000Z%,8003044,8005219,8002029,8001875,8002416,8003154,8002783,8002782,8004469,;426
2021-12-16T11:00:00.000Z;Weißenohe;RB;RB 21;21;58725;8006300;8006300%2021-12-16T11:00:00.000Z%,8002340,;426
2021-12-16T11:32:00.000Z;Weißenohe;RB;RB 21;21;58728;8006300;8006300%2021-12-16T11:32:00.000Z%,8003044,8005219,8002029,8001875,8002416,8003154,8002783,8002782,8004469,;426
2021-12-16T12:00:00.000Z;Weißenohe;RB;RB 21;21;58729;8006300;8006300%2021-12-16T12:00:00.000Z%,8002340,;426
2021-12-16T12:11:00.000Z;Weißenohe;RB;RB 21;21;58732;8006300;8006300%2021-12-16T12:11:00.000Z%,8003044,8005219,8002029,8001875,8002416,8003154,8002783,8002782,8004469,;426
2021-12-16T12:39:00.000Z;Weißenohe;RB;RB 21;21;58733;8006300;8006300%2021-12-16T12:39:00.000Z%,8002340,;426
2021-12-16T13:32:00.000Z;Weißenohe;RB;RB 21;21;58738;8006300;8006300%2021-12-16T13:32:00.000Z%,8003044,8005219,8002029,8001875,8002416,8003154,8002783,8002782,8004469,;426
2021-12-16T14:00:00.000Z;Weißenohe;RB;RB 21;21;58739;8006300;8006300%2021-12-16T14:00:00.000Z%,8002340,;426
2021-12-16T14:34:00.000Z;Weißenohe;RB;RB 21;21;58744;8006300;8006300%2021-12-16T14:34:00.000Z%,8003044,8005219,8002029,8001875,8002416,8003154,8002783,8002782,8004469,;426
2021-12-16T15:02:00.000Z;Weißenohe;RB;RB 21;21;58745;8006300;8006300%2021-12-16T15:02:00.000Z%,8002340,;426
2021-12-16T15:36:00.000Z;Weißenohe;RB;RB 21;21;58750;8006300;8006300%2021-12-16T15:36:00.000Z%,8003044,8005219,8002029,8001875,8002416,8003154,8002783,8002782,8004469,;426
2021-12-16T16:04:00.000Z;Weißenohe;RB;RB 21;21;58751;8006300;8006300%2021-12-16T16:04:00.000Z%,8002340,;426
2021-12-16T16:36:00.000Z;Weißenohe;RB;RB 21;21;58756;8006300;8006300%2021-12-16T16:36:00.000Z%,8003044,8005219,8002029,8001875,8002416,8003154,8002783,8002782,8004469,;426
2021-12-16T17:04:00.000Z;Weißenohe;RB;RB 21;21;58757;8006300;8006300%2021-12-16T17:04:00.000Z%,8002340,;426
2021-12-16T17:36:00.000Z;Weißenohe;RB;RB 21;21;58762;8006300;8006300%2021-12-16T17:36:00.000Z%,8003044,8005219,8002029,8001875,8002416,8003154,8002783,8002782,8004469,;426
2021-12-16T18:04:00.000Z;Weißenohe;RB;RB 21;21;58763;8006300;8006300%2021-12-16T18:04:00.000Z%,8002340,;426
2021-12-16T18:40:00.000Z;Weißenohe;RB;RB 21;21;58768;8006300;8006300%2021-12-16T18:40:00.000Z%,8003044,8005219,8002029,8001875,8002416,8003154,8002783,8002782,8004469,;426
2021-12-16T19:08:00.000Z;Weißenohe;RB;RB 21;21;58769;8006300;8006300%2021-12-16T19:08:00.000Z%,8002340,;426
2021-12-16T19:46:00.000Z;Weißenohe;RB;RB 21;21;58770;8006300;8006300%2021-12-16T19:46:00.000Z%,8003044,8005219,8002029,8001875,8002416,8003154,8002783,8002782,8004469,;426
2021-12-16T20:16:00.000Z;Weißenohe;RB;RB 21;21;58771;8006300;8006300%2021-12-16T20:16:00.000Z%,8002340,;426
2021-12-16T04:13:00.000Z;Welgesheim-Zotzenheim;RB;RB 35;35;29283;8006312;8006312%2021-12-16T04:13:00.000Z%,8000121,8000976,;426
2021-12-16T04:25:00.000Z;Welgesheim-Zotzenheim;RB;RB 35;35;13823;8006312;8006312%2021-12-16T04:25:00.000Z%,8005637,8002191,8006183,8000602,8000468,8000007,8000558,8001813,8002473,8004345,8000663,8004788,8000257,;426
2021-12-16T05:01:00.000Z;Welgesheim-Zotzenheim;RB;RB 35;35;29288;8006312;8006312%2021-12-16T05:01:00.000Z%,8005637,8002191,8006183,8000602,8000468,8000007,;426
2021-12-16T05:38:00.000Z;Welgesheim-Zotzenheim;RB;RB 35;35;29285;8006312;8006312%2021-12-16T05:38:00.000Z%,8000121,8000976,;426
2021-12-16T05:54:00.000Z;Welgesheim-Zotzenheim;RB;RB 35;35;29287;8006312;8006312%2021-12-16T05:54:00.000Z%,8000121,8000976,;426
2021-12-16T06:09:00.000Z;Welgesheim-Zotzenheim;RB;RB 35;35;29292;8006312;8006312%2021-12-16T06:09:00.000Z%,8005637,8002191,8006183,8000602,8000468,8000007,8000558,8001813,;426
2021-12-16T06:19:00.000Z;Welgesheim-Zotzenheim;RB;RB 35;35;13826;8006312;8006312%2021-12-16T06:19:00.000Z%,8000121,8000976,;426
2021-12-16T07:14:00.000Z;Welgesheim-Zotzenheim;RB;RB 35;35;13833;8006312;8006312%2021-12-16T07:14:00.000Z%,8005637,8002191,8006183,8000602,8000468,8000007,8000558,8001813,8002473,8004345,8000663,8004788,8000257,;426
2021-12-16T07:24:00.000Z;Welgesheim-Zotzenheim;RB;RB 35;35;13830;8006312;8006312%2021-12-16T07:24:00.000Z%,8000121,8000976,8000039,;426
2021-12-16T07:44:00.000Z;Welgesheim-Zotzenheim;RB;RB 35;35;13832;8006312;8006312%2021-12-16T07:44:00.000Z%,8000121,8000976,;426
2021-12-16T08:14:00.000Z;Welgesheim-Zotzenheim;RB;RB 35;35;13837;8006312;8006312%2021-12-16T08:14:00.000Z%,8005637,8002191,8006183,8000602,8000468,8000007,8000558,8001813,8002473,8004345,8000663,8004788,8000257,;426
2021-12-16T08:44:00.000Z;Welgesheim-Zotzenheim;RB;RB 35;35;13834;8006312;8006312%2021-12-16T08:44:00.000Z%,8000121,8000976,;426
2021-12-16T09:14:00.000Z;Welgesheim-Zotzenheim;RB;RB 35;35;13839;8006312;8006312%2021-12-16T09:14:00.000Z%,8005637,8002191,8006183,8000602,8000468,8000007,8000558,8001813,8002473,8004345,8000663,8004788,8000257,;426
2021-12-16T09:44:00.000Z;Welgesheim-Zotzenheim;RB;RB 35;35;13836;8006312;8006312%2021-12-16T09:44:00.000Z%,8000121,8000976,;426
2021-12-16T10:14:00.000Z;Welgesheim-Zotzenheim;RB;RB 35;35;13841;8006312;8006312%2021-12-16T10:14:00.000Z%,8005637,8002191,8006183,8000602,8000468,8000007,8000558,8001813,8002473,8004345,8000663,8004788,8000257,;426
2021-12-16T10:44:00.000Z;Welgesheim-Zotzenheim;RB;RB 35;35;13838;8006312;8006312%2021-12-16T10:44:00.000Z%,8000121,8000976,;426
2021-12-16T11:14:00.000Z;Welgesheim-Zotzenheim;RB;RB 35;35;13843;8006312;8006312%2021-12-16T11:14:00.000Z%,8005637,8002191,8006183,8000602,8000468,8000007,8000558,8001813,8002473,8004345,8000663,8004788,8000257,;426
2021-12-16T11:44:00.000Z;Welgesheim-Zotzenheim;RB;RB 35;35;13840;8006312;8006312%2021-12-16T11:44:00.000Z%,8000121,8000976,;426
2021-12-16T12:14:00.000Z;Welgesheim-Zotzenheim;RB;RB 35;35;13847;8006312;8006312%2021-12-16T12:14:00.000Z%,8005637,8002191,8006183,8000602,8000468,8000007,8000558,8001813,8002473,8004345,8000663,8004788,8000257,;426
2021-12-16T12:49:00.000Z;Welgesheim-Zotzenheim;RB;RB 35;35;13844;8006312;8006312%2021-12-16T12:49:00.000Z%,8000121,8000976,8000039,;426
2021-12-16T13:14:00.000Z;Welgesheim-Zotzenheim;RB;RB 35;35;13851;8006312;8006312%2021-12-16T13:14:00.000Z%,8005637,8002191,8006183,8000602,8000468,8000007,8000558,8001813,8002473,8004345,8000663,8004788,8000257,;426
2021-12-16T13:44:00.000Z;Welgesheim-Zotzenheim;RB;RB 35;35;13848;8006312;8006312%2021-12-16T13:44:00.000Z%,8000121,8000976,;426
2021-12-16T14:14:00.000Z;Welgesheim-Zotzenheim;RB;RB 35;35;13855;8006312;8006312%2021-12-16T14:14:00.000Z%,8005637,8002191,8006183,8000602,8000468,8000007,8000558,8001813,8002473,8004345,8000663,8004788,8000257,;426
2021-12-16T14:44:00.000Z;Welgesheim-Zotzenheim;RB;RB 35;35;13852;8006312;8006312%2021-12-16T14:44:00.000Z%,8000121,8000976,;426
2021-12-16T15:14:00.000Z;Welgesheim-Zotzenheim;RB;RB 35;35;13859;8006312;8006312%2021-12-16T15:14:00.000Z%,8005637,8002191,8006183,8000602,8000468,8000007,8000558,8001813,8002473,8004345,8000663,8004788,8000257,;426
2021-12-16T15:44:00.000Z;Welgesheim-Zotzenheim;RB;RB 35;35;13856;8006312;8006312%2021-12-16T15:44:00.000Z%,8000121,8000976,;426
2021-12-16T16:14:00.000Z;Welgesheim-Zotzenheim;RB;RB 35;35;13863;8006312;8006312%2021-12-16T16:14:00.000Z%,8005637,8002191,8006183,8000602,8000468,8000007,8000558,8001813,8002473,8004345,8000663,8004788,8000257,;426
2021-12-16T16:44:00.000Z;Welgesheim-Zotzenheim;RB;RB 35;35;13862;8006312;8006312%2021-12-16T16:44:00.000Z%,8000121,8000976,;426
2021-12-16T17:14:00.000Z;Welgesheim-Zotzenheim;RB;RB 35;35;13867;8006312;8006312%2021-12-16T17:14:00.000Z%,8005637,8002191,8006183,8000602,8000468,8000007,8000558,8001813,8002473,8004345,8000663,8004788,8000257,;426
2021-12-16T17:44:00.000Z;Welgesheim-Zotzenheim;RB;RB 35;35;13868;8006312;8006312%2021-12-16T17:44:00.000Z%,8000121,8000976,;426
2021-12-16T18:14:00.000Z;Welgesheim-Zotzenheim;RB;RB 35;35;13869;8006312;8006312%2021-12-16T18:14:00.000Z%,8005637,8002191,8006183,8000602,8000468,8000007,8000558,8001813,8002473,8004345,8000663,8004788,8000257,;426
2021-12-16T18:44:00.000Z;Welgesheim-Zotzenheim;RB;RB 35;35;13872;8006312;8006312%2021-12-16T18:44:00.000Z%,8000121,8000976,;426
2021-12-16T19:14:00.000Z;Welgesheim-Zotzenheim;RB;RB 35;35;13871;8006312;8006312%2021-12-16T19:14:00.000Z%,8005637,8002191,8006183,8000602,8000468,8000007,8000558,8001813,8002473,8004345,8000663,8004788,8000257,;426
2021-12-16T19:44:00.000Z;Welgesheim-Zotzenheim;RB;RB 35;35;13876;8006312;8006312%2021-12-16T19:44:00.000Z%,8000121,8000976,;426
2021-12-15T20:57:00.000Z;Werdorf;RB;RB 40;40;15130;8006340;8006340%2021-12-15T20:59:00.000Z%2,8001694,8003213,8001668,8005577,8000161,;426
2021-12-15T21:01:00.000Z;Werdorf;RB;RB 40;40;15133;8006340;8006340%2021-12-15T21:01:00.000Z%0,8000633,8000383,8001618,8000124,;426
2021-12-15T21:48:00.000Z;Werdorf;RB;RB 40;40;15135;8006340;8006340%2021-12-15T21:48:00.000Z%,8000633,8000383,8001618,8000124,8002410,8003520,8003262,8001312,8004712,8000728,8000111,8002042,8000105,;426
2021-12-15T21:57:00.000Z;Werdorf;RB;RB 40;40;15132;8006340;8006340%2021-12-15T21:57:00.000Z%,8001694,8003213,8001668,8005577,8000161,8001271,8004405,8000074,;426
2021-12-15T22:50:00.000Z;Werdorf;RB;RB 40;40;15134;8006340;8006340%2021-12-15T22:50:00.000Z%,8001694,8003213,8001668,8005577,8000161,8001271,8004405,8000074,;426
2021-12-15T23:01:00.000Z;Werdorf;RB;RB 40;40;15137;8006340;8006340%2021-12-15T23:01:00.000Z%,8000633,8000383,8001618,8000124,;426
2021-12-16T03:47:00.000Z;Werdorf;RB;RB 40;40;15141;8006340;8006340%2021-12-16T03:47:00.000Z%,8000633,8000383,8001618,8000124,8002410,8003520,8003262,8001312,8004712,8000728,8000111,8002042,8000105,;426
2021-12-16T04:33:00.000Z;Werdorf;RB;RB 40;40;15071;8006340;8006340%2021-12-16T04:33:00.000Z%,8000633,8000383,8001618,8000124,8002410,8003520,8003262,8001312,8004712,8000728,8000111,8000632,8000158,8004713,8001199,8002572,8000150,;426
2021-12-16T04:55:00.000Z;Werdorf;RB;RB 40;40;15101;8006340;8006340%2021-12-16T04:55:00.000Z%,8000633,8000383,8001618,8000124,8002410,8003520,8003262,8001312,8004712,8000728,8000111,8000760,8002042,8000105,;426
2021-12-16T04:57:00.000Z;Werdorf;RB;RB 40;40;15140;8006340;8006340%2021-12-16T04:57:00.000Z%,8001694,8003213,8001668,8005577,8000161,8001271,8004405,8000074,;426
2021-12-16T05:55:00.000Z;Werdorf;RB;RB 40;40;15103;8006340;8006340%2021-12-16T05:55:00.000Z%,8000633,8000383,8001618,8000124,8001312,8000728,8000111,8002042,8000105,;426
2021-12-16T05:57:00.000Z;Werdorf;RB;RB 40;40;15100;8006340;8006340%2021-12-16T05:57:00.000Z%,8001694,8003213,8001668,8005577,8000161,8001271,8004405,8000074,;426
2021-12-16T06:25:00.000Z;Werdorf;RB;RB 40;40;15147;8006340;8006340%2021-12-16T06:25:00.000Z%,8000633,8000383,8001618,8000124,;426
2021-12-16T06:55:00.000Z;Werdorf;RB;RB 40;40;15105;8006340;8006340%2021-12-16T06:55:00.000Z%,8000633,8000383,8001618,8000124,8002410,8003520,8003262,8001312,8004712,8000728,8000111,8000760,8002042,8000105,;426
2021-12-16T06:57:00.000Z;Werdorf;RB;RB 40;40;15102;8006340;8006340%2021-12-16T06:57:00.000Z%,8001694,8003213,8001668,8005577,8000161,8001271,8004405,8000074,;426
2021-12-16T07:55:00.000Z;Werdorf;RB;RB 40;40;15107;8006340;8006340%2021-12-16T07:55:00.000Z%,8000633,8000383,8001618,8000124,8001312,8000728,8000111,8002042,8000105,;426
2021-12-16T07:57:00.000Z;Werdorf;RB;RB 40;40;15104;8006340;8006340%2021-12-16T07:57:00.000Z%,8001694,8003213,8001668,8005577,8000161,8001271,8004405,8000074,;426
2021-12-16T08:55:00.000Z;Werdorf;RB;RB 40;40;15109;8006340;8006340%2021-12-16T08:55:00.000Z%,8000633,8000383,8001618,8000124,8002410,8003520,8003262,8001312,8004712,8000728,8000111,8000760,8002042,8000105,;426
2021-12-16T08:57:00.000Z;Werdorf;RB;RB 40;40;15106;8006340;8006340%2021-12-16T08:57:00.000Z%,8001694,8003213,8001668,8005577,8000161,8001271,8004405,8000074,;426
2021-12-16T09:55:00.000Z;Werdorf;RB;RB 40;40;15111;8006340;8006340%2021-12-16T09:55:00.000Z%,8000633,8000383,8001618,8000124,8001312,8000728,8000111,8002042,8000105,;426
2021-12-16T09:57:00.000Z;Werdorf;RB;RB 40;40;15108;8006340;8006340%2021-12-16T09:57:00.000Z%,8001694,8003213,8001668,8005577,8000161,8001271,8004405,8000074,;426
2021-12-16T10:55:00.000Z;Werdorf;RB;RB 40;40;15113;8006340;8006340%2021-12-16T10:55:00.000Z%,8000633,8000383,8001618,8000124,8002410,8003520,8003262,8001312,8004712,8000728,8000111,8000760,8002042,8000105,;426
2021-12-16T10:57:00.000Z;Werdorf;RB;RB 40;40;15110;8006340;8006340%2021-12-16T10:57:00.000Z%,8001694,8003213,8001668,8005577,8000161,8001271,8004405,8000074,;426
2021-12-16T11:55:00.000Z;Werdorf;RB;RB 40;40;15115;8006340;8006340%2021-12-16T11:55:00.000Z%,8000633,8000383,8001618,8000124,8001312,8000728,8000111,8002042,8000105,;426
2021-12-16T11:57:00.000Z;Werdorf;RB;RB 40;40;15112;8006340;8006340%2021-12-16T11:57:00.000Z%,8001694,8003213,8001668,8005577,8000161,8001271,8004405,8000074,;426
2021-12-16T12:55:00.000Z;Werdorf;RB;RB 40;40;15117;8006340;8006340%2021-12-16T12:55:00.000Z%,8000633,8000383,8001618,8000124,8002410,8003520,8003262,8001312,8004712,8000728,8000111,8000760,8002042,8000105,;426
2021-12-16T12:57:00.000Z;Werdorf;RB;RB 40;40;15114;8006340;8006340%2021-12-16T12:57:00.000Z%,8001694,8003213,8001668,8005577,8000161,8001271,8004405,8000074,;426
2021-12-16T13:55:00.000Z;Werdorf;RB;RB 40;40;15119;8006340;8006340%2021-12-16T13:55:00.000Z%,8000633,8000383,8001618,8000124,8001312,8000728,8000111,8002042,8000105,;426
2021-12-16T13:57:00.000Z;Werdorf;RB;RB 40;40;15116;8006340;8006340%2021-12-16T13:57:00.000Z%,8001694,8003213,8001668,8005577,8000161,8001271,8004405,8000074,;426
2021-12-16T14:55:00.000Z;Werdorf;RB;RB 40;40;15121;8006340;8006340%2021-12-16T14:55:00.000Z%,8000633,8000383,8001618,8000124,8002410,8003520,8003262,8001312,8004712,8000728,8000111,8000760,8002042,8000105,;426
2021-12-16T14:57:00.000Z;Werdorf;RB;RB 40;40;15118;8006340;8006340%2021-12-16T14:57:00.000Z%,8001694,8003213,8001668,8005577,8000161,8001271,8004405,8000074,;426
2021-12-16T15:55:00.000Z;Werdorf;RB;RB 40;40;15123;8006340;8006340%2021-12-16T15:55:00.000Z%,8000633,8000383,8001618,8000124,8001312,8000728,8000111,8002042,8000105,;426
2021-12-16T15:57:00.000Z;Werdorf;RB;RB 40;40;15120;8006340;8006340%2021-12-16T15:57:00.000Z%,8001694,8003213,8001668,8005577,8000161,8001271,8004405,8000074,;426
2021-12-16T16:55:00.000Z;Werdorf;RB;RB 40;40;15125;8006340;8006340%2021-12-16T16:55:00.000Z%,8000633,8000383,8001618,8000124,8002410,8003520,8003262,8001312,8004712,8000728,8000111,8000760,8002042,8000105,;426
2021-12-16T16:57:00.000Z;Werdorf;RB;RB 40;40;15122;8006340;8006340%2021-12-16T16:57:00.000Z%,8001694,8003213,8001668,8005577,8000161,8001271,8004405,8000074,;426
2021-12-16T17:36:00.000Z;Werdorf;RB;RB 40;40;15146;8006340;8006340%2021-12-16T17:36:00.000Z%,8001694,8003213,8001668,8005577,8000161,8001271,8004405,8000074,;426
2021-12-16T17:55:00.000Z;Werdorf;RB;RB 40;40;15127;8006340;8006340%2021-12-16T17:55:00.000Z%,8000633,8000383,8001618,8000124,8001312,8000728,8000111,8002042,8000105,;426
2021-12-16T17:57:00.000Z;Werdorf;RB;RB 40;40;15124;8006340;8006340%2021-12-16T17:57:00.000Z%,8001694,8003213,8001668,8005577,8000161,8001271,8004405,8000074,;426
2021-12-16T18:55:00.000Z;Werdorf;RB;RB 40;40;15129;8006340;8006340%2021-12-16T18:55:00.000Z%,8000633,8000383,8001618,8000124,8002410,8003520,8003262,8001312,8004712,8000728,8000111,8000760,8002042,8000105,;426
2021-12-16T18:57:00.000Z;Werdorf;RB;RB 40;40;15126;8006340;8006340%2021-12-16T18:57:00.000Z%,8001694,8003213,8001668,8005577,8000161,8001271,8004405,8000074,;426
2021-12-16T19:55:00.000Z;Werdorf;RB;RB 40;40;15131;8006340;8006340%2021-12-16T19:55:00.000Z%,8000633,8000383,8001618,8000124,8001312,8000728,8000111,8002042,8000105,;426
2021-12-16T19:57:00.000Z;Werdorf;RB;RB 40;40;15128;8006340;8006340%2021-12-16T19:57:00.000Z%,8001694,8003213,8001668,8005577,8000161,8001271,8004405,8000074,;426
2021-12-15T23:24:00.000Z;Westerstetten;RE;RE 5;5;4239;8006373;8006373%2021-12-15T23:24:00.000Z%,8000858,8000170,;602
2021-12-16T04:32:00.000Z;Westerstetten;RE;RE 5;5;4200;8006373;8006373%2021-12-16T04:32:00.000Z%,8003748,8006039,8000577,8002218,8005790,8000127,8001632,8000302,8001920,8000096,;602
2021-12-16T05:30:00.000Z;Westerstetten;RE;RE 5;5;4202;8006373;8006373%2021-12-16T05:30:00.000Z%,8000577,8002218,8003461,8002278,8005790,8000127,8005949,8001632,8004999,8000302,8001920,8000096,;602
2021-12-16T05:49:00.000Z;Westerstetten;RE;RE 5;5;4205;8006373;8006373%2021-12-16T05:49:00.000Z%,8000170,8003592,8000943,8000746,8000014,8004965,8003930,8000112,8003432,8006218,8003693,;602
2021-12-15T21:02:00.000Z;Westhausen;RB;RB 89;89;57236;8006376;8006376%2021-12-15T21:02:00.000Z%0,8000380,8002930,8006217,8000002,;426
2021-12-15T21:48:00.000Z;Westhausen;RB;RB 89;89;57239;8006376;8006376%2021-12-15T21:48:00.000Z%,8003569,8000655,8001090,8005908,8004796,8000280,;426
2021-12-16T04:09:00.000Z;Westhausen;RB;RB 89;89;57198;8006376;8006376%2021-12-16T04:09:00.000Z%,8000380,8002930,8006217,8000002,;426
2021-12-16T04:57:00.000Z;Westhausen;RB;RB 89;89;57200;8006376;8006376%2021-12-16T04:57:00.000Z%,8000380,8002930,8006217,8000002,;426
2021-12-16T05:14:00.000Z;Westhausen;RB;RB 89;89;57207;8006376;8006376%2021-12-16T05:14:00.000Z%,8003569,8000655,8001090,8005908,8004796,8000280,8004071,8002994,8002593,8001628,8006533,8000078,8000778,8003989,8004451,8006363,8003952,8002761,8003560,8002162,8002256,8000662,8000013,;426
2021-12-16T05:36:00.000Z;Westhausen;RB;RB 89;89;57209;8006376;8006376%2021-12-16T05:36:00.000Z%,8003569,8000655,8001090,8005908,8004796,8000280,8004071,8002994,8002593,8001628,8006533,8000078,;426
2021-12-16T06:08:00.000Z;Westhausen;RB;RB 89;89;57260;8006376;8006376%2021-12-16T06:08:00.000Z%,8000380,8002930,8006217,8000002,;426
2021-12-16T06:44:00.000Z;Westhausen;RB;RB 89;89;57211;8006376;8006376%2021-12-16T06:44:00.000Z%,8003569,8000655,8001090,8005908,8004796,8000280,8004071,8002994,8002593,8001628,8006533,8000078,;426
2021-12-16T07:13:00.000Z;Westhausen;RB;RB 89;89;57204;8006376;8006376%2021-12-16T07:13:00.000Z%,8000380,8006217,8000002,;426
2021-12-16T07:44:00.000Z;Westhausen;RB;RB 89;89;57213;8006376;8006376%2021-12-16T07:44:00.000Z%,8003569,8000655,8001090,8005908,8004796,8000280,8004071,8002994,8002593,8001628,8006533,8000078,;426
2021-12-16T08:13:00.000Z;Westhausen;RB;RB 89;89;57206;8006376;8006376%2021-12-16T08:13:00.000Z%,8000380,8006217,8000002,;426
2021-12-16T08:44:00.000Z;Westhausen;RB;RB 89;89;57215;8006376;8006376%2021-12-16T08:44:00.000Z%,8003569,8000655,8001090,8005908,8004796,8000280,8004071,8002994,8002593,8001628,8006533,8000078,;426
2021-12-16T09:13:00.000Z;Westhausen;RB;RB 89;89;57208;8006376;8006376%2021-12-16T09:13:00.000Z%,8000380,8006217,8000002,;426
2021-12-16T09:44:00.000Z;Westhausen;RB;RB 89;89;57217;8006376;8006376%2021-12-16T09:44:00.000Z%,8003569,8000655,8001090,8005908,8004796,8000280,8004071,8002994,8002593,8001628,8006533,8000078,;426
2021-12-16T10:13:00.000Z;Westhausen;RB;RB 89;89;57210;8006376;8006376%2021-12-16T10:13:00.000Z%,8000380,8006217,8000002,;426
2021-12-16T10:46:00.000Z;Westhausen;RB;RB 89;89;57219;8006376;8006376%2021-12-16T10:46:00.000Z%,8003569,8000655,8001090,8005908,8004796,8000280,8004071,8002994,8002593,8001628,8006533,8000078,;426
2021-12-16T11:15:00.000Z;Westhausen;RB;RB 89;89;57212;8006376;8006376%2021-12-16T11:15:00.000Z%,8000380,8006217,8000002,;426
2021-12-16T11:44:00.000Z;Westhausen;RB;RB 89;89;57221;8006376;8006376%2021-12-16T11:44:00.000Z%,8003569,8000655,8001090,8005908,8004796,8000280,8004071,8002994,8002593,8001628,8006533,8000078,;426
2021-12-16T12:13:00.000Z;Westhausen;RB;RB 89;89;57214;8006376;8006376%2021-12-16T12:13:00.000Z%,8000380,8006217,8000002,;426
2021-12-16T12:44:00.000Z;Westhausen;RB;RB 89;89;57223;8006376;8006376%2021-12-16T12:44:00.000Z%,8003569,8000655,8001090,8005908,8004796,8000280,8004071,8002994,8002593,8001628,8006533,8000078,;426
2021-12-16T13:13:00.000Z;Westhausen;RB;RB 89;89;57216;8006376;8006376%2021-12-16T13:13:00.000Z%,8000380,8006217,8000002,;426
2021-12-16T13:44:00.000Z;Westhausen;RB;RB 89;89;57225;8006376;8006376%2021-12-16T13:44:00.000Z%,8003569,8000655,8001090,8005908,8004796,8000280,8004071,8002994,8002593,8001628,8006533,8000078,;426
2021-12-16T14:13:00.000Z;Westhausen;RB;RB 89;89;57218;8006376;8006376%2021-12-16T14:13:00.000Z%,8000380,8006217,8000002,;426
2021-12-16T14:44:00.000Z;Westhausen;RB;RB 89;89;57227;8006376;8006376%2021-12-16T14:44:00.000Z%,8003569,8000655,8001090,8005908,8004796,8000280,8004071,8002994,8002593,8001628,8006533,8000078,;426
2021-12-16T15:13:00.000Z;Westhausen;RB;RB 89;89;57220;8006376;8006376%2021-12-16T15:13:00.000Z%,8000380,8006217,8000002,;426
2021-12-16T15:46:00.000Z;Westhausen;RB;RB 89;89;57229;8006376;8006376%2021-12-16T15:46:00.000Z%,8003569,8000655,8001090,8005908,8004796,8000280,8004071,8002994,8002593,8001628,8006533,8000078,;426
2021-12-16T16:15:00.000Z;Westhausen;RB;RB 89;89;57222;8006376;8006376%2021-12-16T16:15:00.000Z%,8000380,8006217,8000002,;426
2021-12-16T16:44:00.000Z;Westhausen;RB;RB 89;89;57231;8006376;8006376%2021-12-16T16:44:00.000Z%,8003569,8000655,8001090,8005908,8004796,8000280,8004071,8002994,8002593,8001628,8006533,8000078,;426
2021-12-16T17:13:00.000Z;Westhausen;RB;RB 89;89;57224;8006376;8006376%2021-12-16T17:13:00.000Z%,8000380,8006217,8000002,;426
2021-12-16T17:44:00.000Z;Westhausen;RB;RB 89;89;57233;8006376;8006376%2021-12-16T17:44:00.000Z%,8003569,8000655,8001090,8005908,8004796,8000280,8004071,8002994,8002593,8001628,8006533,8000078,;426
2021-12-16T18:13:00.000Z;Westhausen;RB;RB 89;89;57228;8006376;8006376%2021-12-16T18:13:00.000Z%,8000380,8006217,8000002,;426
2021-12-16T18:44:00.000Z;Westhausen;RB;RB 89;89;57235;8006376;8006376%2021-12-16T18:44:00.000Z%,8003569,8000655,8001090,8005908,8004796,8000280,8004071,8002994,8002593,8001628,8006533,8000078,;426
2021-12-16T19:13:00.000Z;Westhausen;RB;RB 89;89;57232;8006376;8006376%2021-12-16T19:13:00.000Z%,8000380,8006217,8000002,;426
2021-12-16T19:46:00.000Z;Westhausen;RB;RB 89;89;57237;8006376;8006376%2021-12-16T19:46:00.000Z%,8003569,8000655,8001090,8005908,8004796,8000280,8004071,8002994,8002593,8001628,8006533,8000078,;426
2021-12-15T20:22:00.000Z;Westheim(Schwab);RE;RE 9;9;57167;8006378;8006378%2021-12-15T20:23:00.000Z%1,8004318,8000662,8000013,8000658,8000661,8003299,8004008,8003982,8000545,8002623,8004204,8004158,8000261,;602
2021-12-15T20:34:00.000Z;Westheim(Schwab);RE;RE 9;9;57066;8006378;8006378%2021-12-15T20:36:00.000Z%2,8001439,8002263,8003483,8001468,8002074,8003123,8001276,8004030,8004654,8000139,8003627,8004239,8006730,8000170,;602
2021-12-15T21:01:00.000Z;Westheim(Schwab);RE;RE 9;9;57068;8006378;8006378%2021-12-15T21:02:00.000Z%1,8001439,8002263,8003483,8001468,8002074,8003123,8001276,8004030,8004654,8000139,8003627,8004239,8006730,8000170,;602
2021-12-15T21:22:00.000Z;Westheim(Schwab);RE;RE 9;9;57069;8006378;8006378%2021-12-15T21:23:00.000Z%1,8004318,8000662,8000013,;602
2021-12-15T22:01:00.000Z;Westheim(Schwab);RE;RE 9;9;57070;8006378;8006378%2021-12-15T22:01:00.000Z%,8001439,8002263,8003483,8001468,8002074,8003123,8001276,8004030,8004654,8000139,8003627,8004239,8006730,8000170,;602
2021-12-15T22:22:00.000Z;Westheim(Schwab);RE;RE 9;9;57071;8006378;8006378%2021-12-15T22:22:00.000Z%,8004318,8000662,8000013,8000658,8000661,8003299,8004008,8003982,8000545,8002623,8004204,8004158,8000261,;602
2021-12-15T23:01:00.000Z;Westheim(Schwab);RE;RE 9;9;57072;8006378;8006378%2021-12-15T23:01:00.000Z%,8001439,8002263,8003483,8001468,8002074,8003123,8001276,8004030,8004654,8000139,8003627,8004239,8006730,8000170,;602
2021-12-16T03:45:00.000Z;Westheim(Schwab);RB;RB 86;86;57103;8006378;8006378%2021-12-16T03:45:00.000Z%,8004318,8000662,8000013,8000658,8000661,8003299,8004008,8003982,8000545,8002623,8004204,8004158,8000261,;426
2021-12-16T04:19:00.000Z;Westheim(Schwab);RB;RB 86;86;57105;8006378;8006378%2021-12-16T04:19:00.000Z%,8004318,8000662,8000013,8000658,8000661,8003299,8004008,8003982,8004158,8000261,;426
2021-12-16T04:31:00.000Z;Westheim(Schwab);RE;RE 9;9;57002;8006378;8006378%2021-12-16T04:31:00.000Z%,8001439,8002263,8003483,8001468,8002074,8003123,8001276,8004030,8004654,8000139,8003627,8004239,8006730,8000170,;602
2021-12-16T04:45:00.000Z;Westheim(Schwab);RE;RE 9;9;57007;8006378;8006378%2021-12-16T04:45:00.000Z%,8004318,8000662,8000013,8000658,8000661,8003299,8004008,8003982,8004158,8000261,;602
2021-12-16T04:52:00.000Z;Westheim(Schwab);RE;RE 9;9;57004;8006378;8006378%2021-12-16T04:52:00.000Z%,8001439,8002263,8003483,8001468,8003123,8001276,8004030,8004654,8000139,8003627,8004239,8006730,8000170,;602
2021-12-16T04:57:00.000Z;Westheim(Schwab);RB;RB 86;86;57301;8006378;8006378%2021-12-16T04:57:00.000Z%,8004318,8000662,8000013,;426
2021-12-16T05:20:00.000Z;Westheim(Schwab);RE;RE 9;9;57009;8006378;8006378%2021-12-16T05:20:00.000Z%,8004318,8000662,8000013,8000658,8000661,8003299,8004008,8003982,8004158,8000261,;602
2021-12-16T05:32:00.000Z;Westheim(Schwab);RE;RE 9;9;57006;8006378;8006378%2021-12-16T05:32:00.000Z%,8001439,8002263,8003483,8001468,8002074,8003123,8001276,8004030,8004654,8000139,8003627,8004239,8006730,8000170,;602
2021-12-16T05:35:00.000Z;Westheim(Schwab);RB;RB 86;86;57095;8006378;8006378%2021-12-16T05:35:00.000Z%,8004318,8000662,8000013,8000658,8000661,8003299,8004008,8003982,8004158,8000261,;426
2021-12-16T05:46:00.000Z;Westheim(Schwab);RB;RB RE 9;RE 9;57111;8006378;8006378%2021-12-16T05:46:00.000Z%,8004318,8000662,8000013,8000658,8000661,8003299,8004008,8003982,8000545,8002623,8004204,8004158,8000261,;426
2021-12-16T06:02:00.000Z;Westheim(Schwab);RB;RB 86;86;57303;8006378;8006378%2021-12-16T06:02:00.000Z%,8004318,8000662,8000013,;426
2021-12-16T06:22:00.000Z;Westheim(Schwab);RE;RE 9;9;57113;8006378;8006378%2021-12-16T06:22:00.000Z%,8004318,8000662,8000013,8000658,8000661,8003299,8004008,8003982,8004158,8000261,;602
2021-12-16T06:33:00.000Z;Westheim(Schwab);RE;RE 9;9;57010;8006378;8006378%2021-12-16T06:33:00.000Z%,8001439,8002263,8003483,8001468,8002074,8003123,8001276,8004030,8004654,8000139,8003627,8004239,8006730,8000170,;602
2021-12-16T06:41:00.000Z;Westheim(Schwab);RB;RB 86;86;57305;8006378;8006378%2021-12-16T06:41:00.000Z%,8004318,8000662,8000013,;426
2021-12-16T06:49:00.000Z;Westheim(Schwab);RB;RB RE 9;RE 9;57115;8006378;8006378%2021-12-16T06:49:00.000Z%,8004318,8000662,8000013,8000658,8000661,8003299,8004008,8003982,8000545,8002623,8004204,8004158,8000261,;426
2021-12-16T07:01:00.000Z;Westheim(Schwab);RB;RB 86;86;57012;8006378;8006378%2021-12-16T07:01:00.000Z%,8001439,8002263,8003483,8001468,;426
2021-12-16T07:06:00.000Z;Westheim(Schwab);RB;RB 86;86;57307;8006378;8006378%2021-12-16T07:06:00.000Z%,8004318,8000662,8000013,;426
2021-12-16T07:22:00.000Z;Westheim(Schwab);RE;RE 9;9;57017;8006378;8006378%2021-12-16T07:22:00.000Z%,8004318,8000662,8000013,8000658,8000661,8003299,8004008,8003982,8004158,8000261,;602
2021-12-16T07:35:00.000Z;Westheim(Schwab);RE;RE 9;9;57014;8006378;8006378%2021-12-16T07:35:00.000Z%,8001439,8002263,8003483,8001468,8002074,8003123,8001276,8004030,8004654,8000139,8003627,8004239,8006730,8000170,;602
2021-12-16T07:45:00.000Z;Westheim(Schwab);RB;RB 86;86;57119;8006378;8006378%2021-12-16T07:45:00.000Z%,8004318,8000662,8000013,8000658,8000661,8003299,8004008,8003982,8000545,8002623,8004204,8004158,8000261,;426
2021-12-16T08:00:00.000Z;Westheim(Schwab);RB;RB 86;86;57016;8006378;8006378%2021-12-16T08:00:00.000Z%,8001439,8002263,8003483,8001468,;426
2021-12-16T08:22:00.000Z;Westheim(Schwab);RE;RE 9;9;57121;8006378;8006378%2021-12-16T08:22:00.000Z%,8004318,8000662,8000013,8000658,8000661,8003299,8004008,8003982,8004158,8000261,;602
2021-12-16T08:34:00.000Z;Westheim(Schwab);RE;RE 9;9;57018;8006378;8006378%2021-12-16T08:34:00.000Z%,8001439,8002263,8003483,8001468,8002074,8003123,8001276,8004030,8004654,8000139,8003627,8004239,8006730,8000170,;602
2021-12-16T08:45:00.000Z;Westheim(Schwab);RB;RB 86;86;57123;8006378;8006378%2021-12-16T08:45:00.000Z%,8004318,8000662,8000013,8000658,8000661,8003299,8004008,8003982,8004158,8000261,;426
2021-12-16T09:00:00.000Z;Westheim(Schwab);RB;RB 86;86;57020;8006378;8006378%2021-12-16T09:00:00.000Z%,8001439,8002263,8003483,8001468,;426
2021-12-16T09:22:00.000Z;Westheim(Schwab);RE;RE 9;9;57025;8006378;8006378%2021-12-16T09:22:00.000Z%,8004318,8000662,8000013,8000658,8000661,8003299,8004008,8003982,8004158,8000261,;602
2021-12-16T09:34:00.000Z;Westheim(Schwab);RE;RE 9;9;57022;8006378;8006378%2021-12-16T09:34:00.000Z%,8001439,8002263,8003483,8001468,8002074,8003123,8001276,8004030,8004654,8000139,8003627,8004239,8006730,8000170,;602
2021-12-16T09:45:00.000Z;Westheim(Schwab);RB;RB 86;86;57127;8006378;8006378%2021-12-16T09:45:00.000Z%,8004318,8000662,8000013,8000658,8000661,8003299,8004008,8003982,8000545,8002623,8004204,8004158,8000261,;426
2021-12-16T10:00:00.000Z;Westheim(Schwab);RB;RB 86;86;57024;8006378;8006378%2021-12-16T10:00:00.000Z%,8001439,8002263,8003483,8001468,;426
2021-12-16T10:22:00.000Z;Westheim(Schwab);RE;RE 9;9;57129;8006378;8006378%2021-12-16T10:22:00.000Z%,8004318,8000662,8000013,8000658,8000661,8003299,8004008,8003982,8004158,8000261,;602
2021-12-16T10:34:00.000Z;Westheim(Schwab);RE;RE 9;9;57026;8006378;8006378%2021-12-16T10:34:00.000Z%,8001439,8002263,8003483,8001468,8002074,8003123,8001276,8004030,8004654,8000139,8003627,8004239,8006730,8000170,;602
2021-12-16T10:45:00.000Z;Westheim(Schwab);RB;RB 86;86;57131;8006378;8006378%2021-12-16T10:45:00.000Z%,8004318,8000662,8000013,8000658,8000661,8003299,8004008,8003982,8004158,8000261,;426
2021-12-16T11:00:00.000Z;Westheim(Schwab);RB;RB 86;86;57028;8006378;8006378%2021-12-16T11:00:00.000Z%,8001439,8002263,8003483,8001468,;426
2021-12-16T11:22:00.000Z;Westheim(Schwab);RE;RE 9;9;57033;8006378;8006378%2021-12-16T11:22:00.000Z%,8004318,8000662,8000013,8000658,8000661,8003299,8004008,8003982,8004158,8000261,;602
2021-12-16T11:34:00.000Z;Westheim(Schwab);RE;RE 9;9;57030;8006378;8006378%2021-12-16T11:34:00.000Z%,8001439,8002263,8003483,8001468,8002074,8003123,8001276,8004030,8004654,8000139,8003627,8004239,8006730,8000170,;602
2021-12-16T11:45:00.000Z;Westheim(Schwab);RB;RB 86;86;57135;8006378;8006378%2021-12-16T11:45:00.000Z%,8004318,8000662,8000013,8000658,8000661,8003299,8004008,8003982,8000545,8002623,8004204,8004158,8000261,;426
2021-12-16T12:00:00.000Z;Westheim(Schwab);RB;RB 86;86;57032;8006378;8006378%2021-12-16T12:00:00.000Z%,8001439,8002263,8003483,8001468,;426
2021-12-16T12:15:00.000Z;Westheim(Schwab);RB;RB 86;86;57302;8006378;8006378%2021-12-16T12:15:00.000Z%,8001439,8002263,8003483,8001468,;426
2021-12-16T12:22:00.000Z;Westheim(Schwab);RE;RE 9;9;57137;8006378;8006378%2021-12-16T12:22:00.000Z%,8004318,8000662,8000013,8000658,8000661,8003299,8004008,8003982,8004158,8000261,;602
2021-12-16T12:34:00.000Z;Westheim(Schwab);RE;RE 9;9;57034;8006378;8006378%2021-12-16T12:34:00.000Z%,8001439,8002263,8003483,8001468,8002074,8003123,8001276,8004030,8004654,8000139,8003627,8004239,8006730,8000170,;602
2021-12-16T12:45:00.000Z;Westheim(Schwab);RB;RB 86;86;57139;8006378;8006378%2021-12-16T12:45:00.000Z%,8004318,8000662,8000013,8000658,8000661,8003299,8004008,8003982,8004158,8000261,;426
2021-12-16T13:00:00.000Z;Westheim(Schwab);RB;RB 86;86;57036;8006378;8006378%2021-12-16T13:00:00.000Z%,8001439,8002263,8003483,8001468,;426
2021-12-16T13:22:00.000Z;Westheim(Schwab);RE;RE 9;9;57041;8006378;8006378%2021-12-16T13:22:00.000Z%,8004318,8000662,8000013,8000658,8000661,8003299,8004008,8003982,8004158,8000261,;602
2021-12-16T13:33:00.000Z;Westheim(Schwab);RE;RE 9;9;57038;8006378;8006378%2021-12-16T13:33:00.000Z%,8001439,8002263,8003483,8001468,8002074,8003123,8001276,8004030,8004654,8000139,8003627,8004239,8006730,8000170,;602
2021-12-16T13:45:00.000Z;Westheim(Schwab);RB;RB 86;86;57143;8006378;8006378%2021-12-16T13:45:00.000Z%,8004318,8000662,8000013,8000658,8000661,8003299,8004008,8003982,8000545,8002623,8004204,8004158,8000261,;426
2021-12-16T14:00:00.000Z;Westheim(Schwab);RB;RB 86;86;57040;8006378;8006378%2021-12-16T14:00:00.000Z%,8001439,8002263,8003483,8001468,;426
2021-12-16T14:22:00.000Z;Westheim(Schwab);RE;RE 9;9;57145;8006378;8006378%2021-12-16T14:22:00.000Z%,8004318,8000662,8000013,8000658,8000661,8003299,8004008,8003982,8004158,8000261,;602
2021-12-16T14:34:00.000Z;Westheim(Schwab);RE;RE 9;9;57042;8006378;8006378%2021-12-16T14:34:00.000Z%,8001439,8002263,8003483,8001468,8002074,8003123,8001276,8004030,8004654,8000139,8003627,8004239,8006730,8000170,;602
2021-12-16T14:45:00.000Z;Westheim(Schwab);RB;RB 86;86;57147;8006378;8006378%2021-12-16T14:45:00.000Z%,8004318,8000662,8000013,8000658,8000661,8003299,8004008,8003982,8004158,8000261,;426
2021-12-16T15:00:00.000Z;Westheim(Schwab);RB;RB 86;86;57044;8006378;8006378%2021-12-16T15:00:00.000Z%,8001439,8002263,8003483,8001468,;426
2021-12-16T15:15:00.000Z;Westheim(Schwab);RB;RB 86;86;57304;8006378;8006378%2021-12-16T15:15:00.000Z%,8001439,8002263,;426
2021-12-16T15:22:00.000Z;Westheim(Schwab);RE;RE 9;9;57049;8006378;8006378%2021-12-16T15:22:00.000Z%,8004318,8000662,8000013,8000658,8000661,8003299,8004008,8003982,8004158,8000261,;602
2021-12-16T15:34:00.000Z;Westheim(Schwab);RE;RE 9;9;57046;8006378;8006378%2021-12-16T15:34:00.000Z%,8001439,8002263,8003483,8001468,8002074,8003123,8001276,8004030,8004654,8000139,8003627,8004239,8006730,8000170,;602
2021-12-16T15:39:00.000Z;Westheim(Schwab);RB;RB 86;86;57309;8006378;8006378%2021-12-16T15:39:00.000Z%,8004318,8000662,8000013,;426
2021-12-16T15:45:00.000Z;Westheim(Schwab);RB;RB 86;86;57151;8006378;8006378%2021-12-16T15:45:00.000Z%,8004318,8000662,8000013,8000658,8000661,8003299,8004008,8003982,8004158,8000261,;426
2021-12-16T15:46:00.000Z;Westheim(Schwab);RB;RB 86;86;57306;8006378;8006378%2021-12-16T15:46:00.000Z%,8001439,8002263,;426
2021-12-16T16:00:00.000Z;Westheim(Schwab);RB;RB 86;86;57048;8006378;8006378%2021-12-16T16:00:00.000Z%,8001439,8002263,8003483,8001468,;426
2021-12-16T16:17:00.000Z;Westheim(Schwab);RB;RB 86;86;57308;8006378;8006378%2021-12-16T16:17:00.000Z%,8001439,8002263,;426
2021-12-16T16:22:00.000Z;Westheim(Schwab);RE;RE 9;9;57153;8006378;8006378%2021-12-16T16:22:00.000Z%,8004318,8000662,8000013,8000658,8000661,8003299,8004008,8003982,8004158,8000261,;602
2021-12-16T16:34:00.000Z;Westheim(Schwab);RE;RE 9;9;57050;8006378;8006378%2021-12-16T16:34:00.000Z%,8001439,8002263,8003483,8001468,8002074,8003123,8001276,8004030,8004654,8000139,8003627,8004239,8006730,8000170,;602
2021-12-16T16:41:00.000Z;Westheim(Schwab);RB;RB 86;86;57311;8006378;8006378%2021-12-16T16:41:00.000Z%,8004318,8000662,8000013,;426
2021-12-16T16:43:00.000Z;Westheim(Schwab);RB;RB 86;86;57310;8006378;8006378%2021-12-16T16:43:00.000Z%,8001439,8002263,;426
2021-12-16T16:47:00.000Z;Westheim(Schwab);RB;RB 86;86;57155;8006378;8006378%2021-12-16T16:47:00.000Z%,8004318,8000662,8000013,8000658,8000661,8003299,8004008,8003982,8004158,8000261,;426
2021-12-16T17:00:00.000Z;Westheim(Schwab);RB;RB 86;86;57052;8006378;8006378%2021-12-16T17:00:00.000Z%,8001439,8002263,8003483,8001468,;426
2021-12-16T17:14:00.000Z;Westheim(Schwab);RB;RB 86;86;57094;8006378;8006378%2021-12-16T17:14:00.000Z%,8001439,8002263,;426
2021-12-16T17:22:00.000Z;Westheim(Schwab);RE;RE 9;9;57057;8006378;8006378%2021-12-16T17:22:00.000Z%,8004318,8000662,8000013,8000658,8000661,8003299,8004008,8003982,8004158,8000261,;602
2021-12-16T17:34:00.000Z;Westheim(Schwab);RE;RE 9;9;57054;8006378;8006378%2021-12-16T17:34:00.000Z%,8001439,8002263,8003483,8001468,8002074,8003123,8001276,8004030,8004654,8000139,8003627,8004239,8006730,8000170,;602
2021-12-16T17:40:00.000Z;Westheim(Schwab);RB;RB 86;86;57313;8006378;8006378%2021-12-16T17:40:00.000Z%,8004318,8000662,8000013,;426
2021-12-16T17:45:00.000Z;Westheim(Schwab);RB;RB 86;86;57159;8006378;8006378%2021-12-16T17:45:00.000Z%,8004318,8000662,8000013,8000658,8000661,8003299,8004008,8003982,8000545,8002623,8004204,8004158,8000261,;426
2021-12-16T18:00:00.000Z;Westheim(Schwab);RB;RB 86;86;57056;8006378;8006378%2021-12-16T18:00:00.000Z%,8001439,8002263,8003483,8001468,;426
2021-12-16T18:14:00.000Z;Westheim(Schwab);RB;RB 86;86;57098;8006378;8006378%2021-12-16T18:14:00.000Z%,8001439,8002263,;426
2021-12-16T18:23:00.000Z;Westheim(Schwab);RE;RE 9;9;57161;8006378;8006378%2021-12-16T18:23:00.000Z%,8004318,8000662,8000013,8000658,8000661,8003299,8004008,8003982,8004158,8000261,;602
2021-12-16T18:36:00.000Z;Westheim(Schwab);RE;RE 9;9;57058;8006378;8006378%2021-12-16T18:36:00.000Z%,8001439,8002263,8003483,8001468,8002074,8003123,8001276,8004030,8004654,8000139,8003627,8004239,8006730,8000170,;602
2021-12-16T18:45:00.000Z;Westheim(Schwab);RB;RB 86;86;57163;8006378;8006378%2021-12-16T18:45:00.000Z%,8004318,8000662,8000013,8000658,8000661,8003299,8004008,8003982,8004158,8000261,;426
2021-12-16T19:02:00.000Z;Westheim(Schwab);RB;RB 86;86;57060;8006378;8006378%2021-12-16T19:02:00.000Z%,8001439,8002263,8003483,8001468,;426
2021-12-16T19:22:00.000Z;Westheim(Schwab);RE;RE 9;9;57065;8006378;8006378%2021-12-16T19:22:00.000Z%,8004318,8000662,8000013,8000658,8000661,8003299,8004008,8003982,8000545,8002623,8004204,8004158,8000261,;602
2021-12-16T19:34:00.000Z;Westheim(Schwab);RE;RE 9;9;57062;8006378;8006378%2021-12-16T19:34:00.000Z%,8001439,8002263,8003483,8001468,8002074,8003123,8001276,8004030,8004654,8000139,8003627,8004239,8006730,8000170,;602
2021-12-16T20:00:00.000Z;Westheim(Schwab);RB;RB 86;86;57064;8006378;8006378%2021-12-16T20:00:00.000Z%,8001439,8002263,8003483,8001468,;426
2021-12-15T21:05:00.000Z;Wickede(Ruhr);RE;RE 57;57;10989;8006389;8006389%2021-12-15T21:05:00.000Z%0,8004228,8000605,8004642,8002073,8003993,8000927,8004676,8000054,8001182,;602
2021-12-15T21:48:00.000Z;Wickede(Ruhr);RE;RE 57;57;10748;8006389;8006389%2021-12-15T21:49:00.000Z%1,8000113,8000037,8000142,;602
2021-12-15T22:05:00.000Z;Wickede(Ruhr);RE;RE 57;57;10783;8006389;8006389%2021-12-15T22:05:00.000Z%,8004228,8000605,8004642,8002073,8003993,8000927,;602
2021-12-15T23:05:00.000Z;Wickede(Ruhr);RE;RE 57;57;10785;8006389;8006389%2021-12-15T23:05:00.000Z%,8004228,8000605,8004642,8002073,8003993,8000927,;602
2021-12-16T04:13:00.000Z;Wickede(Ruhr);RE;RE 17;17;10700;8006389;8006389%2021-12-16T04:13:00.000Z%,8000113,8000037,;602
2021-12-16T04:28:00.000Z;Wickede(Ruhr);RE;RE 17;17;4761;8006389;8006389%2021-12-16T04:28:00.000Z%,8004228,8000605,8004642,8002073,8003993,8000927,8004676,8000054,8002992,8003998,8000904,8001137,8003896,8006379,8005336,8000196,8002933,8003200,;602
2021-12-16T04:43:00.000Z;Wickede(Ruhr);RE;RE 57;57;10776;8006389;8006389%2021-12-16T04:43:00.000Z%,8000113,8000961,8000080,;602
2021-12-16T05:13:00.000Z;Wickede(Ruhr);RE;RE 17;17;10702;8006389;8006389%2021-12-16T05:13:00.000Z%,8000113,8000037,;602
2021-12-16T05:28:00.000Z;Wickede(Ruhr);RE;RE 17;17;10703;8006389;8006389%2021-12-16T05:28:00.000Z%,8004228,8000605,8004642,8002073,8003993,8000927,8004676,8000054,8002992,8003998,8000904,8001137,8003896,8006379,8005336,8000196,;602
2021-12-16T05:28:00.000Z;Wickede(Ruhr);RE;RE 57;57;10781;8006389;8006389%2021-12-16T05:28:00.000Z%,8004228,8000605,8004642,8002073,8003993,8000927,8004676,8000054,8001182,;602
2021-12-16T05:48:00.000Z;Wickede(Ruhr);RE;RE 57;57;10970;8006389;8006389%2021-12-16T05:48:00.000Z%,8000113,8000961,8000080,;602
2021-12-16T06:11:00.000Z;Wickede(Ruhr);RE;RE 57;57;10751;8006389;8006389%2021-12-16T06:11:00.000Z%,8004228,8000605,8004642,8002073,8003993,8000927,8000966,8005555,8005569,8006486,;602
2021-12-16T06:13:00.000Z;Wickede(Ruhr);RE;RE 17;17;10704;8006389;8006389%2021-12-16T06:13:00.000Z%,8000113,8000037,;602
2021-12-16T06:37:00.000Z;Wickede(Ruhr);RE;RE 57;57;10778;8006389;8006389%2021-12-16T06:37:00.000Z%,8000113,8000037,8000142,;602
2021-12-16T06:43:00.000Z;Wickede(Ruhr);RE;RE 17;17;4763;8006389;8006389%2021-12-16T06:43:00.000Z%,8004228,8000605,8004642,8002073,8003993,8000927,8004676,8000054,8002992,8001137,8003896,8006379,8005336,8000196,8002933,8003200,;602
2021-12-16T06:48:00.000Z;Wickede(Ruhr);RE;RE 57;57;10972;8006389;8006389%2021-12-16T06:48:00.000Z%,8000113,8000961,8000080,;602
2021-12-16T07:11:00.000Z;Wickede(Ruhr);RE;RE 57;57;10753;8006389;8006389%2021-12-16T07:11:00.000Z%,8004228,8000605,8004642,8002073,8003993,8000927,8004676,8000054,8001182,;602
2021-12-16T07:13:00.000Z;Wickede(Ruhr);RE;RE 17;17;10708;8006389;8006389%2021-12-16T07:13:00.000Z%,8000113,8000037,;602
2021-12-16T07:43:00.000Z;Wickede(Ruhr);RE;RE 17;17;10707;8006389;8006389%2021-12-16T07:43:00.000Z%,8004228,8000605,8004642,8002073,8003993,8000927,8004676,8000054,8001137,8003896,8006379,8005336,8000196,;602
2021-12-16T07:48:00.000Z;Wickede(Ruhr);RE;RE 57;57;10750;8006389;8006389%2021-12-16T07:48:00.000Z%,8000113,8000961,8000080,;602
2021-12-16T08:11:00.000Z;Wickede(Ruhr);RE;RE 57;57;10755;8006389;8006389%2021-12-16T08:11:00.000Z%,8004228,8000605,8004642,8002073,8003993,8000927,8000966,8005555,8005569,8006486,;602
2021-12-16T08:13:00.000Z;Wickede(Ruhr);RE;RE 17;17;10712;8006389;8006389%2021-12-16T08:13:00.000Z%,8000113,8000037,;602
2021-12-16T08:43:00.000Z;Wickede(Ruhr);RE;RE 17;17;10709;8006389;8006389%2021-12-16T08:43:00.000Z%,8004228,8000605,8004642,8002073,8003993,8000927,8004676,8000054,8002992,8001137,8003896,8006379,8005336,8000196,;602
2021-12-16T08:48:00.000Z;Wickede(Ruhr);RE;RE 57;57;10752;8006389;8006389%2021-12-16T08:48:00.000Z%,8000113,8000961,8000080,;602
2021-12-16T09:11:00.000Z;Wickede(Ruhr);RE;RE 57;57;10757;8006389;8006389%2021-12-16T09:11:00.000Z%,8004228,8000605,8004642,8002073,8003993,8000927,8004676,8000054,8001182,;602
2021-12-16T09:13:00.000Z;Wickede(Ruhr);RE;RE 17;17;4760;8006389;8006389%2021-12-16T09:13:00.000Z%,8000113,8000037,;602
2021-12-16T09:43:00.000Z;Wickede(Ruhr);RE;RE 17;17;10711;8006389;8006389%2021-12-16T09:43:00.000Z%,8004228,8000605,8004642,8002073,8003993,8000927,8004676,8000054,8001137,8003896,8006379,8005336,8000196,;602
2021-12-16T09:48:00.000Z;Wickede(Ruhr);RE;RE 57;57;10754;8006389;8006389%2021-12-16T09:48:00.000Z%,8000113,8000961,8000080,;602
2021-12-16T10:11:00.000Z;Wickede(Ruhr);RE;RE 57;57;10759;8006389;8006389%2021-12-16T10:11:00.000Z%,8004228,8000605,8004642,8002073,8003993,8000927,8000966,8005555,8005569,8006486,;602
2021-12-16T10:13:00.000Z;Wickede(Ruhr);RE;RE 17;17;10714;8006389;8006389%2021-12-16T10:13:00.000Z%,8000113,8000037,;602
2021-12-16T10:43:00.000Z;Wickede(Ruhr);RE;RE 17;17;4765;8006389;8006389%2021-12-16T10:43:00.000Z%,8004228,8000605,8004642,8002073,8003993,8000927,8004676,8000054,8002992,8001137,8003896,8006379,8005336,8000196,8002933,8003200,;602
2021-12-16T10:48:00.000Z;Wickede(Ruhr);RE;RE 57;57;10756;8006389;8006389%2021-12-16T10:48:00.000Z%,8000113,8000961,8000080,;602
2021-12-16T11:11:00.000Z;Wickede(Ruhr);RE;RE 57;57;10761;8006389;8006389%2021-12-16T11:11:00.000Z%,8004228,8000605,8004642,8002073,8003993,8000927,8004676,8000054,8001182,;602
2021-12-16T11:13:00.000Z;Wickede(Ruhr);RE;RE 17;17;4762;8006389;8006389%2021-12-16T11:13:00.000Z%,8000113,8000037,;602
2021-12-16T11:43:00.000Z;Wickede(Ruhr);RE;RE 17;17;10713;8006389;8006389%2021-12-16T11:43:00.000Z%,8004228,8000605,8004642,8002073,8003993,8000927,8004676,8000054,8001137,8003896,8006379,8005336,8000196,;602
2021-12-16T11:48:00.000Z;Wickede(Ruhr);RE;RE 57;57;10758;8006389;8006389%2021-12-16T11:48:00.000Z%,8000113,8000961,8000080,;602
2021-12-16T12:11:00.000Z;Wickede(Ruhr);RE;RE 57;57;10763;8006389;8006389%2021-12-16T12:11:00.000Z%,8004228,8000605,8004642,8002073,8003993,8000927,8000966,8005555,8005569,8006486,;602
2021-12-16T12:13:00.000Z;Wickede(Ruhr);RE;RE 17;17;10716;8006389;8006389%2021-12-16T12:13:00.000Z%,8000113,8000037,;602
2021-12-16T12:43:00.000Z;Wickede(Ruhr);RE;RE 17;17;4767;8006389;8006389%2021-12-16T12:43:00.000Z%,8004228,8000605,8004642,8002073,8003993,8000927,8004676,8000054,8002992,8001137,8003896,8006379,8005336,8000196,8002933,8003200,;602
2021-12-16T12:48:00.000Z;Wickede(Ruhr);RE;RE 57;57;10760;8006389;8006389%2021-12-16T12:48:00.000Z%,8000113,8000961,8000080,;602
2021-12-16T13:11:00.000Z;Wickede(Ruhr);RE;RE 57;57;10765;8006389;8006389%2021-12-16T13:11:00.000Z%,8004228,8000605,8004642,8002073,8003993,8000927,8004676,8000054,8001182,;602
2021-12-16T13:13:00.000Z;Wickede(Ruhr);RE;RE 17;17;4764;8006389;8006389%2021-12-16T13:13:00.000Z%,8000113,8000037,;602
2021-12-16T13:43:00.000Z;Wickede(Ruhr);RE;RE 17;17;10715;8006389;8006389%2021-12-16T13:43:00.000Z%,8004228,8000605,8004642,8002073,8003993,8000927,8004676,8000054,8001137,8003896,8006379,8005336,8000196,;602
2021-12-16T13:48:00.000Z;Wickede(Ruhr);RE;RE 57;57;10762;8006389;8006389%2021-12-16T13:48:00.000Z%,8000113,8000961,8000080,;602
2021-12-16T14:11:00.000Z;Wickede(Ruhr);RE;RE 57;57;10767;8006389;8006389%2021-12-16T14:11:00.000Z%,8004228,8000605,8004642,8002073,8003993,8000927,8000966,8005555,8005569,8006486,;602
2021-12-16T14:11:00.000Z;Wickede(Ruhr);RE;RE 57;57;10979;8006389;8006389%2021-12-16T14:11:00.000Z%,8004228,8000605,8004642,8002073,8003993,8000927,8004676,8000054,8001182,;602
2021-12-16T14:13:00.000Z;Wickede(Ruhr);RE;RE 17;17;10718;8006389;8006389%2021-12-16T14:13:00.000Z%,8000113,8000037,;602
2021-12-16T14:43:00.000Z;Wickede(Ruhr);RE;RE 17;17;4769;8006389;8006389%2021-12-16T14:43:00.000Z%,8004228,8000605,8004642,8002073,8003993,8000927,8004676,8000054,8002992,8001137,8003896,8006379,8005336,8000196,8002933,8003200,;602
2021-12-16T14:48:00.000Z;Wickede(Ruhr);RE;RE 57;57;10764;8006389;8006389%2021-12-16T14:48:00.000Z%,8000113,8000961,8000080,;602
2021-12-16T15:11:00.000Z;Wickede(Ruhr);RE;RE 57;57;10769;8006389;8006389%2021-12-16T15:11:00.000Z%,8004228,8000605,8004642,8002073,8003993,8000927,8004676,8000054,8001182,;602
2021-12-16T15:13:00.000Z;Wickede(Ruhr);RE;RE 17;17;10720;8006389;8006389%2021-12-16T15:13:00.000Z%,8000113,8000037,;602
2021-12-16T15:43:00.000Z;Wickede(Ruhr);RE;RE 17;17;10717;8006389;8006389%2021-12-16T15:43:00.000Z%,8004228,8000605,8004642,8002073,8003993,8000927,8004676,8000054,8001137,8003896,8006379,8005336,8000196,;602
2021-12-16T15:48:00.000Z;Wickede(Ruhr);RE;RE 57;57;10766;8006389;8006389%2021-12-16T15:48:00.000Z%,8000113,8000961,8000080,;602
2021-12-16T16:11:00.000Z;Wickede(Ruhr);RE;RE 57;57;10771;8006389;8006389%2021-12-16T16:11:00.000Z%,8004228,8000605,8004642,8002073,8003993,8000927,8000966,8005555,8005569,8006486,;602
2021-12-16T16:11:00.000Z;Wickede(Ruhr);RE;RE 57;57;10983;8006389;8006389%2021-12-16T16:11:00.000Z%,8004228,8000605,8004642,8002073,8003993,8000927,8004676,8000054,8001182,;602
2021-12-16T16:13:00.000Z;Wickede(Ruhr);RE;RE 17;17;10722;8006389;8006389%2021-12-16T16:13:00.000Z%,8000113,8000037,;602
2021-12-16T16:43:00.000Z;Wickede(Ruhr);RE;RE 17;17;4771;8006389;8006389%2021-12-16T16:43:00.000Z%,8004228,8000605,8004642,8002073,8003993,8000927,8004676,8000054,8002992,8001137,8003896,8006379,8005336,8000196,8002933,8003200,;602
2021-12-16T16:48:00.000Z;Wickede(Ruhr);RE;RE 57;57;10768;8006389;8006389%2021-12-16T16:48:00.000Z%,8000113,8000961,8000080,;602
2021-12-16T16:48:00.000Z;Wickede(Ruhr);RE;RE 57;57;10984;8006389;8006389%2021-12-16T16:48:00.000Z%,8000113,8000961,8000080,;602
2021-12-16T17:11:00.000Z;Wickede(Ruhr);RE;RE 57;57;10985;8006389;8006389%2021-12-16T17:11:00.000Z%,8004228,8000605,8004642,8002073,8003993,8000927,8004676,8000054,8001182,;602
2021-12-16T17:13:00.000Z;Wickede(Ruhr);RE;RE 17;17;4766;8006389;8006389%2021-12-16T17:13:00.000Z%,8000113,8000037,;602
2021-12-16T17:43:00.000Z;Wickede(Ruhr);RE;RE 17;17;10719;8006389;8006389%2021-12-16T17:43:00.000Z%,8004228,8000605,8004642,8002073,8003993,8000927,8004676,8000054,8001137,8003896,8006379,8005336,8000196,;602
2021-12-16T17:48:00.000Z;Wickede(Ruhr);RE;RE 57;57;10770;8006389;8006389%2021-12-16T17:48:00.000Z%,8000113,8000961,8000080,;602
2021-12-16T18:11:00.000Z;Wickede(Ruhr);RE;RE 57;57;10773;8006389;8006389%2021-12-16T18:11:00.000Z%,8004228,8000605,8004642,8002073,8003993,8000927,8000966,8005555,8005569,8006486,;602
2021-12-16T18:13:00.000Z;Wickede(Ruhr);RE;RE 17;17;10724;8006389;8006389%2021-12-16T18:13:00.000Z%,8000113,8000037,;602
2021-12-16T18:43:00.000Z;Wickede(Ruhr);RE;RE 17;17;10721;8006389;8006389%2021-12-16T18:43:00.000Z%,8004228,8000605,8004642,8002073,8003993,8000927,;602
2021-12-16T18:48:00.000Z;Wickede(Ruhr);RE;RE 57;57;10772;8006389;8006389%2021-12-16T18:48:00.000Z%,8000113,8000961,8000080,;602
2021-12-16T18:48:00.000Z;Wickede(Ruhr);RE;RE 57;57;10988;8006389;8006389%2021-12-16T18:48:00.000Z%,8000113,8000961,8000080,;602
2021-12-16T19:11:00.000Z;Wickede(Ruhr);RE;RE 57;57;10987;8006389;8006389%2021-12-16T19:11:00.000Z%,8004228,8000605,8004642,8002073,8003993,8000927,8004676,8000054,8001182,;602
2021-12-16T19:13:00.000Z;Wickede(Ruhr);RE;RE 17;17;4768;8006389;8006389%2021-12-16T19:13:00.000Z%,8000113,8000037,;602
2021-12-16T19:43:00.000Z;Wickede(Ruhr);RE;RE 17;17;10723;8006389;8006389%2021-12-16T19:43:00.000Z%,8004228,8000605,8004642,8002073,8003993,8000927,8004676,8000054,8002992,8001137,8003896,8006379,8005336,8000196,;602
2021-12-16T19:48:00.000Z;Wickede(Ruhr);RE;RE 57;57;10742;8006389;8006389%2021-12-16T19:48:00.000Z%,8000113,8000961,8000080,;602
2021-12-16T20:11:00.000Z;Wickede(Ruhr);RE;RE 57;57;10775;8006389;8006389%2021-12-16T20:11:00.000Z%,8004228,8000605,8004642,8002073,8003993,8000927,;602
2021-12-16T20:13:00.000Z;Wickede(Ruhr);RE;RE 17;17;10726;8006389;8006389%2021-12-16T20:13:00.000Z%,8000113,8000037,;602
2021-12-15T20:29:00.000Z;Wickrath;RB;RB 33;33;10340;8006391;8006391%2021-12-15T20:31:00.000Z%2,8000318,8000253,8000174,8000584,8002027,8000211,8000212,8003426,8003427,8002941,8000317,8005065,8001605,8000086,8000687,8000259,8001898,8000098,;426
2021-12-15T20:30:00.000Z;Wickrath;RB;RB 33;33;10343;8006391;8006391%2021-12-15T20:31:00.000Z%1,8002784,8001839,8000677,8001113,8003697,8002206,8005935,8002806,8003395,8000404,8070704,8000001,;426
2021-12-15T21:29:00.000Z;Wickrath;RB;RB 33;33;10342;8006391;8006391%2021-12-15T21:29:00.000Z%0,8000318,8000253,8000174,8000584,8002027,8000211,8000212,8003426,8003427,8002941,8000317,8005065,8001605,8000086,;426
2021-12-15T21:30:00.000Z;Wickrath;RB;RB 33;33;10345;8006391;8006391%2021-12-15T21:32:00.000Z%2,8002784,8001839,8000677,8001113,8003697,8002206,8005935,8002806,8003395,8000404,8070704,8000001,;426
2021-12-15T22:29:00.000Z;Wickrath;RB;RB 33;33;10344;8006391;8006391%2021-12-15T22:29:00.000Z%,8000318,8000253,8000174,8000584,8002027,8000211,8000212,8003426,8003427,8002941,8000317,8005065,8001605,8000086,;426
2021-12-15T22:30:00.000Z;Wickrath;RB;RB 33;33;10347;8006391;8006391%2021-12-15T22:30:00.000Z%,8002784,8001839,8000677,8001113,8003697,8002206,8005935,8002806,8003395,8000404,8070704,8000001,;426
2021-12-15T23:29:00.000Z;Wickrath;RB;RB 33;33;10346;8006391;8006391%2021-12-15T23:29:00.000Z%,8000318,8000253,8000174,8000584,8002027,8000211,8000212,8003426,8003427,8002941,8000317,8005065,8001605,8000086,;426
2021-12-16T03:35:00.000Z;Wickrath;RB;RB 33;33;10309;8006391;8006391%2021-12-16T03:35:00.000Z%,8002784,8001839,8000677,8001113,8003697,8002206,8005935,8002806,8003395,8000404,8070704,8000001,;426
2021-12-16T04:29:00.000Z;Wickrath;RB;RB 33;33;10308;8006391;8006391%2021-12-16T04:29:00.000Z%,8000318,8000253,8000174,8000584,8002027,8000211,8000212,8003426,8003427,8002941,8000317,8005065,8001605,8000086,8000687,8000259,8001898,8000098,;426
2021-12-16T04:30:00.000Z;Wickrath;RB;RB 33;33;10311;8006391;8006391%2021-12-16T04:30:00.000Z%,8002784,8001839,8000677,8001113,8003697,8002206,8005935,8002806,8003395,8000404,8070704,8000001,;426
2021-12-16T05:29:00.000Z;Wickrath;RB;RB 33;33;10310;8006391;8006391%2021-12-16T05:29:00.000Z%,8000318,8000253,8000174,8000584,8002027,8000211,8000212,8003426,8003427,8002941,8000317,8005065,8001605,8000086,8000687,8000259,8001898,8000098,;426
2021-12-16T05:30:00.000Z;Wickrath;RB;RB 33;33;10313;8006391;8006391%2021-12-16T05:30:00.000Z%,8002784,8001839,8000677,8001113,8003697,8002206,8005935,8002806,8003395,8000404,8070704,8000001,;426
2021-12-16T05:39:00.000Z;Wickrath;RE;RE 4;4;26455;8006391;8006391%2021-12-16T05:39:00.000Z%,8000318,8000253,;602
2021-12-16T05:56:00.000Z;Wickrath;RE;RE 4;4;26457;8006391;8006391%2021-12-16T05:56:00.000Z%,8000318,8000253,;602
2021-12-16T06:29:00.000Z;Wickrath;RB;RB 33;33;10312;8006391;8006391%2021-12-16T06:29:00.000Z%,8000318,8000253,8000174,8000584,8002027,8000211,8000212,8003426,8003427,8002941,8000317,8005065,8001605,8000086,8000687,8000259,8001898,8000098,;426
2021-12-16T06:30:00.000Z;Wickrath;RB;RB 33;33;10315;8006391;8006391%2021-12-16T06:30:00.000Z%,8002784,8001839,8000677,8001113,8003697,8002206,8005935,8002806,8003395,8000404,8070704,8000001,;426
2021-12-16T06:40:00.000Z;Wickrath;RE;RE 4;4;26459;8006391;8006391%2021-12-16T06:40:00.000Z%,8000318,8000253,;602
2021-12-16T07:29:00.000Z;Wickrath;RB;RB 33;33;10314;8006391;8006391%2021-12-16T07:29:00.000Z%,8000318,8000253,8000174,8000584,8002027,8000211,8000212,8003426,8003427,8002941,8000317,8005065,8001605,8000086,8000687,8000259,8001898,8000098,;426
2021-12-16T07:30:00.000Z;Wickrath;RB;RB 33;33;10317;8006391;8006391%2021-12-16T07:30:00.000Z%,8002784,8001839,8000677,8001113,8003697,8002206,8005935,8002806,8003395,8000404,8070704,8000001,;426
2021-12-16T08:29:00.000Z;Wickrath;RB;RB 33;33;10316;8006391;8006391%2021-12-16T08:29:00.000Z%,8000318,8000253,8000174,8000584,8002027,8000211,8000212,8003426,8003427,8002941,8000317,8005065,8001605,8000086,8000687,8000259,8001898,8000098,;426
2021-12-16T08:30:00.000Z;Wickrath;RB;RB 33;33;10319;8006391;8006391%2021-12-16T08:30:00.000Z%,8002784,8001839,8000677,8001113,8003697,8002206,8005935,8002806,8003395,8000404,8070704,8000001,;426
2021-12-16T09:29:00.000Z;Wickrath;RB;RB 33;33;10318;8006391;8006391%2021-12-16T09:29:00.000Z%,8000318,8000253,8000174,8000584,8002027,8000211,8000212,8003426,8003427,8002941,8000317,8005065,8001605,8000086,8000687,8000259,8001898,8000098,;426
2021-12-16T09:30:00.000Z;Wickrath;RB;RB 33;33;10321;8006391;8006391%2021-12-16T09:30:00.000Z%,8002784,8001839,8000677,8001113,8003697,8002206,8005935,8002806,8003395,8000404,8070704,8000001,;426
2021-12-16T10:29:00.000Z;Wickrath;RB;RB 33;33;10320;8006391;8006391%2021-12-16T10:29:00.000Z%,8000318,8000253,8000174,8000584,8002027,8000211,8000212,8003426,8003427,8002941,8000317,8005065,8001605,8000086,8000687,8000259,8001898,8000098,;426
2021-12-16T10:30:00.000Z;Wickrath;RB;RB 33;33;10323;8006391;8006391%2021-12-16T10:30:00.000Z%,8002784,8001839,8000677,8001113,8003697,8002206,8005935,8002806,8003395,8000404,8070704,8000001,;426
2021-12-16T04:41:00.000Z;Wieren;RE;RE 20;20;16200;8006402;8006402%2021-12-16T04:41:00.000Z%,8005682,8000168,;602
2021-12-16T05:30:00.000Z;Wieren;RE;RE 20;20;16202;8006402;8006402%2021-12-16T05:30:00.000Z%,8005682,8000168,;602
2021-12-16T05:30:00.000Z;Wieren;RE;RE 20;20;16207;8006402;8006402%2021-12-16T05:30:00.000Z%,8000445,8000440,8010310,8010172,8010334,8011355,8013083,8012295,8011042,8073410,8013344,8010086,8012289,8010226,8010224,8080660,8013456,8013485,8012291,8012287,8081270,8010318,8081260,8012907,;602
2021-12-16T06:11:00.000Z;Wieren;RE;RE 20;20;16209;8006402;8006402%2021-12-16T06:11:00.000Z%,8000445,8000440,8010310,8012673,8011545,8011277,8010172,8012014,8013039,8010334,;602
2021-12-16T06:35:00.000Z;Wieren;RE;RE 20;20;16204;8006402;8006402%2021-12-16T06:35:00.000Z%,8005682,8000168,;602
2021-12-16T08:13:00.000Z;Wieren;RE;RE 20;20;4833;8006402;8006402%2021-12-16T08:13:00.000Z%,8000445,8000440,8010310,8010172,8010334,8013083,8013344,8010226,8010224,;602
2021-12-16T09:35:00.000Z;Wieren;RE;RE 20;20;4832;8006402;8006402%2021-12-16T09:35:00.000Z%,8005682,8000168,;602
2021-12-16T10:13:00.000Z;Wieren;RE;RE 20;20;4835;8006402;8006402%2021-12-16T10:13:00.000Z%,8000445,8000440,8010310,8010172,8010334,8013083,8013344,8010226,8010224,;602
2021-12-16T11:35:00.000Z;Wieren;RE;RE 20;20;4834;8006402;8006402%2021-12-16T11:35:00.000Z%,8005682,8000168,;602
2021-12-16T12:13:00.000Z;Wieren;RE;RE 20;20;4837;8006402;8006402%2021-12-16T12:13:00.000Z%,8000445,8000440,8010310,8010172,8010334,8013083,8013344,8010226,8010224,;602
2021-12-16T13:35:00.000Z;Wieren;RE;RE 20;20;4838;8006402;8006402%2021-12-16T13:35:00.000Z%,8005682,8000168,;602
2021-12-16T14:13:00.000Z;Wieren;RE;RE 20;20;4841;8006402;8006402%2021-12-16T14:13:00.000Z%,8000445,8000440,8010310,8010172,8010334,8013083,8013344,8010226,8010224,;602
2021-12-16T14:35:00.000Z;Wieren;RE;RE 20;20;4840;8006402;8006402%2021-12-16T14:35:00.000Z%,8005682,8000168,;602
2021-12-16T15:13:00.000Z;Wieren;RE;RE 20;20;4843;8006402;8006402%2021-12-16T15:13:00.000Z%,8000445,8000440,8010310,8010172,8010334,8013083,8013344,8010226,8010224,;602
2021-12-16T15:35:00.000Z;Wieren;RE;RE 20;20;4842;8006402;8006402%2021-12-16T15:35:00.000Z%,8005682,8000168,;602
2021-12-16T16:13:00.000Z;Wieren;RE;RE 20;20;4845;8006402;8006402%2021-12-16T16:13:00.000Z%,8000445,8000440,8010310,8010172,8010334,8013083,8013344,8010226,8010224,;602
2021-12-16T16:35:00.000Z;Wieren;RE;RE 20;20;4844;8006402;8006402%2021-12-16T16:35:00.000Z%,8005682,8000168,;602
2021-12-16T17:13:00.000Z;Wieren;RE;RE 20;20;4847;8006402;8006402%2021-12-16T17:13:00.000Z%,8000445,8000440,8010310,8012673,8011545,8011277,8010172,8012014,8013039,8010334,8013083,8013344,8010226,8010224,;602
2021-12-16T17:35:00.000Z;Wieren;RE;RE 20;20;4846;8006402;8006402%2021-12-16T17:35:00.000Z%,8005682,8000168,;602
2021-12-16T18:13:00.000Z;Wieren;RE;RE 20;20;4849;8006402;8006402%2021-12-16T18:13:00.000Z%,8000445,8000440,8010310,8010172,8010334,8013083,8013344,8010226,8010224,;602
2021-12-16T19:35:00.000Z;Wieren;RE;RE 20;20;4848;8006402;8006402%2021-12-16T19:35:00.000Z%,8005682,8000168,;602
2021-12-16T20:13:00.000Z;Wieren;RE;RE 20;20;16211;8006402;8006402%2021-12-16T20:13:00.000Z%,8000445,8000440,8010310,8012673,8011545,8011277,8010172,8012014,8013039,8010334,8013083,8013344,8010226,8010224,8013456,8012287,8010318,8013465,8010084,8010070,8012830,8013357,8010195,8011053,8013259,8010343,8012506,8013414,8010159,;602
2021-12-16T06:12:00.000Z;Wiesental;RE;RE 9;9;38922;8006417;8006417%2021-12-16T06:12:00.000Z%,8006137,8004304,8002883,8004658,8005494,8003845,8003844,8000244,;602
2021-12-15T20:25:00.000Z;Wiesthal;RE;RE 54;54;4632;8006426;8006426%2021-12-15T20:26:00.000Z%1,8002696,8000010,8003314,8005208,8001427,8003143,8002425,8002400,8000150,8002573,8002574,8002877,8000996,8002048,8002039,8002041,8000105,;602
2021-12-15T20:30:00.000Z;Wiesthal;RE;RE 55;55;4631;8006426;8006426%2021-12-15T20:31:00.000Z%1,8004756,8003740,8003548,8000120,8003189,8005049,8000260,;602
2021-12-15T21:29:00.000Z;Wiesthal;RE;RE 54;54;4634;8006426;8006426%2021-12-15T21:29:00.000Z%0,8002696,8003582,8002918,8000010,8003314,8005208,8001427,8003143,8002425,8002400,8000150,8002573,8002574,8002877,8000996,8002048,8002039,8002041,8000105,;602
2021-12-15T21:36:00.000Z;Wiesthal;RE;RE 54;54;4633;8006426;8006426%2021-12-15T21:36:00.000Z%0,8004756,8003740,8003548,8000120,8006349,8003189,8002845,8005049,8005864,8006065,8006586,8000260,;602
2021-12-15T22:30:00.000Z;Wiesthal;RE;RE 54;54;4636;8006426;8006426%2021-12-15T22:30:00.000Z%,8002696,8003582,8002918,8000010,8003314,8005208,8001427,8003143,8002425,8002400,8000150,8002573,8002574,8002877,8000996,8002048,8002039,8002041,8000105,;602
2021-12-15T22:39:00.000Z;Wiesthal;RE;RE 54;54;4635;8006426;8006426%2021-12-15T22:39:00.000Z%,8004756,8003740,8003548,8000120,8003189,8005049,8000260,;602
2021-12-15T23:34:00.000Z;Wiesthal;RE;RE 55;55;4638;8006426;8006426%2021-12-15T23:34:00.000Z%,8002696,8003582,8002918,8000010,;602
2021-12-15T23:40:00.000Z;Wiesthal;RE;RE 54;54;4637;8006426;8006426%2021-12-15T23:40:00.000Z%,8004756,8003740,8003548,8000120,;602
2021-12-16T04:15:00.000Z;Wiesthal;RE;RE 55;55;4600;8006426;8006426%2021-12-16T04:15:00.000Z%,8002696,8003582,8002918,8000010,8003314,8001427,8003143,8002425,8002400,8000150,8000349,8002041,8000105,;602
2021-12-16T04:19:00.000Z;Wiesthal;RE;RE 55;55;58405;8006426;8006426%2021-12-16T04:19:00.000Z%,8004756,8003740,8003548,8000120,8006349,8003189,8002845,8005049,8005864,8006065,8006586,8000260,;602
2021-12-16T04:40:00.000Z;Wiesthal;RE;RE 55;55;4640;8006426;8006426%2021-12-16T04:40:00.000Z%,8002696,8003582,8002918,8000010,8003314,8001427,8003143,8000150,8000349,8002041,8000105,;602
2021-12-16T05:10:00.000Z;Wiesthal;RE;RE 55;55;4602;8006426;8006426%2021-12-16T05:10:00.000Z%,8002696,8003582,8002918,8000010,8003314,8001427,8003143,8002425,8000150,8000349,8002041,8000105,;602
2021-12-16T05:30:00.000Z;Wiesthal;RE;RE 55;55;4601;8006426;8006426%2021-12-16T05:30:00.000Z%,8004756,8003740,8003548,8000120,8003189,8005049,8000260,8000032,8002630,8000025,;602
2021-12-16T05:30:00.000Z;Wiesthal;RB;RB 79;79;58292;8006426;8006426%2021-12-16T05:30:00.000Z%,8002696,8003582,8002918,8000010,;426
2021-12-16T05:57:00.000Z;Wiesthal;RE;RE 55;55;4642;8006426;8006426%2021-12-16T05:57:00.000Z%,8002696,8003582,8002918,8000010,8003314,8001427,8003143,8000150,8000349,8002041,8000105,;602
2021-12-16T06:14:00.000Z;Wiesthal;RB;RB 79;79;58291;8006426;8006426%2021-12-16T06:14:00.000Z%,8004756,8003740,8003548,8000120,8006349,8003189,8002845,8005049,8005864,8006065,8006586,8000260,;426
2021-12-16T06:25:00.000Z;Wiesthal;RE;RE 55;55;4604;8006426;8006426%2021-12-16T06:25:00.000Z%,8002696,8000010,8003314,8001427,8003143,8000150,8000349,8002041,8000105,;602
2021-12-16T06:30:00.000Z;Wiesthal;RE;RE 55;55;4603;8006426;8006426%2021-12-16T06:30:00.000Z%,8004756,8003740,8003548,8000120,8003189,8005049,8000260,;602
2021-12-16T07:26:00.000Z;Wiesthal;RE;RE 55;55;4606;8006426;8006426%2021-12-16T07:26:00.000Z%,8002696,8000010,8003314,8001427,8003143,8000150,8000349,8002041,8000105,;602
2021-12-16T07:30:00.000Z;Wiesthal;RE;RE 54;54;4605;8006426;8006426%2021-12-16T07:30:00.000Z%,8004756,8003740,8003548,8000120,8003189,8005049,8000260,8000032,8002630,8000025,;602
2021-12-16T08:25:00.000Z;Wiesthal;RE;RE 54;54;4608;8006426;8006426%2021-12-16T08:25:00.000Z%,8002696,8000010,8003314,8001427,8003143,8000150,8002573,8002574,8002877,8000996,8002048,8002039,8002041,8000105,;602
2021-12-16T08:30:00.000Z;Wiesthal;RE;RE 55;55;4607;8006426;8006426%2021-12-16T08:30:00.000Z%,8004756,8003740,8003548,8000120,8003189,8005049,8000260,;602
2021-12-16T09:25:00.000Z;Wiesthal;RE;RE 55;55;4610;8006426;8006426%2021-12-16T09:25:00.000Z%,8002696,8000010,8003314,8001427,8003143,8000150,8000349,8002041,8000105,;602
2021-12-16T09:30:00.000Z;Wiesthal;RE;RE 54;54;4609;8006426;8006426%2021-12-16T09:30:00.000Z%,8004756,8003740,8003548,8000120,8003189,8005049,8000260,8000032,8002630,8000025,;602
2021-12-16T10:25:00.000Z;Wiesthal;RE;RE 54;54;4612;8006426;8006426%2021-12-16T10:25:00.000Z%,8002696,8000010,8003314,8001427,8003143,8000150,8002573,8002574,8002877,8000996,8002048,8002039,8002041,8000105,;602
2021-12-16T10:30:00.000Z;Wiesthal;RE;RE 55;55;4611;8006426;8006426%2021-12-16T10:30:00.000Z%,8004756,8003740,8003548,8000120,8003189,8005049,8000260,;602
2021-12-16T11:25:00.000Z;Wiesthal;RE;RE 55;55;4614;8006426;8006426%2021-12-16T11:25:00.000Z%,8002696,8000010,8003314,8001427,8003143,8000150,8000349,8002041,8000105,;602
2021-12-16T11:30:00.000Z;Wiesthal;RE;RE 54;54;4613;8006426;8006426%2021-12-16T11:30:00.000Z%,8004756,8003740,8003548,8000120,8003189,8005049,8000260,8000032,8002630,8000025,;602
2021-12-16T12:25:00.000Z;Wiesthal;RE;RE 54;54;4616;8006426;8006426%2021-12-16T12:25:00.000Z%,8002696,8000010,8003314,8001427,8003143,8000150,8002573,8002574,8002877,8000996,8002048,8002039,8002041,8000105,;602
2021-12-16T12:30:00.000Z;Wiesthal;RE;RE 55;55;4615;8006426;8006426%2021-12-16T12:30:00.000Z%,8004756,8003740,8003548,8000120,8003189,8005049,8000260,;602
2021-12-16T13:25:00.000Z;Wiesthal;RE;RE 55;55;4618;8006426;8006426%2021-12-16T13:25:00.000Z%,8002696,8000010,8003314,8001427,8003143,8000150,8000349,8002041,8000105,;602
2021-12-16T13:30:00.000Z;Wiesthal;RE;RE 54;54;4617;8006426;8006426%2021-12-16T13:30:00.000Z%,8004756,8003740,8003548,8000120,8003189,8005049,8000260,8000032,8002630,8000025,;602
2021-12-16T14:25:00.000Z;Wiesthal;RE;RE 54;54;4620;8006426;8006426%2021-12-16T14:25:00.000Z%,8002696,8000010,8003314,8001427,8003143,8000150,8002573,8002574,8002877,8000996,8002048,8002039,8002041,8000105,;602
2021-12-16T14:30:00.000Z;Wiesthal;RE;RE 55;55;4619;8006426;8006426%2021-12-16T14:30:00.000Z%,8004756,8003740,8003548,8000120,8003189,8005049,8000260,;602
2021-12-16T14:53:00.000Z;Wiesthal;RB;RB 79;79;58293;8006426;8006426%2021-12-16T14:53:00.000Z%,8004756,8003740,8003548,8000120,;426
2021-12-16T15:04:00.000Z;Wiesthal;RB;RB 79;79;58294;8006426;8006426%2021-12-16T15:04:00.000Z%,8002696,8003582,8002918,8000010,;426
2021-12-16T15:25:00.000Z;Wiesthal;RE;RE 55;55;4622;8006426;8006426%2021-12-16T15:25:00.000Z%,8002696,8000010,8003314,8001427,8003143,8000150,8000349,8002041,8000105,;602
2021-12-16T15:30:00.000Z;Wiesthal;RE;RE 55;55;4621;8006426;8006426%2021-12-16T15:30:00.000Z%,8004756,8003740,8003548,8000120,8003189,8005049,8000260,8000032,8002630,8000025,;602
2021-12-16T15:55:00.000Z;Wiesthal;RB;RB 79;79;58295;8006426;8006426%2021-12-16T15:55:00.000Z%,8004756,8003740,8003548,8000120,;426
2021-12-16T16:02:00.000Z;Wiesthal;RB;RB 79;79;58296;8006426;8006426%2021-12-16T16:02:00.000Z%,8002696,8003582,8002918,8000010,;426
2021-12-16T16:30:00.000Z;Wiesthal;RE;RE 55;55;4623;8006426;8006426%2021-12-16T16:30:00.000Z%,8004756,8003740,8003548,8000120,8003189,8005049,8000260,;602
2021-12-16T16:54:00.000Z;Wiesthal;RB;RB 79;79;58297;8006426;8006426%2021-12-16T16:54:00.000Z%,8004756,8003740,8003548,8000120,;426
2021-12-16T17:04:00.000Z;Wiesthal;RB;RB 79;79;58298;8006426;8006426%2021-12-16T17:04:00.000Z%,8002696,8003582,8002918,8000010,;426
2021-12-16T17:27:00.000Z;Wiesthal;RE;RE 55;55;4626;8006426;8006426%2021-12-16T17:27:00.000Z%,8002696,8000010,8003314,8001427,8003143,8000150,8000349,8002041,8000105,;602
2021-12-16T17:30:00.000Z;Wiesthal;RE;RE 55;55;4625;8006426;8006426%2021-12-16T17:30:00.000Z%,8004756,8003740,8003548,8000120,8003189,8005049,8000260,8000032,8002630,8000025,;602
2021-12-16T17:58:00.000Z;Wiesthal;RB;RB 79;79;58299;8006426;8006426%2021-12-16T17:58:00.000Z%,8004756,8003740,8003548,8000120,;426
2021-12-16T18:25:00.000Z;Wiesthal;RE;RE 54;54;4628;8006426;8006426%2021-12-16T18:25:00.000Z%,8002696,8000010,8003314,8001427,8003143,8000150,8002573,8002574,8002877,8000996,8002048,8002039,8002041,8000105,;602
2021-12-16T18:30:00.000Z;Wiesthal;RE;RE 55;55;4627;8006426;8006426%2021-12-16T18:30:00.000Z%,8004756,8003740,8003548,8000120,8003189,8005049,8000260,;602
2021-12-16T19:25:00.000Z;Wiesthal;RE;RE 55;55;4630;8006426;8006426%2021-12-16T19:25:00.000Z%,8002696,8000010,8003314,8001427,8003143,8000150,8000349,8002041,8000105,;602
2021-12-15T21:39:00.000Z;Wildberg(Württ);RB;RB 74;74;17960;8006432;8006432%2021-12-15T21:39:00.000Z%,8000757,8000063,8002852,8000721,8004077,8006008,8004801,8004799,8004804,8000299,;426
2021-12-15T22:24:00.000Z;Wildberg(Württ);RB;RB 74;74;17959;8006432;8006432%2021-12-15T22:24:00.000Z%,8004196,8004201,8004195,8004202,8000389,8001944,8000177,;426
2021-12-16T04:03:00.000Z;Wildberg(Württ);RB;RB 74;74;17900;8006432;8006432%2021-12-16T04:03:00.000Z%,8000757,8000063,8002852,8000721,8004077,8006008,8004801,8004799,8004804,8000299,;426
2021-12-16T04:16:00.000Z;Wildberg(Württ);RB;RB 74;74;17901;8006432;8006432%2021-12-16T04:16:00.000Z%,8004196,8004201,8004195,8004202,8000389,8001944,8000101,;426
2021-12-16T04:38:00.000Z;Wildberg(Württ);RB;RB 74;74;17902;8006432;8006432%2021-12-16T04:38:00.000Z%,8000757,8000063,8002852,8000721,8004077,8006008,8004801,8004799,8004804,8000299,;426
2021-12-16T05:21:00.000Z;Wildberg(Württ);RB;RB 74;74;17904;8006432;8006432%2021-12-16T05:21:00.000Z%,8000757,8000063,8002852,8000721,8004077,8006008,8004801,8004799,8000299,;426
2021-12-16T05:46:00.000Z;Wildberg(Württ);RB;RB 74;74;17908;8006432;8006432%2021-12-16T05:46:00.000Z%,8000757,8000063,8002852,8000721,8004077,8006008,8004801,8004799,8004804,8000299,;426
2021-12-16T06:03:00.000Z;Wildberg(Württ);RB;RB 74;74;17903;8006432;8006432%2021-12-16T06:03:00.000Z%,8004196,8004201,8004195,8004202,8000389,8001944,8000177,;426
2021-12-16T06:20:00.000Z;Wildberg(Württ);RB;RB 74;74;17910;8006432;8006432%2021-12-16T06:20:00.000Z%,8000757,8000063,8002852,8000721,8004077,8006008,8004801,8004799,8004804,8000299,;426
2021-12-16T06:31:00.000Z;Wildberg(Württ);RB;RB 74;74;17907;8006432;8006432%2021-12-16T06:31:00.000Z%,8004196,8004201,8004195,8004202,8000389,8000177,;426
2021-12-16T06:45:00.000Z;Wildberg(Württ);RB;RB 74;74;17912;8006432;8006432%2021-12-16T06:45:00.000Z%,8000757,8000063,8002852,8000721,8004077,8006008,8004801,8004799,8004804,8000299,;426
2021-12-16T06:58:00.000Z;Wildberg(Württ);RB;RB 74;74;17909;8006432;8006432%2021-12-16T06:58:00.000Z%,8004196,8004201,8004195,8004202,8000389,8001944,8000177,;426
2021-12-16T07:22:00.000Z;Wildberg(Württ);RB;RB 74;74;17911;8006432;8006432%2021-12-16T07:22:00.000Z%,8004196,8004201,8004195,8004202,8000389,8001944,8000177,;426
2021-12-16T07:41:00.000Z;Wildberg(Württ);RB;RB 74;74;17916;8006432;8006432%2021-12-16T07:41:00.000Z%,8000757,8000063,8002852,8000721,8004077,8006008,8004801,8004799,8004804,8000299,;426
2021-12-16T08:08:00.000Z;Wildberg(Württ);RB;RB 74;74;17918;8006432;8006432%2021-12-16T08:08:00.000Z%,8000757,8000063,8002852,8000721,8004077,8006008,8004801,8004799,8004804,8000299,;426
2021-12-16T08:21:00.000Z;Wildberg(Württ);RB;RB 74;74;17915;8006432;8006432%2021-12-16T08:21:00.000Z%,8004196,8004201,8004195,8004202,8000389,8001944,8000177,8004104,8001946,8000959,8005197,8003248,8000141,;426
2021-12-16T08:39:00.000Z;Wildberg(Württ);RB;RB 74;74;17920;8006432;8006432%2021-12-16T08:39:00.000Z%,8000757,8000063,8002852,8000721,8004077,8006008,8004801,8004799,8004804,8000299,;426
2021-12-16T09:21:00.000Z;Wildberg(Württ);RB;RB 74;74;17917;8006432;8006432%2021-12-16T09:21:00.000Z%,8004196,8004201,8004195,8004202,8000389,8001944,8000177,;426
2021-12-16T09:39:00.000Z;Wildberg(Württ);RB;RB 74;74;17922;8006432;8006432%2021-12-16T09:39:00.000Z%,8000757,8000063,8002852,8000721,8004077,8006008,8004801,8004799,8004804,8000299,;426
2021-12-16T10:21:00.000Z;Wildberg(Württ);RB;RB 74;74;17919;8006432;8006432%2021-12-16T10:21:00.000Z%,8004196,8004201,8004195,8004202,8000389,8001944,8000177,8004104,8001946,8000959,8005197,8003248,8000141,;426
2021-12-16T10:39:00.000Z;Wildberg(Württ);RB;RB 74;74;17924;8006432;8006432%2021-12-16T10:39:00.000Z%,8000757,8000063,8002852,8000721,8004077,8006008,8004801,8004799,8004804,8000299,;426
2021-12-16T10:51:00.000Z;Wildberg(Württ);RB;RB 74;74;17921;8006432;8006432%2021-12-16T10:51:00.000Z%,8004196,;426
2021-12-16T11:09:00.000Z;Wildberg(Württ);RB;RB 74;74;17926;8006432;8006432%2021-12-16T11:09:00.000Z%,8000757,8000063,8002852,8000721,8006008,8004801,8004799,8004804,8000299,;426
2021-12-16T11:21:00.000Z;Wildberg(Württ);RB;RB 74;74;17923;8006432;8006432%2021-12-16T11:21:00.000Z%,8004196,8004201,8004195,8004202,8000389,8001944,8000177,;426
2021-12-16T11:39:00.000Z;Wildberg(Württ);RB;RB 74;74;17928;8006432;8006432%2021-12-16T11:39:00.000Z%,8000757,8000063,8002852,8000721,8004077,8006008,8004801,8004799,8004804,8000299,;426
2021-12-16T11:51:00.000Z;Wildberg(Württ);RB;RB 74;74;17925;8006432;8006432%2021-12-16T11:51:00.000Z%,8004196,8004201,;426
2021-12-16T12:09:00.000Z;Wildberg(Württ);RB;RB 74;74;17930;8006432;8006432%2021-12-16T12:09:00.000Z%,8000757,8000063,8002852,8000721,8004077,8006008,8004801,8004799,8004804,8000299,;426
2021-12-16T12:21:00.000Z;Wildberg(Württ);RB;RB 74;74;17927;8006432;8006432%2021-12-16T12:21:00.000Z%,8004196,8004201,8004195,8004202,8000389,8001944,8000177,;426
2021-12-16T12:39:00.000Z;Wildberg(Württ);RB;RB 74;74;17932;8006432;8006432%2021-12-16T12:39:00.000Z%,8000757,8000063,8002852,8000721,8004077,8006008,8004801,8004799,8004804,8000299,;426
2021-12-16T12:51:00.000Z;Wildberg(Württ);RB;RB 74;74;17929;8006432;8006432%2021-12-16T12:51:00.000Z%,8004196,8004201,;426
2021-12-16T13:09:00.000Z;Wildberg(Württ);RB;RB 74;74;17934;8006432;8006432%2021-12-16T13:09:00.000Z%,8000757,8000063,8002852,8000721,8006008,8004801,8004799,8004804,8000299,;426
2021-12-16T13:21:00.000Z;Wildberg(Württ);RB;RB 74;74;17931;8006432;8006432%2021-12-16T13:21:00.000Z%,8004196,8004201,8004195,8004202,8000389,8001944,8000177,;426
2021-12-16T13:39:00.000Z;Wildberg(Württ);RB;RB 74;74;17936;8006432;8006432%2021-12-16T13:39:00.000Z%,8000757,8000063,8002852,8000721,8004077,8006008,8004801,8004799,8004804,8000299,;426
2021-12-16T13:51:00.000Z;Wildberg(Württ);RB;RB 74;74;17933;8006432;8006432%2021-12-16T13:51:00.000Z%,8004196,8004201,;426
2021-12-16T14:09:00.000Z;Wildberg(Württ);RB;RB 74;74;17938;8006432;8006432%2021-12-16T14:09:00.000Z%,8000757,8000063,8002852,8000721,8004077,8006008,8004801,8004799,8004804,8000299,;426
2021-12-16T14:21:00.000Z;Wildberg(Württ);RB;RB 74;74;17935;8006432;8006432%2021-12-16T14:21:00.000Z%,8004196,8004201,8004195,8004202,8000389,8001944,8000177,;426
2021-12-16T14:39:00.000Z;Wildberg(Württ);RB;RB 74;74;17940;8006432;8006432%2021-12-16T14:39:00.000Z%,8000757,8000063,8002852,8000721,8004077,8006008,8004801,8004799,8004804,8000299,;426
2021-12-16T14:51:00.000Z;Wildberg(Württ);RB;RB 74;74;17937;8006432;8006432%2021-12-16T14:51:00.000Z%,8004196,8004201,;426
2021-12-16T15:09:00.000Z;Wildberg(Württ);RB;RB 74;74;17942;8006432;8006432%2021-12-16T15:09:00.000Z%,8000757,8000063,8002852,8000721,8006008,8004801,8004799,8004804,8000299,;426
2021-12-16T15:21:00.000Z;Wildberg(Württ);RB;RB 74;74;17939;8006432;8006432%2021-12-16T15:21:00.000Z%,8004196,8004201,8004195,8004202,8000389,8001944,8000177,;426
2021-12-16T15:39:00.000Z;Wildberg(Württ);RB;RB 74;74;17944;8006432;8006432%2021-12-16T15:39:00.000Z%,8000757,8000063,8002852,8000721,8004077,8006008,8004801,8004799,8004804,8000299,;426
2021-12-16T15:51:00.000Z;Wildberg(Württ);RB;RB 74;74;17941;8006432;8006432%2021-12-16T15:51:00.000Z%,8004196,8004201,8004195,8004202,8000389,;426
2021-12-16T16:09:00.000Z;Wildberg(Württ);RB;RB 74;74;17946;8006432;8006432%2021-12-16T16:09:00.000Z%,8000757,8000063,8002852,8000721,8004077,8006008,8004801,8004799,8004804,8000299,;426
2021-12-16T16:21:00.000Z;Wildberg(Württ);RB;RB 74;74;17943;8006432;8006432%2021-12-16T16:21:00.000Z%,8004196,8004201,8004195,8004202,8000389,8001944,8000177,;426
2021-12-16T16:39:00.000Z;Wildberg(Württ);RB;RB 74;74;17948;8006432;8006432%2021-12-16T16:39:00.000Z%,8000757,8000063,8002852,8000721,8004077,8006008,8004801,8004799,8004804,8000299,;426
2021-12-16T16:51:00.000Z;Wildberg(Württ);RB;RB 74;74;17945;8006432;8006432%2021-12-16T16:51:00.000Z%,8004196,8004201,8004195,8004202,8000389,8001944,8000177,8004104,8001946,8000959,8000731,8005197,8003248,8000141,;426
2021-12-16T17:09:00.000Z;Wildberg(Württ);RB;RB 74;74;17950;8006432;8006432%2021-12-16T17:09:00.000Z%,8000757,8000063,8002852,8000721,8006008,8004801,8004799,8004804,8000299,;426
2021-12-16T17:21:00.000Z;Wildberg(Württ);RB;RB 74;74;17947;8006432;8006432%2021-12-16T17:21:00.000Z%,8004196,8004201,8004195,8004202,8000389,8001944,8000177,;426
2021-12-16T17:39:00.000Z;Wildberg(Württ);RB;RB 74;74;17952;8006432;8006432%2021-12-16T17:39:00.000Z%,8000757,8000063,8002852,8000721,8004077,8006008,8004801,8004799,8004804,8000299,;426
2021-12-16T17:51:00.000Z;Wildberg(Württ);RB;RB 74;74;17949;8006432;8006432%2021-12-16T17:51:00.000Z%,8004196,8004201,;426
2021-12-16T18:21:00.000Z;Wildberg(Württ);RB;RB 74;74;17951;8006432;8006432%2021-12-16T18:21:00.000Z%,8004196,8004201,8004195,8004202,8000389,8001944,8000177,8004104,8001946,8000959,8005197,8003248,8000141,;426
2021-12-16T18:39:00.000Z;Wildberg(Württ);RB;RB 74;74;17954;8006432;8006432%2021-12-16T18:39:00.000Z%,8000757,8000063,8002852,8000721,8004077,8006008,8004801,8004799,8004804,8000299,;426
2021-12-16T18:51:00.000Z;Wildberg(Württ);RB;RB 74;74;17953;8006432;8006432%2021-12-16T18:51:00.000Z%,8004196,8004201,8004195,8004202,8000389,8001944,8000177,;426
2021-12-16T19:09:00.000Z;Wildberg(Württ);RB;RB 74;74;17956;8006432;8006432%2021-12-16T19:09:00.000Z%,8000757,8000063,8002852,8000721,8006008,8004801,8004799,8004804,8000299,;426
2021-12-16T19:21:00.000Z;Wildberg(Württ);RB;RB 74;74;17955;8006432;8006432%2021-12-16T19:21:00.000Z%,8004196,8004201,8004195,8004202,8000389,8001944,8000177,;426
2021-12-16T19:39:00.000Z;Wildberg(Württ);RB;RB 74;74;17958;8006432;8006432%2021-12-16T19:39:00.000Z%,8000757,8000063,8002852,8000721,8004077,8006008,8004801,8004799,8004804,8000299,;426
2021-12-16T20:17:00.000Z;Wildberg(Württ);RB;RB 74;74;17957;8006432;8006432%2021-12-16T20:17:00.000Z%,8004196,8004201,8004195,8004202,8000389,8001944,8000177,8004104,8001946,8000959,8005197,8003248,8000141,;426
2021-12-15T20:33:00.000Z;Wincheringen;RB;RB 82;82;12183;8006463;8006463%2021-12-15T20:33:00.000Z%0,8004438,8006315,8005835,8004514,8006222,8003403,8000402,8005905,8000134,;426
2021-12-15T20:39:00.000Z;Wincheringen;RB;RB 82;82;12176;8006463;8006463%2021-12-15T20:39:00.000Z%0,8006252,8004748,8004236,8000923,8004771,;426
2021-12-15T21:43:00.000Z;Wincheringen;RB;RB 82;82;12189;8006463;8006463%2021-12-15T21:43:00.000Z%,8004438,8006315,8005835,8004514,8006222,8003403,8000402,8005905,8000134,8004784,8000370,8001688,8004910,8005476,8002018,8002817,8005510,8005260,8000379,8005945,8000870,8001267,8004223,8001666,8001340,;426
2021-12-15T21:52:00.000Z;Wincheringen;RB;RB 81;81;12128;8006463;8006463%2021-12-15T21:52:00.000Z%0,8006252,8004748,8004236,8000923,8004771,;426
2021-12-16T04:23:00.000Z;Wincheringen;RB;RB 82;82;12151;8006463;8006463%2021-12-16T04:23:00.000Z%,8004438,8006315,8005835,8004514,8006222,8003403,8000402,8005905,8000134,8004784,8000370,8001688,8004910,8005476,8002018,8002817,8005510,8005260,8000379,8005945,8000870,8001267,8004223,8001666,8001340,8003344,8004859,8003179,8004101,8004096,8002643,8003723,8003211,8003611,8003350,8006481,8002454,8003354,8000206,;426
2021-12-16T04:39:00.000Z;Wincheringen;RB;RB 82;82;12182;8006463;8006463%2021-12-16T04:39:00.000Z%,8006252,8004748,8004236,8000923,8004771,;426
2021-12-16T05:30:00.000Z;Wincheringen;RB;RB 82;82;12153;8006463;8006463%2021-12-16T05:30:00.000Z%,8004438,8006315,8005835,8004514,8006222,8003403,8000402,8005905,8000134,;426
2021-12-16T05:47:00.000Z;Wincheringen;RB;RB 82;82;12184;8006463;8006463%2021-12-16T05:47:00.000Z%,8006252,8004748,8004236,8000923,8004771,;426
2021-12-16T06:08:00.000Z;Wincheringen;RB;RB 82;82;12185;8006463;8006463%2021-12-16T06:08:00.000Z%,8004438,8006315,8005835,8004514,8006222,8003403,8000402,8005905,8000134,8004784,8000370,8001688,8004910,8005476,8002018,8002817,8005510,8005260,8000379,8005945,8000870,8001267,8004223,8001666,8001340,8003344,8004859,8003179,8004101,8004096,8002643,8003723,8003211,8003611,8003350,8006481,8002454,8003354,8000206,;426
2021-12-16T06:33:00.000Z;Wincheringen;RB;RB 82;82;12155;8006463;8006463%2021-12-16T06:33:00.000Z%,8004438,8006315,8005835,8004514,8006222,8003403,8000402,8005905,8000134,;426
2021-12-16T06:38:00.000Z;Wincheringen;RB;RB 82;82;12188;8006463;8006463%2021-12-16T06:38:00.000Z%,8006252,8004748,8004236,8000923,8004771,;426
2021-12-16T07:21:00.000Z;Wincheringen;RB;RB 82;82;12150;8006463;8006463%2021-12-16T07:21:00.000Z%,8006252,8004748,8004236,8000923,8004771,;426
2021-12-16T07:33:00.000Z;Wincheringen;RB;RB 82;82;12157;8006463;8006463%2021-12-16T07:33:00.000Z%,8004438,8006315,8005835,8004514,8006222,8003403,8000402,8005905,8000134,;426
2021-12-16T08:20:00.000Z;Wincheringen;RB;RB 82;82;12152;8006463;8006463%2021-12-16T08:20:00.000Z%,8006252,8004748,8004236,8000923,8004771,;426
2021-12-16T08:33:00.000Z;Wincheringen;RB;RB 82;82;12159;8006463;8006463%2021-12-16T08:33:00.000Z%,8004438,8006315,8005835,8004514,8006222,8003403,8000402,8005905,8000134,;426
2021-12-16T09:21:00.000Z;Wincheringen;RB;RB 82;82;12154;8006463;8006463%2021-12-16T09:21:00.000Z%,8006252,8004748,8004236,8000923,8004771,;426
2021-12-16T09:33:00.000Z;Wincheringen;RB;RB 82;82;12161;8006463;8006463%2021-12-16T09:33:00.000Z%,8004438,8006315,8005835,8004514,8006222,8003403,8000402,8005905,8000134,;426
2021-12-16T10:21:00.000Z;Wincheringen;RB;RB 82;82;12156;8006463;8006463%2021-12-16T10:21:00.000Z%,8006252,8004748,8004236,8000923,8004771,;426
2021-12-16T10:33:00.000Z;Wincheringen;RB;RB 82;82;12163;8006463;8006463%2021-12-16T10:33:00.000Z%,8004438,8006315,8005835,8004514,8006222,8003403,8000402,8005905,8000134,;426
2021-12-16T11:21:00.000Z;Wincheringen;RB;RB 82;82;12158;8006463;8006463%2021-12-16T11:21:00.000Z%,8006252,8004748,8004236,8000923,8004771,;426
2021-12-16T11:33:00.000Z;Wincheringen;RB;RB 82;82;12165;8006463;8006463%2021-12-16T11:33:00.000Z%,8004438,8006315,8005835,8004514,8006222,8003403,8000402,8005905,8000134,;426
2021-12-16T12:21:00.000Z;Wincheringen;RB;RB 82;82;12160;8006463;8006463%2021-12-16T12:21:00.000Z%,8006252,8004748,8004236,8000923,8004771,;426
2021-12-16T12:34:00.000Z;Wincheringen;RB;RB 82;82;12167;8006463;8006463%2021-12-16T12:34:00.000Z%,8004438,8006315,8005835,8004514,8006222,8003403,8000402,8005905,8000134,;426
2021-12-16T12:58:00.000Z;Wincheringen;RB;RB 82;82;12180;8006463;8006463%2021-12-16T12:58:00.000Z%,8006252,8004748,8004236,8000923,8004771,;426
2021-12-16T13:33:00.000Z;Wincheringen;RB;RB 82;82;12169;8006463;8006463%2021-12-16T13:33:00.000Z%,8004438,8006315,8005835,8004514,8006222,8003403,8000402,8005905,8000134,;426
2021-12-16T14:21:00.000Z;Wincheringen;RB;RB 82;82;12164;8006463;8006463%2021-12-16T14:21:00.000Z%,8006252,8004748,8004236,8000923,8004771,;426
2021-12-16T14:33:00.000Z;Wincheringen;RB;RB 82;82;12171;8006463;8006463%2021-12-16T14:33:00.000Z%,8004438,8006315,8005835,8004514,8006222,8003403,8000402,8005905,8000134,;426
2021-12-16T15:31:00.000Z;Wincheringen;RB;RB 82;82;12173;8006463;8006463%2021-12-16T15:31:00.000Z%,8004438,8006315,8005835,8004514,8006222,8003403,8000402,8005905,8000134,;426
2021-12-16T15:36:00.000Z;Wincheringen;RB;RB 82;82;12166;8006463;8006463%2021-12-16T15:36:00.000Z%,8006252,8004748,8004236,8000923,8004771,;426
2021-12-16T16:33:00.000Z;Wincheringen;RB;RB 82;82;12175;8006463;8006463%2021-12-16T16:33:00.000Z%,8004438,8006315,8005835,8004514,8006222,8003403,8000402,8005905,8000134,;426
2021-12-16T16:40:00.000Z;Wincheringen;RB;RB 82;82;12168;8006463;8006463%2021-12-16T16:40:00.000Z%,8006252,8004748,8004236,8000923,8004771,;426
2021-12-16T17:20:00.000Z;Wincheringen;RB;RB 82;82;12170;8006463;8006463%2021-12-16T17:20:00.000Z%,8006252,8004748,8004236,8000923,8004771,;426
2021-12-16T17:33:00.000Z;Wincheringen;RB;RB 82;82;12177;8006463;8006463%2021-12-16T17:33:00.000Z%,8004438,8006315,8005835,8004514,8006222,8003403,8000402,8005905,8000134,;426
2021-12-16T18:21:00.000Z;Wincheringen;RB;RB 82;82;12172;8006463;8006463%2021-12-16T18:21:00.000Z%,8006252,8004748,8004236,8000923,8004771,;426
2021-12-16T18:33:00.000Z;Wincheringen;RB;RB 82;82;12179;8006463;8006463%2021-12-16T18:33:00.000Z%,8004438,8006315,8005835,8004514,8006222,8003403,8000402,8005905,8000134,;426
2021-12-16T19:21:00.000Z;Wincheringen;RB;RB 82;82;12174;8006463;8006463%2021-12-16T19:21:00.000Z%,8006252,8004748,8004236,8000923,8004771,;426
2021-12-16T19:33:00.000Z;Wincheringen;RB;RB 82;82;12181;8006463;8006463%2021-12-16T19:33:00.000Z%,8004438,8006315,8005835,8004514,8006222,8003403,8000402,8005905,8000134,;426
2021-12-15T20:32:00.000Z;Windsbach;RB;RB 91;91;59060;8006473;8006473%2021-12-15T20:32:00.000Z%0,8004268,8004774,8006390,;426
2021-12-15T21:32:00.000Z;Windsbach;RB;RB 91;91;59062;8006473;8006473%2021-12-15T21:32:00.000Z%,8004268,8004774,8006390,;426
2021-12-16T03:49:00.000Z;Windsbach;RB;RB 91;91;59020;8006473;8006473%2021-12-16T03:49:00.000Z%,8004268,8004774,8006390,;426
2021-12-16T04:55:00.000Z;Windsbach;RB;RB 91;91;59022;8006473;8006473%2021-12-16T04:55:00.000Z%,8004268,8004774,8006390,;426
2021-12-16T05:54:00.000Z;Windsbach;RB;RB 91;91;59026;8006473;8006473%2021-12-16T05:54:00.000Z%,8004268,8004774,8006390,;426
2021-12-16T06:54:00.000Z;Windsbach;RB;RB 91;91;59030;8006473;8006473%2021-12-16T06:54:00.000Z%,8004268,8004774,8006390,;426
2021-12-16T07:39:00.000Z;Windsbach;RB;RB 91;91;59034;8006473;8006473%2021-12-16T07:39:00.000Z%,8004268,8004774,8006390,;426
2021-12-16T08:32:00.000Z;Windsbach;RB;RB 91;91;59036;8006473;8006473%2021-12-16T08:32:00.000Z%,8004268,8004774,8006390,;426
2021-12-16T09:32:00.000Z;Windsbach;RB;RB 91;91;59038;8006473;8006473%2021-12-16T09:32:00.000Z%,8004268,8004774,8006390,;426
2021-12-16T10:32:00.000Z;Windsbach;RB;RB 91;91;59040;8006473;8006473%2021-12-16T10:32:00.000Z%,8004268,8004774,8006390,;426
2021-12-16T11:32:00.000Z;Windsbach;RB;RB 91;91;59042;8006473;8006473%2021-12-16T11:32:00.000Z%,8004268,8004774,8006390,;426
2021-12-16T12:32:00.000Z;Windsbach;RB;RB 91;91;59044;8006473;8006473%2021-12-16T12:32:00.000Z%,8004268,8004774,8006390,;426
2021-12-16T13:32:00.000Z;Windsbach;RB;RB 91;91;59046;8006473;8006473%2021-12-16T13:32:00.000Z%,8004268,8004774,8006390,;426
2021-12-16T14:32:00.000Z;Windsbach;RB;RB 91;91;59048;8006473;8006473%2021-12-16T14:32:00.000Z%,8004268,8004774,8006390,;426
2021-12-16T15:32:00.000Z;Windsbach;RB;RB 91;91;59050;8006473;8006473%2021-12-16T15:32:00.000Z%,8004268,8004774,8006390,;426
2021-12-16T16:32:00.000Z;Windsbach;RB;RB 91;91;59052;8006473;8006473%2021-12-16T16:32:00.000Z%,8004268,8004774,8006390,;426
2021-12-16T17:32:00.000Z;Windsbach;RB;RB 91;91;59054;8006473;8006473%2021-12-16T17:32:00.000Z%,8004268,8004774,8006390,;426
2021-12-16T18:32:00.000Z;Windsbach;RB;RB 91;91;59056;8006473;8006473%2021-12-16T18:32:00.000Z%,8004268,8004774,8006390,;426
2021-12-16T19:32:00.000Z;Windsbach;RB;RB 91;91;59058;8006473;8006473%2021-12-16T19:32:00.000Z%,8004268,8004774,8006390,;426
2021-12-15T20:23:00.000Z;Winningen(Mosel);RB;RB 81;81;12129;8006481;8006481%2021-12-15T20:23:00.000Z%0,8002454,8003354,8000206,;426
2021-12-15T20:35:00.000Z;Winningen(Mosel);RB;RB 81;81;12130;8006481;8006481%2021-12-15T20:36:00.000Z%1,8003350,8003611,8003211,8003723,8002643,8004096,8004101,8003179,8004859,8003344,8001340,8001666,8004223,8001267,8000870,8005945,8000379,8005260,8005510,8002817,8002018,8005476,8004910,8001688,8000370,8004784,8000134,;426
2021-12-15T21:23:00.000Z;Winningen(Mosel);RB;RB 81;81;12131;8006481;8006481%2021-12-15T21:28:00.000Z%5,8002454,8003354,8000206,;426
2021-12-15T21:35:00.000Z;Winningen(Mosel);RB;RB 81;81;12132;8006481;8006481%2021-12-15T21:35:00.000Z%,8003350,8003611,8003211,8003723,8002643,8004096,8004101,8003179,8004859,8003344,8001340,8001666,8004223,8001267,8000870,8005945,8000379,8005260,8005510,8002817,8002018,8005476,8004910,8001688,8000370,8004784,8000134,;426
2021-12-15T22:23:00.000Z;Winningen(Mosel);RB;RB 81;81;12133;8006481;8006481%2021-12-15T22:25:00.000Z%2,8002454,8003354,8000206,;426
2021-12-15T23:20:00.000Z;Winningen(Mosel);RB;RB 81;81;12134;8006481;8006481%2021-12-15T23:20:00.000Z%,8003350,8003611,8003211,8003723,8002643,8004096,8004101,8003179,8004859,8003344,8001340,;426
2021-12-16T04:08:00.000Z;Winningen(Mosel);RB;RB 81;81;12193;8006481;8006481%2021-12-16T04:08:00.000Z%,8002454,8003354,8000206,;426
2021-12-16T04:20:00.000Z;Winningen(Mosel);RB;RB 82;82;12188;8006481;8006481%2021-12-16T04:20:00.000Z%,8003350,8003611,8003211,8003723,8002643,8004096,8004101,8003179,8004859,8003344,8001340,8001666,8004223,8001267,8000870,8005945,8000379,8005260,8005510,8002817,8002018,8005476,8004910,8001688,8000370,8004784,8000134,8005905,8000402,8003403,8006222,8004514,8005835,8006315,8004438,8006463,8006252,8004748,8004236,8000923,8004771,;426
2021-12-16T05:05:00.000Z;Winningen(Mosel);RB;RB 81;81;12195;8006481;8006481%2021-12-16T05:05:00.000Z%,8002454,8003354,8000206,;426
2021-12-16T05:35:00.000Z;Winningen(Mosel);RB;RB 81;81;12100;8006481;8006481%2021-12-16T05:35:00.000Z%,8003350,8003611,8003211,8003723,8002643,8004096,8004101,8003179,8004859,8003344,8001340,8001666,8004223,8001267,8000870,8005945,8000379,8005260,8005510,8002817,8002018,8005476,8004910,8001688,8000370,8004784,8000134,;426
2021-12-16T06:07:00.000Z;Winningen(Mosel);RB;RB 81;81;12141;8006481;8006481%2021-12-16T06:07:00.000Z%,8002454,8003354,8000206,;426
2021-12-16T06:35:00.000Z;Winningen(Mosel);RB;RB 81;81;12102;8006481;8006481%2021-12-16T06:35:00.000Z%,8003350,8003611,8003211,8003723,8002643,8004096,8004101,8003179,8004859,8003344,8001340,8001666,8004223,8001267,8000870,8005945,8000379,8005260,8005510,8002817,8002018,8005476,8004910,8001688,8000370,8004784,8000134,;426
2021-12-16T06:48:00.000Z;Winningen(Mosel);RB;RB 81;81;12191;8006481;8006481%2021-12-16T06:48:00.000Z%,8002454,8003354,8000206,;426
2021-12-16T06:55:00.000Z;Winningen(Mosel);RB;RB 81;81;12198;8006481;8006481%2021-12-16T06:55:00.000Z%,8003350,;426
2021-12-16T07:02:00.000Z;Winningen(Mosel);RB;RB 81;81;12103;8006481;8006481%2021-12-16T07:02:00.000Z%,8002454,8003354,8000206,;426
2021-12-16T07:35:00.000Z;Winningen(Mosel);RB;RB 81;81;12104;8006481;8006481%2021-12-16T07:35:00.000Z%,8003350,8003611,8003211,8003723,8002643,8004096,8004101,8003179,8004859,8003344,8001340,8001666,8004223,8001267,8000870,8005945,8000379,8005260,8005510,8002817,8002018,8005476,8004910,8001688,8000370,8004784,8000134,;426
2021-12-16T08:00:00.000Z;Winningen(Mosel);RB;RB 81;81;12199;8006481;8006481%2021-12-16T08:00:00.000Z%,8002454,8003354,8000206,;426
2021-12-16T08:23:00.000Z;Winningen(Mosel);RB;RB 81;81;12105;8006481;8006481%2021-12-16T08:23:00.000Z%,8002454,8003354,8000206,;426
2021-12-16T08:35:00.000Z;Winningen(Mosel);RB;RB 81;81;12106;8006481;8006481%2021-12-16T08:35:00.000Z%,8003350,8003611,8003211,8003723,8002643,8004096,8004101,8003179,8004859,8003344,8001340,8001666,8004223,8001267,8000870,8005945,8000379,8005260,8005510,8002817,8002018,8005476,8004910,8001688,8000370,8004784,8000134,;426
2021-12-16T09:23:00.000Z;Winningen(Mosel);RB;RB 81;81;12107;8006481;8006481%2021-12-16T09:23:00.000Z%,8002454,8003354,8000206,;426
2021-12-16T09:35:00.000Z;Winningen(Mosel);RB;RB 81;81;12108;8006481;8006481%2021-12-16T09:35:00.000Z%,8003350,8003611,8003211,8003723,8002643,8004096,8004101,8003179,8004859,8003344,8001340,8001666,8004223,8001267,8000870,8005945,8000379,8005260,8005510,8002817,8002018,8005476,8004910,8001688,8000370,8004784,8000134,;426
2021-12-16T10:23:00.000Z;Winningen(Mosel);RB;RB 81;81;12109;8006481;8006481%2021-12-16T10:23:00.000Z%,8002454,8003354,8000206,;426
2021-12-16T10:35:00.000Z;Winningen(Mosel);RB;RB 81;81;12110;8006481;8006481%2021-12-16T10:35:00.000Z%,8003350,8003611,8003211,8003723,8002643,8004096,8004101,8003179,8004859,8003344,8001340,8001666,8004223,8001267,8000870,8005945,8000379,8005260,8005510,8002817,8002018,8005476,8004910,8001688,8000370,8004784,8000134,8005905,8000402,8003403,8006222,8004514,8005835,8006315,8004438,8006463,8006252,8004748,8004236,8000923,8004771,;426
2021-12-16T11:23:00.000Z;Winningen(Mosel);RB;RB 81;81;12111;8006481;8006481%2021-12-16T11:23:00.000Z%,8002454,8003354,8000206,;426
2021-12-16T11:35:00.000Z;Winningen(Mosel);RB;RB 81;81;12112;8006481;8006481%2021-12-16T11:35:00.000Z%,8003350,8003611,8003211,8003723,8002643,8004096,8004101,8003179,8004859,8003344,8001340,8001666,8004223,8001267,8000870,8005945,8000379,8005260,8005510,8002817,8002018,8005476,8004910,8001688,8000370,8004784,8000134,;426
2021-12-16T11:54:00.000Z;Winningen(Mosel);RB;RB 81;81;12196;8006481;8006481%2021-12-16T11:54:00.000Z%,8003350,8003611,8003211,8003723,8002643,8004096,8004101,8003179,8004859,8003344,8001340,8001666,8004223,8001267,;426
2021-12-16T12:23:00.000Z;Winningen(Mosel);RB;RB 81;81;12113;8006481;8006481%2021-12-16T12:23:00.000Z%,8002454,8003354,8000206,;426
2021-12-16T12:39:00.000Z;Winningen(Mosel);RB;RB 81;81;12114;8006481;8006481%2021-12-16T12:39:00.000Z%,8003350,8003611,8003211,8003723,8002643,8004096,8004101,8003179,8004859,8003344,8001340,8001666,8004223,8001267,8000870,8005945,8000379,8005260,8005510,8002817,8002018,8005476,8004910,8001688,8000370,8004784,8000134,;426
2021-12-16T13:04:00.000Z;Winningen(Mosel);RB;RB 81;81;12137;8006481;8006481%2021-12-16T13:04:00.000Z%,8002454,8003354,8000206,;426
2021-12-16T13:23:00.000Z;Winningen(Mosel);RB;RB 81;81;12115;8006481;8006481%2021-12-16T13:23:00.000Z%,8002454,8003354,8000206,;426
2021-12-16T13:35:00.000Z;Winningen(Mosel);RB;RB 81;81;12116;8006481;8006481%2021-12-16T13:35:00.000Z%,8003350,8003611,8003211,8003723,8002643,8004096,8004101,8003179,8004859,8003344,8001340,8001666,8004223,8001267,8000870,8005945,8000379,8005260,8005510,8002817,8002018,8005476,8004910,8001688,8000370,8004784,8000134,;426
2021-12-16T14:23:00.000Z;Winningen(Mosel);RB;RB 81;81;12117;8006481;8006481%2021-12-16T14:23:00.000Z%,8002454,8003354,8000206,;426
2021-12-16T14:35:00.000Z;Winningen(Mosel);RB;RB 81;81;12118;8006481;8006481%2021-12-16T14:35:00.000Z%,8003350,8003611,8003211,8003723,8002643,8004096,8004101,8003179,8004859,8003344,8001340,8001666,8004223,8001267,8000870,8005945,8000379,8005260,8005510,8002817,8002018,8005476,8004910,8001688,8000370,8004784,8000134,;426
2021-12-16T15:04:00.000Z;Winningen(Mosel);RB;RB 81;81;12197;8006481;8006481%2021-12-16T15:04:00.000Z%,8002454,8003354,8000206,;426
2021-12-16T15:23:00.000Z;Winningen(Mosel);RB;RB 81;81;12119;8006481;8006481%2021-12-16T15:23:00.000Z%,8002454,8003354,8000206,;426
2021-12-16T15:35:00.000Z;Winningen(Mosel);RB;RB 81;81;12120;8006481;8006481%2021-12-16T15:35:00.000Z%,8003350,8003611,8003211,8003723,8002643,8004096,8004101,8003179,8004859,8003344,8001340,8001666,8004223,8001267,8000870,8005945,8000379,8005260,8005510,8002817,8002018,8005476,8004910,8001688,8000370,8004784,8000134,;426
2021-12-16T15:54:00.000Z;Winningen(Mosel);RB;RB 81;81;12190;8006481;8006481%2021-12-16T15:54:00.000Z%,8003350,8003611,8003211,8003723,8002643,8004096,8004101,8003179,8004859,8003344,8001340,;426
2021-12-16T16:23:00.000Z;Winningen(Mosel);RB;RB 81;81;12121;8006481;8006481%2021-12-16T16:23:00.000Z%,8002454,8003354,8000206,;426
2021-12-16T16:35:00.000Z;Winningen(Mosel);RB;RB 81;81;12122;8006481;8006481%2021-12-16T16:35:00.000Z%,8003350,8003611,8003211,8003723,8002643,8004096,8004101,8003179,8004859,8003344,8001340,8001666,8004223,8001267,8000870,8005945,8000379,8005260,8005510,8002817,8002018,8005476,8004910,8001688,8000370,8004784,8000134,;426
2021-12-16T16:53:00.000Z;Winningen(Mosel);RB;RB 81;81;12192;8006481;8006481%2021-12-16T16:53:00.000Z%,8003350,8003611,8003211,8003723,8002643,8004096,8004101,8003179,8004859,8003344,8001340,;426
2021-12-16T17:23:00.000Z;Winningen(Mosel);RB;RB 81;81;12123;8006481;8006481%2021-12-16T17:23:00.000Z%,8002454,8003354,8000206,;426
2021-12-16T17:35:00.000Z;Winningen(Mosel);RB;RB 81;81;12124;8006481;8006481%2021-12-16T17:35:00.000Z%,8003350,8003611,8003211,8003723,8002643,8004096,8004101,8003179,8004859,8003344,8001340,8001666,8004223,8001267,8000870,8005945,8000379,8005260,8005510,8002817,8002018,8005476,8004910,8001688,8000370,8004784,8000134,;426
2021-12-16T18:23:00.000Z;Winningen(Mosel);RB;RB 81;81;12125;8006481;8006481%2021-12-16T18:23:00.000Z%,8002454,8003354,8000206,;426
2021-12-16T18:35:00.000Z;Winningen(Mosel);RB;RB 81;81;12126;8006481;8006481%2021-12-16T18:35:00.000Z%,8003350,8003611,8003211,8003723,8002643,8004096,8004101,8003179,8004859,8003344,8001340,8001666,8004223,8001267,8000870,8005945,8000379,8005260,8005510,8002817,8002018,8005476,8004910,8001688,8000370,8004784,8000134,;426
2021-12-16T19:23:00.000Z;Winningen(Mosel);RB;RB 81;81;12127;8006481;8006481%2021-12-16T19:23:00.000Z%,8002454,8003354,8000206,;426
2021-12-16T19:35:00.000Z;Winningen(Mosel);RB;RB 81;81;12128;8006481;8006481%2021-12-16T19:35:00.000Z%,8003350,8003611,8003211,8003723,8002643,8004096,8004101,8003179,8004859,8003344,8001340,8001666,8004223,8001267,8000870,8005945,8000379,8005260,8005510,8002817,8002018,8005476,8004910,8001688,8000370,8004784,8000134,8005905,8000402,8003403,8006222,8004514,8005835,8006315,8004438,8006463,8006252,8004748,8004236,8000923,8004771,;426
2021-12-15T20:31:00.000Z;Winterberg(Westf);RE;RE 57;57;10774;8006486;8006486%2021-12-15T20:31:00.000Z%0,8005569,8005555,8000966,8000927,;602
2021-12-16T05:19:00.000Z;Winterberg(Westf);RE;RE 57;57;10778;8006486;8006486%2021-12-16T05:19:00.000Z%,8005569,8005555,8000966,8000927,8003993,8002073,8004642,8000605,8004228,8006389,8000113,8000037,8000142,;602
2021-12-16T05:54:00.000Z;Winterberg(Westf);RE;RE 57;57;10780;8006486;8006486%2021-12-16T05:54:00.000Z%,8005569,8005555,8000966,8000927,;602
2021-12-16T07:31:00.000Z;Winterberg(Westf);RE;RE 57;57;10752;8006486;8006486%2021-12-16T07:31:00.000Z%,8005569,8005555,8000966,8000927,8003993,8002073,8004642,8000605,8004228,8006389,8000113,8000961,8000080,;602
2021-12-16T09:31:00.000Z;Winterberg(Westf);RE;RE 57;57;10756;8006486;8006486%2021-12-16T09:31:00.000Z%,8005569,8005555,8000966,8000927,8003993,8002073,8004642,8000605,8004228,8006389,8000113,8000961,8000080,;602
2021-12-16T11:31:00.000Z;Winterberg(Westf);RE;RE 57;57;10760;8006486;8006486%2021-12-16T11:31:00.000Z%,8005569,8005555,8000966,8000927,8003993,8002073,8004642,8000605,8004228,8006389,8000113,8000961,8000080,;602
2021-12-16T13:31:00.000Z;Winterberg(Westf);RE;RE 57;57;10764;8006486;8006486%2021-12-16T13:31:00.000Z%,8005569,8005555,8000966,8000927,8003993,8002073,8004642,8000605,8004228,8006389,8000113,8000961,8000080,;602
2021-12-16T15:31:00.000Z;Winterberg(Westf);RE;RE 57;57;10768;8006486;8006486%2021-12-16T15:31:00.000Z%,8005569,8005555,8000966,8000927,8003993,8002073,8004642,8000605,8004228,8006389,8000113,8000961,8000080,;602
2021-12-16T17:31:00.000Z;Winterberg(Westf);RE;RE 57;57;10772;8006486;8006486%2021-12-16T17:31:00.000Z%,8005569,8005555,8000966,8000927,8003993,8002073,8004642,8000605,8004228,8006389,8000113,8000961,8000080,;602
2021-12-15T20:52:00.000Z;Winterhausen;RB;RB 80;80;58145;8006488;8006488%2021-12-15T20:53:00.000Z%1,8002333,8000818,8003881,8005947,8000091,8001278,8004521,8000009,8005907,8000534,8000385,8000122,;426
2021-12-15T21:03:00.000Z;Winterhausen;RB;RB 80;80;58144;8006488;8006488%2021-12-15T21:05:00.000Z%2,8006582,8000260,;426
2021-12-15T22:15:00.000Z;Winterhausen;RB;RB 80;80;58149;8006488;8006488%2021-12-15T22:15:00.000Z%,8002333,8000818,8003881,8005947,8000091,8001278,8004521,8000009,8005907,8000534,8000385,8000122,;426
2021-12-15T23:05:00.000Z;Winterhausen;RB;RB 80;80;58148;8006488;8006488%2021-12-15T23:05:00.000Z%,8006582,8000260,;426
2021-12-15T23:45:00.000Z;Winterhausen;RB;RB 80;80;58169;8006488;8006488%2021-12-15T23:45:00.000Z%,8002333,8000818,8003881,;426
2021-12-16T03:41:00.000Z;Winterhausen;RB;RB 80;80;58101;8006488;8006488%2021-12-16T03:41:00.000Z%,8002333,8000818,8003881,8005947,8000091,8001278,8004521,8000009,8005907,8000534,8000385,8000122,;426
2021-12-16T04:34:00.000Z;Winterhausen;RB;RB 80;80;58100;8006488;8006488%2021-12-16T04:34:00.000Z%,8006582,8000260,;426
2021-12-16T04:43:00.000Z;Winterhausen;RB;RB 80;80;58105;8006488;8006488%2021-12-16T04:43:00.000Z%,8002333,8000818,8003881,8005947,8000091,8001278,8004521,8000009,8005907,8000534,8000385,8000122,;426
2021-12-16T05:02:00.000Z;Winterhausen;RB;RB 80;80;58152;8006488;8006488%2021-12-16T05:02:00.000Z%,8006582,8000260,;426
2021-12-16T05:18:00.000Z;Winterhausen;RB;RB 80;80;58102;8006488;8006488%2021-12-16T05:18:00.000Z%,8006582,8000260,;426
2021-12-16T05:45:00.000Z;Winterhausen;RB;RB 80;80;58111;8006488;8006488%2021-12-16T05:45:00.000Z%,8002333,8000818,8003881,8005947,8000091,8001278,8004521,8000009,8005907,8000534,8000385,8000122,;426
2021-12-16T06:01:00.000Z;Winterhausen;RB;RB 80;80;58106;8006488;8006488%2021-12-16T06:01:00.000Z%,8006582,8000260,;426
2021-12-16T06:23:00.000Z;Winterhausen;RB;RB 80;80;58153;8006488;8006488%2021-12-16T06:23:00.000Z%,8002333,8000818,8003881,;426
2021-12-16T06:31:00.000Z;Winterhausen;RB;RB 80;80;58108;8006488;8006488%2021-12-16T06:31:00.000Z%,8006582,8000260,;426
2021-12-16T06:52:00.000Z;Winterhausen;RB;RB 80;80;58115;8006488;8006488%2021-12-16T06:52:00.000Z%,8002333,8000818,8003881,8005947,8000091,8001278,8004521,8000009,8005907,8000534,8000385,8000122,;426
2021-12-16T06:53:00.000Z;Winterhausen;RB;RB 80;80;58110;8006488;8006488%2021-12-16T06:53:00.000Z%,8006582,8000260,;426
2021-12-16T07:35:00.000Z;Winterhausen;RB;RB 80;80;58154;8006488;8006488%2021-12-16T07:35:00.000Z%,8006582,8000260,;426
2021-12-16T07:54:00.000Z;Winterhausen;RB;RB 80;80;58117;8006488;8006488%2021-12-16T07:54:00.000Z%,8002333,8000818,8003881,8005947,8000091,8001278,8004521,8000009,8005907,8000534,8000385,8000122,;426
2021-12-16T08:06:00.000Z;Winterhausen;RB;RB 80;80;58116;8006488;8006488%2021-12-16T08:06:00.000Z%,8006582,8000260,;426
2021-12-16T08:52:00.000Z;Winterhausen;RB;RB 80;80;58119;8006488;8006488%2021-12-16T08:52:00.000Z%,8002333,8000818,8003881,8005947,8000091,8001278,8004521,8000009,8005907,8000534,8000385,8000122,;426
2021-12-16T09:03:00.000Z;Winterhausen;RB;RB 80;80;58118;8006488;8006488%2021-12-16T09:03:00.000Z%,8006582,8000260,;426
2021-12-16T09:52:00.000Z;Winterhausen;RB;RB 80;80;58121;8006488;8006488%2021-12-16T09:52:00.000Z%,8002333,8000818,8003881,8005947,8000091,8001278,8004521,8000009,8005907,8000534,8000385,8000122,;426
2021-12-16T10:08:00.000Z;Winterhausen;RB;RB 80;80;58120;8006488;8006488%2021-12-16T10:08:00.000Z%,8006582,8000260,;426
2021-12-16T10:52:00.000Z;Winterhausen;RB;RB 80;80;58123;8006488;8006488%2021-12-16T10:52:00.000Z%,8002333,8000818,8003881,8005947,8000091,8001278,8004521,8000009,8005907,8000534,8000385,8000122,;426
2021-12-16T11:03:00.000Z;Winterhausen;RB;RB 80;80;58122;8006488;8006488%2021-12-16T11:03:00.000Z%,8006582,8000260,;426
2021-12-16T11:54:00.000Z;Winterhausen;RB;RB 80;80;58125;8006488;8006488%2021-12-16T11:54:00.000Z%,8002333,8000818,8003881,8005947,8000091,8001278,8004521,8000009,8005907,8000534,8000385,8000122,;426
2021-12-16T12:03:00.000Z;Winterhausen;RB;RB 80;80;58124;8006488;8006488%2021-12-16T12:03:00.000Z%,8006582,8000260,;426
2021-12-16T12:33:00.000Z;Winterhausen;RB;RB 80;80;58156;8006488;8006488%2021-12-16T12:33:00.000Z%,8006582,8000260,;426
2021-12-16T12:38:00.000Z;Winterhausen;RB;RB 80;80;58155;8006488;8006488%2021-12-16T12:38:00.000Z%,8002333,8000818,8003881,;426
2021-12-16T12:52:00.000Z;Winterhausen;RB;RB 80;80;58127;8006488;8006488%2021-12-16T12:52:00.000Z%,8002333,8000818,8003881,8005947,8000091,8001278,8004521,8000009,8005907,8000534,8000385,8000122,;426
2021-12-16T13:03:00.000Z;Winterhausen;RB;RB 80;80;58126;8006488;8006488%2021-12-16T13:03:00.000Z%,8006582,8000260,;426
2021-12-16T13:41:00.000Z;Winterhausen;RB;RB 80;80;58158;8006488;8006488%2021-12-16T13:41:00.000Z%,8006582,8000260,;426
2021-12-16T13:52:00.000Z;Winterhausen;RB;RB 80;80;58129;8006488;8006488%2021-12-16T13:52:00.000Z%,8002333,8000818,8003881,8005947,8000091,8001278,8004521,8000009,8005907,8000534,8000385,8000122,;426
2021-12-16T14:05:00.000Z;Winterhausen;RB;RB 80;80;58159;8006488;8006488%2021-12-16T14:05:00.000Z%,8002333,8000818,8003881,;426
2021-12-16T14:08:00.000Z;Winterhausen;RB;RB 80;80;58128;8006488;8006488%2021-12-16T14:08:00.000Z%,8006582,8000260,;426
2021-12-16T14:41:00.000Z;Winterhausen;RB;RB 80;80;58160;8006488;8006488%2021-12-16T14:41:00.000Z%,8006582,8000260,;426
2021-12-16T14:52:00.000Z;Winterhausen;RB;RB 80;80;58133;8006488;8006488%2021-12-16T14:52:00.000Z%,8002333,8000818,8003881,8005947,8000091,8001278,8004521,8000009,8005907,8000534,8000385,8000122,;426
2021-12-16T15:03:00.000Z;Winterhausen;RB;RB 80;80;58132;8006488;8006488%2021-12-16T15:03:00.000Z%,8006582,8000260,;426
2021-12-16T15:12:00.000Z;Winterhausen;RB;RB 80;80;58161;8006488;8006488%2021-12-16T15:12:00.000Z%,8002333,8000818,8003881,;426
2021-12-16T15:41:00.000Z;Winterhausen;RB;RB 80;80;58162;8006488;8006488%2021-12-16T15:41:00.000Z%,8006582,8000260,;426
2021-12-16T15:54:00.000Z;Winterhausen;RB;RB 80;80;58135;8006488;8006488%2021-12-16T15:54:00.000Z%,8002333,8000818,8003881,8005947,8000091,8001278,8004521,8000009,8005907,8000534,8000385,8000122,;426
2021-12-16T16:02:00.000Z;Winterhausen;RB;RB 80;80;58134;8006488;8006488%2021-12-16T16:02:00.000Z%,8006582,8000260,;426
2021-12-16T16:12:00.000Z;Winterhausen;RB;RB 80;80;58163;8006488;8006488%2021-12-16T16:12:00.000Z%,8002333,8000818,8003881,;426
2021-12-16T16:41:00.000Z;Winterhausen;RB;RB 80;80;58164;8006488;8006488%2021-12-16T16:41:00.000Z%,8006582,8000260,;426
2021-12-16T16:52:00.000Z;Winterhausen;RB;RB 80;80;58137;8006488;8006488%2021-12-16T16:52:00.000Z%,8002333,8000818,8003881,8005947,8000091,8001278,8004521,8000009,8005907,8000534,8000385,8000122,;426
2021-12-16T17:03:00.000Z;Winterhausen;RB;RB 80;80;58136;8006488;8006488%2021-12-16T17:03:00.000Z%,8006582,8000260,;426
2021-12-16T17:12:00.000Z;Winterhausen;RB;RB 80;80;58165;8006488;8006488%2021-12-16T17:12:00.000Z%,8002333,8000818,8003881,;426
2021-12-16T17:41:00.000Z;Winterhausen;RB;RB 80;80;58166;8006488;8006488%2021-12-16T17:41:00.000Z%,8006582,8000260,;426
2021-12-16T17:52:00.000Z;Winterhausen;RB;RB 80;80;58139;8006488;8006488%2021-12-16T17:52:00.000Z%,8002333,8000818,8003881,8005947,8000091,8001278,8004521,8000009,8005907,8000534,8000385,8000122,;426
2021-12-16T18:08:00.000Z;Winterhausen;RB;RB 80;80;58138;8006488;8006488%2021-12-16T18:08:00.000Z%,8006582,8000260,;426
2021-12-16T18:52:00.000Z;Winterhausen;RB;RB 80;80;58141;8006488;8006488%2021-12-16T18:52:00.000Z%,8002333,8000818,8003881,8005947,8000091,8001278,8004521,8000009,8005907,8000534,8000385,8000122,;426
2021-12-16T19:03:00.000Z;Winterhausen;RB;RB 80;80;58140;8006488;8006488%2021-12-16T19:03:00.000Z%,8006582,8000260,;426
2021-12-16T19:52:00.000Z;Winterhausen;RB;RB 80;80;58143;8006488;8006488%2021-12-16T19:52:00.000Z%,8002333,8000818,8003881,8005947,8000091,8001278,8004521,8000009,8005907,8000534,8000385,8000122,;426
2021-12-16T20:03:00.000Z;Winterhausen;RB;RB 80;80;58142;8006488;8006488%2021-12-16T20:03:00.000Z%,8006582,8000260,;426
2021-12-15T20:23:00.000Z;Wissen(Sieg);RE;RE 9;9;10929;8006501;8006501%2021-12-15T20:24:00.000Z%1,8000034,8000427,8001112,8000046,;602
2021-12-15T20:37:00.000Z;Wissen(Sieg);RE;RE 9;9;10934;8006501;8006501%2021-12-15T20:40:00.000Z%3,8000012,8005356,8002768,8001736,8002753,8005556,8000135,8004869,8000207,;602
2021-12-15T21:24:00.000Z;Wissen(Sieg);RE;RE 9;9;10931;8006501;8006501%2021-12-15T21:26:00.000Z%2,8004381,8005338,8000034,8000427,8001112,8004406,8001729,8000046,;602
2021-12-15T21:37:00.000Z;Wissen(Sieg);RE;RE 9;9;10936;8006501;8006501%2021-12-15T21:37:00.000Z%,8000012,8005356,8002768,8001736,8002753,8005556,8000135,8004869,8003361,8000208,8000178,8000084,8003553,8001886,8000348,8000406,8000001,;602
2021-12-15T22:24:00.000Z;Wissen(Sieg);RE;RE 9;9;10933;8006501;8006501%2021-12-15T22:25:00.000Z%1,8004381,8005338,8000034,8000427,8001112,8004406,8001729,8000046,;602
2021-12-15T23:27:00.000Z;Wissen(Sieg);RE;RE 9;9;10935;8006501;8006501%2021-12-15T23:27:00.000Z%,8004381,8005338,8000034,8000427,8001112,8004406,8001729,8000046,;602
2021-12-16T04:28:00.000Z;Wissen(Sieg);RE;RE 9;9;10902;8006501;8006501%2021-12-16T04:28:00.000Z%,8001928,8000012,8005164,8005356,8001384,8002768,8001736,8003987,8001006,8002775,8002753,8005556,8000135,8004869,8003361,8000208,8000178,8000084,8003553,8001886,8000348,8000406,8000001,;602
2021-12-16T05:36:00.000Z;Wissen(Sieg);RE;RE 9;9;10904;8006501;8006501%2021-12-16T05:36:00.000Z%,8001928,8000012,8005356,8002768,8001736,8002753,8005556,8000135,8004869,8003361,8000208,8000178,8000084,8003553,8001886,8000348,8000406,8000001,;602
2021-12-16T06:21:00.000Z;Wissen(Sieg);RE;RE 9;9;10901;8006501;8006501%2021-12-16T06:21:00.000Z%,8000034,8000427,8001112,8000046,;602
2021-12-16T06:37:00.000Z;Wissen(Sieg);RE;RE 9;9;10906;8006501;8006501%2021-12-16T06:37:00.000Z%,8000012,8005356,8002768,8001736,8002753,8005556,8000135,8004869,8003361,8000208,8000178,8000084,8003553,8001886,8000348,8000406,8000001,;602
2021-12-16T07:21:00.000Z;Wissen(Sieg);RE;RE 9;9;10903;8006501;8006501%2021-12-16T07:21:00.000Z%,8000034,8000427,8001112,8000046,;602
2021-12-16T07:37:00.000Z;Wissen(Sieg);RE;RE 9;9;10908;8006501;8006501%2021-12-16T07:37:00.000Z%,8000012,8005356,8002768,8001736,8002753,8005556,8000135,8004869,8003361,8000208,8000178,8000084,8003553,8001886,8000348,8000406,8000001,;602
2021-12-16T08:21:00.000Z;Wissen(Sieg);RE;RE 9;9;10905;8006501;8006501%2021-12-16T08:21:00.000Z%,8000034,8000427,8001112,8000046,;602
2021-12-16T08:37:00.000Z;Wissen(Sieg);RE;RE 9;9;10910;8006501;8006501%2021-12-16T08:37:00.000Z%,8000012,8005356,8002768,8001736,8002753,8005556,8000135,8004869,8003361,8000208,8000178,8000084,8003553,8001886,8000348,8000406,8000001,;602
2021-12-16T09:21:00.000Z;Wissen(Sieg);RE;RE 9;9;10907;8006501;8006501%2021-12-16T09:21:00.000Z%,8000034,8000427,8001112,8000046,;602
2021-12-16T09:37:00.000Z;Wissen(Sieg);RE;RE 9;9;10912;8006501;8006501%2021-12-16T09:37:00.000Z%,8000012,8005356,8002768,8001736,8002753,8005556,8000135,8004869,8003361,8000208,8000178,8000084,8003553,8001886,8000348,8000406,8000001,;602
2021-12-16T10:21:00.000Z;Wissen(Sieg);RE;RE 9;9;10909;8006501;8006501%2021-12-16T10:21:00.000Z%,8000034,8000427,8001112,8000046,;602
2021-12-16T10:37:00.000Z;Wissen(Sieg);RE;RE 9;9;10914;8006501;8006501%2021-12-16T10:37:00.000Z%,8000012,8005356,8002768,8001736,8002753,8005556,8000135,8004869,8003361,8000208,8000178,8000084,8003553,8001886,8000348,8000406,8000001,;602
2021-12-16T11:21:00.000Z;Wissen(Sieg);RE;RE 9;9;10911;8006501;8006501%2021-12-16T11:21:00.000Z%,8000034,8000427,8001112,8000046,;602
2021-12-16T11:37:00.000Z;Wissen(Sieg);RE;RE 9;9;10916;8006501;8006501%2021-12-16T11:37:00.000Z%,8000012,8005356,8002768,8001736,8002753,8005556,8000135,8004869,8003361,8000208,8000178,8000084,8003553,8001886,8000348,8000406,8000001,;602
2021-12-16T12:21:00.000Z;Wissen(Sieg);RE;RE 9;9;10913;8006501;8006501%2021-12-16T12:21:00.000Z%,8000034,8000427,8001112,8000046,;602
2021-12-16T12:37:00.000Z;Wissen(Sieg);RE;RE 9;9;10918;8006501;8006501%2021-12-16T12:37:00.000Z%,8000012,8005356,8002768,8001736,8002753,8005556,8000135,8004869,8003361,8000208,8000178,8000084,8003553,8001886,8000348,8000406,8000001,;602
2021-12-16T13:21:00.000Z;Wissen(Sieg);RE;RE 9;9;10915;8006501;8006501%2021-12-16T13:21:00.000Z%,8000034,8000427,8001112,8000046,;602
2021-12-16T13:37:00.000Z;Wissen(Sieg);RE;RE 9;9;10920;8006501;8006501%2021-12-16T13:37:00.000Z%,8000012,8005356,8002768,8001736,8002753,8005556,8000135,8004869,8003361,8000208,8000178,8000084,8003553,8001886,8000348,8000406,8000001,;602
2021-12-16T14:21:00.000Z;Wissen(Sieg);RE;RE 9;9;10917;8006501;8006501%2021-12-16T14:21:00.000Z%,8000034,8000427,8001112,8000046,;602
2021-12-16T14:37:00.000Z;Wissen(Sieg);RE;RE 9;9;10922;8006501;8006501%2021-12-16T14:37:00.000Z%,8000012,8005356,8002768,8001736,8002753,8005556,8000135,8004869,8003361,8000208,8000178,8000084,8003553,8001886,8000348,8000406,8000001,;602
2021-12-16T15:21:00.000Z;Wissen(Sieg);RE;RE 9;9;10919;8006501;8006501%2021-12-16T15:21:00.000Z%,8000034,8000427,8001112,8000046,;602
2021-12-16T15:37:00.000Z;Wissen(Sieg);RE;RE 9;9;10924;8006501;8006501%2021-12-16T15:37:00.000Z%,8000012,8005356,8002768,8001736,8002753,8005556,8000135,8004869,8003361,8000208,8000178,8000084,8003553,8001886,8000348,8000406,8000001,;602
2021-12-16T16:21:00.000Z;Wissen(Sieg);RE;RE 9;9;10921;8006501;8006501%2021-12-16T16:21:00.000Z%,8000034,8000427,8001112,8000046,;602
2021-12-16T16:37:00.000Z;Wissen(Sieg);RE;RE 9;9;10926;8006501;8006501%2021-12-16T16:37:00.000Z%,8000012,8005356,8002768,8001736,8002753,8005556,8000135,8004869,8003361,8000208,8000178,8000084,8003553,8001886,8000348,8000406,8000001,;602
2021-12-16T17:21:00.000Z;Wissen(Sieg);RE;RE 9;9;10923;8006501;8006501%2021-12-16T17:21:00.000Z%,8000034,8000427,8001112,8000046,;602
2021-12-15T23:14:00.000Z;Mannheim-Neckarstadt;RE;RE 70;70;4588;8006511;8006511%2021-12-15T23:14:00.000Z%,8006509,8003848,8003503,8098360,8001034,8000503,8002391,8002249,8000951,8005740,8000126,8003605,8001511,8002386,8004065,8006175,8006648,8002040,8002050,8000105,;602
2021-12-16T03:35:00.000Z;Mannheim-Neckarstadt;RE;RE 70;70;4550;8006511;8006511%2021-12-16T03:35:00.000Z%,8006509,8003848,8003503,8098360,8001034,8000503,8002391,8002249,8000951,8005740,8000126,8002386,8004065,8006175,8002050,8000105,;602
2021-12-16T04:37:00.000Z;Mannheim-Neckarstadt;RE;RE 70;70;4552;8006511;8006511%2021-12-16T04:37:00.000Z%,8006509,8003848,8003503,8098360,8001034,8000503,8002391,8002249,8000951,8005740,8000126,8002386,8004065,8006175,8002050,8000105,;602
2021-12-16T04:42:00.000Z;Mannheim-Neckarstadt;RE;RE 70;70;4773;8006511;8006511%2021-12-16T04:42:00.000Z%,8006508,8000244,;602
2021-12-15T20:20:00.000Z;Witzenhausen Nord;RB;RB 83;83;24032;8006524;8006524%2021-12-15T20:23:00.000Z%3,8000090,8002102,8000128,;426
2021-12-15T20:24:00.000Z;Witzenhausen Nord;RE;RE 9;9;74716;8006524;8006524%2021-12-15T20:25:00.000Z%1,8006707,8000193,;602
2021-12-15T20:34:00.000Z;Witzenhausen Nord;RE;RE 2;2;16267;8006524;8006524%2021-12-15T20:35:00.000Z%1,8000090,8011054,8013159,8011849,8010203,8012993,8010235,8011746,8012919,8010020,8011687,8010081,8010198,8010102,8010101,;602
2021-12-15T20:37:00.000Z;Witzenhausen Nord;RB;RB 83;83;24035;8006524;8006524%2021-12-15T20:37:00.000Z%0,8002259,8002677,8006707,8005623,8003053,8004415,8000193,;426
2021-12-15T21:20:00.000Z;Witzenhausen Nord;RB;RB 83;83;24034;8006524;8006524%2021-12-15T21:20:00.000Z%0,8000090,8002102,8000128,;426
2021-12-15T21:37:00.000Z;Witzenhausen Nord;RB;RB 83;83;24037;8006524;8006524%2021-12-15T21:37:00.000Z%0,8002259,8002677,8006707,8005623,8003053,8004415,8000193,;426
2021-12-15T22:20:00.000Z;Witzenhausen Nord;RB;RB 83;83;24036;8006524;8006524%2021-12-15T22:20:00.000Z%0,8000090,8002102,8000128,;426
2021-12-15T22:37:00.000Z;Witzenhausen Nord;RB;RB 83;83;24039;8006524;8006524%2021-12-15T22:37:00.000Z%0,8002259,8002677,8006707,8005623,8003053,8004415,8000193,;426
2021-12-15T23:20:00.000Z;Witzenhausen Nord;RB;RB 83;83;24038;8006524;8006524%2021-12-15T23:20:00.000Z%0,8000090,8002102,8000128,;426
2021-12-16T03:37:00.000Z;Witzenhausen Nord;RB;RB 83;83;24001;8006524;8006524%2021-12-16T03:37:00.000Z%,8002259,8002677,8006707,8005623,8003053,8004415,8000193,;426
2021-12-16T03:51:00.000Z;Witzenhausen Nord;RE;RE 9;9;74747;8006524;8006524%2021-12-16T03:51:00.000Z%,8000090,8011054,8013159,8011849,8011219,8013315,8011178,8010203,8011172,8013004,8010055,8010385,8010256,8010032,8012796,8011138,8013217,8010312,8012766,8010054,8013336,8012279,8011496,8010299,8011038,8013230,8013110,8013111,8013425,8011043,8080590,8013448,8080570,8010159,;602
2021-12-16T04:06:00.000Z;Witzenhausen Nord;RE;RE 9;9;74738;8006524;8006524%2021-12-16T04:06:00.000Z%,8002259,8002677,8006707,8005623,8003053,8004415,8000193,;602
2021-12-16T04:37:00.000Z;Witzenhausen Nord;RB;RB 83;83;24003;8006524;8006524%2021-12-16T04:37:00.000Z%,8002259,8002677,8006707,8005623,8003053,8004415,8000193,;426
2021-12-16T04:52:00.000Z;Witzenhausen Nord;RB;RB 83;83;24050;8006524;8006524%2021-12-16T04:52:00.000Z%,8000090,8002102,8000128,;426
2021-12-16T05:07:00.000Z;Witzenhausen Nord;RB;RB 2;2;16250;8006524;8006524%2021-12-16T05:07:00.000Z%,8002259,8002677,8006707,8005623,8003053,8004415,8000193,8003200,;426
2021-12-16T05:20:00.000Z;Witzenhausen Nord;RE;RE 9;9;74703;8006524;8006524%2021-12-16T05:20:00.000Z%,8000090,8011054,8013159,8011849,8011219,8013315,8011178,8010203,8013004,8010055,8010385,8010256,8011860,8011657,8010032,8012796,8011138,8013217,8010312,8010054,8013336,8012279,8010299,8010159,;602
2021-12-16T05:37:00.000Z;Witzenhausen Nord;RB;RB 83;83;24005;8006524;8006524%2021-12-16T05:37:00.000Z%,8002259,8002677,8006707,8005623,8003053,8004415,8000193,;426
2021-12-16T05:50:00.000Z;Witzenhausen Nord;RB;RB 83;83;24052;8006524;8006524%2021-12-16T05:50:00.000Z%,8000090,8002102,8000128,;426
2021-12-16T06:08:00.000Z;Witzenhausen Nord;RB;RB 83;83;24051;8006524;8006524%2021-12-16T06:08:00.000Z%,8002259,8002677,8006707,8005623,8003053,8004415,8000193,;426
2021-12-16T06:20:00.000Z;Witzenhausen Nord;RB;RB 83;83;24004;8006524;8006524%2021-12-16T06:20:00.000Z%,8000090,8002102,8000128,;426
2021-12-16T06:24:00.000Z;Witzenhausen Nord;RE;RE 9;9;74700;8006524;8006524%2021-12-16T06:24:00.000Z%,8006707,8003200,;602
2021-12-16T06:34:00.000Z;Witzenhausen Nord;RB;RB 2;2;16251;8006524;8006524%2021-12-16T06:34:00.000Z%,8000090,8011054,8013159,8011849,8010203,8012993,8011335,8010235,8010020,8010081,8010101,;426
2021-12-16T06:37:00.000Z;Witzenhausen Nord;RB;RB 83;83;24053;8006524;8006524%2021-12-16T06:37:00.000Z%,8002259,8002677,8006707,8005623,8003053,8004415,8000193,;426
2021-12-16T07:07:00.000Z;Witzenhausen Nord;RB;RB 83;83;24055;8006524;8006524%2021-12-16T07:07:00.000Z%,8002259,8002677,8006707,8005623,8003053,8004415,8000193,;426
2021-12-16T07:20:00.000Z;Witzenhausen Nord;RB;RB 83;83;24006;8006524;8006524%2021-12-16T07:20:00.000Z%,8000090,8002102,8000128,;426
2021-12-16T07:21:00.000Z;Witzenhausen Nord;RE;RE 2;2;16252;8006524;8006524%2021-12-16T07:21:00.000Z%,8006707,8003200,;602
2021-12-16T07:35:00.000Z;Witzenhausen Nord;RE;RE 9;9;74707;8006524;8006524%2021-12-16T07:35:00.000Z%,8000090,8011849,8010203,8010055,8010385,8010256,8011860,8011657,8010032,8012796,8011138,8013217,8010312,8010054,8013336,8012279,8010299,8010159,;602
2021-12-16T07:37:00.000Z;Witzenhausen Nord;RB;RB 83;83;24009;8006524;8006524%2021-12-16T07:37:00.000Z%,8002259,8002677,8006707,8005623,8003053,8004415,8000193,;426
2021-12-16T08:20:00.000Z;Witzenhausen Nord;RB;RB 83;83;24008;8006524;8006524%2021-12-16T08:20:00.000Z%,8000090,8002102,8000128,;426
2021-12-16T08:24:00.000Z;Witzenhausen Nord;RE;RE 9;9;74702;8006524;8006524%2021-12-16T08:24:00.000Z%,8006707,8003200,;602
2021-12-16T08:34:00.000Z;Witzenhausen Nord;RE;RE 2;2;16255;8006524;8006524%2021-12-16T08:34:00.000Z%,8000090,8011054,8013159,8011849,8010203,8012993,8011335,8010235,8010020,8010081,8010101,;602
2021-12-16T08:37:00.000Z;Witzenhausen Nord;RB;RB 83;83;24011;8006524;8006524%2021-12-16T08:37:00.000Z%,8002259,8002677,8006707,8005623,8003053,8004415,8000193,;426
2021-12-16T09:20:00.000Z;Witzenhausen Nord;RB;RB 83;83;24010;8006524;8006524%2021-12-16T09:20:00.000Z%,8000090,8002102,8000128,;426
2021-12-16T09:23:00.000Z;Witzenhausen Nord;RE;RE 2;2;16254;8006524;8006524%2021-12-16T09:23:00.000Z%,8006707,8003200,;602
2021-12-16T09:35:00.000Z;Witzenhausen Nord;RE;RE 9;9;74709;8006524;8006524%2021-12-16T09:35:00.000Z%,8000090,8011849,8010203,8010055,8010385,8010256,8011860,8011657,8010032,8012796,8011138,8013217,8010312,8010054,8013336,8012279,8010299,8010159,;602
2021-12-16T09:37:00.000Z;Witzenhausen Nord;RB;RB 83;83;24013;8006524;8006524%2021-12-16T09:37:00.000Z%,8002259,8002677,8006707,8005623,8003053,8004415,8000193,;426
2021-12-16T10:20:00.000Z;Witzenhausen Nord;RB;RB 83;83;24012;8006524;8006524%2021-12-16T10:20:00.000Z%,8000090,8002102,8000128,;426
2021-12-16T10:24:00.000Z;Witzenhausen Nord;RE;RE 9;9;74704;8006524;8006524%2021-12-16T10:24:00.000Z%,8006707,8003200,;602
2021-12-16T10:34:00.000Z;Witzenhausen Nord;RE;RE 2;2;16257;8006524;8006524%2021-12-16T10:34:00.000Z%,8000090,8011054,8013159,8011849,8010203,8012993,8011335,8010235,8010020,8010081,8010101,;602
2021-12-16T10:37:00.000Z;Witzenhausen Nord;RB;RB 83;83;24015;8006524;8006524%2021-12-16T10:37:00.000Z%,8002259,8002677,8006707,8005623,8003053,8004415,8000193,;426
2021-12-16T11:20:00.000Z;Witzenhausen Nord;RB;RB 83;83;24014;8006524;8006524%2021-12-16T11:20:00.000Z%,8000090,8002102,8000128,;426
2021-12-16T11:23:00.000Z;Witzenhausen Nord;RE;RE 2;2;16256;8006524;8006524%2021-12-16T11:23:00.000Z%,8006707,8003200,;602
2021-12-16T11:35:00.000Z;Witzenhausen Nord;RE;RE 9;9;74711;8006524;8006524%2021-12-16T11:35:00.000Z%,8000090,8011849,8010203,8010055,8010385,8010256,8011860,8011657,8010032,8012796,8011138,8013217,8010312,8010054,8013336,8012279,8010299,8010159,;602
2021-12-16T11:37:00.000Z;Witzenhausen Nord;RB;RB 83;83;24017;8006524;8006524%2021-12-16T11:37:00.000Z%,8002259,8002677,8006707,8005623,8003053,8004415,8000193,;426
2021-12-16T12:20:00.000Z;Witzenhausen Nord;RB;RB 83;83;24016;8006524;8006524%2021-12-16T12:20:00.000Z%,8000090,8002102,8000128,;426
2021-12-16T12:24:00.000Z;Witzenhausen Nord;RE;RE 9;9;74706;8006524;8006524%2021-12-16T12:24:00.000Z%,8006707,8005623,8003200,;602
2021-12-16T12:34:00.000Z;Witzenhausen Nord;RE;RE 2;2;16259;8006524;8006524%2021-12-16T12:34:00.000Z%,8000090,8011054,8013159,8011849,8010203,8012993,8011335,8010235,8010020,8010081,8010101,;602
2021-12-16T12:46:00.000Z;Witzenhausen Nord;RB;RB 83;83;24057;8006524;8006524%2021-12-16T12:46:00.000Z%,8002259,8002677,8006707,8005623,8003053,8004415,8000193,;426
2021-12-16T12:50:00.000Z;Witzenhausen Nord;RB;RB 83;83;24054;8006524;8006524%2021-12-16T12:50:00.000Z%,8000090,8002102,8000128,;426
2021-12-16T13:20:00.000Z;Witzenhausen Nord;RB;RB 83;83;24018;8006524;8006524%2021-12-16T13:20:00.000Z%,8000090,8002102,8000128,;426
2021-12-16T13:23:00.000Z;Witzenhausen Nord;RE;RE 2;2;16258;8006524;8006524%2021-12-16T13:23:00.000Z%,8006707,8003200,;602
2021-12-16T13:35:00.000Z;Witzenhausen Nord;RE;RE 9;9;74713;8006524;8006524%2021-12-16T13:35:00.000Z%,8000090,8011849,8010203,8010055,8010385,8010256,8011860,8011657,8010032,8012796,8011138,8013217,8010312,8010054,8013336,8012279,8010299,8010159,;602
2021-12-16T13:37:00.000Z;Witzenhausen Nord;RB;RB 83;83;24021;8006524;8006524%2021-12-16T13:37:00.000Z%,8002259,8002677,8006707,8005623,8003053,8004415,8000193,;426
2021-12-16T14:20:00.000Z;Witzenhausen Nord;RB;RB 83;83;24020;8006524;8006524%2021-12-16T14:20:00.000Z%,8000090,8002102,8000128,;426
2021-12-16T14:24:00.000Z;Witzenhausen Nord;RE;RE 9;9;74710;8006524;8006524%2021-12-16T14:24:00.000Z%,8006707,8003200,;602
2021-12-16T14:35:00.000Z;Witzenhausen Nord;RE;RE 2;2;16261;8006524;8006524%2021-12-16T14:35:00.000Z%,8000090,8011054,8013159,8011849,8010203,8012993,8011335,8010235,8010020,8010081,8010101,;602
2021-12-16T14:37:00.000Z;Witzenhausen Nord;RB;RB 83;83;24023;8006524;8006524%2021-12-16T14:37:00.000Z%,8002259,8002677,8006707,8005623,8003053,8004415,8000193,;426
2021-12-16T15:07:00.000Z;Witzenhausen Nord;RB;RB 83;83;24059;8006524;8006524%2021-12-16T15:07:00.000Z%,8002259,8002677,8006707,8005623,8003053,8004415,8000193,;426
2021-12-16T15:20:00.000Z;Witzenhausen Nord;RB;RB 83;83;24022;8006524;8006524%2021-12-16T15:20:00.000Z%,8000090,8002102,8000128,;426
2021-12-16T15:23:00.000Z;Witzenhausen Nord;RE;RE 2;2;16260;8006524;8006524%2021-12-16T15:23:00.000Z%,8006707,8003200,;602
2021-12-16T15:35:00.000Z;Witzenhausen Nord;RE;RE 9;9;74715;8006524;8006524%2021-12-16T15:35:00.000Z%,8000090,8011849,8010203,8010055,8010385,8010256,8011860,8011657,8010032,8012796,8011138,8013217,8010312,8010054,8013336,8012279,8010299,8010159,;602
2021-12-16T15:37:00.000Z;Witzenhausen Nord;RB;RB 83;83;24025;8006524;8006524%2021-12-16T15:37:00.000Z%,8002259,8002677,8006707,8005623,8003053,8004415,8000193,;426
2021-12-16T15:50:00.000Z;Witzenhausen Nord;RB;RB 83;83;24056;8006524;8006524%2021-12-16T15:50:00.000Z%,8000090,8002102,8000128,;426
2021-12-16T16:20:00.000Z;Witzenhausen Nord;RB;RB 83;83;24024;8006524;8006524%2021-12-16T16:20:00.000Z%,8000090,8002102,8000128,;426
2021-12-16T16:24:00.000Z;Witzenhausen Nord;RE;RE 9;9;74712;8006524;8006524%2021-12-16T16:24:00.000Z%,8006707,8003200,;602
2021-12-15T20:45:00.000Z;Witzwort;RB;RB 64;64;21180;8006527;8006527%2021-12-15T20:45:00.000Z%0,8002592,8005885,8003208,8003207,8002185,8005288,8005826,8000754,8000755,;426
2021-12-15T21:12:00.000Z;Witzwort;RB;RB 64;64;21151;8006527;8006527%2021-12-15T21:12:00.000Z%0,8000181,;426
2021-12-15T21:45:00.000Z;Witzwort;RB;RB 64;64;21182;8006527;8006527%2021-12-15T21:45:00.000Z%,8002592,8005885,8003208,8003207,8002185,8005288,8005826,8000754,8000755,;426
2021-12-15T22:12:00.000Z;Witzwort;RB;RB 64;64;21153;8006527;8006527%2021-12-15T22:12:00.000Z%,8000181,;426
2021-12-15T23:12:00.000Z;Witzwort;RB;RB 64;64;21155;8006527;8006527%2021-12-15T23:12:00.000Z%,8000181,;426
2021-12-16T03:45:00.000Z;Witzwort;RB;RB 64;64;21186;8006527;8006527%2021-12-16T03:45:00.000Z%,8002592,8005885,8003208,8003207,8002185,8005288,8005826,8000754,8000755,;426
2021-12-16T04:45:00.000Z;Witzwort;RB;RB 64;64;21188;8006527;8006527%2021-12-16T04:45:00.000Z%,8002592,8005885,8003208,8003207,8002185,8005288,8005826,8000754,8000755,;426
2021-12-16T05:12:00.000Z;Witzwort;RB;RB 64;64;21159;8006527;8006527%2021-12-16T05:12:00.000Z%,8000181,;426
2021-12-16T05:45:00.000Z;Witzwort;RB;RB 64;64;21150;8006527;8006527%2021-12-16T05:45:00.000Z%,8002592,8005885,8003208,8003207,8002185,8005288,8005826,8000754,8000755,;426
2021-12-16T06:12:00.000Z;Witzwort;RB;RB 64;64;21161;8006527;8006527%2021-12-16T06:12:00.000Z%,8000181,;426
2021-12-16T06:45:00.000Z;Witzwort;RB;RB 64;64;21152;8006527;8006527%2021-12-16T06:45:00.000Z%,8002592,8005885,8003208,8003207,8002185,8005288,8005826,8000754,8000755,;426
2021-12-16T07:12:00.000Z;Witzwort;RB;RB 64;64;21163;8006527;8006527%2021-12-16T07:12:00.000Z%,8000181,;426
2021-12-16T07:45:00.000Z;Witzwort;RB;RB 64;64;21154;8006527;8006527%2021-12-16T07:45:00.000Z%,8002592,8005885,8003208,8003207,8002185,8005288,8005826,8000754,8000755,;426
2021-12-16T08:12:00.000Z;Witzwort;RB;RB 64;64;21165;8006527;8006527%2021-12-16T08:12:00.000Z%,8000181,;426
2021-12-16T08:45:00.000Z;Witzwort;RB;RB 64;64;21156;8006527;8006527%2021-12-16T08:45:00.000Z%,8002592,8005885,8003208,8003207,8002185,8005288,8005826,8000754,8000755,;426
2021-12-16T09:12:00.000Z;Witzwort;RB;RB 64;64;21167;8006527;8006527%2021-12-16T09:12:00.000Z%,8000181,;426
2021-12-16T09:45:00.000Z;Witzwort;RB;RB 64;64;21158;8006527;8006527%2021-12-16T09:45:00.000Z%,8002592,8005885,8003208,8003207,8002185,8005288,8005826,8000754,8000755,;426
2021-12-16T10:12:00.000Z;Witzwort;RB;RB 64;64;21169;8006527;8006527%2021-12-16T10:12:00.000Z%,8000181,;426
2021-12-16T10:45:00.000Z;Witzwort;RB;RB 64;64;21160;8006527;8006527%2021-12-16T10:45:00.000Z%,8002592,8005885,8003208,8003207,8002185,8005288,8005826,8000754,8000755,;426
2021-12-16T11:12:00.000Z;Witzwort;RB;RB 64;64;21171;8006527;8006527%2021-12-16T11:12:00.000Z%,8000181,;426
2021-12-16T11:45:00.000Z;Witzwort;RB;RB 64;64;21162;8006527;8006527%2021-12-16T11:45:00.000Z%,8002592,8005885,8003208,8003207,8002185,8005288,8005826,8000754,8000755,;426
2021-12-16T12:12:00.000Z;Witzwort;RB;RB 64;64;21173;8006527;8006527%2021-12-16T12:12:00.000Z%,8000181,;426
2021-12-16T12:45:00.000Z;Witzwort;RB;RB 64;64;21164;8006527;8006527%2021-12-16T12:45:00.000Z%,8002592,8005885,8003208,8003207,8002185,8005288,8005826,8000754,8000755,;426
2021-12-16T13:12:00.000Z;Witzwort;RB;RB 64;64;21175;8006527;8006527%2021-12-16T13:12:00.000Z%,8000181,;426
2021-12-16T13:45:00.000Z;Witzwort;RB;RB 64;64;21166;8006527;8006527%2021-12-16T13:45:00.000Z%,8002592,8005885,8003208,8003207,8002185,8005288,8005826,8000754,8000755,;426
2021-12-16T14:12:00.000Z;Witzwort;RB;RB 64;64;21177;8006527;8006527%2021-12-16T14:12:00.000Z%,8000181,;426
2021-12-16T14:45:00.000Z;Witzwort;RB;RB 64;64;21168;8006527;8006527%2021-12-16T14:45:00.000Z%,8002592,8005885,8003208,8003207,8002185,8005288,8005826,8000754,8000755,;426
2021-12-16T15:12:00.000Z;Witzwort;RB;RB 64;64;21179;8006527;8006527%2021-12-16T15:12:00.000Z%,8000181,;426
2021-12-16T15:45:00.000Z;Witzwort;RB;RB 64;64;21170;8006527;8006527%2021-12-16T15:45:00.000Z%,8002592,8005885,8003208,8003207,8002185,8005288,8005826,8000754,8000755,;426
2021-12-16T16:12:00.000Z;Witzwort;RB;RB 64;64;21181;8006527;8006527%2021-12-16T16:12:00.000Z%,8000181,;426
2021-12-16T16:45:00.000Z;Witzwort;RB;RB 64;64;21172;8006527;8006527%2021-12-16T16:45:00.000Z%,8002592,8005885,8003208,8003207,8002185,8005288,8005826,8000754,8000755,;426
2021-12-16T17:12:00.000Z;Witzwort;RB;RB 64;64;21183;8006527;8006527%2021-12-16T17:12:00.000Z%,8000181,;426
2021-12-16T17:45:00.000Z;Witzwort;RB;RB 64;64;21174;8006527;8006527%2021-12-16T17:45:00.000Z%,8002592,8005885,8003208,8003207,8002185,8005288,8005826,8000754,8000755,;426
2021-12-16T18:12:00.000Z;Witzwort;RB;RB 64;64;21185;8006527;8006527%2021-12-16T18:12:00.000Z%,8000181,;426
2021-12-16T18:45:00.000Z;Witzwort;RB;RB 64;64;21176;8006527;8006527%2021-12-16T18:45:00.000Z%,8002592,8005885,8003208,8003207,8002185,8005288,8005826,8000754,8000755,;426
2021-12-16T19:12:00.000Z;Witzwort;RB;RB 64;64;21187;8006527;8006527%2021-12-16T19:12:00.000Z%,8000181,;426
2021-12-16T19:45:00.000Z;Witzwort;RB;RB 64;64;21178;8006527;8006527%2021-12-16T19:45:00.000Z%,8002592,8005885,8003208,8003207,8002185,8005288,8005826,8000754,8000755,;426
2021-12-16T20:12:00.000Z;Witzwort;RB;RB 64;64;21189;8006527;8006527%2021-12-16T20:12:00.000Z%,8000181,;426
2021-12-15T20:41:00.000Z;Wörnitzstein;RB;RB 89;89;57237;8006533;8006533%2021-12-15T20:42:00.000Z%1,8000078,;426
2021-12-15T21:10:00.000Z;Wörnitzstein;RB;RB 87;87;57238;8006533;8006533%2021-12-15T21:10:00.000Z%,8001628,8002593,8002994,8004071,8000280,;426
2021-12-16T04:39:00.000Z;Wörnitzstein;RB;RB 87;87;57201;8006533;8006533%2021-12-16T04:39:00.000Z%,8000078,;426
2021-12-16T05:12:00.000Z;Wörnitzstein;RB;RB 89;89;57260;8006533;8006533%2021-12-16T05:12:00.000Z%,8001628,8002593,8002994,8004071,8000280,8004796,8005908,8001090,8000655,8003569,8006376,8000380,8002930,8006217,8000002,;426
2021-12-16T05:25:00.000Z;Wörnitzstein;RB;RB 87;87;57203;8006533;8006533%2021-12-16T05:25:00.000Z%,8000078,;426
2021-12-16T05:44:00.000Z;Wörnitzstein;RB;RB 87;87;57205;8006533;8006533%2021-12-16T05:44:00.000Z%,8000078,8003989,8004451,8003952,8000662,8000013,8000658,8000661,8003299,8004008,8003982,8004158,8000261,;426
2021-12-16T06:01:00.000Z;Wörnitzstein;RB;RB 89;89;57207;8006533;8006533%2021-12-16T06:01:00.000Z%,8000078,8000778,8003989,8004451,8006363,8003952,8002761,8003560,8002162,8002256,8000662,8000013,;426
2021-12-16T06:11:00.000Z;Wörnitzstein;RB;RB 89;89;57204;8006533;8006533%2021-12-16T06:11:00.000Z%,8001628,8002593,8002994,8004071,8000280,8004796,8005908,8001090,8000655,8003569,8006376,8000380,8006217,8000002,;426
2021-12-16T06:28:00.000Z;Wörnitzstein;RB;RB 89;89;57209;8006533;8006533%2021-12-16T06:28:00.000Z%,8000078,;426
2021-12-16T07:16:00.000Z;Wörnitzstein;RB;RB 89;89;57206;8006533;8006533%2021-12-16T07:16:00.000Z%,8001628,8002593,8002994,8004071,8000280,8004796,8005908,8001090,8000655,8003569,8006376,8000380,8006217,8000002,;426
2021-12-16T07:47:00.000Z;Wörnitzstein;RB;RB 89;89;57211;8006533;8006533%2021-12-16T07:47:00.000Z%,8000078,;426
2021-12-16T08:09:00.000Z;Wörnitzstein;RB;RB 89;89;57208;8006533;8006533%2021-12-16T08:09:00.000Z%,8001628,8002593,8002994,8004071,8000280,8004796,8005908,8001090,8000655,8003569,8006376,8000380,8006217,8000002,;426
2021-12-16T08:40:00.000Z;Wörnitzstein;RB;RB 89;89;57213;8006533;8006533%2021-12-16T08:40:00.000Z%,8000078,;426
2021-12-16T09:10:00.000Z;Wörnitzstein;RB;RB 89;89;57210;8006533;8006533%2021-12-16T09:10:00.000Z%,8001628,8002593,8002994,8004071,8000280,8004796,8005908,8001090,8000655,8003569,8006376,8000380,8006217,8000002,;426
2021-12-16T09:41:00.000Z;Wörnitzstein;RB;RB 89;89;57215;8006533;8006533%2021-12-16T09:41:00.000Z%,8000078,;426
2021-12-16T10:09:00.000Z;Wörnitzstein;RB;RB 89;89;57212;8006533;8006533%2021-12-16T10:09:00.000Z%,8001628,8002593,8002994,8004071,8000280,8004796,8005908,8001090,8000655,8003569,8006376,8000380,8006217,8000002,;426
2021-12-16T10:40:00.000Z;Wörnitzstein;RB;RB 89;89;57217;8006533;8006533%2021-12-16T10:40:00.000Z%,8000078,;426
2021-12-16T11:16:00.000Z;Wörnitzstein;RB;RB 89;89;57214;8006533;8006533%2021-12-16T11:16:00.000Z%,8001628,8002593,8002994,8004071,8000280,8004796,8005908,8001090,8000655,8003569,8006376,8000380,8006217,8000002,;426
2021-12-16T11:47:00.000Z;Wörnitzstein;RB;RB 89;89;57219;8006533;8006533%2021-12-16T11:47:00.000Z%,8000078,;426
2021-12-16T12:10:00.000Z;Wörnitzstein;RB;RB 89;89;57216;8006533;8006533%2021-12-16T12:10:00.000Z%,8001628,8002593,8002994,8004071,8000280,8004796,8005908,8001090,8000655,8003569,8006376,8000380,8006217,8000002,;426
2021-12-16T12:41:00.000Z;Wörnitzstein;RB;RB 89;89;57221;8006533;8006533%2021-12-16T12:41:00.000Z%,8000078,;426
2021-12-16T13:09:00.000Z;Wörnitzstein;RB;RB 89;89;57218;8006533;8006533%2021-12-16T13:09:00.000Z%,8001628,8002593,8002994,8004071,8000280,8004796,8005908,8001090,8000655,8003569,8006376,8000380,8006217,8000002,;426
2021-12-16T13:40:00.000Z;Wörnitzstein;RB;RB 89;89;57223;8006533;8006533%2021-12-16T13:40:00.000Z%,8000078,;426
2021-12-16T14:09:00.000Z;Wörnitzstein;RB;RB 89;89;57220;8006533;8006533%2021-12-16T14:09:00.000Z%,8001628,8002593,8002994,8004071,8000280,8004796,8005908,8001090,8000655,8003569,8006376,8000380,8006217,8000002,;426
2021-12-16T14:40:00.000Z;Wörnitzstein;RB;RB 89;89;57225;8006533;8006533%2021-12-16T14:40:00.000Z%,8000078,;426
2021-12-16T15:16:00.000Z;Wörnitzstein;RB;RB 89;89;57222;8006533;8006533%2021-12-16T15:16:00.000Z%,8001628,8002593,8002994,8004071,8000280,8004796,8005908,8001090,8000655,8003569,8006376,8000380,8006217,8000002,;426
2021-12-16T15:30:00.000Z;Wörnitzstein;RB;RB 87;87;57282;8006533;8006533%2021-12-16T15:30:00.000Z%,8001628,8002593,8002994,8004071,8000280,;426
2021-12-16T15:47:00.000Z;Wörnitzstein;RB;RB 89;89;57227;8006533;8006533%2021-12-16T15:47:00.000Z%,8000078,;426
2021-12-16T16:16:00.000Z;Wörnitzstein;RB;RB 89;89;57224;8006533;8006533%2021-12-16T16:16:00.000Z%,8001628,8002593,8002994,8004071,8000280,8004796,8005908,8001090,8000655,8003569,8006376,8000380,8006217,8000002,;426
2021-12-16T16:30:00.000Z;Wörnitzstein;RB;RB 87;87;57283;8006533;8006533%2021-12-16T16:30:00.000Z%,8000078,8000778,8003989,8004451,8006363,8003952,8002761,8003560,8002162,8002256,8000662,8000013,;426
2021-12-16T16:47:00.000Z;Wörnitzstein;RB;RB 89;89;57229;8006533;8006533%2021-12-16T16:47:00.000Z%,8000078,;426
2021-12-16T16:47:00.000Z;Wörnitzstein;RB;RB 87;87;57286;8006533;8006533%2021-12-16T16:47:00.000Z%,8001628,8002593,8002994,8004071,8000280,;426
2021-12-16T17:16:00.000Z;Wörnitzstein;RB;RB 89;89;57228;8006533;8006533%2021-12-16T17:16:00.000Z%,8001628,8002593,8002994,8004071,8000280,8004796,8005908,8001090,8000655,8003569,8006376,8000380,8006217,8000002,;426
2021-12-16T17:47:00.000Z;Wörnitzstein;RB;RB 87;87;57152;8006533;8006533%2021-12-16T17:47:00.000Z%,8001628,8002593,8002994,8004071,8000280,;426
2021-12-16T17:50:00.000Z;Wörnitzstein;RB;RB 89;89;57231;8006533;8006533%2021-12-16T17:50:00.000Z%,8000078,;426
2021-12-16T18:10:00.000Z;Wörnitzstein;RB;RB 89;89;57232;8006533;8006533%2021-12-16T18:10:00.000Z%,8001628,8002593,8002994,8004071,8000280,8004796,8005908,8001090,8000655,8003569,8006376,8000380,8006217,8000002,;426
2021-12-16T18:41:00.000Z;Wörnitzstein;RB;RB 89;89;57233;8006533;8006533%2021-12-16T18:41:00.000Z%,8000078,;426
2021-12-16T19:10:00.000Z;Wörnitzstein;RB;RB 87;87;57234;8006533;8006533%2021-12-16T19:10:00.000Z%,8001628,8002593,8002994,8004071,8000280,;426
2021-12-16T19:41:00.000Z;Wörnitzstein;RB;RB 89;89;57235;8006533;8006533%2021-12-16T19:41:00.000Z%,8000078,;426
2021-12-16T20:11:00.000Z;Wörnitzstein;RB;RB 89;89;57236;8006533;8006533%2021-12-16T20:11:00.000Z%,8001628,8002593,8002994,8004071,8000280,8004796,8005908,8001090,8000655,8003569,8006376,8000380,8002930,8006217,8000002,;426
2021-12-15T21:11:00.000Z;Wörsdorf;RB;RB 22;22;15288;8006535;8006535%2021-12-15T21:11:00.000Z%0,8001322,8004409,8004518,8004364,8003696,8001883,8000229,;426
2021-12-15T21:48:00.000Z;Wörsdorf;RB;RB 22;22;15285;8006535;8006535%2021-12-15T21:48:00.000Z%,8003041,8004400,8002935,8000106,8000105,;426
2021-12-15T22:11:00.000Z;Wörsdorf;RB;RB 22;22;15290;8006535;8006535%2021-12-15T22:11:00.000Z%,8001322,8004409,8004518,8004364,8003696,8001883,8000229,;426
2021-12-16T00:11:00.000Z;Wörsdorf;RB;RB 22;22;15294;8006535;8006535%2021-12-16T00:11:00.000Z%,8001322,8004409,8004518,8004364,8003696,8001883,8000229,;426
2021-12-16T03:48:00.000Z;Wörsdorf;RB;RB 22;22;15241;8006535;8006535%2021-12-16T03:48:00.000Z%,8003041,8004400,8002935,8000106,8000105,;426
2021-12-16T04:18:00.000Z;Wörsdorf;RB;RB 22;22;15243;8006535;8006535%2021-12-16T04:18:00.000Z%,8003041,8004400,8002935,8000106,8000105,;426
2021-12-16T04:48:00.000Z;Wörsdorf;RB;RB 22;22;15245;8006535;8006535%2021-12-16T04:48:00.000Z%,8003041,8004400,8002935,8000106,8000105,;426
2021-12-16T05:02:00.000Z;Wörsdorf;RB;RB 22;22;15247;8006535;8006535%2021-12-16T05:02:00.000Z%,8003041,8004400,8002935,8000106,8000105,;426
2021-12-16T05:32:00.000Z;Wörsdorf;RB;RB 22;22;15249;8006535;8006535%2021-12-16T05:32:00.000Z%,8003041,8004400,8002935,8000106,8000105,;426
2021-12-16T05:41:00.000Z;Wörsdorf;RB;RB 22;22;15240;8006535;8006535%2021-12-16T05:41:00.000Z%,8001322,8004409,8004518,8004364,8003696,8001883,8000229,;426
2021-12-16T05:56:00.000Z;Wörsdorf;RB;RB 22;22;15242;8006535;8006535%2021-12-16T05:56:00.000Z%,8001322,8004409,8004518,8004364,8003696,8001883,8000229,;426
2021-12-16T06:02:00.000Z;Wörsdorf;RB;RB 22;22;15253;8006535;8006535%2021-12-16T06:02:00.000Z%,8003041,8004400,8002935,8000106,8000105,;426
2021-12-16T06:26:00.000Z;Wörsdorf;RB;RB 22;22;15246;8006535;8006535%2021-12-16T06:26:00.000Z%,8001322,8004409,8004518,8004364,8003696,8001883,8000229,;426
2021-12-16T06:48:00.000Z;Wörsdorf;RB;RB 22;22;15255;8006535;8006535%2021-12-16T06:48:00.000Z%,8003041,8004400,8002935,8000106,8000105,;426
2021-12-16T07:11:00.000Z;Wörsdorf;RB;RB 22;22;15248;8006535;8006535%2021-12-16T07:11:00.000Z%,8001322,8004409,8004518,8004364,8003696,8001883,8000229,;426
2021-12-16T07:48:00.000Z;Wörsdorf;RB;RB 22;22;15257;8006535;8006535%2021-12-16T07:48:00.000Z%,8003041,8004400,8002935,8000106,8000105,;426
2021-12-16T08:11:00.000Z;Wörsdorf;RB;RB 22;22;15250;8006535;8006535%2021-12-16T08:11:00.000Z%,8001322,8004409,8004518,8004364,8003696,8001883,8000229,;426
2021-12-16T08:48:00.000Z;Wörsdorf;RB;RB 22;22;15259;8006535;8006535%2021-12-16T08:48:00.000Z%,8003041,8004400,8002935,8000106,8000105,;426
2021-12-16T09:11:00.000Z;Wörsdorf;RB;RB 22;22;15252;8006535;8006535%2021-12-16T09:11:00.000Z%,8001322,8004409,8004518,8004364,8003696,8001883,8000229,;426
2021-12-16T09:48:00.000Z;Wörsdorf;RB;RB 22;22;15261;8006535;8006535%2021-12-16T09:48:00.000Z%,8003041,8004400,8002935,8000106,8000105,;426
2021-12-16T10:11:00.000Z;Wörsdorf;RB;RB 22;22;15254;8006535;8006535%2021-12-16T10:11:00.000Z%,8001322,8004409,8004518,8004364,8003696,8001883,8000229,;426
2021-12-16T10:48:00.000Z;Wörsdorf;RB;RB 22;22;15263;8006535;8006535%2021-12-16T10:48:00.000Z%,8003041,8004400,8002935,8000106,8000105,;426
2021-12-16T11:11:00.000Z;Wörsdorf;RB;RB 22;22;15256;8006535;8006535%2021-12-16T11:11:00.000Z%,8001322,8004409,8004518,8004364,8003696,8001883,8000229,;426
2021-12-16T11:48:00.000Z;Wörsdorf;RB;RB 22;22;15265;8006535;8006535%2021-12-16T11:48:00.000Z%,8003041,8004400,8002935,8000106,8000105,;426
2021-12-16T12:11:00.000Z;Wörsdorf;RB;RB 22;22;15258;8006535;8006535%2021-12-16T12:11:00.000Z%,8001322,8004409,8004518,8004364,8003696,8001883,8000229,;426
2021-12-16T12:48:00.000Z;Wörsdorf;RB;RB 22;22;15267;8006535;8006535%2021-12-16T12:48:00.000Z%,8003041,8004400,8002935,8000106,8000105,;426
2021-12-16T13:11:00.000Z;Wörsdorf;RB;RB 22;22;15260;8006535;8006535%2021-12-16T13:11:00.000Z%,8001322,8004409,8004518,8004364,8003696,8001883,8000229,;426
2021-12-16T13:48:00.000Z;Wörsdorf;RB;RB 22;22;15269;8006535;8006535%2021-12-16T13:48:00.000Z%,8003041,8004400,8002935,8000106,8000105,;426
2021-12-16T14:11:00.000Z;Wörsdorf;RB;RB 22;22;15262;8006535;8006535%2021-12-16T14:11:00.000Z%,8001322,8004409,8004518,8004364,8003696,8001883,8000229,;426
2021-12-16T14:48:00.000Z;Wörsdorf;RB;RB 22;22;15271;8006535;8006535%2021-12-16T14:48:00.000Z%,8003041,8004400,8002935,8000106,8000105,;426
2021-12-16T14:56:00.000Z;Wörsdorf;RB;RB 22;22;15264;8006535;8006535%2021-12-16T14:56:00.000Z%,8001322,8004409,8004518,8004364,8003696,8001883,8000229,;426
2021-12-16T15:26:00.000Z;Wörsdorf;RB;RB 22;22;15268;8006535;8006535%2021-12-16T15:26:00.000Z%,8001322,8004409,8004518,8004364,8003696,8001883,8000229,;426
2021-12-16T15:48:00.000Z;Wörsdorf;RB;RB 22;22;15273;8006535;8006535%2021-12-16T15:48:00.000Z%,8003041,8004400,8002935,8000106,8000105,;426
2021-12-16T15:56:00.000Z;Wörsdorf;RB;RB 22;22;15270;8006535;8006535%2021-12-16T15:56:00.000Z%,8001322,8004409,8004518,8004364,8003696,8001883,8000229,;426
2021-12-16T16:26:00.000Z;Wörsdorf;RB;RB 22;22;15274;8006535;8006535%2021-12-16T16:26:00.000Z%,8001322,8004409,8004518,8004364,8003696,8001883,8000229,;426
2021-12-16T16:48:00.000Z;Wörsdorf;RB;RB 22;22;15275;8006535;8006535%2021-12-16T16:48:00.000Z%,8003041,8004400,8002935,8000106,8000105,;426
2021-12-16T16:56:00.000Z;Wörsdorf;RB;RB 22;22;15276;8006535;8006535%2021-12-16T16:56:00.000Z%,8001322,8004409,8004518,8004364,8003696,8001883,8000229,;426
2021-12-16T17:26:00.000Z;Wörsdorf;RB;RB 22;22;15280;8006535;8006535%2021-12-16T17:26:00.000Z%,8001322,8004409,8004518,8004364,8003696,8001883,8000229,;426
2021-12-16T17:48:00.000Z;Wörsdorf;RB;RB 22;22;15277;8006535;8006535%2021-12-16T17:48:00.000Z%,8003041,8004400,8002935,8000106,8000105,;426
2021-12-16T18:11:00.000Z;Wörsdorf;RB;RB 22;22;15282;8006535;8006535%2021-12-16T18:11:00.000Z%,8001322,8004409,8004518,8004364,8003696,8001883,8000229,;426
2021-12-16T18:48:00.000Z;Wörsdorf;RB;RB 22;22;15279;8006535;8006535%2021-12-16T18:48:00.000Z%,8003041,8004400,8002935,8000106,8000105,;426
2021-12-16T19:11:00.000Z;Wörsdorf;RB;RB 22;22;15284;8006535;8006535%2021-12-16T19:11:00.000Z%,8001322,8004409,8004518,8004364,8003696,8001883,8000229,;426
2021-12-16T19:48:00.000Z;Wörsdorf;RB;RB 22;22;15281;8006535;8006535%2021-12-16T19:48:00.000Z%,8003041,8004400,8002935,8000106,8000105,;426
2021-12-16T20:11:00.000Z;Wörsdorf;RB;RB 22;22;15286;8006535;8006535%2021-12-16T20:11:00.000Z%,8001322,8004409,8004518,8004364,8003696,8001883,8000229,;426
2021-12-15T20:27:00.000Z;Wörth(Isar);RE;RE 3;3;4088;8006537;8006537%2021-12-15T20:32:00.000Z%5,8001466,8003506,8006181,8000301,8004700,8006086,8000298,;602
2021-12-15T20:31:00.000Z;Wörth(Isar);RE;RE 3;3;4087;8006537;8006537%2021-12-15T20:32:00.000Z%1,8000217,8004084,8002078,8000261,;602
2021-12-15T21:27:00.000Z;Wörth(Isar);RE;RE 3;3;4090;8006537;8006537%2021-12-15T21:32:00.000Z%5,8001466,8003506,8006181,8000301,8004700,8006086,8000298,;602
2021-12-15T21:31:00.000Z;Wörth(Isar);RE;RE 3;3;4089;8006537;8006537%2021-12-15T21:33:00.000Z%2,8000217,8004084,8002078,8000261,;602
2021-12-15T23:25:00.000Z;Wörth(Isar);RE;RE 3;3;4092;8006537;8006537%2021-12-15T23:25:00.000Z%,8001466,8003506,8006181,8000301,8004700,8006086,8000298,;602
2021-12-15T23:26:00.000Z;Wörth(Isar);RE;RE 3;3;4091;8006537;8006537%2021-12-15T23:26:00.000Z%,8000217,;602
2021-12-16T04:50:00.000Z;Wörth(Isar);RE;RE 3;3;4051;8006537;8006537%2021-12-16T04:50:00.000Z%,8000217,8004084,8002078,8000261,;602
2021-12-16T05:01:00.000Z;Wörth(Isar);RE;RE 3;3;4052;8006537;8006537%2021-12-16T05:01:00.000Z%,8001466,8003506,8006181,8000301,8004700,8006086,8000298,;602
2021-12-16T05:27:00.000Z;Wörth(Isar);RE;RE 3;3;4054;8006537;8006537%2021-12-16T05:27:00.000Z%,8001466,8003506,8006181,8000301,8004700,8006086,8000298,;602
2021-12-16T05:31:00.000Z;Wörth(Isar);RE;RE 3;3;4053;8006537;8006537%2021-12-16T05:31:00.000Z%,8000217,8004084,8002078,8000261,;602
2021-12-16T06:03:00.000Z;Wörth(Isar);RE;RE 3;3;4056;8006537;8006537%2021-12-16T06:03:00.000Z%,8001466,8003506,8006181,8000301,8004700,8006086,8000298,;602
2021-12-16T06:15:00.000Z;Wörth(Isar);RE;RE 3;3;4055;8006537;8006537%2021-12-16T06:15:00.000Z%,8000217,8002078,8000261,;602
2021-12-16T06:51:00.000Z;Wörth(Isar);RE;RE 3;3;4059;8006537;8006537%2021-12-16T06:51:00.000Z%,8000217,8004084,8002078,8000261,;602
2021-12-16T07:27:00.000Z;Wörth(Isar);RE;RE 3;3;4060;8006537;8006537%2021-12-16T07:27:00.000Z%,8001466,8003506,8006181,8000301,8004700,8006086,8000298,;602
2021-12-16T07:31:00.000Z;Wörth(Isar);RE;RE 3;3;4061;8006537;8006537%2021-12-16T07:31:00.000Z%,8000217,8004084,8002078,8000261,;602
2021-12-16T08:27:00.000Z;Wörth(Isar);RE;RE 3;3;4062;8006537;8006537%2021-12-16T08:27:00.000Z%,8001466,8003506,8006181,8000301,8004700,8006086,8000298,;602
2021-12-16T08:31:00.000Z;Wörth(Isar);RE;RE 3;3;4063;8006537;8006537%2021-12-16T08:31:00.000Z%,8000217,8004084,8002078,8000261,;602
2021-12-16T09:27:00.000Z;Wörth(Isar);RE;RE 3;3;4064;8006537;8006537%2021-12-16T09:27:00.000Z%,8001466,8003506,8006181,8000301,8004700,8006086,8000298,;602
2021-12-16T09:31:00.000Z;Wörth(Isar);RE;RE 3;3;4065;8006537;8006537%2021-12-16T09:31:00.000Z%,8000217,8004084,8002078,8000261,;602
2021-12-16T10:27:00.000Z;Wörth(Isar);RE;RE 3;3;4066;8006537;8006537%2021-12-16T10:27:00.000Z%,8001466,8003506,8006181,8000301,8004700,8006086,8000298,;602
2021-12-16T10:31:00.000Z;Wörth(Isar);RE;RE 3;3;4067;8006537;8006537%2021-12-16T10:31:00.000Z%,8000217,8004084,8002078,8000261,;602
2021-12-16T11:27:00.000Z;Wörth(Isar);RE;RE 3;3;4068;8006537;8006537%2021-12-16T11:27:00.000Z%,8001466,8003506,8006181,8000301,8004700,8006086,8000298,;602
2021-12-16T11:31:00.000Z;Wörth(Isar);RE;RE 3;3;4069;8006537;8006537%2021-12-16T11:31:00.000Z%,8000217,8004084,8002078,8000261,;602
2021-12-16T12:27:00.000Z;Wörth(Isar);RE;RE 3;3;4070;8006537;8006537%2021-12-16T12:27:00.000Z%,8001466,8003506,8006181,8000301,8004700,8006086,8000298,;602
2021-12-16T12:31:00.000Z;Wörth(Isar);RE;RE 3;3;4071;8006537;8006537%2021-12-16T12:31:00.000Z%,8000217,8004084,8002078,8000261,;602
2021-12-16T13:27:00.000Z;Wörth(Isar);RE;RE 3;3;4072;8006537;8006537%2021-12-16T13:27:00.000Z%,8001466,8003506,8006181,8000301,8004700,8006086,8000298,;602
2021-12-16T13:31:00.000Z;Wörth(Isar);RE;RE 3;3;4073;8006537;8006537%2021-12-16T13:31:00.000Z%,8000217,8004084,8002078,8000261,;602
2021-12-16T14:27:00.000Z;Wörth(Isar);RE;RE 3;3;4074;8006537;8006537%2021-12-16T14:27:00.000Z%,8001466,8003506,8006181,8000301,8004700,8006086,8000298,;602
2021-12-16T14:31:00.000Z;Wörth(Isar);RE;RE 3;3;4075;8006537;8006537%2021-12-16T14:31:00.000Z%,8000217,8004084,8002078,8000261,;602
2021-12-16T15:27:00.000Z;Wörth(Isar);RE;RE 3;3;4076;8006537;8006537%2021-12-16T15:27:00.000Z%,8001466,8003506,8006181,8000301,8004700,8006086,8000298,;602
2021-12-16T15:31:00.000Z;Wörth(Isar);RE;RE 3;3;4077;8006537;8006537%2021-12-16T15:31:00.000Z%,8000217,8004084,8002078,8000261,;602
2021-12-16T16:27:00.000Z;Wörth(Isar);RE;RE 3;3;4078;8006537;8006537%2021-12-16T16:27:00.000Z%,8001466,8003506,8006181,8000301,8004700,8006086,8000298,;602
2021-12-16T16:31:00.000Z;Wörth(Isar);RE;RE 3;3;4079;8006537;8006537%2021-12-16T16:31:00.000Z%,8000217,8004084,8002078,8000261,;602
2021-12-16T16:56:00.000Z;Wörth(Isar);RB;RB 33;33;59262;8006537;8006537%2021-12-16T16:56:00.000Z%,8001466,8003506,8006181,8000301,;426
2021-12-16T17:27:00.000Z;Wörth(Isar);RE;RE 3;3;4082;8006537;8006537%2021-12-16T17:27:00.000Z%,8001466,8003506,8006181,8000301,8004700,8006086,8000298,;602
2021-12-16T17:31:00.000Z;Wörth(Isar);RE;RE 3;3;4081;8006537;8006537%2021-12-16T17:31:00.000Z%,8000217,8004084,8002078,8000261,;602
2021-12-16T18:27:00.000Z;Wörth(Isar);RE;RE 3;3;4084;8006537;8006537%2021-12-16T18:27:00.000Z%,8001466,8003506,8006181,8000301,8004700,8006086,8000298,;602
2021-12-16T18:31:00.000Z;Wörth(Isar);RE;RE 3;3;4083;8006537;8006537%2021-12-16T18:31:00.000Z%,8000217,8004084,8002078,8000261,;602
2021-12-16T19:27:00.000Z;Wörth(Isar);RE;RE 3;3;4086;8006537;8006537%2021-12-16T19:27:00.000Z%,8001466,8003506,8006181,8000301,8004700,8006086,8000298,;602
2021-12-16T19:31:00.000Z;Wörth(Isar);RE;RE 3;3;4085;8006537;8006537%2021-12-16T19:31:00.000Z%,8000217,8004084,8002078,8000261,;602
2021-12-15T20:49:00.000Z;Wolfgang(Kr Hanau);RB;RB 51;51;15533;8006548;8006548%2021-12-15T20:50:00.000Z%1,8000150,8000349,8002041,8000105,;426
2021-12-15T21:07:00.000Z;Wolfgang(Kr Hanau);RB;RB 51;51;15534;8006548;8006548%2021-12-15T21:07:00.000Z%0,8004402,8003550,8004395,8002526,8000117,8002532,8006499,8006132,;426
2021-12-15T21:48:00.000Z;Wolfgang(Kr Hanau);RB;RB 51;51;15535;8006548;8006548%2021-12-15T21:48:00.000Z%,8000150,8000349,8002041,8000105,;426
2021-12-15T22:07:00.000Z;Wolfgang(Kr Hanau);RB;RB 51;51;15536;8006548;8006548%2021-12-15T22:07:00.000Z%,8004402,8003550,8004395,8002526,8000117,8002532,8006499,8006132,;426
2021-12-15T23:07:00.000Z;Wolfgang(Kr Hanau);RB;RB 51;51;15538;8006548;8006548%2021-12-15T23:07:00.000Z%,8004402,8003550,8004395,8002526,8000117,8002532,8006499,8006132,8005261,;426
2021-12-16T00:07:00.000Z;Wolfgang(Kr Hanau);RB;RB 51;51;15540;8006548;8006548%2021-12-16T00:07:00.000Z%,8004402,8003550,8004395,8002526,8000117,8002532,8006499,8006132,;426
2021-12-16T03:49:00.000Z;Wolfgang(Kr Hanau);RB;RB 51;51;15501;8006548;8006548%2021-12-16T03:49:00.000Z%,8000150,8000349,8002041,8000105,;426
2021-12-16T04:04:00.000Z;Wolfgang(Kr Hanau);RB;RB 51;51;15500;8006548;8006548%2021-12-16T04:04:00.000Z%,8004402,8003550,8004395,8002526,8000117,8002532,8006499,8006132,;426
2021-12-16T04:51:00.000Z;Wolfgang(Kr Hanau);RB;RB 51;51;15537;8006548;8006548%2021-12-16T04:51:00.000Z%,8000150,8000349,8002041,8000105,;426
2021-12-16T05:04:00.000Z;Wolfgang(Kr Hanau);RB;RB 51;51;15539;8006548;8006548%2021-12-16T05:04:00.000Z%,8000150,8000349,8002041,8000105,;426
2021-12-16T05:05:00.000Z;Wolfgang(Kr Hanau);RB;RB 51;51;15542;8006548;8006548%2021-12-16T05:05:00.000Z%,8004402,8003550,8004395,8002526,8000117,8002532,8006499,8006132,8005261,8005690,8000891,8002010,8004295,8000115,;426
2021-12-16T05:43:00.000Z;Wolfgang(Kr Hanau);RB;RB 51;51;15503;8006548;8006548%2021-12-16T05:43:00.000Z%,8000150,8000349,8002041,8000105,;426
2021-12-16T06:07:00.000Z;Wolfgang(Kr Hanau);RB;RB 51;51;15504;8006548;8006548%2021-12-16T06:07:00.000Z%,8004402,8003550,8004395,8002526,8000117,8002532,8006499,8006132,;426
2021-12-16T06:28:00.000Z;Wolfgang(Kr Hanau);RB;RB 51;51;15541;8006548;8006548%2021-12-16T06:28:00.000Z%,8000150,8002041,8000105,;426
2021-12-16T06:49:00.000Z;Wolfgang(Kr Hanau);RB;RB 51;51;15543;8006548;8006548%2021-12-16T06:49:00.000Z%,8000150,8000349,8002041,8000105,;426
2021-12-16T07:07:00.000Z;Wolfgang(Kr Hanau);RB;RB 51;51;15506;8006548;8006548%2021-12-16T07:07:00.000Z%,8004402,8003550,8004395,8002526,8000117,8002532,8006499,8006132,;426
2021-12-16T07:48:00.000Z;Wolfgang(Kr Hanau);RB;RB 51;51;15507;8006548;8006548%2021-12-16T07:48:00.000Z%,8000150,8000349,8002041,8000105,;426
2021-12-16T08:07:00.000Z;Wolfgang(Kr Hanau);RB;RB 51;51;15508;8006548;8006548%2021-12-16T08:07:00.000Z%,8004402,8003550,8004395,8002526,8000117,8002532,8006499,8006132,;426
2021-12-16T08:48:00.000Z;Wolfgang(Kr Hanau);RB;RB 51;51;15509;8006548;8006548%2021-12-16T08:48:00.000Z%,8000150,8000349,8002041,8000105,;426
2021-12-16T09:07:00.000Z;Wolfgang(Kr Hanau);RB;RB 51;51;15510;8006548;8006548%2021-12-16T09:07:00.000Z%,8004402,8003550,8004395,8002526,8000117,8002532,8006499,8006132,;426
2021-12-16T09:48:00.000Z;Wolfgang(Kr Hanau);RB;RB 51;51;15511;8006548;8006548%2021-12-16T09:48:00.000Z%,8000150,8000349,8002041,8000105,;426
2021-12-16T10:07:00.000Z;Wolfgang(Kr Hanau);RB;RB 51;51;15512;8006548;8006548%2021-12-16T10:07:00.000Z%,8004402,8003550,8004395,8002526,8000117,8002532,8006499,8006132,;426
2021-12-16T10:49:00.000Z;Wolfgang(Kr Hanau);RB;RB 51;51;15513;8006548;8006548%2021-12-16T10:49:00.000Z%,8000150,8000349,8002041,8000105,;426
2021-12-16T11:07:00.000Z;Wolfgang(Kr Hanau);RB;RB 51;51;15514;8006548;8006548%2021-12-16T11:07:00.000Z%,8004402,8003550,8004395,8002526,8000117,8002532,8006499,8006132,;426
2021-12-16T11:48:00.000Z;Wolfgang(Kr Hanau);RB;RB 51;51;15515;8006548;8006548%2021-12-16T11:48:00.000Z%,8000150,8000349,8002041,8000105,;426
2021-12-16T12:07:00.000Z;Wolfgang(Kr Hanau);RB;RB 51;51;15516;8006548;8006548%2021-12-16T12:07:00.000Z%,8004402,8003550,8004395,8002526,8000117,8002532,8006499,8006132,;426
2021-12-16T12:49:00.000Z;Wolfgang(Kr Hanau);RB;RB 51;51;15517;8006548;8006548%2021-12-16T12:49:00.000Z%,8000150,8000349,8002041,8000105,;426
2021-12-16T13:07:00.000Z;Wolfgang(Kr Hanau);RB;RB 51;51;15518;8006548;8006548%2021-12-16T13:07:00.000Z%,8004402,8003550,8004395,8002526,8000117,8002532,8006499,8006132,;426
2021-12-16T13:48:00.000Z;Wolfgang(Kr Hanau);RB;RB 51;51;15519;8006548;8006548%2021-12-16T13:48:00.000Z%,8000150,8000349,8002041,8000105,;426
2021-12-16T14:07:00.000Z;Wolfgang(Kr Hanau);RB;RB 51;51;15520;8006548;8006548%2021-12-16T14:07:00.000Z%,8004402,8003550,8004395,8002526,8000117,8002532,8006499,8006132,;426
2021-12-16T14:49:00.000Z;Wolfgang(Kr Hanau);RB;RB 51;51;15521;8006548;8006548%2021-12-16T14:49:00.000Z%,8000150,8000349,8002041,8000105,;426
2021-12-16T15:07:00.000Z;Wolfgang(Kr Hanau);RB;RB 51;51;15550;8006548;8006548%2021-12-16T15:07:00.000Z%,8004402,8003550,8004395,8002526,8000117,8002532,8006499,8006132,;426
2021-12-16T15:25:00.000Z;Wolfgang(Kr Hanau);RB;RB 51;51;15552;8006548;8006548%2021-12-16T15:25:00.000Z%,8004402,8003550,8004395,8002526,8000117,8002532,8006499,8006132,8005261,;426
2021-12-16T15:48:00.000Z;Wolfgang(Kr Hanau);RB;RB 51;51;15523;8006548;8006548%2021-12-16T15:48:00.000Z%,8000150,8000349,8002041,8000105,;426
2021-12-16T16:07:00.000Z;Wolfgang(Kr Hanau);RB;RB 51;51;15524;8006548;8006548%2021-12-16T16:07:00.000Z%,8004402,8003550,8004395,8002526,8000117,8002532,8006499,8006132,;426
2021-12-16T16:27:00.000Z;Wolfgang(Kr Hanau);RB;RB 51;51;15556;8006548;8006548%2021-12-16T16:27:00.000Z%,8004402,8003550,8004395,8002526,8000117,8002532,8006499,8006132,8005261,;426
2021-12-16T16:49:00.000Z;Wolfgang(Kr Hanau);RB;RB 51;51;15525;8006548;8006548%2021-12-16T16:49:00.000Z%,8000150,8000349,8002041,8000105,;426
2021-12-16T17:06:00.000Z;Wolfgang(Kr Hanau);RB;RB 51;51;15526;8006548;8006548%2021-12-16T17:06:00.000Z%,8004402,8003550,8004395,8002526,8000117,8002532,8006499,8006132,;426
2021-12-16T17:26:00.000Z;Wolfgang(Kr Hanau);RB;RB 51;51;15562;8006548;8006548%2021-12-16T17:26:00.000Z%,8004402,8003550,8004395,8002526,8000117,8002532,8006499,8006132,8005261,;426
2021-12-16T17:48:00.000Z;Wolfgang(Kr Hanau);RB;RB 51;51;15527;8006548;8006548%2021-12-16T17:48:00.000Z%,8000150,8000349,8002041,8000105,;426
2021-12-16T18:07:00.000Z;Wolfgang(Kr Hanau);RB;RB 51;51;15528;8006548;8006548%2021-12-16T18:07:00.000Z%,8004402,8003550,8004395,8002526,8000117,8002532,8006499,8006132,;426
2021-12-16T18:49:00.000Z;Wolfgang(Kr Hanau);RB;RB 51;51;15529;8006548;8006548%2021-12-16T18:49:00.000Z%,8000150,8000349,8002041,8000105,;426
2021-12-16T19:07:00.000Z;Wolfgang(Kr Hanau);RB;RB 51;51;15530;8006548;8006548%2021-12-16T19:07:00.000Z%,8004402,8003550,8004395,8002526,8000117,8002532,8006499,8006132,;426
2021-12-16T19:48:00.000Z;Wolfgang(Kr Hanau);RB;RB 51;51;15531;8006548;8006548%2021-12-16T19:48:00.000Z%,8000150,8000349,8002041,8000105,;426
2021-12-16T20:07:00.000Z;Wolfgang(Kr Hanau);RB;RB 51;51;15532;8006548;8006548%2021-12-16T20:07:00.000Z%,8004402,8003550,8004395,8002526,8000117,8002532,8006499,8006132,;426
2021-12-15T20:13:00.000Z;Wolfstein;RB;RB 66;66;12982;8006555;8006555%2021-12-15T20:22:00.000Z%9,8004975,8002724,8003739,8000547,;426
2021-12-16T04:12:00.000Z;Wolfstein;RB;RB 66;66;12951;8006555;8006555%2021-12-16T04:12:00.000Z%,8005172,8003429,8004677,8006019,8002858,8003215,8003504,8003151,8003150,8000189,;426
2021-12-16T05:10:00.000Z;Wolfstein;RB;RB 66;66;12953;8006555;8006555%2021-12-16T05:10:00.000Z%,8005172,8003429,8004677,8006019,8002858,8003215,8003504,8003151,8003150,8000189,;426
2021-12-16T05:40:00.000Z;Wolfstein;RB;RB 66;66;12955;8006555;8006555%2021-12-16T05:40:00.000Z%,8005172,8003429,8004677,8006019,8002858,8003215,8003504,8003151,8003150,8000189,;426
2021-12-16T06:04:00.000Z;Wolfstein;RB;RB 66;66;12952;8006555;8006555%2021-12-16T06:04:00.000Z%,8004975,8002724,8003739,8000547,;426
2021-12-16T06:48:00.000Z;Wolfstein;RB;RB 66;66;12957;8006555;8006555%2021-12-16T06:48:00.000Z%,8005172,8003429,8004677,8006019,8002858,8003215,8003504,8003151,8003150,8000189,;426
2021-12-16T07:12:00.000Z;Wolfstein;RB;RB 66;66;12954;8006555;8006555%2021-12-16T07:12:00.000Z%,8004975,8002724,8003739,8000547,;426
2021-12-16T07:48:00.000Z;Wolfstein;RB;RB 66;66;12959;8006555;8006555%2021-12-16T07:48:00.000Z%,8005172,8003429,8004677,8006019,8002858,8003215,8003504,8003151,8000189,;426
2021-12-16T08:12:00.000Z;Wolfstein;RB;RB 66;66;12956;8006555;8006555%2021-12-16T08:12:00.000Z%,8004975,8002724,8003739,8000547,;426
2021-12-16T08:48:00.000Z;Wolfstein;RB;RB 66;66;12961;8006555;8006555%2021-12-16T08:48:00.000Z%,8005172,8003429,8004677,8006019,8002858,8003215,8003504,8003151,8003150,8000189,;426
2021-12-16T09:12:00.000Z;Wolfstein;RB;RB 66;66;12958;8006555;8006555%2021-12-16T09:12:00.000Z%,8004975,8002724,8003739,8000547,;426
2021-12-16T09:48:00.000Z;Wolfstein;RB;RB 66;66;12963;8006555;8006555%2021-12-16T09:48:00.000Z%,8005172,8003429,8004677,8006019,8002858,8003215,8003504,8003151,8000189,;426
2021-12-16T10:12:00.000Z;Wolfstein;RB;RB 66;66;12960;8006555;8006555%2021-12-16T10:12:00.000Z%,8004975,8002724,8003739,8000547,;426
2021-12-16T10:48:00.000Z;Wolfstein;RB;RB 66;66;12965;8006555;8006555%2021-12-16T10:48:00.000Z%,8005172,8003429,8004677,8006019,8002858,8003215,8003504,8003151,8003150,8000189,;426
2021-12-16T11:12:00.000Z;Wolfstein;RB;RB 66;66;12962;8006555;8006555%2021-12-16T11:12:00.000Z%,8004975,8002724,8003739,8000547,;426
2021-12-16T11:48:00.000Z;Wolfstein;RB;RB 66;66;12967;8006555;8006555%2021-12-16T11:48:00.000Z%,8005172,8003429,8004677,8006019,8002858,8003215,8003504,8003151,8000189,;426
2021-12-16T12:12:00.000Z;Wolfstein;RB;RB 66;66;12964;8006555;8006555%2021-12-16T12:12:00.000Z%,8004975,8002724,8003739,8000547,;426
2021-12-16T12:48:00.000Z;Wolfstein;RB;RB 66;66;12969;8006555;8006555%2021-12-16T12:48:00.000Z%,8005172,8003429,8004677,8006019,8002858,8003215,8003504,8003151,8003150,8000189,;426
2021-12-16T13:12:00.000Z;Wolfstein;RB;RB 66;66;12966;8006555;8006555%2021-12-16T13:12:00.000Z%,8004975,8002724,8003739,8000547,;426
2021-12-16T13:48:00.000Z;Wolfstein;RB;RB 66;66;12971;8006555;8006555%2021-12-16T13:48:00.000Z%,8005172,8003429,8004677,8006019,8002858,8003215,8003504,8003151,8000189,;426
2021-12-16T14:12:00.000Z;Wolfstein;RB;RB 66;66;12968;8006555;8006555%2021-12-16T14:12:00.000Z%,8004975,8002724,8003739,8000547,;426
2021-12-16T14:48:00.000Z;Wolfstein;RB;RB 66;66;12973;8006555;8006555%2021-12-16T14:48:00.000Z%,8005172,8003429,8004677,8006019,8002858,8003215,8003504,8003151,8003150,8000189,;426
2021-12-16T15:12:00.000Z;Wolfstein;RB;RB 66;66;12970;8006555;8006555%2021-12-16T15:12:00.000Z%,8004975,8002724,8003739,8000547,;426
2021-12-16T15:48:00.000Z;Wolfstein;RB;RB 66;66;12975;8006555;8006555%2021-12-16T15:48:00.000Z%,8005172,8003429,8004677,8006019,8002858,8003215,8003504,8003151,8003150,8000189,;426
2021-12-16T16:12:00.000Z;Wolfstein;RB;RB 66;66;12974;8006555;8006555%2021-12-16T16:12:00.000Z%,8004975,8002724,8003739,8000547,;426
2021-12-16T16:48:00.000Z;Wolfstein;RB;RB 66;66;12977;8006555;8006555%2021-12-16T16:48:00.000Z%,8005172,8003429,8004677,8006019,8002858,8003215,8003504,8003151,8000189,;426
2021-12-16T16:49:00.000Z;Wolfstein;RB;RB 66;66;12972;8006555;8006555%2021-12-16T16:49:00.000Z%,8004975,8002724,8003739,8000547,;426
2021-12-16T17:13:00.000Z;Wolfstein;RB;RB 66;66;12976;8006555;8006555%2021-12-16T17:13:00.000Z%,8004975,8002724,8003739,8000547,;426
2021-12-16T17:48:00.000Z;Wolfstein;RB;RB 66;66;12979;8006555;8006555%2021-12-16T17:48:00.000Z%,8005172,8003429,8004677,8006019,8002858,8003215,8003504,8003151,8000189,;426
2021-12-16T18:12:00.000Z;Wolfstein;RB;RB 66;66;12978;8006555;8006555%2021-12-16T18:12:00.000Z%,8004975,8002724,8003739,8000547,;426
2021-12-16T18:48:00.000Z;Wolfstein;RB;RB 66;66;12981;8006555;8006555%2021-12-16T18:48:00.000Z%,8005172,8003429,8004677,8006019,8002858,8003215,8003504,8003151,8003150,8000189,;426
2021-12-16T19:12:00.000Z;Wolfstein;RB;RB 66;66;12980;8006555;8006555%2021-12-16T19:12:00.000Z%,8004975,8002724,8003739,8000547,;426
2021-12-15T20:58:00.000Z;Wrist;RE;RE 70;70;21034;8006572;8006572%2021-12-15T20:59:00.000Z%1,8001190,8000271,8001092,8000199,;602
2021-12-15T20:59:00.000Z;Wrist;RE;RE 70;70;21037;8006572;8006572%2021-12-15T21:01:00.000Z%2,8000092,8002548,8002549,;602
2021-12-15T21:46:00.000Z;Wrist;RE;RE 7;7;21139;8006572;8006572%2021-12-15T21:46:00.000Z%,8000092,8004819,8002548,8002549,;602
2021-12-15T22:01:00.000Z;Wrist;RE;RE 70;70;21036;8006572;8006572%2021-12-15T22:01:00.000Z%,8001190,8000271,8001092,8000199,;602
2021-12-15T22:46:00.000Z;Wrist;RE;RE 7;7;21141;8006572;8006572%2021-12-15T22:46:00.000Z%,8000092,8004819,8002548,8002549,;602
2021-12-15T23:00:00.000Z;Wrist;RE;RE 70;70;21038;8006572;8006572%2021-12-15T23:00:00.000Z%,8001190,8000271,8001092,8000199,;602
2021-12-15T23:46:00.000Z;Wrist;RE;RE 7;7;21143;8006572;8006572%2021-12-15T23:46:00.000Z%,8000092,8004819,8002548,8002549,;602
2021-12-16T00:22:00.000Z;Wrist;RE;RE 7;7;21040;8006572;8006572%2021-12-16T00:22:00.000Z%,8001190,8000271,8001718,8001092,8002011,8000199,;602
2021-12-16T01:22:00.000Z;Wrist;RE;RE 7;7;21142;8006572;8006572%2021-12-16T01:22:00.000Z%,8000271,8001718,8001092,8002011,8000199,;602
2021-12-16T02:46:00.000Z;Wrist;RE;RE 70;70;21001;8006572;8006572%2021-12-16T02:46:00.000Z%,8000092,8002548,8002549,;602
2021-12-16T03:43:00.000Z;Wrist;RE;RE 7;7;21003;8006572;8006572%2021-12-16T03:43:00.000Z%,8000092,8002548,8002549,;602
2021-12-16T04:15:00.000Z;Wrist;RE;RE 7;7;21100;8006572;8006572%2021-12-16T04:15:00.000Z%,8001190,8000271,8001718,8001092,8002011,8000199,;602
2021-12-16T04:59:00.000Z;Wrist;RE;RE 70;70;21005;8006572;8006572%2021-12-16T04:59:00.000Z%,8000092,8002548,8002549,;602
2021-12-16T05:15:00.000Z;Wrist;RE;RE 7;7;21102;8006572;8006572%2021-12-16T05:15:00.000Z%,8001190,8000271,8001718,8001092,8002011,8000199,;602
2021-12-16T05:58:00.000Z;Wrist;RE;RE 70;70;21004;8006572;8006572%2021-12-16T05:58:00.000Z%,8001190,8000271,8001092,8000199,;602
2021-12-16T05:59:00.000Z;Wrist;RE;RE 70;70;21007;8006572;8006572%2021-12-16T05:59:00.000Z%,8000092,8002548,8002549,;602
2021-12-16T06:58:00.000Z;Wrist;RE;RE 70;70;21006;8006572;8006572%2021-12-16T06:58:00.000Z%,8001190,8000271,8001092,8000199,;602
2021-12-16T06:59:00.000Z;Wrist;RE;RE 70;70;21009;8006572;8006572%2021-12-16T06:59:00.000Z%,8000092,8002548,8002549,;602
2021-12-16T07:58:00.000Z;Wrist;RE;RE 70;70;21008;8006572;8006572%2021-12-16T07:58:00.000Z%,8001190,8000271,8001092,8000199,;602
2021-12-16T07:59:00.000Z;Wrist;RE;RE 70;70;21011;8006572;8006572%2021-12-16T07:59:00.000Z%,8000092,8002548,8002549,;602
2021-12-16T08:58:00.000Z;Wrist;RE;RE 70;70;21010;8006572;8006572%2021-12-16T08:58:00.000Z%,8001190,8000271,8001092,8000199,;602
2021-12-16T08:59:00.000Z;Wrist;RE;RE 70;70;21013;8006572;8006572%2021-12-16T08:59:00.000Z%,8000092,8002548,8002549,;602
2021-12-16T09:58:00.000Z;Wrist;RE;RE 70;70;21012;8006572;8006572%2021-12-16T09:58:00.000Z%,8001190,8000271,8001092,8000199,;602
2021-12-16T09:59:00.000Z;Wrist;RE;RE 70;70;21015;8006572;8006572%2021-12-16T09:59:00.000Z%,8000092,8002548,8002549,;602
2021-12-16T10:58:00.000Z;Wrist;RE;RE 70;70;21014;8006572;8006572%2021-12-16T10:58:00.000Z%,8001190,8000271,8001092,8000199,;602
2021-12-16T10:59:00.000Z;Wrist;RE;RE 70;70;21017;8006572;8006572%2021-12-16T10:59:00.000Z%,8000092,8002548,8002549,;602
2021-12-16T11:58:00.000Z;Wrist;RE;RE 70;70;21016;8006572;8006572%2021-12-16T11:58:00.000Z%,8001190,8000271,8001092,8000199,;602
2021-12-16T11:59:00.000Z;Wrist;RE;RE 70;70;21019;8006572;8006572%2021-12-16T11:59:00.000Z%,8000092,8002548,8002549,;602
2021-12-16T12:58:00.000Z;Wrist;RE;RE 70;70;21018;8006572;8006572%2021-12-16T12:58:00.000Z%,8001190,8000271,8001092,8000199,;602
2021-12-16T12:59:00.000Z;Wrist;RE;RE 70;70;21021;8006572;8006572%2021-12-16T12:59:00.000Z%,8000092,8002548,8002549,;602
2021-12-16T13:58:00.000Z;Wrist;RE;RE 70;70;21020;8006572;8006572%2021-12-16T13:58:00.000Z%,8001190,8000271,8001092,8000199,;602
2021-12-16T13:59:00.000Z;Wrist;RE;RE 70;70;21023;8006572;8006572%2021-12-16T13:59:00.000Z%,8000092,8002548,8002549,;602
2021-12-16T14:58:00.000Z;Wrist;RE;RE 70;70;21022;8006572;8006572%2021-12-16T14:58:00.000Z%,8001190,8000271,8001092,8000199,;602
2021-12-16T14:59:00.000Z;Wrist;RE;RE 70;70;21025;8006572;8006572%2021-12-16T14:59:00.000Z%,8000092,8002548,8002549,;602
2021-12-16T15:58:00.000Z;Wrist;RE;RE 70;70;21024;8006572;8006572%2021-12-16T15:58:00.000Z%,8001190,8000271,8001092,8000199,;602
2021-12-16T15:59:00.000Z;Wrist;RE;RE 70;70;21027;8006572;8006572%2021-12-16T15:59:00.000Z%,8000092,8002548,8002549,;602
2021-12-16T16:58:00.000Z;Wrist;RE;RE 70;70;21026;8006572;8006572%2021-12-16T16:58:00.000Z%,8001190,8000271,8001092,8000199,;602
2021-12-16T16:59:00.000Z;Wrist;RE;RE 70;70;21029;8006572;8006572%2021-12-16T16:59:00.000Z%,8000092,8002548,8002549,;602
2021-12-16T17:58:00.000Z;Wrist;RE;RE 70;70;21028;8006572;8006572%2021-12-16T17:58:00.000Z%,8001190,8000271,8001092,8000199,;602
2021-12-16T17:59:00.000Z;Wrist;RE;RE 70;70;21031;8006572;8006572%2021-12-16T17:59:00.000Z%,8000092,8002548,8002549,;602
2021-12-16T18:58:00.000Z;Wrist;RE;RE 70;70;21030;8006572;8006572%2021-12-16T18:58:00.000Z%,8001190,8000271,8001092,8000199,;602
2021-12-16T18:59:00.000Z;Wrist;RE;RE 70;70;21033;8006572;8006572%2021-12-16T18:59:00.000Z%,8000092,8002548,8002549,;602
2021-12-16T19:58:00.000Z;Wrist;RE;RE 70;70;21032;8006572;8006572%2021-12-16T19:58:00.000Z%,8001190,8000271,8001092,8000199,;602
2021-12-16T19:59:00.000Z;Wrist;RE;RE 70;70;21035;8006572;8006572%2021-12-16T19:59:00.000Z%,8000092,8002548,8002549,;602
2021-12-15T20:29:00.000Z;Würzbach(Saar);RB;RB 68;68;12933;8006581;8006581%2021-12-15T20:33:00.000Z%4,8002625,8000319,8005649,8005241,8000323,;426
2021-12-15T20:29:00.000Z;Würzbach(Saar);RB;RB 68;68;12940;8006581;8006581%2021-12-15T20:33:00.000Z%4,8001027,8000357,8000371,8006680,8006682,8001341,8005673,8001406,8001407,8005094,8002895,8005843,8000876,8004822,;426
2021-12-16T05:08:00.000Z;Würzbach(Saar);RB;RB 68;68;12901;8006581;8006581%2021-12-16T05:08:00.000Z%,8002625,8000319,8005649,8005241,8000323,;426
2021-12-16T05:24:00.000Z;Würzbach(Saar);RB;RB 68;68;12904;8006581;8006581%2021-12-16T05:24:00.000Z%,8001027,8000357,8000371,8006680,8006682,8001341,8005673,8001406,8001407,8005094,8002895,8005843,8000876,8005113,8004166,8002847,8002649,8002648,8006441,8005103,8005257,8000582,8000466,8005551,8002300,8003508,8003507,8000216,;426
2021-12-16T05:56:00.000Z;Würzbach(Saar);RB;RB 68;68;12906;8006581;8006581%2021-12-16T05:56:00.000Z%,8001027,8000357,8000371,8006680,8006682,8001341,8005673,8001406,8001407,8005094,8002895,8005843,8000876,8004822,;426
2021-12-16T05:57:00.000Z;Würzbach(Saar);RB;RB 68;68;12903;8006581;8006581%2021-12-16T05:57:00.000Z%,8002625,8000319,8005649,8005332,8005241,8000323,;426
2021-12-16T06:29:00.000Z;Würzbach(Saar);RB;RB 68;68;12905;8006581;8006581%2021-12-16T06:29:00.000Z%,8002625,8000319,8005649,8005241,8000323,;426
2021-12-16T06:29:00.000Z;Würzbach(Saar);RB;RB 68;68;12908;8006581;8006581%2021-12-16T06:29:00.000Z%,8001027,8000357,8000371,8006680,8006682,8001341,8005673,8001406,8001407,8005094,8002895,8005843,8000876,8004822,;426
2021-12-16T07:29:00.000Z;Würzbach(Saar);RB;RB 68;68;12907;8006581;8006581%2021-12-16T07:29:00.000Z%,8002625,8000319,8005649,8005241,8000323,;426
2021-12-16T07:29:00.000Z;Würzbach(Saar);RB;RB 68;68;12910;8006581;8006581%2021-12-16T07:29:00.000Z%,8001027,8000357,8000371,8006680,8006682,8001341,8005673,8001406,8001407,8005094,8002895,8005843,8000876,8004822,;426
2021-12-16T08:29:00.000Z;Würzbach(Saar);RB;RB 68;68;12909;8006581;8006581%2021-12-16T08:29:00.000Z%,8002625,8000319,8005649,8005241,8000323,;426
2021-12-16T08:29:00.000Z;Würzbach(Saar);RB;RB 68;68;12912;8006581;8006581%2021-12-16T08:29:00.000Z%,8001027,8000357,8000371,8006680,8006682,8001341,8005673,8001406,8001407,8005094,8002895,8005843,8000876,8004822,;426
2021-12-16T09:29:00.000Z;Würzbach(Saar);RB;RB 68;68;12911;8006581;8006581%2021-12-16T09:29:00.000Z%,8002625,8000319,8005649,8005241,8000323,;426
2021-12-16T09:29:00.000Z;Würzbach(Saar);RB;RB 68;68;12914;8006581;8006581%2021-12-16T09:29:00.000Z%,8001027,8000357,8000371,8006680,8006682,8001341,8005673,8001406,8001407,8005094,8002895,8005843,8000876,8004822,;426
2021-12-16T10:29:00.000Z;Würzbach(Saar);RB;RB 68;68;12916;8006581;8006581%2021-12-16T10:29:00.000Z%,8001027,8000357,8000371,8006680,8006682,8001341,8005673,8001406,8001407,8005094,8002895,8005843,8000876,8004822,;426
2021-12-16T10:29:00.000Z;Würzbach(Saar);RB;RB 68;68;12913;8006581;8006581%2021-12-16T10:29:00.000Z%,8002625,8000319,8005649,8005241,8000323,;426
2021-12-16T11:29:00.000Z;Würzbach(Saar);RB;RB 68;68;12918;8006581;8006581%2021-12-16T11:29:00.000Z%,8001027,8000357,8000371,8006680,8006682,8001341,8005673,8001406,8001407,8005094,8002895,8005843,8000876,8004822,;426
2021-12-16T11:29:00.000Z;Würzbach(Saar);RB;RB 68;68;12915;8006581;8006581%2021-12-16T11:29:00.000Z%,8002625,8000319,8005649,8005241,8000323,;426
2021-12-16T11:52:00.000Z;Würzbach(Saar);RB;RB 68;68;12920;8006581;8006581%2021-12-16T11:52:00.000Z%,8001027,8000357,8000371,8006680,8006682,8001341,8005673,8001406,8001407,8005094,8002895,8005843,8000876,;426
2021-12-16T12:29:00.000Z;Würzbach(Saar);RB;RB 68;68;12922;8006581;8006581%2021-12-16T12:29:00.000Z%,8001027,8000357,8000371,8006680,8006682,8001341,8005673,8001406,8001407,8005094,8002895,8005843,8000876,8004822,;426
2021-12-16T12:29:00.000Z;Würzbach(Saar);RB;RB 68;68;12917;8006581;8006581%2021-12-16T12:29:00.000Z%,8002625,8000319,8005649,8005241,8000323,;426
2021-12-16T13:29:00.000Z;Würzbach(Saar);RB;RB 68;68;12924;8006581;8006581%2021-12-16T13:29:00.000Z%,8001027,8000357,8000371,8006680,8006682,8001341,8005673,8001406,8001407,8005094,8002895,8005843,8000876,8004822,;426
2021-12-16T13:29:00.000Z;Würzbach(Saar);RB;RB 68;68;12919;8006581;8006581%2021-12-16T13:29:00.000Z%,8002625,8000319,8005649,8005241,8000323,;426
2021-12-16T14:29:00.000Z;Würzbach(Saar);RB;RB 68;68;12926;8006581;8006581%2021-12-16T14:29:00.000Z%,8001027,8000357,8000371,8006680,8006682,8001341,8005673,8001406,8001407,8005094,8002895,8005843,8000876,8004822,;426
2021-12-16T14:29:00.000Z;Würzbach(Saar);RB;RB 68;68;12921;8006581;8006581%2021-12-16T14:29:00.000Z%,8002625,8000319,8005649,8005306,8000323,;426
2021-12-16T15:29:00.000Z;Würzbach(Saar);RB;RB 68;68;12928;8006581;8006581%2021-12-16T15:29:00.000Z%,8001027,8000357,8000371,8006680,8006682,8001341,8005673,8001406,8001407,8005094,8002895,8005843,8000876,8004822,;426
2021-12-16T15:29:00.000Z;Würzbach(Saar);RB;RB 68;68;12923;8006581;8006581%2021-12-16T15:29:00.000Z%,8002625,8000319,8005649,8005306,8000323,;426
2021-12-16T15:50:00.000Z;Würzbach(Saar);RB;RB 68;68;12930;8006581;8006581%2021-12-16T15:50:00.000Z%,8001027,8000357,8000371,8006680,;426
2021-12-16T16:29:00.000Z;Würzbach(Saar);RB;RB 68;68;12925;8006581;8006581%2021-12-16T16:29:00.000Z%,8002625,8000319,8005649,8005306,8000323,;426
2021-12-16T16:29:00.000Z;Würzbach(Saar);RB;RB 68;68;12932;8006581;8006581%2021-12-16T16:29:00.000Z%,8001027,8000357,8000371,8006680,8006682,8001341,8005673,8001406,8001407,8005094,8002895,8005843,8000876,8004822,;426
2021-12-16T17:29:00.000Z;Würzbach(Saar);RB;RB 68;68;12927;8006581;8006581%2021-12-16T17:29:00.000Z%,8002625,8000319,8005649,8005241,8000323,;426
2021-12-16T17:29:00.000Z;Würzbach(Saar);RB;RB 68;68;12934;8006581;8006581%2021-12-16T17:29:00.000Z%,8001027,8000357,8000371,8006680,8006682,8001341,8005673,8001406,8001407,8005094,8002895,8005843,8000876,8004822,;426
2021-12-16T18:29:00.000Z;Würzbach(Saar);RB;RB 68;68;12929;8006581;8006581%2021-12-16T18:29:00.000Z%,8002625,8000319,8005649,8005241,8000323,;426
2021-12-16T18:29:00.000Z;Würzbach(Saar);RB;RB 68;68;12936;8006581;8006581%2021-12-16T18:29:00.000Z%,8001027,8000357,8000371,8006680,8006682,8001341,8005673,8001406,8001407,8005094,8002895,8005843,8000876,8004822,;426
2021-12-16T19:29:00.000Z;Würzbach(Saar);RB;RB 68;68;12931;8006581;8006581%2021-12-16T19:29:00.000Z%,8002625,8000319,8005649,8005241,8000323,;426
2021-12-16T19:29:00.000Z;Würzbach(Saar);RB;RB 68;68;12938;8006581;8006581%2021-12-16T19:29:00.000Z%,8001027,8000357,8000371,8006680,8006682,8001341,8005673,8001406,8001407,8005094,8002895,8005843,8000876,8004822,;426
2021-12-15T20:39:00.000Z;Würzburg-Zell;RE;RE 54;54;4634;8006586;8006586%2021-12-15T20:40:00.000Z%1,8006065,8005864,8005049,8002845,8003189,8006349,8000120,8003548,8003740,8004756,8006426,8002696,8003582,8002918,8000010,8003314,8005208,8001427,8003143,8002425,8002400,8000150,8002573,8002574,8002877,8000996,8002048,8002039,8002041,8000105,;602
2021-12-15T20:53:00.000Z;Würzburg-Zell;RB;RB 53;53;58077;8006586;8006586%2021-12-15T20:55:00.000Z%2,8000260,;426
2021-12-15T21:40:00.000Z;Würzburg-Zell;RE;RE 54;54;4636;8006586;8006586%2021-12-15T21:40:00.000Z%,8006065,8005864,8005049,8002845,8003189,8006349,8000120,8003548,8003740,8004756,8006426,8002696,8003582,8002918,8000010,8003314,8005208,8001427,8003143,8002425,8002400,8000150,8002573,8002574,8002877,8000996,8002048,8002039,8002041,8000105,;602
2021-12-15T22:26:00.000Z;Würzburg-Zell;RE;RE 54;54;4633;8006586;8006586%2021-12-15T22:27:00.000Z%1,8000260,;602
2021-12-15T22:44:00.000Z;Würzburg-Zell;RE;RE 55;55;4638;8006586;8006586%2021-12-15T22:44:00.000Z%,8006065,8005864,8005049,8002845,8003189,8006349,8000120,8003548,8003740,8004756,8006426,8002696,8003582,8002918,8000010,;602
2021-12-15T23:51:00.000Z;Würzburg-Zell;RE;RE 55;55;58406;8006586;8006586%2021-12-15T23:51:00.000Z%,8006065,8005864,8005049,8002845,8003189,8006349,8000120,;602
2021-12-16T03:23:00.000Z;Würzburg-Zell;RE;RE 55;55;4600;8006586;8006586%2021-12-16T03:23:00.000Z%,8006065,8005864,8005049,8002845,8003189,8006349,8000120,8003548,8003740,8004756,8006426,8002696,8003582,8002918,8000010,8003314,8001427,8003143,8002425,8002400,8000150,8000349,8002041,8000105,;602
2021-12-16T04:19:00.000Z;Würzburg-Zell;RE;RE 55;55;4602;8006586;8006586%2021-12-16T04:19:00.000Z%,8006065,8005864,8005049,8002845,8003189,8006349,8000120,8003548,8003740,8004756,8006426,8002696,8003582,8002918,8000010,8003314,8001427,8003143,8002425,8000150,8000349,8002041,8000105,;602
2021-12-16T04:19:00.000Z;Würzburg-Zell;RB;RB 53;53;58001;8006586;8006586%2021-12-16T04:19:00.000Z%,8000260,;426
2021-12-16T04:37:00.000Z;Würzburg-Zell;RB;RB 79;79;58292;8006586;8006586%2021-12-16T04:37:00.000Z%,8006065,8005864,8005049,8002845,8003189,8006349,8000120,8003548,8003740,8004756,8006426,8002696,8003582,8002918,8000010,;426
2021-12-16T04:38:00.000Z;Würzburg-Zell;RB;RB 53;53;58003;8006586;8006586%2021-12-16T04:38:00.000Z%,8000260,;426
2021-12-16T05:11:00.000Z;Würzburg-Zell;RE;RE 55;55;58405;8006586;8006586%2021-12-16T05:11:00.000Z%,8000260,;602
2021-12-16T05:25:00.000Z;Würzburg-Zell;RB;RB 53;53;58004;8006586;8006586%2021-12-16T05:25:00.000Z%,8006065,8005864,8005049,8002845,8003189,8006349,8000120,8003548,8003740,;426
2021-12-16T05:46:00.000Z;Würzburg-Zell;RB;RB 53;53;58009;8006586;8006586%2021-12-16T05:46:00.000Z%,8000260,;426
2021-12-16T06:05:00.000Z;Würzburg-Zell;RB;RB 53;53;58008;8006586;8006586%2021-12-16T06:05:00.000Z%,8006065,8005864,8005049,8002845,8003189,8006349,8000120,8003548,8003740,;426
2021-12-16T06:32:00.000Z;Würzburg-Zell;RB;RB 53;53;58011;8006586;8006586%2021-12-16T06:32:00.000Z%,8000260,;426
2021-12-16T07:05:00.000Z;Würzburg-Zell;RB;RB 53;53;58012;8006586;8006586%2021-12-16T07:05:00.000Z%,8006065,8005864,8005049,8002845,8003189,8006349,8000120,8005092,8001293,8004040,8004583,8003129,;426
2021-12-16T07:11:00.000Z;Würzburg-Zell;RB;RB 79;79;58291;8006586;8006586%2021-12-16T07:11:00.000Z%,8000260,;426
2021-12-16T07:54:00.000Z;Würzburg-Zell;RB;RB 53;53;58019;8006586;8006586%2021-12-16T07:54:00.000Z%,8000260,8005198,8005523,8000902,8001919,8006147,8000032,8005479,8005481,8005400,8002630,8006635,8001619,8004533,8000025,;426
2021-12-16T08:05:00.000Z;Würzburg-Zell;RB;RB 53;53;58016;8006586;8006586%2021-12-16T08:05:00.000Z%,8006065,8005864,8005049,8002845,8003189,8006349,8000120,8005092,8001293,8004040,8004583,8003129,8005720,8000891,;426
2021-12-16T08:53:00.000Z;Würzburg-Zell;RB;RB 53;53;58025;8006586;8006586%2021-12-16T08:53:00.000Z%,8000260,8005198,8005523,8000902,8001919,8006147,8000032,8005479,8005481,8005400,8002630,8006635,8001619,8004533,8000025,;426
2021-12-16T09:05:00.000Z;Würzburg-Zell;RB;RB 53;53;58020;8006586;8006586%2021-12-16T09:05:00.000Z%,8006065,8005864,8005049,8002845,8003189,8006349,8000120,8005092,8001293,8004040,8004583,8003129,;426
2021-12-16T09:53:00.000Z;Würzburg-Zell;RB;RB 53;53;58027;8006586;8006586%2021-12-16T09:53:00.000Z%,8000260,8005198,8005523,8000902,8001919,8006147,8000032,8005479,8005481,8005400,8002630,8006635,8001619,8004533,8000025,;426
2021-12-16T10:05:00.000Z;Würzburg-Zell;RB;RB 53;53;58024;8006586;8006586%2021-12-16T10:05:00.000Z%,8006065,8005864,8005049,8002845,8003189,8006349,8000120,8005092,8001293,8004040,8004583,8003129,8005720,8000891,;426
2021-12-16T10:52:00.000Z;Würzburg-Zell;RB;RB 53;53;58035;8006586;8006586%2021-12-16T10:52:00.000Z%,8000260,8005198,8005523,8000902,8001919,8006147,8000032,8005479,8005481,8005400,8002630,8006635,8001619,8004533,8000025,;426
2021-12-16T11:05:00.000Z;Würzburg-Zell;RB;RB 53;53;58030;8006586;8006586%2021-12-16T11:05:00.000Z%,8006065,8005864,8005049,8002845,8003189,8006349,8000120,8005092,8001293,8004040,8004583,8003129,;426
2021-12-16T11:53:00.000Z;Würzburg-Zell;RB;RB 53;53;58039;8006586;8006586%2021-12-16T11:53:00.000Z%,8000260,;426
2021-12-16T12:05:00.000Z;Würzburg-Zell;RB;RB 53;53;58032;8006586;8006586%2021-12-16T12:05:00.000Z%,8006065,8005864,8005049,8002845,8003189,8006349,8000120,8005092,8001293,8004040,8004583,8003129,8005720,8000891,;426
2021-12-16T12:29:00.000Z;Würzburg-Zell;RB;RB 53;53;58034;8006586;8006586%2021-12-16T12:29:00.000Z%,8006065,8005864,8005049,8002845,8003189,;426
2021-12-16T12:53:00.000Z;Würzburg-Zell;RB;RB 53;53;58043;8006586;8006586%2021-12-16T12:53:00.000Z%,8000260,8005198,8005523,8000902,8001919,8006147,8000032,8005479,8005481,8005400,8002630,8006635,8001619,8004533,8000025,;426
2021-12-16T13:05:00.000Z;Würzburg-Zell;RB;RB 53;53;58036;8006586;8006586%2021-12-16T13:05:00.000Z%,8006065,8005864,8005049,8002845,8003189,8006349,8000120,8005092,8001293,8004040,8004583,8003129,;426
2021-12-16T13:26:00.000Z;Würzburg-Zell;RB;RB 53;53;58042;8006586;8006586%2021-12-16T13:26:00.000Z%,8006065,8005864,8005049,8002845,8003189,;426
2021-12-16T13:29:00.000Z;Würzburg-Zell;RB;RB 53;53;58047;8006586;8006586%2021-12-16T13:29:00.000Z%,8000260,8005198,8001421,8001225,8000479,8003081,8003876,8004323,8001783,8005557,8000114,8000284,;426
2021-12-16T13:53:00.000Z;Würzburg-Zell;RB;RB 53;53;58049;8006586;8006586%2021-12-16T13:53:00.000Z%,8000260,8005198,8005523,8000902,8001919,8006147,8000032,8005479,8005481,8005400,8002630,8006635,8001619,8004533,8000025,;426
2021-12-16T14:05:00.000Z;Würzburg-Zell;RB;RB 53;53;58044;8006586;8006586%2021-12-16T14:05:00.000Z%,8006065,8005864,8005049,8002845,8003189,8006349,8000120,8005092,8001293,8004040,8004583,8003129,8005720,8000891,;426
2021-12-16T14:26:00.000Z;Würzburg-Zell;RB;RB 53;53;58046;8006586;8006586%2021-12-16T14:26:00.000Z%,8006065,8005864,8005049,8002845,8003189,;426
2021-12-16T14:29:00.000Z;Würzburg-Zell;RB;RB 53;53;58051;8006586;8006586%2021-12-16T14:29:00.000Z%,8000260,8005198,8001421,8001225,8000479,8003081,8003876,8004323,8001783,8005557,8000114,8000284,;426
2021-12-16T14:53:00.000Z;Würzburg-Zell;RB;RB 53;53;58053;8006586;8006586%2021-12-16T14:53:00.000Z%,8000260,8005198,8005523,8000902,8001919,8006147,8000032,8005479,8005481,8005400,8002630,8006635,8001619,8004533,8000025,;426
2021-12-16T15:05:00.000Z;Würzburg-Zell;RB;RB 53;53;58048;8006586;8006586%2021-12-16T15:05:00.000Z%,8006065,8005864,8005049,8002845,8003189,8006349,8000120,8005092,8001293,8004040,8004583,8003129,8005720,8000891,;426
2021-12-16T15:26:00.000Z;Würzburg-Zell;RB;RB 53;53;58052;8006586;8006586%2021-12-16T15:26:00.000Z%,8006065,8005864,8005049,8002845,8003189,;426
2021-12-16T15:29:00.000Z;Würzburg-Zell;RB;RB 53;53;58055;8006586;8006586%2021-12-16T15:29:00.000Z%,8000260,8005198,8001421,8001225,8000479,8003081,8003876,8004323,8001783,8005557,8000114,8000284,;426
2021-12-16T15:53:00.000Z;Würzburg-Zell;RB;RB 53;53;58057;8006586;8006586%2021-12-16T15:53:00.000Z%,8000260,8005198,8005523,8000902,8001919,8006147,8000032,8005479,8005481,8005400,8002630,8006635,8001619,8004533,8000025,;426
2021-12-16T16:05:00.000Z;Würzburg-Zell;RB;RB 53;53;58054;8006586;8006586%2021-12-16T16:05:00.000Z%,8006065,8005864,8005049,8002845,8003189,8006349,8000120,8005092,8001293,8004040,8004583,8003129,8005720,8000891,;426
2021-12-16T16:26:00.000Z;Würzburg-Zell;RB;RB 53;53;58058;8006586;8006586%2021-12-16T16:26:00.000Z%,8006065,8005864,8005049,8002845,8003189,;426
2021-12-16T16:28:00.000Z;Würzburg-Zell;RB;RB 53;53;58059;8006586;8006586%2021-12-16T16:28:00.000Z%,8000260,8005198,8001421,8001225,8000479,8003081,8003876,8004323,8001783,8005557,8000114,8000284,;426
2021-12-16T16:53:00.000Z;Würzburg-Zell;RB;RB 53;53;58061;8006586;8006586%2021-12-16T16:53:00.000Z%,8000260,8005198,8005523,8000902,8001919,8006147,8000032,8005479,8005481,8005400,8002630,8006635,8001619,8004533,8000025,;426
2021-12-16T17:05:00.000Z;Würzburg-Zell;RB;RB 53;53;58060;8006586;8006586%2021-12-16T17:05:00.000Z%,8006065,8005864,8005049,8002845,8003189,8006349,8000120,8005092,8001293,8004040,8004583,8003129,8005720,8000891,;426
2021-12-16T17:26:00.000Z;Würzburg-Zell;RB;RB 53;53;58064;8006586;8006586%2021-12-16T17:26:00.000Z%,8006065,8005864,8005049,8002845,8003189,;426
2021-12-16T17:28:00.000Z;Würzburg-Zell;RB;RB 53;53;58065;8006586;8006586%2021-12-16T17:28:00.000Z%,8000260,8005198,8001421,8001225,8000479,8003081,8003876,8004323,8001783,8005557,8000114,8000284,;426
2021-12-16T17:54:00.000Z;Würzburg-Zell;RB;RB 53;53;58067;8006586;8006586%2021-12-16T17:54:00.000Z%,8000260,8005198,8005523,8000902,8001919,8006147,8000032,8005479,8005481,8005400,8002630,8006635,8001619,8004533,8000025,;426
2021-12-16T18:05:00.000Z;Würzburg-Zell;RB;RB 53;53;58068;8006586;8006586%2021-12-16T18:05:00.000Z%,8006065,8005864,8005049,8002845,8003189,8006349,8000120,8005092,8001293,8004040,8004583,8003129,8005720,8000891,;426
2021-12-16T18:53:00.000Z;Würzburg-Zell;RB;RB 53;53;58071;8006586;8006586%2021-12-16T18:53:00.000Z%,8000260,8005198,8005523,8000902,8001919,8006147,8000032,8005479,8005481,8005400,8002630,8006635,8001619,8004533,8000025,;426
2021-12-16T19:32:00.000Z;Würzburg-Zell;RB;RB 53;53;58072;8006586;8006586%2021-12-16T19:32:00.000Z%,8006065,8005864,8005049,8002845,8003189,8006349,8000120,8005092,8001293,8004040,8004583,8003129,;426
2021-12-16T19:53:00.000Z;Würzburg-Zell;RB;RB 53;53;58075;8006586;8006586%2021-12-16T19:53:00.000Z%,8000260,8005198,8005523,8000902,8001919,8006147,8000032,8005479,8005481,8005400,8002630,8006635,8001619,8004533,8000025,;426
2021-12-15T20:24:00.000Z;Wustweiler;RB;RB 72;72;76638;8006627;8006627%2021-12-15T20:24:00.000Z%0,8003059,8002238,8003980,8004909,8001990,8000323,;426
2021-12-15T20:38:00.000Z;Wustweiler;RB;RB 72;72;76637;8006627;8006627%2021-12-15T20:38:00.000Z%0,8001470,8001812,8001221,8000563,8007868,;426
2021-12-15T21:24:00.000Z;Wustweiler;RB;RB 72;72;76640;8006627;8006627%2021-12-15T21:24:00.000Z%0,8003059,8002238,8003980,8004909,8001990,8000323,;426
2021-12-15T21:38:00.000Z;Wustweiler;RB;RB 72;72;76639;8006627;8006627%2021-12-15T21:38:00.000Z%0,8001470,8001812,8001221,8000563,8007868,;426
2021-12-15T22:45:00.000Z;Wustweiler;RB;RB 72;72;76641;8006627;8006627%2021-12-15T22:45:00.000Z%0,8001470,8001812,8001221,8000563,8007868,;426
2021-12-16T03:55:00.000Z;Wustweiler;RB;RB 72;72;76600;8006627;8006627%2021-12-16T03:55:00.000Z%,8003059,8002238,8003980,8004909,8001990,8000323,;426
2021-12-16T04:21:00.000Z;Wustweiler;RB;RB 72;72;76601;8006627;8006627%2021-12-16T04:21:00.000Z%,8001470,8001812,8001221,8000563,8007868,;426
2021-12-16T04:41:00.000Z;Wustweiler;RB;RB 72;72;76602;8006627;8006627%2021-12-16T04:41:00.000Z%,8003059,8002238,8003980,8004909,8001990,8000323,;426
2021-12-16T05:30:00.000Z;Wustweiler;RB;RB 72;72;76604;8006627;8006627%2021-12-16T05:30:00.000Z%,8003059,8002238,8003980,8004909,8001990,8000323,;426
2021-12-16T05:46:00.000Z;Wustweiler;RB;RB 72;72;76603;8006627;8006627%2021-12-16T05:46:00.000Z%,8001470,8001812,8001221,8000563,8007868,;426
2021-12-16T06:08:00.000Z;Wustweiler;RB;RB 72;72;76606;8006627;8006627%2021-12-16T06:08:00.000Z%,8003059,8002238,8003980,8004909,8001990,8000323,;426
2021-12-16T06:23:00.000Z;Wustweiler;RB;RB 72;72;76605;8006627;8006627%2021-12-16T06:23:00.000Z%,8001470,8001812,8001221,8000563,8007868,;426
2021-12-16T06:47:00.000Z;Wustweiler;RB;RB 72;72;76608;8006627;8006627%2021-12-16T06:47:00.000Z%,8003059,8002238,8003980,8004909,8001990,8000323,;426
2021-12-16T07:04:00.000Z;Wustweiler;RB;RB 72;72;76607;8006627;8006627%2021-12-16T07:04:00.000Z%,8001470,8001812,8001221,8000563,8007868,;426
2021-12-16T07:23:00.000Z;Wustweiler;RB;RB 72;72;76610;8006627;8006627%2021-12-16T07:23:00.000Z%,8003059,8002238,8003980,8004909,8001990,8000323,;426
2021-12-16T07:38:00.000Z;Wustweiler;RB;RB 72;72;76609;8006627;8006627%2021-12-16T07:38:00.000Z%,8001470,8001812,8001221,8000563,8007868,;426
2021-12-16T07:55:00.000Z;Wustweiler;RB;RB 72;72;76612;8006627;8006627%2021-12-16T07:55:00.000Z%,8003059,8002238,8003980,8004909,8001990,8000323,;426
2021-12-16T08:24:00.000Z;Wustweiler;RB;RB 72;72;76614;8006627;8006627%2021-12-16T08:24:00.000Z%,8003059,8002238,8003980,8004909,8001990,8000323,;426
2021-12-16T08:38:00.000Z;Wustweiler;RB;RB 72;72;76611;8006627;8006627%2021-12-16T08:38:00.000Z%,8001470,8001812,8001221,8000563,8007868,;426
2021-12-16T09:24:00.000Z;Wustweiler;RB;RB 72;72;76616;8006627;8006627%2021-12-16T09:24:00.000Z%,8003059,8002238,8003980,8004909,8001990,8000323,;426
2021-12-16T09:38:00.000Z;Wustweiler;RB;RB 72;72;76613;8006627;8006627%2021-12-16T09:38:00.000Z%,8001470,8001812,8001221,8000563,8007868,;426
2021-12-16T10:24:00.000Z;Wustweiler;RB;RB 72;72;76618;8006627;8006627%2021-12-16T10:24:00.000Z%,8003059,8002238,8003980,8004909,8001990,8000323,;426
2021-12-16T10:38:00.000Z;Wustweiler;RB;RB 72;72;76615;8006627;8006627%2021-12-16T10:38:00.000Z%,8001470,8001812,8001221,8000563,8007868,;426
2021-12-16T11:24:00.000Z;Wustweiler;RB;RB 72;72;76620;8006627;8006627%2021-12-16T11:24:00.000Z%,8003059,8002238,8003980,8004909,8001990,8000323,;426
2021-12-16T11:38:00.000Z;Wustweiler;RB;RB 72;72;76617;8006627;8006627%2021-12-16T11:38:00.000Z%,8001470,8001812,8001221,8000563,8007868,;426
2021-12-16T12:24:00.000Z;Wustweiler;RB;RB 72;72;76622;8006627;8006627%2021-12-16T12:24:00.000Z%,8003059,8002238,8003980,8004909,8001990,8000323,;426
2021-12-16T12:38:00.000Z;Wustweiler;RB;RB 72;72;76619;8006627;8006627%2021-12-16T12:38:00.000Z%,8001470,8001812,8001221,8000563,8007868,;426
2021-12-16T13:24:00.000Z;Wustweiler;RB;RB 72;72;76624;8006627;8006627%2021-12-16T13:24:00.000Z%,8003059,8002238,8003980,8004909,8001990,8000323,;426
2021-12-16T13:38:00.000Z;Wustweiler;RB;RB 72;72;76621;8006627;8006627%2021-12-16T13:38:00.000Z%,8001470,8001812,8001221,8000563,8007868,;426
2021-12-16T14:24:00.000Z;Wustweiler;RB;RB 72;72;76626;8006627;8006627%2021-12-16T14:24:00.000Z%,8003059,8002238,8003980,8004909,8001990,8000323,;426
2021-12-16T14:38:00.000Z;Wustweiler;RB;RB 72;72;76623;8006627;8006627%2021-12-16T14:38:00.000Z%,8001470,8001812,8001221,8000563,8007868,;426
2021-12-16T15:24:00.000Z;Wustweiler;RB;RB 72;72;76628;8006627;8006627%2021-12-16T15:24:00.000Z%,8003059,8002238,8003980,8004909,8001990,8000323,;426
2021-12-16T15:38:00.000Z;Wustweiler;RB;RB 72;72;76625;8006627;8006627%2021-12-16T15:38:00.000Z%,8001470,8001812,8001221,8000563,8007868,;426
2021-12-16T16:04:00.000Z;Wustweiler;RB;RB 72;72;76627;8006627;8006627%2021-12-16T16:04:00.000Z%,8001470,8001812,8001221,8000563,8007868,;426
2021-12-16T16:24:00.000Z;Wustweiler;RB;RB 72;72;76630;8006627;8006627%2021-12-16T16:24:00.000Z%,8003059,8002238,8003980,8004909,8001990,8000323,;426
2021-12-16T16:38:00.000Z;Wustweiler;RB;RB 72;72;76629;8006627;8006627%2021-12-16T16:38:00.000Z%,8001470,8001812,8001221,8000563,8007868,;426
2021-12-16T17:24:00.000Z;Wustweiler;RB;RB 72;72;76632;8006627;8006627%2021-12-16T17:24:00.000Z%,8003059,8002238,8003980,8004909,8001990,8000323,;426
2021-12-16T17:38:00.000Z;Wustweiler;RB;RB 72;72;76631;8006627;8006627%2021-12-16T17:38:00.000Z%,8001470,8001812,8001221,8000563,8007868,;426
2021-12-16T18:24:00.000Z;Wustweiler;RB;RB 72;72;76634;8006627;8006627%2021-12-16T18:24:00.000Z%,8003059,8002238,8003980,8004909,8001990,8000323,;426
2021-12-16T18:38:00.000Z;Wustweiler;RB;RB 72;72;76633;8006627;8006627%2021-12-16T18:38:00.000Z%,8001470,8001812,8001221,8000563,8007868,;426
2021-12-16T19:24:00.000Z;Wustweiler;RB;RB 72;72;76636;8006627;8006627%2021-12-16T19:24:00.000Z%,8003059,8002238,8003980,8004909,8001990,8000323,;426
2021-12-16T19:38:00.000Z;Wustweiler;RB;RB 72;72;76635;8006627;8006627%2021-12-16T19:38:00.000Z%,8001470,8001812,8001221,8000563,8007868,;426
2021-12-15T20:26:00.000Z;Zapfendorf;RE;RE 19;19;4973;8006634;8006634%2021-12-15T20:27:00.000Z%1,8001640,8001149,8000025,8002853,8002024,8001844,8000114,8000284,;602
2021-12-15T20:48:00.000Z;Zapfendorf;RE;RE 14;14;4916;8006634;8006634%2021-12-15T20:50:00.000Z%2,8001623,8005670,8000228,8004011,8002878,8004979,8003472,8004319,8003446,8002467,8005737,8004881,8002020,8005692,8003770,8010288,;602
2021-12-15T21:25:00.000Z;Zapfendorf;RE;RE 49;49;4937;8006634;8006634%2021-12-15T21:25:00.000Z%,8001640,8001149,8002542,8000025,8002853,8002024,8001844,8000114,8000284,;602
2021-12-15T21:50:00.000Z;Zapfendorf;RE;RE 42;42;4998;8006634;8006634%2021-12-15T21:53:00.000Z%3,8001623,8005670,8000228,8004011,8002878,8004979,8003472,8004319,8003446,8002467,8005737,8004881,8002020,8005692,8003770,;602
2021-12-15T21:50:00.000Z;Zapfendorf;RE;RE 49;49;4936;8006634;8006634%2021-12-15T21:53:00.000Z%3,8001623,8005670,8000228,8005391,8001636,8002434,8001347,8001338,8001334,8001484,8004633,8005122,8004064,8004325,8013008,;602
2021-12-15T22:28:00.000Z;Zapfendorf;RE;RE 42;42;4997;8006634;8006634%2021-12-15T22:28:00.000Z%0,8001640,8001149,8002542,8000025,;602
2021-12-15T22:52:00.000Z;Zapfendorf;RE;RE 49;49;4938;8006634;8006634%2021-12-15T22:52:00.000Z%,8001623,8005670,8000228,8005391,8001636,8002434,8001347,8001338,;602
2021-12-15T23:46:00.000Z;Zapfendorf;RE;RE 49;49;4940;8006634;8006634%2021-12-15T23:46:00.000Z%,8001623,8005670,8000228,;602
2021-12-16T03:22:00.000Z;Zapfendorf;RE;RE 14;14;4921;8006634;8006634%2021-12-16T03:22:00.000Z%,8001640,8001149,8002542,8000025,8002853,8002024,8001844,8000114,8000284,;602
2021-12-16T04:19:00.000Z;Zapfendorf;RE;RE 14;14;4900;8006634;8006634%2021-12-16T04:19:00.000Z%,8001623,8005670,8000228,8004011,8002878,8004979,8003472,8004319,8003446,8002467,8005737,8004881,8002020,8005692,8003770,8010288,8012000,8010309,;602
2021-12-16T04:22:00.000Z;Zapfendorf;RE;RE 49;49;4939;8006634;8006634%2021-12-16T04:22:00.000Z%,8001640,8001149,8002542,8000025,8002853,8002024,8001844,8000114,8000284,;602
2021-12-16T04:43:00.000Z;Zapfendorf;RE;RE 49;49;4949;8006634;8006634%2021-12-16T04:43:00.000Z%,8001640,8001149,8002542,8000025,8002853,8002024,8001844,8000114,8000284,;602
2021-12-16T04:52:00.000Z;Zapfendorf;RE;RE 55;55;4641;8006634;8006634%2021-12-16T04:52:00.000Z%,8001623,8005670,8000228,;602
2021-12-16T05:15:00.000Z;Zapfendorf;RE;RE 14;14;4979;8006634;8006634%2021-12-16T05:15:00.000Z%,8001640,8001149,8002542,8000025,;602
2021-12-16T05:40:00.000Z;Zapfendorf;RE;RE 42;42;4982;8006634;8006634%2021-12-16T05:40:00.000Z%,8001623,8005670,8000228,8004011,8002878,8004979,8003472,8004319,8003446,8005737,8004881,8005692,8003770,8010288,8013171,8012000,8010309,8010307,8010306,8011985,8010133,8011956,8013474,8010240,8010368,8010205,;602
2021-12-16T05:47:00.000Z;Zapfendorf;RE;RE 14;14;4901;8006634;8006634%2021-12-16T05:47:00.000Z%,8000025,8002853,8002024,8001844,8000114,8000284,;602
2021-12-16T06:04:00.000Z;Zapfendorf;RE;RE 54;54;4608;8006634;8006634%2021-12-16T06:04:00.000Z%,8001640,8001149,8002542,8000025,8002630,8000032,8000260,8005049,8003189,8000120,8003548,8003740,8004756,8006426,8002696,8000010,8003314,8001427,8003143,8000150,8002573,8002574,8002877,8000996,8002048,8002039,8002041,8000105,;602
2021-12-16T06:21:00.000Z;Zapfendorf;RE;RE 14;14;4981;8006634;8006634%2021-12-16T06:21:00.000Z%,8001640,8001149,8002542,8000025,8002853,8002024,8001844,8000114,8000284,;602
2021-12-16T06:47:00.000Z;Zapfendorf;RE;RE 42;42;4941;8006634;8006634%2021-12-16T06:47:00.000Z%,8001640,8001149,8002542,8000025,8002853,8002024,8001844,8000114,8000284,;602
2021-12-16T07:06:00.000Z;Zapfendorf;RE;RE 49;49;59380;8006634;8006634%2021-12-16T07:06:00.000Z%,8001623,8005670,8000228,;602
2021-12-16T07:32:00.000Z;Zapfendorf;RE;RE 42;42;4984;8006634;8006634%2021-12-16T07:32:00.000Z%,8001623,8005670,8000228,8004011,8002878,8004979,8003472,8004319,8003446,8002467,8005737,8004881,8002020,8005692,8003770,8010288,8013171,8012000,8011267,8010309,8010307,8010306,8011985,8010133,8011956,8013474,8010240,8010368,8010205,;602
2021-12-16T07:43:00.000Z;Zapfendorf;RB;RB 25;25;59331;8006634;8006634%2021-12-16T07:43:00.000Z%,8001640,8001149,8002542,8000025,;426
2021-12-16T08:15:00.000Z;Zapfendorf;RB;RB 25;25;59330;8006634;8006634%2021-12-16T08:15:00.000Z%,8001623,8005670,8000228,8004011,8002878,8004979,8003472,8004319,8003446,;426
2021-12-16T08:24:00.000Z;Zapfendorf;RE;RE 42;42;4983;8006634;8006634%2021-12-16T08:24:00.000Z%,8001149,8000025,8002853,8002024,8001844,8000114,8000284,;602
2021-12-16T09:32:00.000Z;Zapfendorf;RE;RE 42;42;4986;8006634;8006634%2021-12-16T09:32:00.000Z%,8001623,8005670,8000228,8004011,8002878,8004979,8003472,8004319,8003446,8002467,8005737,8004881,8002020,8005692,8003770,8010288,8013171,8012000,8011267,8010309,8010307,8010306,8011985,8010133,8011956,8013474,8010240,8010368,8010205,;602
2021-12-16T09:39:00.000Z;Zapfendorf;RB;RB 25;25;59333;8006634;8006634%2021-12-16T09:39:00.000Z%,8001640,8001149,8002542,8000025,;426
2021-12-16T10:15:00.000Z;Zapfendorf;RB;RB 25;25;59332;8006634;8006634%2021-12-16T10:15:00.000Z%,8001623,8005670,8000228,8004011,8002878,8004979,8003472,8004319,8003446,;426
2021-12-16T10:24:00.000Z;Zapfendorf;RE;RE 42;42;4985;8006634;8006634%2021-12-16T10:24:00.000Z%,8001149,8000025,8002853,8002024,8001844,8000114,8000284,;602
2021-12-16T11:15:00.000Z;Zapfendorf;RB;RB 25;25;59334;8006634;8006634%2021-12-16T11:15:00.000Z%,8001623,8005670,8000228,8004011,8002878,8004979,8003472,8004319,8003446,;426
2021-12-16T11:32:00.000Z;Zapfendorf;RE;RE 42;42;4988;8006634;8006634%2021-12-16T11:32:00.000Z%,8001623,8005670,8000228,8004011,8002878,8004979,8003472,8004319,8003446,8002467,8005737,8004881,8002020,8005692,8003770,8010288,8013171,8012000,8011267,8010309,8010307,8010306,8011985,8010133,8011956,8013474,8010240,8010368,8010205,;602
2021-12-16T11:46:00.000Z;Zapfendorf;RB;RB 25;25;59335;8006634;8006634%2021-12-16T11:46:00.000Z%,8001640,8001149,8002542,8000025,;426
2021-12-16T12:18:00.000Z;Zapfendorf;RB;RB 25;25;59336;8006634;8006634%2021-12-16T12:18:00.000Z%,8001623,8005670,8000228,8004011,8002878,8004979,8003472,8004319,8003446,;426
2021-12-16T12:24:00.000Z;Zapfendorf;RE;RE 42;42;4987;8006634;8006634%2021-12-16T12:24:00.000Z%,8001149,8000025,8002853,8002024,8001844,8000114,8000284,;602
2021-12-16T12:31:00.000Z;Zapfendorf;RE;RE 14;14;4908;8006634;8006634%2021-12-16T12:31:00.000Z%,8001623,8005670,8000228,8003472,8003446,8005737,8004881,8005692,8003770,8010288,8012000,8010309,;602
2021-12-16T12:31:00.000Z;Zapfendorf;RE;RE 49;49;4928;8006634;8006634%2021-12-16T12:31:00.000Z%,8001623,8005670,8000228,8005391,8001636,8002434,8001347,8001338,8001334,8001484,8004633,8005122,8004064,8004325,8013008,;602
2021-12-16T12:44:00.000Z;Zapfendorf;RB;RB 25;25;59337;8006634;8006634%2021-12-16T12:44:00.000Z%,8001640,8001149,8002542,8000025,;426
2021-12-16T13:17:00.000Z;Zapfendorf;RB;RB 25;25;59338;8006634;8006634%2021-12-16T13:17:00.000Z%,8001623,8005670,8000228,;426
2021-12-16T13:32:00.000Z;Zapfendorf;RE;RE 42;42;4990;8006634;8006634%2021-12-16T13:32:00.000Z%,8001623,8005670,8000228,8004011,8002878,8004979,8003472,8004319,8003446,8002467,8005737,8004881,8002020,8005692,8003770,8010288,8013171,8012000,8011267,8010309,8010307,8010306,8011985,8010133,8011956,8013474,8010240,8010368,8010205,;602
2021-12-16T13:42:00.000Z;Zapfendorf;RB;RB 25;25;59339;8006634;8006634%2021-12-16T13:42:00.000Z%,8001640,8001149,8002542,8000025,;426
2021-12-16T14:14:00.000Z;Zapfendorf;RB;RB 25;25;59340;8006634;8006634%2021-12-16T14:14:00.000Z%,8001623,8005670,8000228,8004011,8002878,8004979,8003472,8004319,8003446,;426
2021-12-16T14:24:00.000Z;Zapfendorf;RE;RE 42;42;4989;8006634;8006634%2021-12-16T14:24:00.000Z%,8001149,8000025,8002853,8002024,8001844,8000114,8000284,;602
2021-12-16T14:45:00.000Z;Zapfendorf;RE;RE 49;49;59389;8006634;8006634%2021-12-16T14:45:00.000Z%,8001640,8001149,8002542,8000025,8002853,8002024,8001844,8000114,8000284,;602
2021-12-16T15:08:00.000Z;Zapfendorf;RE;RE 49;49;59384;8006634;8006634%2021-12-16T15:08:00.000Z%,8001623,8005670,8000228,8001636,8001338,8001334,8001484,8004633,8005122,8004064,8004325,8013008,;602
2021-12-16T15:32:00.000Z;Zapfendorf;RE;RE 42;42;4992;8006634;8006634%2021-12-16T15:32:00.000Z%,8001623,8005670,8000228,8004011,8002878,8004979,8003472,8004319,8003446,8002467,8005737,8004881,8002020,8005692,8003770,8010288,8013171,8012000,8011267,8010309,8010307,8010306,8011985,8010133,8011956,8013474,8010240,8010368,8010205,;602
2021-12-16T15:39:00.000Z;Zapfendorf;RB;RB 25;25;59341;8006634;8006634%2021-12-16T15:39:00.000Z%,8001640,8001149,8002542,8000025,;426
2021-12-16T16:18:00.000Z;Zapfendorf;RB;RB 25;25;59342;8006634;8006634%2021-12-16T16:18:00.000Z%,8001623,8005670,8000228,8004011,8002878,8004979,8003472,8004319,8003446,;426
2021-12-16T16:24:00.000Z;Zapfendorf;RE;RE 42;42;4991;8006634;8006634%2021-12-16T16:24:00.000Z%,8001149,8000025,8002853,8002024,8001844,8000114,8000284,;602
2021-12-16T16:45:00.000Z;Zapfendorf;RB;RB 25;25;59391;8006634;8006634%2021-12-16T16:45:00.000Z%,8001640,8001149,8002542,8000025,;426
2021-12-16T17:17:00.000Z;Zapfendorf;RE;RE 49;49;59386;8006634;8006634%2021-12-16T17:17:00.000Z%,8001623,8005670,8000228,;602
2021-12-16T17:32:00.000Z;Zapfendorf;RE;RE 42;42;4994;8006634;8006634%2021-12-16T17:32:00.000Z%,8001623,8005670,8000228,8004011,8002878,8004979,8003472,8004319,8003446,8002467,8005737,8004881,8002020,8005692,8003770,8010288,8013171,8012000,8011267,8010309,8010307,8010306,8011985,8010133,8011956,8013474,8010240,8010368,8010205,;602
2021-12-16T17:39:00.000Z;Zapfendorf;RB;RB 25;25;59343;8006634;8006634%2021-12-16T17:39:00.000Z%,8001640,8001149,8002542,8000025,;426
2021-12-16T18:17:00.000Z;Zapfendorf;RB;RB 25;25;59344;8006634;8006634%2021-12-16T18:17:00.000Z%,8001623,8005670,8000228,;426
2021-12-16T18:24:00.000Z;Zapfendorf;RE;RE 42;42;4993;8006634;8006634%2021-12-16T18:24:00.000Z%,8001149,8000025,8002853,8002024,8001844,8000114,8000284,;602
2021-12-16T18:33:00.000Z;Zapfendorf;RE;RE 14;14;4914;8006634;8006634%2021-12-16T18:33:00.000Z%,8001623,8005670,8000228,8002878,8004979,8003472,8004319,8003446,8005737,8004881,8005692,8003770,8010288,8012000,8010309,;602
2021-12-16T18:33:00.000Z;Zapfendorf;RE;RE 49;49;4934;8006634;8006634%2021-12-16T18:33:00.000Z%,8001623,8005670,8000228,8001636,8002434,8001338,;602
2021-12-16T19:33:00.000Z;Zapfendorf;RE;RE 42;42;4996;8006634;8006634%2021-12-16T19:33:00.000Z%,8001623,8005670,8000228,8004011,8002878,8004979,8003472,8004319,8003446,8002467,8005737,8004881,8002020,8005692,8003770,8010288,8013171,8012000,8011267,8010309,8010307,8010306,8011985,8010133,8011956,8011058,;602
2021-12-16T19:40:00.000Z;Zapfendorf;RB;RB 25;25;59345;8006634;8006634%2021-12-16T19:40:00.000Z%,8001640,8001149,8002542,8000025,;426
2021-12-15T20:57:00.000Z;Zeil;RE;RE 55;55;58404;8006635;8006635%2021-12-15T20:57:00.000Z%0,8002630,8005400,8005481,8005479,8000032,8006147,8001919,8000902,8005523,8005198,8000260,;602
2021-12-15T21:00:00.000Z;Zeil;RB;RB 53;53;58075;8006635;8006635%2021-12-15T21:01:00.000Z%1,8001619,8004533,8000025,;426
2021-12-15T22:20:00.000Z;Zeil;RB;RB 53;53;58272;8006635;8006635%2021-12-15T22:20:00.000Z%,8002630,8005400,8005481,8005479,8000032,8006147,8001919,8000902,8005523,8005198,8000260,;426
2021-12-15T23:09:00.000Z;Zeil;RB;RB 53;53;58279;8006635;8006635%2021-12-15T23:09:00.000Z%,8001619,8004533,8000025,;426
2021-12-15T23:52:00.000Z;Zeil;RB;RB 53;53;58274;8006635;8006635%2021-12-15T23:52:00.000Z%,8002630,8005400,8005481,8005479,8000032,;426
2021-12-16T03:43:00.000Z;Zeil;RB;RB 53;53;58175;8006635;8006635%2021-12-16T03:43:00.000Z%,8001619,8004533,8000025,;426
2021-12-16T04:01:00.000Z;Zeil;RE;RE 20;20;4780;8006635;8006635%2021-12-16T04:01:00.000Z%,8002630,8005400,8005481,8005479,8000032,8000260,;602
2021-12-16T04:13:00.000Z;Zeil;RB;RB 53;53;58177;8006635;8006635%2021-12-16T04:13:00.000Z%,8001619,8004533,8000025,;426
2021-12-16T04:43:00.000Z;Zeil;RB;RB 53;53;58258;8006635;8006635%2021-12-16T04:43:00.000Z%,8002630,8005400,8005481,8005479,8000032,8006147,8001919,8000902,8005523,8005198,8000260,;426
2021-12-16T05:05:00.000Z;Zeil;RB;RB 53;53;58251;8006635;8006635%2021-12-16T05:05:00.000Z%,8001619,8004533,8000025,;426
2021-12-16T05:11:00.000Z;Zeil;RB;RB 53;53;58260;8006635;8006635%2021-12-16T05:11:00.000Z%,8002630,8005400,8005481,8005479,8000032,8006147,8001919,8000902,8005523,8005198,8000260,;426
2021-12-16T05:31:00.000Z;Zeil;RB;RB 53;53;58179;8006635;8006635%2021-12-16T05:31:00.000Z%,8001619,8004533,8000025,;426
2021-12-16T05:48:00.000Z;Zeil;RB;RB 53;53;58012;8006635;8006635%2021-12-16T05:48:00.000Z%,8002630,8005400,8005481,8005479,8000032,8006147,8001919,8000902,8005523,8005198,8000260,8006586,8006065,8005864,8005049,8002845,8003189,8006349,8000120,8005092,8001293,8004040,8004583,8003129,;426
2021-12-16T05:57:00.000Z;Zeil;RB;RB 53;53;58253;8006635;8006635%2021-12-16T05:57:00.000Z%,8001619,8004533,8000025,;426
2021-12-16T06:15:00.000Z;Zeil;RB;RB 53;53;58262;8006635;8006635%2021-12-16T06:15:00.000Z%,8002630,8005400,8005481,8005479,8000032,8006147,8001919,8000902,8005523,8005198,8000260,;426
2021-12-16T06:28:00.000Z;Zeil;RB;RB 53;53;58255;8006635;8006635%2021-12-16T06:28:00.000Z%,8001619,8004533,8000025,;426
2021-12-16T06:57:00.000Z;Zeil;RB;RB 53;53;58016;8006635;8006635%2021-12-16T06:57:00.000Z%,8002630,8005400,8005481,8005479,8000032,8006147,8001919,8000902,8005523,8005198,8000260,8006586,8006065,8005864,8005049,8002845,8003189,8006349,8000120,8005092,8001293,8004040,8004583,8003129,8005720,8000891,;426
2021-12-16T07:00:00.000Z;Zeil;RB;RB 53;53;58257;8006635;8006635%2021-12-16T07:00:00.000Z%,8001619,8004533,8000025,;426
2021-12-16T07:57:00.000Z;Zeil;RB;RB 53;53;58020;8006635;8006635%2021-12-16T07:57:00.000Z%,8002630,8005400,8005481,8005479,8000032,8006147,8001919,8000902,8005523,8005198,8000260,8006586,8006065,8005864,8005049,8002845,8003189,8006349,8000120,8005092,8001293,8004040,8004583,8003129,;426
2021-12-16T08:00:00.000Z;Zeil;RB;RB 53;53;58259;8006635;8006635%2021-12-16T08:00:00.000Z%,8001619,8004533,8000025,;426
2021-12-16T08:57:00.000Z;Zeil;RB;RB 53;53;58024;8006635;8006635%2021-12-16T08:57:00.000Z%,8002630,8005400,8005481,8005479,8000032,8006147,8001919,8000902,8005523,8005198,8000260,8006586,8006065,8005864,8005049,8002845,8003189,8006349,8000120,8005092,8001293,8004040,8004583,8003129,8005720,8000891,;426
2021-12-16T09:00:00.000Z;Zeil;RB;RB 53;53;58019;8006635;8006635%2021-12-16T09:00:00.000Z%,8001619,8004533,8000025,;426
2021-12-16T09:57:00.000Z;Zeil;RB;RB 53;53;58030;8006635;8006635%2021-12-16T09:57:00.000Z%,8002630,8005400,8005481,8005479,8000032,8006147,8001919,8000902,8005523,8005198,8000260,8006586,8006065,8005864,8005049,8002845,8003189,8006349,8000120,8005092,8001293,8004040,8004583,8003129,;426
2021-12-16T10:00:00.000Z;Zeil;RB;RB 53;53;58025;8006635;8006635%2021-12-16T10:00:00.000Z%,8001619,8004533,8000025,;426
2021-12-16T10:57:00.000Z;Zeil;RB;RB 53;53;58032;8006635;8006635%2021-12-16T10:57:00.000Z%,8002630,8005400,8005481,8005479,8000032,8006147,8001919,8000902,8005523,8005198,8000260,8006586,8006065,8005864,8005049,8002845,8003189,8006349,8000120,8005092,8001293,8004040,8004583,8003129,8005720,8000891,;426
2021-12-16T11:00:00.000Z;Zeil;RB;RB 53;53;58027;8006635;8006635%2021-12-16T11:00:00.000Z%,8001619,8004533,8000025,;426
2021-12-16T11:57:00.000Z;Zeil;RB;RB 53;53;58036;8006635;8006635%2021-12-16T11:57:00.000Z%,8002630,8005400,8005481,8005479,8000032,8006147,8001919,8000902,8005523,8005198,8000260,8006586,8006065,8005864,8005049,8002845,8003189,8006349,8000120,8005092,8001293,8004040,8004583,8003129,;426
2021-12-16T12:30:00.000Z;Zeil;RB;RB 53;53;58035;8006635;8006635%2021-12-16T12:30:00.000Z%,8001619,8004533,8000025,;426
2021-12-16T12:57:00.000Z;Zeil;RB;RB 53;53;58044;8006635;8006635%2021-12-16T12:57:00.000Z%,8002630,8005400,8005481,8005479,8000032,8006147,8001919,8000902,8005523,8005198,8000260,8006586,8006065,8005864,8005049,8002845,8003189,8006349,8000120,8005092,8001293,8004040,8004583,8003129,8005720,8000891,;426
2021-12-16T13:24:00.000Z;Zeil;RB;RB 53;53;58265;8006635;8006635%2021-12-16T13:24:00.000Z%,8001619,8004533,8000025,;426
2021-12-16T13:57:00.000Z;Zeil;RB;RB 53;53;58048;8006635;8006635%2021-12-16T13:57:00.000Z%,8002630,8005400,8005481,8005479,8000032,8006147,8001919,8000902,8005523,8005198,8000260,8006586,8006065,8005864,8005049,8002845,8003189,8006349,8000120,8005092,8001293,8004040,8004583,8003129,8005720,8000891,;426
2021-12-16T14:00:00.000Z;Zeil;RB;RB 53;53;58043;8006635;8006635%2021-12-16T14:00:00.000Z%,8001619,8004533,8000025,;426
2021-12-16T14:57:00.000Z;Zeil;RB;RB 53;53;58054;8006635;8006635%2021-12-16T14:57:00.000Z%,8002630,8005400,8005481,8005479,8000032,8006147,8001919,8000902,8005523,8005198,8000260,8006586,8006065,8005864,8005049,8002845,8003189,8006349,8000120,8005092,8001293,8004040,8004583,8003129,8005720,8000891,;426
2021-12-16T15:00:00.000Z;Zeil;RB;RB 53;53;58049;8006635;8006635%2021-12-16T15:00:00.000Z%,8001619,8004533,8000025,;426
2021-12-16T15:28:00.000Z;Zeil;RB;RB 53;53;58186;8006635;8006635%2021-12-16T15:28:00.000Z%,8002630,8005400,8005481,8005479,8000032,;426
2021-12-16T15:43:00.000Z;Zeil;RB;RB 53;53;58267;8006635;8006635%2021-12-16T15:43:00.000Z%,8001619,8004533,8000025,;426
2021-12-16T15:57:00.000Z;Zeil;RB;RB 53;53;58060;8006635;8006635%2021-12-16T15:57:00.000Z%,8002630,8005400,8005481,8005479,8000032,8006147,8001919,8000902,8005523,8005198,8000260,8006586,8006065,8005864,8005049,8002845,8003189,8006349,8000120,8005092,8001293,8004040,8004583,8003129,8005720,8000891,;426
2021-12-16T16:00:00.000Z;Zeil;RB;RB 53;53;58053;8006635;8006635%2021-12-16T16:00:00.000Z%,8001619,8004533,8000025,;426
2021-12-16T16:28:00.000Z;Zeil;RB;RB 53;53;58190;8006635;8006635%2021-12-16T16:28:00.000Z%,8002630,8005400,8005481,8005479,8000032,;426
2021-12-16T16:43:00.000Z;Zeil;RB;RB 53;53;58269;8006635;8006635%2021-12-16T16:43:00.000Z%,8001619,8004533,8000025,;426
2021-12-16T16:57:00.000Z;Zeil;RB;RB 53;53;58068;8006635;8006635%2021-12-16T16:57:00.000Z%,8002630,8005400,8005481,8005479,8000032,8006147,8001919,8000902,8005523,8005198,8000260,8006586,8006065,8005864,8005049,8002845,8003189,8006349,8000120,8005092,8001293,8004040,8004583,8003129,8005720,8000891,;426
2021-12-16T17:00:00.000Z;Zeil;RB;RB 53;53;58057;8006635;8006635%2021-12-16T17:00:00.000Z%,8001619,8004533,8000025,;426
2021-12-16T17:57:00.000Z;Zeil;RB;RB 53;53;58264;8006635;8006635%2021-12-16T17:57:00.000Z%,8002630,8005400,8005481,8005479,8000032,8006147,8001919,8000902,8005523,8005198,8000260,;426
2021-12-16T18:00:00.000Z;Zeil;RB;RB 53;53;58061;8006635;8006635%2021-12-16T18:00:00.000Z%,8001619,8004533,8000025,;426
2021-12-16T18:57:00.000Z;Zeil;RB;RB 53;53;58266;8006635;8006635%2021-12-16T18:57:00.000Z%,8002630,8005400,8005481,8005479,8000032,8006147,8001919,8000902,8005523,8005198,8000260,;426
2021-12-16T19:00:00.000Z;Zeil;RB;RB 53;53;58067;8006635;8006635%2021-12-16T19:00:00.000Z%,8001619,8004533,8000025,;426
2021-12-16T19:57:00.000Z;Zeil;RB;RB 53;53;58268;8006635;8006635%2021-12-16T19:57:00.000Z%,8002630,8005400,8005481,8005479,8000032,8006147,8001919,8000902,8005523,8005198,8000260,;426
2021-12-16T20:00:00.000Z;Zeil;RB;RB 53;53;58071;8006635;8006635%2021-12-16T20:00:00.000Z%,8001619,8004533,8000025,;426
2021-12-15T20:54:00.000Z;Zieverich;RB;RB 38;38;10283;8006659;8006659%2021-12-15T20:54:00.000Z%0,8000355,8004907,8000178,8000208,8000207,;426
2021-12-15T21:00:00.000Z;Zieverich;RB;RB 38;38;10284;8006659;8006659%2021-12-15T21:00:00.000Z%0,8004746,8002290,8000030,;426
2021-12-15T21:54:00.000Z;Zieverich;RB;RB 38;38;10285;8006659;8006659%2021-12-15T21:54:00.000Z%,8000355,8004907,8000178,8000208,8000207,;426
2021-12-16T04:15:00.000Z;Zieverich;RB;RB 38;38;10250;8006659;8006659%2021-12-16T04:15:00.000Z%,8004746,8002290,8000030,;426
2021-12-16T04:54:00.000Z;Zieverich;RB;RB 38;38;10251;8006659;8006659%2021-12-16T04:54:00.000Z%,8000355,8004907,8000178,;426
2021-12-16T05:00:00.000Z;Zieverich;RB;RB 38;38;10252;8006659;8006659%2021-12-16T05:00:00.000Z%,8004746,8002290,8000030,;426
2021-12-16T05:24:00.000Z;Zieverich;RB;RB 38;38;10471;8006659;8006659%2021-12-16T05:24:00.000Z%,8000355,8004907,8000178,;426
2021-12-16T05:30:00.000Z;Zieverich;RB;RB 38;38;10470;8006659;8006659%2021-12-16T05:30:00.000Z%,8004746,8002290,8000030,;426
2021-12-16T05:54:00.000Z;Zieverich;RB;RB 38;38;10253;8006659;8006659%2021-12-16T05:54:00.000Z%,8000355,8004907,8000178,;426
2021-12-16T06:00:00.000Z;Zieverich;RB;RB 38;38;10254;8006659;8006659%2021-12-16T06:00:00.000Z%,8004746,8002290,8000030,;426
2021-12-16T06:24:00.000Z;Zieverich;RB;RB 38;38;10473;8006659;8006659%2021-12-16T06:24:00.000Z%,8000355,8004907,8000178,;426
2021-12-16T06:30:00.000Z;Zieverich;RB;RB 38;38;10472;8006659;8006659%2021-12-16T06:30:00.000Z%,8004746,8002290,8000030,;426
2021-12-16T06:54:00.000Z;Zieverich;RB;RB 38;38;10255;8006659;8006659%2021-12-16T06:54:00.000Z%,8000355,8004907,8000178,;426
2021-12-16T07:00:00.000Z;Zieverich;RB;RB 38;38;10256;8006659;8006659%2021-12-16T07:00:00.000Z%,8004746,8002290,8000030,;426
2021-12-16T07:24:00.000Z;Zieverich;RB;RB 38;38;10475;8006659;8006659%2021-12-16T07:24:00.000Z%,8000355,8004907,8000178,;426
2021-12-16T07:30:00.000Z;Zieverich;RB;RB 38;38;10474;8006659;8006659%2021-12-16T07:30:00.000Z%,8004746,8002290,8000030,;426
2021-12-16T07:54:00.000Z;Zieverich;RB;RB 38;38;10257;8006659;8006659%2021-12-16T07:54:00.000Z%,8000355,8004907,8000178,;426
2021-12-16T08:00:00.000Z;Zieverich;RB;RB 38;38;10258;8006659;8006659%2021-12-16T08:00:00.000Z%,8004746,8002290,8000030,;426
2021-12-16T08:24:00.000Z;Zieverich;RB;RB 38;38;10477;8006659;8006659%2021-12-16T08:24:00.000Z%,8000355,8004907,8000178,;426
2021-12-16T08:30:00.000Z;Zieverich;RB;RB 38;38;10476;8006659;8006659%2021-12-16T08:30:00.000Z%,8004746,8002290,8000030,;426
2021-12-16T08:54:00.000Z;Zieverich;RB;RB 38;38;10259;8006659;8006659%2021-12-16T08:54:00.000Z%,8000355,8004907,8000178,;426
2021-12-16T09:00:00.000Z;Zieverich;RB;RB 38;38;10260;8006659;8006659%2021-12-16T09:00:00.000Z%,8004746,8002290,8000030,;426
2021-12-16T09:24:00.000Z;Zieverich;RB;RB 38;38;10479;8006659;8006659%2021-12-16T09:24:00.000Z%,8000355,8004907,8000178,;426
2021-12-16T09:30:00.000Z;Zieverich;RB;RB 38;38;10478;8006659;8006659%2021-12-16T09:30:00.000Z%,8004746,8002290,8000030,;426
2021-12-16T09:54:00.000Z;Zieverich;RB;RB 38;38;10261;8006659;8006659%2021-12-16T09:54:00.000Z%,8000355,8004907,8000178,;426
2021-12-16T10:00:00.000Z;Zieverich;RB;RB 38;38;10262;8006659;8006659%2021-12-16T10:00:00.000Z%,8004746,8002290,8000030,;426
2021-12-16T10:24:00.000Z;Zieverich;RB;RB 38;38;10481;8006659;8006659%2021-12-16T10:24:00.000Z%,8000355,8004907,8000178,;426
2021-12-16T10:30:00.000Z;Zieverich;RB;RB 38;38;10480;8006659;8006659%2021-12-16T10:30:00.000Z%,8004746,8002290,8000030,;426
2021-12-16T10:54:00.000Z;Zieverich;RB;RB 38;38;10263;8006659;8006659%2021-12-16T10:54:00.000Z%,8000355,8004907,8000178,;426
2021-12-16T11:00:00.000Z;Zieverich;RB;RB 38;38;10264;8006659;8006659%2021-12-16T11:00:00.000Z%,8004746,8002290,8000030,;426
2021-12-16T11:24:00.000Z;Zieverich;RB;RB 38;38;10483;8006659;8006659%2021-12-16T11:24:00.000Z%,8000355,8004907,8000178,;426
2021-12-16T11:30:00.000Z;Zieverich;RB;RB 38;38;10482;8006659;8006659%2021-12-16T11:30:00.000Z%,8004746,8002290,8000030,;426
2021-12-16T11:54:00.000Z;Zieverich;RB;RB 38;38;10265;8006659;8006659%2021-12-16T11:54:00.000Z%,8000355,8004907,8000178,;426
2021-12-16T12:00:00.000Z;Zieverich;RB;RB 38;38;10266;8006659;8006659%2021-12-16T12:00:00.000Z%,8004746,8002290,8000030,;426
2021-12-16T12:24:00.000Z;Zieverich;RB;RB 38;38;10485;8006659;8006659%2021-12-16T12:24:00.000Z%,8000355,8004907,8000178,;426
2021-12-16T12:30:00.000Z;Zieverich;RB;RB 38;38;10484;8006659;8006659%2021-12-16T12:30:00.000Z%,8004746,8002290,8000030,;426
2021-12-16T12:54:00.000Z;Zieverich;RB;RB 38;38;10267;8006659;8006659%2021-12-16T12:54:00.000Z%,8000355,8004907,8000178,;426
2021-12-16T13:00:00.000Z;Zieverich;RB;RB 38;38;10268;8006659;8006659%2021-12-16T13:00:00.000Z%,8004746,8002290,8000030,;426
2021-12-16T13:24:00.000Z;Zieverich;RB;RB 38;38;10487;8006659;8006659%2021-12-16T13:24:00.000Z%,8000355,8004907,8000178,;426
2021-12-16T13:30:00.000Z;Zieverich;RB;RB 38;38;10486;8006659;8006659%2021-12-16T13:30:00.000Z%,8004746,8002290,8000030,;426
2021-12-16T13:54:00.000Z;Zieverich;RB;RB 38;38;10269;8006659;8006659%2021-12-16T13:54:00.000Z%,8000355,8004907,8000178,;426
2021-12-16T14:00:00.000Z;Zieverich;RB;RB 38;38;10270;8006659;8006659%2021-12-16T14:00:00.000Z%,8004746,8002290,8000030,;426
2021-12-16T14:24:00.000Z;Zieverich;RB;RB 38;38;10489;8006659;8006659%2021-12-16T14:24:00.000Z%,8000355,8004907,8000178,;426
2021-12-16T14:30:00.000Z;Zieverich;RB;RB 38;38;10488;8006659;8006659%2021-12-16T14:30:00.000Z%,8004746,8002290,8000030,;426
2021-12-16T14:54:00.000Z;Zieverich;RB;RB 38;38;10271;8006659;8006659%2021-12-16T14:54:00.000Z%,8000355,8004907,8000178,;426
2021-12-16T15:00:00.000Z;Zieverich;RB;RB 38;38;10272;8006659;8006659%2021-12-16T15:00:00.000Z%,8004746,8002290,8000030,;426
2021-12-15T20:22:00.000Z;Zimmern(Main-Tauber);RB;RB 85;85;57984;8006662;8006662%2021-12-15T20:23:00.000Z%1,8006517,8002195,8003284,8002251,8005002,8006582,8000260,;426
2021-12-15T20:38:00.000Z;Zimmern(Main-Tauber);RB;RB 85;85;57983;8006662;8006662%2021-12-15T20:38:00.000Z%0,8002447,8002243,8000221,;426
2021-12-15T21:22:00.000Z;Zimmern(Main-Tauber);RB;RB 85;85;57986;8006662;8006662%2021-12-15T21:24:00.000Z%2,8006517,8002195,8003284,8002251,8005002,8006582,8000260,;426
2021-12-15T22:06:00.000Z;Zimmern(Main-Tauber);RB;RB 8;8;19089;8006662;8006662%2021-12-15T22:06:00.000Z%0,8002447,8002243,8000221,;426
2021-12-15T22:22:00.000Z;Zimmern(Main-Tauber);RB;RB 85;85;57988;8006662;8006662%2021-12-15T22:22:00.000Z%,8006517,8002195,8003284,8002251,8005002,8006582,8000260,;426
2021-12-15T23:12:00.000Z;Zimmern(Main-Tauber);RB;RB 8;8;19099;8006662;8006662%2021-12-15T23:12:00.000Z%0,8002447,8002243,8000221,;426
2021-12-16T04:19:00.000Z;Zimmern(Main-Tauber);RB;RB 8;8;19050;8006662;8006662%2021-12-16T04:19:00.000Z%,8006517,8002195,8003284,8002251,8005002,8006582,8000260,;426
2021-12-16T04:36:00.000Z;Zimmern(Main-Tauber);RB;RB 85;85;57951;8006662;8006662%2021-12-16T04:36:00.000Z%,8002447,8002243,8000221,8001111,8001933,8005168,8000295,;426
2021-12-16T05:13:00.000Z;Zimmern(Main-Tauber);RB;RB 85;85;57952;8006662;8006662%2021-12-16T05:13:00.000Z%,8006517,8002195,8003284,8002251,8005002,8006582,8000260,;426
2021-12-16T05:38:00.000Z;Zimmern(Main-Tauber);RB;RB 85;85;57953;8006662;8006662%2021-12-16T05:38:00.000Z%,8002447,8002243,8000221,8001111,8001933,8005168,8000295,;426
2021-12-16T05:49:00.000Z;Zimmern(Main-Tauber);RE;RE 8;8;19052;8006662;8006662%2021-12-16T05:49:00.000Z%,8006517,8002195,8003284,8002251,8005002,8006582,8000260,;602
2021-12-16T06:17:00.000Z;Zimmern(Main-Tauber);RB;RB 85;85;57956;8006662;8006662%2021-12-16T06:17:00.000Z%,8006517,8002195,8003284,8002251,8005002,8006582,8000260,;426
2021-12-16T06:38:00.000Z;Zimmern(Main-Tauber);RB;RB 85;85;57955;8006662;8006662%2021-12-16T06:38:00.000Z%,8002447,8002243,8000221,8001111,8001933,8005168,8000295,;426
2021-12-16T07:22:00.000Z;Zimmern(Main-Tauber);RB;RB 85;85;57958;8006662;8006662%2021-12-16T07:22:00.000Z%,8006517,8002195,8003284,8002251,8005002,8006582,8000260,;426
2021-12-16T07:38:00.000Z;Zimmern(Main-Tauber);RB;RB 85;85;57957;8006662;8006662%2021-12-16T07:38:00.000Z%,8002447,8002243,8000221,8001111,8001933,8005168,8000295,;426
2021-12-16T08:22:00.000Z;Zimmern(Main-Tauber);RB;RB 85;85;57960;8006662;8006662%2021-12-16T08:22:00.000Z%,8006517,8002195,8003284,8002251,8005002,8006582,8000260,;426
2021-12-16T08:38:00.000Z;Zimmern(Main-Tauber);RB;RB 85;85;57959;8006662;8006662%2021-12-16T08:38:00.000Z%,8002447,8002243,8000221,8001111,8001933,8005168,8000295,;426
2021-12-16T09:22:00.000Z;Zimmern(Main-Tauber);RB;RB 85;85;57962;8006662;8006662%2021-12-16T09:22:00.000Z%,8006517,8002195,8003284,8002251,8005002,8006582,8000260,;426
2021-12-16T09:38:00.000Z;Zimmern(Main-Tauber);RB;RB 85;85;57961;8006662;8006662%2021-12-16T09:38:00.000Z%,8002447,8002243,8000221,8001111,8001933,8005168,8000295,;426
2021-12-16T10:23:00.000Z;Zimmern(Main-Tauber);RB;RB 85;85;57964;8006662;8006662%2021-12-16T10:23:00.000Z%,8006517,8002195,8003284,8002251,8005002,8006582,8000260,;426
2021-12-16T10:39:00.000Z;Zimmern(Main-Tauber);RB;RB 85;85;57963;8006662;8006662%2021-12-16T10:39:00.000Z%,8002447,8002243,8000221,8001111,8001933,8005168,8000295,;426
2021-12-16T11:22:00.000Z;Zimmern(Main-Tauber);RB;RB 85;85;57966;8006662;8006662%2021-12-16T11:22:00.000Z%,8006517,8002195,8003284,8002251,8005002,8006582,8000260,;426
2021-12-16T11:38:00.000Z;Zimmern(Main-Tauber);RB;RB 85;85;57965;8006662;8006662%2021-12-16T11:38:00.000Z%,8002447,8002243,8000221,8001111,8001933,8005168,8000295,;426
2021-12-16T12:26:00.000Z;Zimmern(Main-Tauber);RB;RB 85;85;57968;8006662;8006662%2021-12-16T12:26:00.000Z%,8006517,8002195,8003284,8002251,8005002,8006582,8000260,;426
2021-12-16T12:41:00.000Z;Zimmern(Main-Tauber);RB;RB 85;85;57967;8006662;8006662%2021-12-16T12:41:00.000Z%,8002447,8002243,8000221,8001111,8001933,8005168,8000295,;426
2021-12-16T13:22:00.000Z;Zimmern(Main-Tauber);RB;RB 85;85;57970;8006662;8006662%2021-12-16T13:22:00.000Z%,8006517,8002195,8003284,8002251,8005002,8006582,8000260,;426
2021-12-16T13:38:00.000Z;Zimmern(Main-Tauber);RB;RB 85;85;57969;8006662;8006662%2021-12-16T13:38:00.000Z%,8002447,8002243,8000221,8001111,8001933,8005168,8000295,;426
2021-12-16T14:23:00.000Z;Zimmern(Main-Tauber);RB;RB 85;85;57972;8006662;8006662%2021-12-16T14:23:00.000Z%,8006517,8002195,8003284,8002251,8005002,8006582,8000260,;426
2021-12-16T14:39:00.000Z;Zimmern(Main-Tauber);RB;RB 85;85;57971;8006662;8006662%2021-12-16T14:39:00.000Z%,8002447,8002243,8000221,8001111,8001933,8005168,8000295,;426
2021-12-16T15:25:00.000Z;Zimmern(Main-Tauber);RB;RB 85;85;57974;8006662;8006662%2021-12-16T15:25:00.000Z%,8006517,8002195,8003284,8002251,8005002,8006582,8000260,;426
2021-12-16T15:40:00.000Z;Zimmern(Main-Tauber);RB;RB 85;85;57973;8006662;8006662%2021-12-16T15:40:00.000Z%,8002447,8002243,8000221,8001111,8001933,8005168,8000295,;426
2021-12-16T16:23:00.000Z;Zimmern(Main-Tauber);RB;RB 85;85;57976;8006662;8006662%2021-12-16T16:23:00.000Z%,8006517,8002195,8003284,8002251,8005002,8006582,8000260,;426
2021-12-16T16:39:00.000Z;Zimmern(Main-Tauber);RB;RB 85;85;57975;8006662;8006662%2021-12-16T16:39:00.000Z%,8002447,8002243,8000221,8001111,8001933,8005168,8000295,;426
2021-12-16T17:23:00.000Z;Zimmern(Main-Tauber);RB;RB 85;85;57978;8006662;8006662%2021-12-16T17:23:00.000Z%,8006517,8002195,8003284,8002251,8005002,8006582,8000260,;426
2021-12-16T17:39:00.000Z;Zimmern(Main-Tauber);RB;RB 85;85;57977;8006662;8006662%2021-12-16T17:39:00.000Z%,8002447,8002243,8000221,8001111,8001933,8005168,8000295,;426
2021-12-16T18:22:00.000Z;Zimmern(Main-Tauber);RB;RB 85;85;57980;8006662;8006662%2021-12-16T18:22:00.000Z%,8006517,8002195,8003284,8002251,8005002,8006582,8000260,;426
2021-12-16T18:38:00.000Z;Zimmern(Main-Tauber);RB;RB 85;85;57979;8006662;8006662%2021-12-16T18:38:00.000Z%,8002447,8002243,8000221,8001111,8001933,8005168,8000295,;426
2021-12-16T19:22:00.000Z;Zimmern(Main-Tauber);RB;RB 85;85;57982;8006662;8006662%2021-12-16T19:22:00.000Z%,8006517,8002195,8003284,8002251,8005002,8006582,8000260,;426
2021-12-16T19:38:00.000Z;Zimmern(Main-Tauber);RB;RB 85;85;57981;8006662;8006662%2021-12-16T19:38:00.000Z%,8002447,8002243,8000221,8001111,8001933,8005168,8000295,;426
2021-12-16T03:59:00.000Z;Zimmersrode;RE;RE 30;30;15370;8006663;8006663%2021-12-16T03:59:00.000Z%,8001098,8005576,8000368,8002236,8000520,8006546,8002374,8000140,8005039,8003199,8003200,8000193,;602
2021-12-16T04:34:00.000Z;Zimmersrode;RB;RB 38;38;23147;8006663;8006663%2021-12-16T04:34:00.000Z%,8005365,8000129,;426
2021-12-16T04:52:00.000Z;Zimmersrode;RB;RB 38;38;23141;8006663;8006663%2021-12-16T04:52:00.000Z%,8005365,8000129,;426
2021-12-16T05:46:00.000Z;Zimmersrode;RB;RB 38;38;23142;8006663;8006663%2021-12-16T05:46:00.000Z%,8001098,8005576,8000368,8002236,8000520,8006546,8002374,8000140,8005039,8003199,8003200,8000193,;426
2021-12-16T05:50:00.000Z;Zimmersrode;RE;RE 30;30;4177;8006663;8006663%2021-12-16T05:50:00.000Z%,8000129,8004328,8005661,8000435,8000337,8000124,8000111,8002042,8000105,;602
2021-12-16T06:12:00.000Z;Zimmersrode;RB;RB 38;38;23144;8006663;8006663%2021-12-16T06:12:00.000Z%,8001098,8005576,8000368,8002236,8000520,8006546,8002374,8000140,8003200,8000193,;426
2021-12-16T14:01:00.000Z;Zimmersrode;RB;RB 38;38;23146;8006663;8006663%2021-12-16T14:01:00.000Z%,8001098,8005576,8000368,8002236,8000520,8006546,8002374,8000140,8005039,8003199,8003200,8000193,;426
2021-12-16T16:09:00.000Z;Zimmersrode;RB;RB 38;38;23148;8006663;8006663%2021-12-16T16:09:00.000Z%,8001098,8005576,8000368,;426
2021-12-15T20:46:00.000Z;Zollhaus(Villingen-Schwenningen);RB;RB 42;42;22996;8006667;8006667%2021-12-15T20:46:00.000Z%0,8000356,8005490,8000393,8005911,8001405,8000322,;426
2021-12-16T06:51:00.000Z;Zollhaus(Villingen-Schwenningen);RB;RB 42;42;22995;8006667;8006667%2021-12-16T06:51:00.000Z%,8003857,8000366,8000077,8002214,8000182,8000163,8004111,8002096,8000933,8002656,8000069,8003969,8000160,8005087,8004182,8001684,8005333,8001013,8000170,;426
2021-12-15T21:01:00.000Z;Züttlingen;RB;RB 18;18;19334;8006676;8006676%2021-12-15T21:01:00.000Z%0,8004050,8005151,8005536,8000424,8000295,;426
2021-12-15T22:01:00.000Z;Züttlingen;RB;RB 18;18;19336;8006676;8006676%2021-12-15T22:01:00.000Z%0,8004050,8005151,8005536,8000424,8000295,;426
2021-12-15T22:31:00.000Z;Züttlingen;RE;RE 8;8;19088;8006676;8006676%2021-12-15T22:31:00.000Z%0,8004050,8005151,8005536,8000424,8000295,8005168,8001933,8001111,8003381,8000221,;602
2021-12-15T22:55:00.000Z;Züttlingen;RB;RB 18;18;19345;8006676;8006676%2021-12-15T22:55:00.000Z%0,8005566,8004258,8002764,8005989,8000017,8004220,8002699,8000157,;426
2021-12-16T04:20:00.000Z;Züttlingen;RB;RB 18;18;19301;8006676;8006676%2021-12-16T04:20:00.000Z%,8005566,8004258,8002764,8005989,8000017,8004238,8004220,8002699,8000157,8004458,8003588,8003278,8006171,8000925,8000038,8000235,8000096,8005769,8001920,8000302,8006331,8004517,8004488,8004009,8000314,8000141,;426
2021-12-16T04:30:00.000Z;Züttlingen;RB;RB 18;18;19300;8006676;8006676%2021-12-16T04:30:00.000Z%,8004050,8005151,8005536,8000424,8000295,;426
2021-12-16T04:53:00.000Z;Züttlingen;RB;RB 18;18;19303;8006676;8006676%2021-12-16T04:53:00.000Z%,8005566,8004258,8002764,8005989,8000017,8004238,8004220,8002699,8000157,8004458,8003588,8003278,8006171,8000925,8000038,8000235,8000096,8005769,8001920,8000302,8006331,8004517,8004488,8000865,8004009,8000314,8000141,;426
2021-12-16T05:34:00.000Z;Züttlingen;RB;RB 18;18;19305;8006676;8006676%2021-12-16T05:34:00.000Z%,8005566,8004258,8002764,8005989,8000017,;426
2021-12-16T06:01:00.000Z;Züttlingen;RE;RE 8;8;19054;8006676;8006676%2021-12-16T06:01:00.000Z%,8004050,8005151,8005536,8000424,8000295,8000221,8000260,;602
2021-12-16T06:19:00.000Z;Züttlingen;RB;RB 18;18;19307;8006676;8006676%2021-12-16T06:19:00.000Z%,8005566,8004258,8002764,8005989,8000017,8004238,8004220,8002699,8000157,8004458,8003588,8003278,8006171,8000925,8000038,8000235,8000096,8005769,8001920,8000302,8006331,8004488,8004009,8000314,8000141,;426
2021-12-16T06:30:00.000Z;Züttlingen;RB;RB 18;18;19302;8006676;8006676%2021-12-16T06:30:00.000Z%,8004050,8005151,8005536,8000424,8000295,;426
2021-12-16T07:01:00.000Z;Züttlingen;RB;RB 18;18;19304;8006676;8006676%2021-12-16T07:01:00.000Z%,8004050,8005151,8005536,8000424,8000295,;426
2021-12-16T07:21:00.000Z;Züttlingen;RB;RB 18;18;19311;8006676;8006676%2021-12-16T07:21:00.000Z%,8005566,8004258,8002764,8005989,8000017,8004220,8002699,8000157,;426
2021-12-16T07:55:00.000Z;Züttlingen;RB;RB 18;18;19313;8006676;8006676%2021-12-16T07:55:00.000Z%,8005566,8004258,8002764,8005989,8000017,8004220,8002699,8000157,8004458,8003588,8003278,8006171,8000925,8000038,8000235,8000096,8005769,8001920,8000302,8006331,8004517,8004488,8000865,8004009,8000314,8000141,;426
2021-12-16T08:01:00.000Z;Züttlingen;RB;RB 18;18;19306;8006676;8006676%2021-12-16T08:01:00.000Z%,8004050,8005151,8005536,8000424,8000295,;426
2021-12-16T08:55:00.000Z;Züttlingen;RB;RB 18;18;19315;8006676;8006676%2021-12-16T08:55:00.000Z%,8005566,8004258,8002764,8005989,8000017,8004220,8002699,8000157,8004458,8003588,8003278,8006171,8000925,8000038,8000235,8000096,8005769,8001920,8000302,8006331,8004517,8004488,8000865,8004009,8000314,8000141,;426
2021-12-16T09:01:00.000Z;Züttlingen;RB;RB 18;18;19308;8006676;8006676%2021-12-16T09:01:00.000Z%,8004050,8005151,8005536,8000424,8000295,;426
2021-12-16T09:55:00.000Z;Züttlingen;RB;RB 18;18;19317;8006676;8006676%2021-12-16T09:55:00.000Z%,8005566,8004258,8002764,8005989,8000017,8004220,8002699,8000157,8004458,8003588,8003278,8006171,8000925,8000038,8000235,8000096,8005769,8001920,8000302,8006331,8004517,8004488,8000865,8004009,8000314,8000141,;426
2021-12-16T10:01:00.000Z;Züttlingen;RB;RB 18;18;19310;8006676;8006676%2021-12-16T10:01:00.000Z%,8004050,8005151,8005536,8000424,8000295,;426
2021-12-16T10:55:00.000Z;Züttlingen;RB;RB 18;18;19319;8006676;8006676%2021-12-16T10:55:00.000Z%,8005566,8004258,8002764,8005989,8000017,8004220,8002699,8000157,8004458,8003588,8003278,8006171,8000925,8000038,8000235,8000096,8005769,8001920,8000302,8006331,8004517,8004488,8000865,8004009,8000314,8000141,;426
2021-12-16T11:01:00.000Z;Züttlingen;RB;RB 18;18;19312;8006676;8006676%2021-12-16T11:01:00.000Z%,8004050,8005151,8005536,8000424,8000295,;426
2021-12-16T11:32:00.000Z;Züttlingen;RB;RB 18;18;19340;8006676;8006676%2021-12-16T11:32:00.000Z%,8004050,8005151,8005536,8000424,8000295,;426
2021-12-16T11:55:00.000Z;Züttlingen;RB;RB 18;18;19321;8006676;8006676%2021-12-16T11:55:00.000Z%,8005566,8004258,8002764,8005989,8000017,8004220,8002699,8000157,8004458,8003588,8003278,8006171,8000925,8000038,8000235,8000096,8005769,8001920,8000302,8006331,8004517,8004488,8000865,8004009,8000314,8000141,;426
2021-12-16T12:01:00.000Z;Züttlingen;RB;RB 18;18;19314;8006676;8006676%2021-12-16T12:01:00.000Z%,8004050,8005151,8005536,8000424,8000295,;426
2021-12-16T12:23:00.000Z;Züttlingen;RB;RB 18;18;19341;8006676;8006676%2021-12-16T12:23:00.000Z%,8005566,8004258,8002764,8005989,8000017,8004220,8002699,8000157,;426
2021-12-16T12:55:00.000Z;Züttlingen;RB;RB 18;18;19323;8006676;8006676%2021-12-16T12:55:00.000Z%,8005566,8004258,8002764,8005989,8000017,8004220,8002699,8000157,8004458,8003588,8003278,8006171,8000925,8000038,8000235,8000096,8005769,8001920,8000302,8006331,8004517,8004488,8000865,8004009,8000314,8000141,;426
2021-12-16T13:01:00.000Z;Züttlingen;RB;RB 18;18;19316;8006676;8006676%2021-12-16T13:01:00.000Z%,8004050,8005151,8005536,8000424,8000295,;426
2021-12-16T13:55:00.000Z;Züttlingen;RB;RB 18;18;19325;8006676;8006676%2021-12-16T13:55:00.000Z%,8005566,8004258,8002764,8005989,8000017,8004220,8002699,8000157,8004458,8003588,8003278,8006171,8000925,8000038,8000235,8000096,8005769,8001920,8000302,8006331,8004517,8004488,8000865,8004009,8000314,8000141,;426
2021-12-16T14:01:00.000Z;Züttlingen;RB;RB 18;18;19318;8006676;8006676%2021-12-16T14:01:00.000Z%,8004050,8005151,8005536,8000424,8000295,;426
2021-12-16T14:55:00.000Z;Züttlingen;RB;RB 18;18;19327;8006676;8006676%2021-12-16T14:55:00.000Z%,8005566,8004258,8002764,8005989,8000017,8004220,8002699,8000157,8004458,8003588,8003278,8006171,8000925,8000038,8000235,8000096,8005769,8001920,8000302,8006331,8004517,8004488,8000865,8004009,8000314,8000141,;426
2021-12-16T15:01:00.000Z;Züttlingen;RB;RB 18;18;19320;8006676;8006676%2021-12-16T15:01:00.000Z%,8004050,8005151,8005536,8000424,8000295,;426
2021-12-16T15:55:00.000Z;Züttlingen;RB;RB 18;18;19329;8006676;8006676%2021-12-16T15:55:00.000Z%,8005566,8004258,8002764,8005989,8000017,8004220,8002699,8000157,8004458,8003588,8003278,8006171,8000925,8000038,8000235,8000096,8005769,8001920,8000302,8006331,8004517,8004488,8000865,8004009,8000314,8000141,;426
2021-12-16T16:01:00.000Z;Züttlingen;RB;RB 18;18;19322;8006676;8006676%2021-12-16T16:01:00.000Z%,8004050,8005151,8005536,8000424,8000295,;426
2021-12-16T16:38:00.000Z;Züttlingen;RB;RB 18;18;19324;8006676;8006676%2021-12-16T16:38:00.000Z%,8004050,8005151,8005536,8000424,8000295,;426
2021-12-16T16:55:00.000Z;Züttlingen;RB;RB 18;18;19331;8006676;8006676%2021-12-16T16:55:00.000Z%,8005566,8004258,8002764,8005989,8000017,8004220,8002699,8000157,8004458,8003588,8003278,8006171,8000925,8000038,8000235,8000096,8005769,8001920,8000302,8006331,8004517,8004488,8000865,8004009,8000314,8000141,;426
2021-12-16T17:01:00.000Z;Züttlingen;RB;RB 18;18;19326;8006676;8006676%2021-12-16T17:01:00.000Z%,8004050,8005151,8005536,8000424,8000295,;426
2021-12-16T17:55:00.000Z;Züttlingen;RB;RB 18;18;19333;8006676;8006676%2021-12-16T17:55:00.000Z%,8005566,8004258,8002764,8005989,8000017,8004220,8002699,8000157,8004458,8003588,8003278,8006171,8000925,8000038,8000235,8000096,8005769,8001920,8000302,8006331,8004517,8004488,8000865,8004009,8000314,8000141,;426
2021-12-16T18:01:00.000Z;Züttlingen;RB;RB 18;18;19328;8006676;8006676%2021-12-16T18:01:00.000Z%,8004050,8005151,8005536,8000424,8000295,;426
2021-12-16T18:55:00.000Z;Züttlingen;RB;RB 18;18;19335;8006676;8006676%2021-12-16T18:55:00.000Z%,8005566,8004258,8002764,8005989,8000017,8004220,8002699,8000157,8004458,8003588,8003278,8006171,8000925,8000038,8000235,8000096,8005769,8001920,8000302,8006331,8004517,8004488,8000865,8004009,8000314,8000141,;426
2021-12-16T19:01:00.000Z;Züttlingen;RB;RB 18;18;19330;8006676;8006676%2021-12-16T19:01:00.000Z%,8004050,8005151,8005536,8000424,8000295,;426
2021-12-16T19:55:00.000Z;Züttlingen;RB;RB 18;18;19337;8006676;8006676%2021-12-16T19:55:00.000Z%,8005566,8004258,8002764,8005989,8000017,8004220,8002699,8000157,8004458,8003588,8003278,8006171,8000925,8000038,8000235,8000096,8005769,8001920,8000302,8006331,8004517,8004488,8000865,8004009,8000314,8000141,;426
2021-12-16T20:01:00.000Z;Züttlingen;RB;RB 18;18;19332;8006676;8006676%2021-12-16T20:01:00.000Z%,8004050,8005151,8005536,8000424,8000295,;426
2021-12-15T20:45:00.000Z;Zweibrücken Hbf;RB;RB 68;68;12940;8006680;8006680%2021-12-15T20:49:00.000Z%4,8006682,8001341,8005673,8001406,8001407,8005094,8002895,8005843,8000876,8004822,;426
2021-12-16T04:52:00.000Z;Zweibrücken Hbf;RB;RB 68;68;12901;8006680;8006680%2021-12-16T04:52:00.000Z%,8000371,8000357,8001027,8006581,8002625,8000319,8005649,8005241,8000323,;426
2021-12-16T05:00:00.000Z;Zweibrücken Hbf;RB;RB 68;68;12902;8006680;8006680%2021-12-16T05:00:00.000Z%,8006682,8001341,8005673,8001406,8001407,8005094,8002895,8005843,8000876,8005113,8004166,8002847,8002649,8002648,8006441,8005103,8005257,8000582,8000466,8005551,8002300,8003508,8003507,8000216,8001663,8003809,8004306,8000275,;426
2021-12-16T05:40:00.000Z;Zweibrücken Hbf;RB;RB 68;68;12903;8006680;8006680%2021-12-16T05:40:00.000Z%,8000371,8000357,8001027,8006581,8002625,8000319,8005649,8005332,8005241,8000323,;426
2021-12-16T05:43:00.000Z;Zweibrücken Hbf;RB;RB 68;68;12904;8006680;8006680%2021-12-16T05:43:00.000Z%,8006682,8001341,8005673,8001406,8001407,8005094,8002895,8005843,8000876,8005113,8004166,8002847,8002649,8002648,8006441,8005103,8005257,8000582,8000466,8005551,8002300,8003508,8003507,8000216,;426
2021-12-16T06:13:00.000Z;Zweibrücken Hbf;RB;RB 68;68;12905;8006680;8006680%2021-12-16T06:13:00.000Z%,8000371,8000357,8001027,8006581,8002625,8000319,8005649,8005241,8000323,;426
2021-12-16T06:13:00.000Z;Zweibrücken Hbf;RB;RB 68;68;12906;8006680;8006680%2021-12-16T06:13:00.000Z%,8006682,8001341,8005673,8001406,8001407,8005094,8002895,8005843,8000876,8004822,;426
2021-12-16T06:45:00.000Z;Zweibrücken Hbf;RB;RB 68;68;12908;8006680;8006680%2021-12-16T06:45:00.000Z%,8006682,8001341,8005673,8001406,8001407,8005094,8002895,8005843,8000876,8004822,;426
2021-12-16T07:13:00.000Z;Zweibrücken Hbf;RB;RB 68;68;12907;8006680;8006680%2021-12-16T07:13:00.000Z%,8000371,8000357,8001027,8006581,8002625,8000319,8005649,8005241,8000323,;426
2021-12-16T07:45:00.000Z;Zweibrücken Hbf;RB;RB 68;68;12910;8006680;8006680%2021-12-16T07:45:00.000Z%,8006682,8001341,8005673,8001406,8001407,8005094,8002895,8005843,8000876,8004822,;426
2021-12-16T08:13:00.000Z;Zweibrücken Hbf;RB;RB 68;68;12909;8006680;8006680%2021-12-16T08:13:00.000Z%,8000371,8000357,8001027,8006581,8002625,8000319,8005649,8005241,8000323,;426
2021-12-16T08:45:00.000Z;Zweibrücken Hbf;RB;RB 68;68;12912;8006680;8006680%2021-12-16T08:45:00.000Z%,8006682,8001341,8005673,8001406,8001407,8005094,8002895,8005843,8000876,8004822,;426
2021-12-16T09:13:00.000Z;Zweibrücken Hbf;RB;RB 68;68;12911;8006680;8006680%2021-12-16T09:13:00.000Z%,8000371,8000357,8001027,8006581,8002625,8000319,8005649,8005241,8000323,;426
2021-12-16T09:45:00.000Z;Zweibrücken Hbf;RB;RB 68;68;12914;8006680;8006680%2021-12-16T09:45:00.000Z%,8006682,8001341,8005673,8001406,8001407,8005094,8002895,8005843,8000876,8004822,;426
2021-12-16T10:13:00.000Z;Zweibrücken Hbf;RB;RB 68;68;12913;8006680;8006680%2021-12-16T10:13:00.000Z%,8000371,8000357,8001027,8006581,8002625,8000319,8005649,8005241,8000323,;426
2021-12-16T10:45:00.000Z;Zweibrücken Hbf;RB;RB 68;68;12916;8006680;8006680%2021-12-16T10:45:00.000Z%,8006682,8001341,8005673,8001406,8001407,8005094,8002895,8005843,8000876,8004822,;426
2021-12-16T11:13:00.000Z;Zweibrücken Hbf;RB;RB 68;68;12915;8006680;8006680%2021-12-16T11:13:00.000Z%,8000371,8000357,8001027,8006581,8002625,8000319,8005649,8005241,8000323,;426
2021-12-16T11:45:00.000Z;Zweibrücken Hbf;RB;RB 68;68;12918;8006680;8006680%2021-12-16T11:45:00.000Z%,8006682,8001341,8005673,8001406,8001407,8005094,8002895,8005843,8000876,8004822,;426
2021-12-16T12:13:00.000Z;Zweibrücken Hbf;RB;RB 68;68;12917;8006680;8006680%2021-12-16T12:13:00.000Z%,8000371,8000357,8001027,8006581,8002625,8000319,8005649,8005241,8000323,;426
2021-12-16T12:14:00.000Z;Zweibrücken Hbf;RB;RB 68;68;12920;8006680;8006680%2021-12-16T12:14:00.000Z%,8006682,8001341,8005673,8001406,8001407,8005094,8002895,8005843,8000876,;426
2021-12-16T12:45:00.000Z;Zweibrücken Hbf;RB;RB 68;68;12922;8006680;8006680%2021-12-16T12:45:00.000Z%,8006682,8001341,8005673,8001406,8001407,8005094,8002895,8005843,8000876,8004822,;426
2021-12-16T13:13:00.000Z;Zweibrücken Hbf;RB;RB 68;68;12919;8006680;8006680%2021-12-16T13:13:00.000Z%,8000371,8000357,8001027,8006581,8002625,8000319,8005649,8005241,8000323,;426
2021-12-16T13:45:00.000Z;Zweibrücken Hbf;RB;RB 68;68;12924;8006680;8006680%2021-12-16T13:45:00.000Z%,8006682,8001341,8005673,8001406,8001407,8005094,8002895,8005843,8000876,8004822,;426
2021-12-16T14:13:00.000Z;Zweibrücken Hbf;RB;RB 68;68;12921;8006680;8006680%2021-12-16T14:13:00.000Z%,8000371,8000357,8001027,8006581,8002625,8000319,8005649,8005306,8000323,;426
2021-12-16T14:45:00.000Z;Zweibrücken Hbf;RB;RB 68;68;12926;8006680;8006680%2021-12-16T14:45:00.000Z%,8006682,8001341,8005673,8001406,8001407,8005094,8002895,8005843,8000876,8004822,;426
2021-12-16T15:13:00.000Z;Zweibrücken Hbf;RB;RB 68;68;12923;8006680;8006680%2021-12-16T15:13:00.000Z%,8000371,8000357,8001027,8006581,8002625,8000319,8005649,8005306,8000323,;426
2021-12-16T15:45:00.000Z;Zweibrücken Hbf;RB;RB 68;68;12928;8006680;8006680%2021-12-16T15:45:00.000Z%,8006682,8001341,8005673,8001406,8001407,8005094,8002895,8005843,8000876,8004822,;426
2021-12-16T16:13:00.000Z;Zweibrücken Hbf;RB;RB 68;68;12925;8006680;8006680%2021-12-16T16:13:00.000Z%,8000371,8000357,8001027,8006581,8002625,8000319,8005649,8005306,8000323,;426
2021-12-16T16:45:00.000Z;Zweibrücken Hbf;RB;RB 68;68;12932;8006680;8006680%2021-12-16T16:45:00.000Z%,8006682,8001341,8005673,8001406,8001407,8005094,8002895,8005843,8000876,8004822,;426
2021-12-16T17:13:00.000Z;Zweibrücken Hbf;RB;RB 68;68;12927;8006680;8006680%2021-12-16T17:13:00.000Z%,8000371,8000357,8001027,8006581,8002625,8000319,8005649,8005241,8000323,;426
2021-12-16T17:45:00.000Z;Zweibrücken Hbf;RB;RB 68;68;12934;8006680;8006680%2021-12-16T17:45:00.000Z%,8006682,8001341,8005673,8001406,8001407,8005094,8002895,8005843,8000876,8004822,;426
2021-12-16T18:13:00.000Z;Zweibrücken Hbf;RB;RB 68;68;12929;8006680;8006680%2021-12-16T18:13:00.000Z%,8000371,8000357,8001027,8006581,8002625,8000319,8005649,8005241,8000323,;426
2021-12-16T18:45:00.000Z;Zweibrücken Hbf;RB;RB 68;68;12936;8006680;8006680%2021-12-16T18:45:00.000Z%,8006682,8001341,8005673,8001406,8001407,8005094,8002895,8005843,8000876,8004822,;426
2021-12-16T19:13:00.000Z;Zweibrücken Hbf;RB;RB 68;68;12931;8006680;8006680%2021-12-16T19:13:00.000Z%,8000371,8000357,8001027,8006581,8002625,8000319,8005649,8005241,8000323,;426
2021-12-16T19:45:00.000Z;Zweibrücken Hbf;RB;RB 68;68;12938;8006680;8006680%2021-12-16T19:45:00.000Z%,8006682,8001341,8005673,8001406,8001407,8005094,8002895,8005843,8000876,8004822,;426
2021-12-16T20:13:00.000Z;Zweibrücken Hbf;RB;RB 68;68;12933;8006680;8006680%2021-12-16T20:13:00.000Z%,8000371,8000357,8001027,8006581,8002625,8000319,8005649,8005241,8000323,;426
2021-12-15T20:49:00.000Z;Zwingenberg(Bergstr);RB;RB 68;68;15335;8006687;8006687%2021-12-15T20:50:00.000Z%1,8000877,8000031,8002757,8003571,8002748,8000377,8003792,8002430,8003489,8000631,8002687,8000156,;426
2021-12-15T20:49:00.000Z;Zwingenberg(Bergstr);RB;RB 67;67;15435;8006687;8006687%2021-12-15T20:50:00.000Z%1,8000877,8000031,8002757,8003571,8002748,8000377,8003792,8002430,8003489,8000631,8003841,8000244,;426
2021-12-15T21:10:00.000Z;Zwingenberg(Bergstr);RB;RB 67;67;15434;8006687;8006687%2021-12-15T21:11:00.000Z%1,8002498,8000948,8001379,8001377,8000068,8003523,8000105,;426
2021-12-15T21:10:00.000Z;Zwingenberg(Bergstr);RB;RB 68;68;15334;8006687;8006687%2021-12-15T21:11:00.000Z%1,8002498,8000948,8001379,8001377,8000068,8003523,8000105,;426
2021-12-15T21:49:00.000Z;Zwingenberg(Bergstr);RB;RB 68;68;15337;8006687;8006687%2021-12-15T21:49:00.000Z%,8000877,8000031,8002757,8003571,8002748,8000377,8003792,8002430,8003489,8000631,8002687,8000156,;426
2021-12-15T21:49:00.000Z;Zwingenberg(Bergstr);RB;RB 67;67;15437;8006687;8006687%2021-12-15T21:49:00.000Z%,8000877,8000031,8002757,8003571,8002748,8000377,8003792,8002430,8003489,8000631,8003841,8000244,;426
2021-12-15T22:06:00.000Z;Zwingenberg(Bergstr);RB;RB 67;67;15436;8006687;8006687%2021-12-15T22:06:00.000Z%,8002498,8000948,8001379,8001377,8000068,8003523,8000105,;426
2021-12-15T22:06:00.000Z;Zwingenberg(Bergstr);RB;RB 68;68;15336;8006687;8006687%2021-12-15T22:06:00.000Z%,8002498,8000948,8001379,8001377,8000068,8003523,8000105,;426
2021-12-15T22:49:00.000Z;Zwingenberg(Bergstr);RB;RB 68;68;15339;8006687;8006687%2021-12-15T22:49:00.000Z%,8000877,8000031,8002757,8003571,8002748,8000377,8003792,8002430,8003489,8000631,8002687,8000156,;426
2021-12-15T23:10:00.000Z;Zwingenberg(Bergstr);RB;RB 67;67;15438;8006687;8006687%2021-12-15T23:10:00.000Z%,8002498,8000948,8001379,8001377,8000068,8003523,8000105,;426
2021-12-15T23:10:00.000Z;Zwingenberg(Bergstr);RB;RB 68;68;15338;8006687;8006687%2021-12-15T23:10:00.000Z%,8002498,8000948,8001379,8001377,8000068,8003523,8000105,;426
2021-12-15T23:49:00.000Z;Zwingenberg(Bergstr);RB;RB 67;67;15443;8006687;8006687%2021-12-15T23:49:00.000Z%,8000877,8000031,8002757,8003571,8002748,8000377,8003792,8002430,8003489,8000631,8002687,8000156,;426
2021-12-16T03:51:00.000Z;Zwingenberg(Bergstr);RB;RB 68;68;15301;8006687;8006687%2021-12-16T03:51:00.000Z%,8000877,8000031,8002757,8003571,8002748,8000377,8003792,8002430,8003489,8000631,8002687,8000156,;426
2021-12-16T03:51:00.000Z;Zwingenberg(Bergstr);RB;RB 67;67;15401;8006687;8006687%2021-12-16T03:51:00.000Z%,8000877,8000031,8002757,8003571,8002748,8000377,8003792,8002430,8003489,8000631,8003847,8003841,8000244,;426
2021-12-16T04:12:00.000Z;Zwingenberg(Bergstr);RB;RB 68;68;15300;8006687;8006687%2021-12-16T04:12:00.000Z%,8002498,8000948,8001379,8001377,8000068,8003523,8000105,;426
2021-12-16T04:40:00.000Z;Zwingenberg(Bergstr);RB;RB 67;67;15400;8006687;8006687%2021-12-16T04:40:00.000Z%,8002498,8000948,8001379,8001377,8000068,8003523,8000105,;426
2021-12-16T04:51:00.000Z;Zwingenberg(Bergstr);RB;RB 68;68;15303;8006687;8006687%2021-12-16T04:51:00.000Z%,8000877,8000031,8002757,8003571,8002748,8000377,8003792,8002430,8003489,8000631,8002687,8000156,8002686,8005648,8006421,;426
2021-12-16T04:51:00.000Z;Zwingenberg(Bergstr);RB;RB 67;67;15403;8006687;8006687%2021-12-16T04:51:00.000Z%,8000877,8000031,8002757,8003571,8002748,8000377,8003792,8002430,8003489,8000631,8005494,;426
2021-12-16T05:05:00.000Z;Zwingenberg(Bergstr);RE;RE 60;60;4651;8006687;8006687%2021-12-16T05:05:00.000Z%,8000031,8002757,8002748,8000377,8003489,8000631,8003847,8003841,8000244,;602
2021-12-16T05:08:00.000Z;Zwingenberg(Bergstr);RB;RB 67;67;15402;8006687;8006687%2021-12-16T05:08:00.000Z%,8002498,8000948,8001379,8001377,8000068,8003523,8000105,;426
2021-12-16T05:08:00.000Z;Zwingenberg(Bergstr);RB;RB 68;68;15302;8006687;8006687%2021-12-16T05:08:00.000Z%,8002498,8000948,8001379,8001377,8000068,8003523,8000105,;426
2021-12-16T05:44:00.000Z;Zwingenberg(Bergstr);RE;RE 60;60;4652;8006687;8006687%2021-12-16T05:44:00.000Z%,8000948,8000068,8003523,8000105,;602
2021-12-16T05:49:00.000Z;Zwingenberg(Bergstr);RB;RB 68;68;15305;8006687;8006687%2021-12-16T05:49:00.000Z%,8000877,8000031,8002757,8003571,8002748,8000377,8003792,8002430,8003489,8000631,8002687,8000156,8002686,8005648,8006421,;426
2021-12-16T05:49:00.000Z;Zwingenberg(Bergstr);RB;RB 67;67;15405;8006687;8006687%2021-12-16T05:49:00.000Z%,8000877,8000031,8002757,8003571,8002748,8000377,8003792,8002430,8003489,8000631,8005494,8004658,8002883,;426
2021-12-16T06:05:00.000Z;Zwingenberg(Bergstr);RE;RE 60;60;4653;8006687;8006687%2021-12-16T06:05:00.000Z%,8000031,8002757,8002748,8000377,8003489,8000631,8000244,;602
2021-12-16T06:08:00.000Z;Zwingenberg(Bergstr);RB;RB 67;67;15404;8006687;8006687%2021-12-16T06:08:00.000Z%,8002498,8000948,8001379,8001377,8000068,8003523,8000105,;426
2021-12-16T06:08:00.000Z;Zwingenberg(Bergstr);RB;RB 68;68;15304;8006687;8006687%2021-12-16T06:08:00.000Z%,8002498,8000948,8001379,8001377,8000068,8003523,8000105,;426
2021-12-16T06:41:00.000Z;Zwingenberg(Bergstr);RB;RB 67;67;15444;8006687;8006687%2021-12-16T06:41:00.000Z%,8002498,8000948,8001379,8001377,8000068,8003523,8000105,;426
2021-12-16T06:52:00.000Z;Zwingenberg(Bergstr);RB;RB 68;68;15307;8006687;8006687%2021-12-16T06:52:00.000Z%,8000877,8000031,8002757,8003571,8002748,8000377,8003792,8002430,8003489,8000631,8002687,8000156,8002686,8005648,8006421,;426
2021-12-16T06:52:00.000Z;Zwingenberg(Bergstr);RB;RB 67;67;15407;8006687;8006687%2021-12-16T06:52:00.000Z%,8000877,8000031,8002757,8003571,8002748,8000377,8003792,8002430,8003489,8000631,8005494,;426
2021-12-16T06:56:00.000Z;Zwingenberg(Bergstr);RE;RE 60;60;4654;8006687;8006687%2021-12-16T06:56:00.000Z%,8000948,8000068,8003523,8000105,;602
2021-12-16T07:07:00.000Z;Zwingenberg(Bergstr);RB;RB 67;67;15406;8006687;8006687%2021-12-16T07:07:00.000Z%,8002498,8000948,8001379,8001377,8000068,8003523,8000105,;426
2021-12-16T07:07:00.000Z;Zwingenberg(Bergstr);RB;RB 68;68;15306;8006687;8006687%2021-12-16T07:07:00.000Z%,8002498,8000948,8001379,8001377,8000068,8003523,8000105,;426
2021-12-16T07:09:00.000Z;Zwingenberg(Bergstr);RE;RE 60;60;4655;8006687;8006687%2021-12-16T07:09:00.000Z%,8000031,8002757,8002748,8000377,8003489,8000631,8000244,;602
2021-12-16T07:52:00.000Z;Zwingenberg(Bergstr);RB;RB 68;68;15309;8006687;8006687%2021-12-16T07:52:00.000Z%,8000877,8000031,8002757,8003571,8002748,8000377,8003792,8002430,8003489,8000631,8002687,8000156,8002686,8005648,8006421,;426
2021-12-16T07:52:00.000Z;Zwingenberg(Bergstr);RB;RB 67;67;15409;8006687;8006687%2021-12-16T07:52:00.000Z%,8000877,8000031,8002757,8003571,8002748,8000377,8003792,8002430,8003489,8000631,8005494,;426
2021-12-16T07:55:00.000Z;Zwingenberg(Bergstr);RE;RE 60;60;4656;8006687;8006687%2021-12-16T07:55:00.000Z%,8000948,8000068,8003523,8000105,;602
2021-12-16T08:05:00.000Z;Zwingenberg(Bergstr);RE;RE 60;60;4657;8006687;8006687%2021-12-16T08:05:00.000Z%,8000031,8002757,8002748,8000377,8003489,8000631,8000244,;602
2021-12-16T08:06:00.000Z;Zwingenberg(Bergstr);RB;RB 67;67;15408;8006687;8006687%2021-12-16T08:06:00.000Z%,8002498,8000948,8001379,8001377,8000068,8003523,8000105,;426
2021-12-16T08:06:00.000Z;Zwingenberg(Bergstr);RB;RB 68;68;15308;8006687;8006687%2021-12-16T08:06:00.000Z%,8002498,8000948,8001379,8001377,8000068,8003523,8000105,;426
2021-12-16T08:51:00.000Z;Zwingenberg(Bergstr);RE;RE 60;60;4658;8006687;8006687%2021-12-16T08:51:00.000Z%,8000948,8000068,8003523,8000105,;602
2021-12-16T08:52:00.000Z;Zwingenberg(Bergstr);RB;RB 68;68;15311;8006687;8006687%2021-12-16T08:52:00.000Z%,8000877,8000031,8002757,8003571,8002748,8000377,8003792,8002430,8003489,8000631,8002687,8000156,8002686,8005648,8006421,;426
2021-12-16T08:52:00.000Z;Zwingenberg(Bergstr);RB;RB 67;67;15411;8006687;8006687%2021-12-16T08:52:00.000Z%,8000877,8000031,8002757,8003571,8002748,8000377,8003792,8002430,8003489,8000631,8005494,;426
2021-12-16T09:06:00.000Z;Zwingenberg(Bergstr);RB;RB 67;67;15410;8006687;8006687%2021-12-16T09:06:00.000Z%,8002498,8000948,8001379,8001377,8000068,8003523,8000105,;426
2021-12-16T09:06:00.000Z;Zwingenberg(Bergstr);RB;RB 68;68;15310;8006687;8006687%2021-12-16T09:06:00.000Z%,8002498,8000948,8001379,8001377,8000068,8003523,8000105,;426
2021-12-16T09:07:00.000Z;Zwingenberg(Bergstr);RE;RE 60;60;4659;8006687;8006687%2021-12-16T09:07:00.000Z%,8000031,8002757,8002748,8000377,8003489,8000631,8000244,;602
2021-12-16T09:52:00.000Z;Zwingenberg(Bergstr);RB;RB 68;68;15313;8006687;8006687%2021-12-16T09:52:00.000Z%,8000877,8000031,8002757,8003571,8002748,8000377,8003792,8002430,8003489,8000631,8002687,8000156,8002686,8005648,8006421,;426
2021-12-16T09:52:00.000Z;Zwingenberg(Bergstr);RB;RB 67;67;15413;8006687;8006687%2021-12-16T09:52:00.000Z%,8000877,8000031,8002757,8003571,8002748,8000377,8003792,8002430,8003489,8000631,8005494,;426
2021-12-16T09:55:00.000Z;Zwingenberg(Bergstr);RE;RE 60;60;4660;8006687;8006687%2021-12-16T09:55:00.000Z%,8000948,8000068,8003523,8000105,;602
2021-12-16T10:05:00.000Z;Zwingenberg(Bergstr);RE;RE 60;60;4661;8006687;8006687%2021-12-16T10:05:00.000Z%,8000031,8002757,8002748,8000377,8003489,8000631,8000244,;602
2021-12-16T10:06:00.000Z;Zwingenberg(Bergstr);RB;RB 67;67;15412;8006687;8006687%2021-12-16T10:06:00.000Z%,8002498,8000948,8001379,8001377,8000068,8003523,8000105,;426
2021-12-16T10:06:00.000Z;Zwingenberg(Bergstr);RB;RB 68;68;15312;8006687;8006687%2021-12-16T10:06:00.000Z%,8002498,8000948,8001379,8001377,8000068,8003523,8000105,;426
2021-12-16T10:52:00.000Z;Zwingenberg(Bergstr);RB;RB 68;68;15315;8006687;8006687%2021-12-16T10:52:00.000Z%,8000877,8000031,8002757,8003571,8002748,8000377,8003792,8002430,8003489,8000631,8002687,8000156,8002686,8005648,8006421,;426
2021-12-16T10:52:00.000Z;Zwingenberg(Bergstr);RB;RB 67;67;15415;8006687;8006687%2021-12-16T10:52:00.000Z%,8000877,8000031,8002757,8003571,8002748,8000377,8003792,8002430,8003489,8000631,8005494,;426
2021-12-16T10:55:00.000Z;Zwingenberg(Bergstr);RE;RE 60;60;4662;8006687;8006687%2021-12-16T10:55:00.000Z%,8000948,8000068,8003523,8000105,;602
2021-12-16T11:02:00.000Z;Zwingenberg(Bergstr);RE;RE 60;60;4663;8006687;8006687%2021-12-16T11:02:00.000Z%,8000031,8002757,8002748,8000377,8003489,8000631,8000244,;602
2021-12-16T11:06:00.000Z;Zwingenberg(Bergstr);RB;RB 67;67;15414;8006687;8006687%2021-12-16T11:06:00.000Z%,8002498,8000948,8001379,8001377,8000068,8003523,8000105,;426
2021-12-16T11:06:00.000Z;Zwingenberg(Bergstr);RB;RB 68;68;15314;8006687;8006687%2021-12-16T11:06:00.000Z%,8002498,8000948,8001379,8001377,8000068,8003523,8000105,;426
2021-12-16T11:52:00.000Z;Zwingenberg(Bergstr);RB;RB 68;68;15317;8006687;8006687%2021-12-16T11:52:00.000Z%,8000877,8000031,8002757,8003571,8002748,8000377,8003792,8002430,8003489,8000631,8002687,8000156,8002686,8005648,8006421,;426
2021-12-16T11:52:00.000Z;Zwingenberg(Bergstr);RB;RB 67;67;15417;8006687;8006687%2021-12-16T11:52:00.000Z%,8000877,8000031,8002757,8003571,8002748,8000377,8003792,8002430,8003489,8000631,8005494,;426
2021-12-16T11:55:00.000Z;Zwingenberg(Bergstr);RE;RE 60;60;4664;8006687;8006687%2021-12-16T11:55:00.000Z%,8000948,8000068,8003523,8000105,;602
2021-12-16T12:05:00.000Z;Zwingenberg(Bergstr);RE;RE 60;60;4665;8006687;8006687%2021-12-16T12:05:00.000Z%,8000031,8002757,8002748,8000377,8003489,8000631,8000244,;602
2021-12-16T12:06:00.000Z;Zwingenberg(Bergstr);RB;RB 67;67;15416;8006687;8006687%2021-12-16T12:06:00.000Z%,8002498,8000948,8001379,8001377,8000068,8003523,8000105,;426
2021-12-16T12:06:00.000Z;Zwingenberg(Bergstr);RB;RB 68;68;15316;8006687;8006687%2021-12-16T12:06:00.000Z%,8002498,8000948,8001379,8001377,8000068,8003523,8000105,;426
2021-12-16T12:52:00.000Z;Zwingenberg(Bergstr);RB;RB 68;68;15319;8006687;8006687%2021-12-16T12:52:00.000Z%,8000877,8000031,8002757,8003571,8002748,8000377,8003792,8002430,8003489,8000631,8002687,8000156,8002686,8005648,8006421,;426
2021-12-16T12:52:00.000Z;Zwingenberg(Bergstr);RE;RE 60;60;4666;8006687;8006687%2021-12-16T12:52:00.000Z%,8000948,8000068,8003523,8000105,;602
2021-12-16T12:52:00.000Z;Zwingenberg(Bergstr);RB;RB 67;67;15419;8006687;8006687%2021-12-16T12:52:00.000Z%,8000877,8000031,8002757,8003571,8002748,8000377,8003792,8002430,8003489,8000631,8005494,;426
2021-12-16T13:02:00.000Z;Zwingenberg(Bergstr);RE;RE 60;60;4667;8006687;8006687%2021-12-16T13:02:00.000Z%,8000031,8002757,8002748,8000377,8003489,8000631,8000244,;602
2021-12-16T13:06:00.000Z;Zwingenberg(Bergstr);RB;RB 67;67;15418;8006687;8006687%2021-12-16T13:06:00.000Z%,8002498,8000948,8001379,8001377,8000068,8003523,8000105,;426
2021-12-16T13:06:00.000Z;Zwingenberg(Bergstr);RB;RB 68;68;15318;8006687;8006687%2021-12-16T13:06:00.000Z%,8002498,8000948,8001379,8001377,8000068,8003523,8000105,;426
2021-12-16T13:52:00.000Z;Zwingenberg(Bergstr);RB;RB 68;68;15321;8006687;8006687%2021-12-16T13:52:00.000Z%,8000877,8000031,8002757,8003571,8002748,8000377,8003792,8002430,8003489,8000631,8002687,8000156,8002686,8005648,8006421,;426
2021-12-16T13:52:00.000Z;Zwingenberg(Bergstr);RB;RB 67;67;15421;8006687;8006687%2021-12-16T13:52:00.000Z%,8000877,8000031,8002757,8003571,8002748,8000377,8003792,8002430,8003489,8000631,8005494,8004658,8002883,;426
2021-12-16T13:55:00.000Z;Zwingenberg(Bergstr);RE;RE 60;60;4668;8006687;8006687%2021-12-16T13:55:00.000Z%,8000948,8000068,8003523,8000105,;602
2021-12-16T14:05:00.000Z;Zwingenberg(Bergstr);RE;RE 60;60;4669;8006687;8006687%2021-12-16T14:05:00.000Z%,8000031,8002757,8002748,8000377,8003489,8000631,8000244,;602
2021-12-16T14:06:00.000Z;Zwingenberg(Bergstr);RB;RB 67;67;15420;8006687;8006687%2021-12-16T14:06:00.000Z%,8002498,8000948,8001379,8001377,8000068,8003523,8000105,;426
2021-12-16T14:06:00.000Z;Zwingenberg(Bergstr);RB;RB 68;68;15320;8006687;8006687%2021-12-16T14:06:00.000Z%,8002498,8000948,8001379,8001377,8000068,8003523,8000105,;426
2021-12-16T14:52:00.000Z;Zwingenberg(Bergstr);RB;RB 68;68;15323;8006687;8006687%2021-12-16T14:52:00.000Z%,8000877,8000031,8002757,8003571,8002748,8000377,8003792,8002430,8003489,8000631,8002687,8000156,8002686,8005648,8006421,;426
2021-12-16T14:52:00.000Z;Zwingenberg(Bergstr);RB;RB 67;67;15423;8006687;8006687%2021-12-16T14:52:00.000Z%,8000877,8000031,8002757,8003571,8002748,8000377,8003792,8002430,8003489,8000631,8005494,8004658,8002883,;426
2021-12-16T14:55:00.000Z;Zwingenberg(Bergstr);RE;RE 60;60;4670;8006687;8006687%2021-12-16T14:55:00.000Z%,8000948,8000068,8003523,8000105,;602
2021-12-16T15:04:00.000Z;Zwingenberg(Bergstr);RE;RE 60;60;4671;8006687;8006687%2021-12-16T15:04:00.000Z%,8000031,8002757,8002748,8000377,8003489,8000631,8000244,;602
2021-12-16T15:06:00.000Z;Zwingenberg(Bergstr);RB;RB 67;67;15422;8006687;8006687%2021-12-16T15:06:00.000Z%,8002498,8000948,8001379,8001377,8000068,8003523,8000105,;426
2021-12-16T15:06:00.000Z;Zwingenberg(Bergstr);RB;RB 68;68;15322;8006687;8006687%2021-12-16T15:06:00.000Z%,8002498,8000948,8001379,8001377,8000068,8003523,8000105,;426
2021-12-16T15:52:00.000Z;Zwingenberg(Bergstr);RB;RB 68;68;15325;8006687;8006687%2021-12-16T15:52:00.000Z%,8000877,8000031,8002757,8003571,8002748,8000377,8003792,8002430,8003489,8000631,8002687,8000156,8002686,8005648,8006421,;426
2021-12-16T15:52:00.000Z;Zwingenberg(Bergstr);RB;RB 67;67;15425;8006687;8006687%2021-12-16T15:52:00.000Z%,8000877,8000031,8002757,8003571,8002748,8000377,8003792,8002430,8003489,8000631,8005494,;426
2021-12-16T15:55:00.000Z;Zwingenberg(Bergstr);RE;RE 60;60;4672;8006687;8006687%2021-12-16T15:55:00.000Z%,8000948,8000068,8003523,8000105,;602
2021-12-16T16:05:00.000Z;Zwingenberg(Bergstr);RE;RE 60;60;4673;8006687;8006687%2021-12-16T16:05:00.000Z%,8000031,8002757,8002748,8000377,8003489,8000631,8000244,;602
2021-12-16T16:06:00.000Z;Zwingenberg(Bergstr);RB;RB 67;67;15424;8006687;8006687%2021-12-16T16:06:00.000Z%,8002498,8000948,8001379,8001377,8000068,8003523,8000105,;426
2021-12-16T16:06:00.000Z;Zwingenberg(Bergstr);RB;RB 68;68;15324;8006687;8006687%2021-12-16T16:06:00.000Z%,8002498,8000948,8001379,8001377,8000068,8003523,8000105,;426
2021-12-16T16:52:00.000Z;Zwingenberg(Bergstr);RB;RB 68;68;15327;8006687;8006687%2021-12-16T16:52:00.000Z%,8000877,8000031,8002757,8003571,8002748,8000377,8003792,8002430,8003489,8000631,8002687,8000156,8002686,8005648,8006421,;426
2021-12-16T16:52:00.000Z;Zwingenberg(Bergstr);RB;RB 67;67;15427;8006687;8006687%2021-12-16T16:52:00.000Z%,8000877,8000031,8002757,8003571,8002748,8000377,8003792,8002430,8003489,8000631,8005494,;426
2021-12-16T16:55:00.000Z;Zwingenberg(Bergstr);RE;RE 60;60;4674;8006687;8006687%2021-12-16T16:55:00.000Z%,8000948,8000068,8003523,8000105,;602
2021-12-16T17:06:00.000Z;Zwingenberg(Bergstr);RB;RB 67;67;15426;8006687;8006687%2021-12-16T17:06:00.000Z%,8002498,8000948,8001379,8001377,8000068,8003523,8000105,;426
2021-12-16T17:06:00.000Z;Zwingenberg(Bergstr);RB;RB 68;68;15326;8006687;8006687%2021-12-16T17:06:00.000Z%,8002498,8000948,8001379,8001377,8000068,8003523,8000105,;426
2021-12-16T17:20:00.000Z;Zwingenberg(Bergstr);RB;RB 67;67;15441;8006687;8006687%2021-12-16T17:20:00.000Z%,8000877,8000031,8002757,8002748,8000377,8003489,8000631,8000244,;426
2021-12-16T17:52:00.000Z;Zwingenberg(Bergstr);RB;RB 68;68;15329;8006687;8006687%2021-12-16T17:52:00.000Z%,8000877,8000031,8002757,8003571,8002748,8000377,8003792,8002430,8003489,8000631,8002687,8000156,8002686,8005648,8006421,;426
2021-12-16T17:52:00.000Z;Zwingenberg(Bergstr);RB;RB 67;67;15429;8006687;8006687%2021-12-16T17:52:00.000Z%,8000877,8000031,8002757,8003571,8002748,8000377,8003792,8002430,8003489,8000631,8005494,;426
2021-12-16T17:55:00.000Z;Zwingenberg(Bergstr);RE;RE 60;60;4676;8006687;8006687%2021-12-16T17:55:00.000Z%,8000948,8000068,8003523,8000105,;602
2021-12-16T18:05:00.000Z;Zwingenberg(Bergstr);RE;RE 60;60;4677;8006687;8006687%2021-12-16T18:05:00.000Z%,8000031,8002757,8002748,8000377,8003489,8000631,8000244,;602
2021-12-16T18:06:00.000Z;Zwingenberg(Bergstr);RB;RB 67;67;15428;8006687;8006687%2021-12-16T18:06:00.000Z%,8002498,8000948,8001379,8001377,8000068,8003523,8000105,;426
2021-12-16T18:06:00.000Z;Zwingenberg(Bergstr);RB;RB 68;68;15328;8006687;8006687%2021-12-16T18:06:00.000Z%,8002498,8000948,8001379,8001377,8000068,8003523,8000105,;426
2021-12-16T18:52:00.000Z;Zwingenberg(Bergstr);RB;RB 68;68;15331;8006687;8006687%2021-12-16T18:52:00.000Z%,8000877,8000031,8002757,8003571,8002748,8000377,8003792,8002430,8003489,8000631,8002687,8000156,;426
2021-12-16T18:52:00.000Z;Zwingenberg(Bergstr);RB;RB 67;67;15431;8006687;8006687%2021-12-16T18:52:00.000Z%,8000877,8000031,8002757,8003571,8002748,8000377,8003792,8002430,8003489,8000631,8000244,;426
2021-12-16T18:55:00.000Z;Zwingenberg(Bergstr);RE;RE 60;60;4678;8006687;8006687%2021-12-16T18:55:00.000Z%,8000948,8000068,8003523,8000105,;602
2021-12-16T19:02:00.000Z;Zwingenberg(Bergstr);RE;RE 60;60;4679;8006687;8006687%2021-12-16T19:02:00.000Z%,8000031,8002757,8002748,8000377,8003489,8000631,8000244,;602
2021-12-16T19:06:00.000Z;Zwingenberg(Bergstr);RB;RB 67;67;15430;8006687;8006687%2021-12-16T19:06:00.000Z%,8002498,8000948,8001379,8001377,8000068,8003523,8000105,;426
2021-12-16T19:06:00.000Z;Zwingenberg(Bergstr);RB;RB 68;68;15330;8006687;8006687%2021-12-16T19:06:00.000Z%,8002498,8000948,8001379,8001377,8000068,8003523,8000105,;426
2021-12-16T19:52:00.000Z;Zwingenberg(Bergstr);RB;RB 68;68;15333;8006687;8006687%2021-12-16T19:52:00.000Z%,8000877,8000031,8002757,8003571,8002748,8000377,8003792,8002430,8003489,8000631,8002687,8000156,;426
2021-12-16T19:52:00.000Z;Zwingenberg(Bergstr);RB;RB 67;67;15433;8006687;8006687%2021-12-16T19:52:00.000Z%,8000877,8000031,8002757,8003571,8002748,8000377,8003792,8002430,8003489,8000631,8000244,;426
2021-12-16T19:55:00.000Z;Zwingenberg(Bergstr);RE;RE 60;60;4680;8006687;8006687%2021-12-16T19:55:00.000Z%,8000948,8000068,8003523,8000105,;602
2021-12-16T20:05:00.000Z;Zwingenberg(Bergstr);RE;RE 60;60;4681;8006687;8006687%2021-12-16T20:05:00.000Z%,8000031,8002757,8002748,8000377,8003489,8000631,8000244,;602
2021-12-16T20:07:00.000Z;Zwingenberg(Bergstr);RB;RB 67;67;15432;8006687;8006687%2021-12-16T20:07:00.000Z%,8002498,8000948,8001379,8001377,8000068,8003523,8000105,;426
2021-12-16T20:07:00.000Z;Zwingenberg(Bergstr);RB;RB 68;68;15332;8006687;8006687%2021-12-16T20:07:00.000Z%,8002498,8000948,8001379,8001377,8000068,8003523,8000105,;426
2021-12-16T07:17:00.000Z;Unterschleißheim;RB;RB 33;33;57945;8006688;8006688%2021-12-16T07:17:00.000Z%,8004147,8004155,8000261,;426
2021-12-15T20:22:00.000Z;Lübeck-Travem. Skandinavienkai;RB;RB 86;86;11532;8006704;8006704%2021-12-15T20:22:00.000Z%0,8003777,8003778,;426
2021-12-15T20:37:00.000Z;Lübeck-Travem. Skandinavienkai;RB;RB 86;86;11537;8006704;8006704%2021-12-15T20:37:00.000Z%0,8003776,8003786,8000237,;426
2021-12-15T21:22:00.000Z;Lübeck-Travem. Skandinavienkai;RB;RB 86;86;11534;8006704;8006704%2021-12-15T21:22:00.000Z%,8003777,8003778,;426
2021-12-15T21:37:00.000Z;Lübeck-Travem. Skandinavienkai;RB;RB 86;86;11539;8006704;8006704%2021-12-15T21:37:00.000Z%,8003776,8003786,8000237,;426
2021-12-15T22:22:00.000Z;Lübeck-Travem. Skandinavienkai;RB;RB 86;86;11536;8006704;8006704%2021-12-15T22:22:00.000Z%,8003777,8003778,;426
2021-12-15T22:37:00.000Z;Lübeck-Travem. Skandinavienkai;RB;RB 86;86;11541;8006704;8006704%2021-12-15T22:37:00.000Z%,8003776,8003786,8000237,;426
2021-12-16T04:22:00.000Z;Lübeck-Travem. Skandinavienkai;RB;RB 86;86;11500;8006704;8006704%2021-12-16T04:22:00.000Z%,8003777,8003778,;426
2021-12-16T04:37:00.000Z;Lübeck-Travem. Skandinavienkai;RB;RB 86;86;11505;8006704;8006704%2021-12-16T04:37:00.000Z%,8003776,8003786,8000237,;426
2021-12-16T05:22:00.000Z;Lübeck-Travem. Skandinavienkai;RB;RB 86;86;11502;8006704;8006704%2021-12-16T05:22:00.000Z%,8003777,8003778,;426
2021-12-16T05:37:00.000Z;Lübeck-Travem. Skandinavienkai;RB;RB 86;86;11507;8006704;8006704%2021-12-16T05:37:00.000Z%,8003776,8003786,8000237,;426
2021-12-16T06:22:00.000Z;Lübeck-Travem. Skandinavienkai;RB;RB 86;86;11504;8006704;8006704%2021-12-16T06:22:00.000Z%,8003777,8003778,;426
2021-12-16T06:37:00.000Z;Lübeck-Travem. Skandinavienkai;RB;RB 86;86;11509;8006704;8006704%2021-12-16T06:37:00.000Z%,8003776,8003786,8000237,;426
2021-12-16T07:22:00.000Z;Lübeck-Travem. Skandinavienkai;RB;RB 86;86;11506;8006704;8006704%2021-12-16T07:22:00.000Z%,8003777,8003778,;426
2021-12-16T07:37:00.000Z;Lübeck-Travem. Skandinavienkai;RB;RB 86;86;11511;8006704;8006704%2021-12-16T07:37:00.000Z%,8003776,8003786,8000237,;426
2021-12-16T08:22:00.000Z;Lübeck-Travem. Skandinavienkai;RB;RB 86;86;11508;8006704;8006704%2021-12-16T08:22:00.000Z%,8003777,8003778,;426
2021-12-16T08:37:00.000Z;Lübeck-Travem. Skandinavienkai;RB;RB 86;86;11513;8006704;8006704%2021-12-16T08:37:00.000Z%,8003776,8003786,8000237,;426
2021-12-16T09:22:00.000Z;Lübeck-Travem. Skandinavienkai;RB;RB 86;86;11510;8006704;8006704%2021-12-16T09:22:00.000Z%,8003777,8003778,;426
2021-12-16T09:37:00.000Z;Lübeck-Travem. Skandinavienkai;RB;RB 86;86;11515;8006704;8006704%2021-12-16T09:37:00.000Z%,8003776,8003786,8000237,;426
2021-12-16T10:22:00.000Z;Lübeck-Travem. Skandinavienkai;RB;RB 86;86;11512;8006704;8006704%2021-12-16T10:22:00.000Z%,8003777,8003778,;426
2021-12-16T10:37:00.000Z;Lübeck-Travem. Skandinavienkai;RB;RB 86;86;11517;8006704;8006704%2021-12-16T10:37:00.000Z%,8003776,8003786,8000237,;426
2021-12-16T11:22:00.000Z;Lübeck-Travem. Skandinavienkai;RB;RB 86;86;11514;8006704;8006704%2021-12-16T11:22:00.000Z%,8003777,8003778,;426
2021-12-16T11:37:00.000Z;Lübeck-Travem. Skandinavienkai;RB;RB 86;86;11519;8006704;8006704%2021-12-16T11:37:00.000Z%,8003776,8003786,8000237,;426
2021-12-16T12:22:00.000Z;Lübeck-Travem. Skandinavienkai;RB;RB 86;86;11516;8006704;8006704%2021-12-16T12:22:00.000Z%,8003777,8003778,;426
2021-12-16T12:37:00.000Z;Lübeck-Travem. Skandinavienkai;RB;RB 86;86;11521;8006704;8006704%2021-12-16T12:37:00.000Z%,8003776,8003786,8000237,;426
2021-12-16T13:22:00.000Z;Lübeck-Travem. Skandinavienkai;RB;RB 86;86;11518;8006704;8006704%2021-12-16T13:22:00.000Z%,8003777,8003778,;426
2021-12-16T13:37:00.000Z;Lübeck-Travem. Skandinavienkai;RB;RB 86;86;11523;8006704;8006704%2021-12-16T13:37:00.000Z%,8003776,8003786,8000237,;426
2021-12-16T14:22:00.000Z;Lübeck-Travem. Skandinavienkai;RB;RB 86;86;11520;8006704;8006704%2021-12-16T14:22:00.000Z%,8003777,8003778,;426
2021-12-16T14:37:00.000Z;Lübeck-Travem. Skandinavienkai;RB;RB 86;86;11525;8006704;8006704%2021-12-16T14:37:00.000Z%,8003776,8003786,8000237,;426
2021-12-16T15:22:00.000Z;Lübeck-Travem. Skandinavienkai;RB;RB 86;86;11522;8006704;8006704%2021-12-16T15:22:00.000Z%,8003777,8003778,;426
2021-12-16T15:37:00.000Z;Lübeck-Travem. Skandinavienkai;RB;RB 86;86;11527;8006704;8006704%2021-12-16T15:37:00.000Z%,8003776,8003786,8000237,;426
2021-12-16T16:22:00.000Z;Lübeck-Travem. Skandinavienkai;RB;RB 86;86;11524;8006704;8006704%2021-12-16T16:22:00.000Z%,8003777,8003778,;426
2021-12-16T16:37:00.000Z;Lübeck-Travem. Skandinavienkai;RB;RB 86;86;11529;8006704;8006704%2021-12-16T16:37:00.000Z%,8003776,8003786,8000237,;426
2021-12-16T17:22:00.000Z;Lübeck-Travem. Skandinavienkai;RB;RB 86;86;11526;8006704;8006704%2021-12-16T17:22:00.000Z%,8003777,8003778,;426
2021-12-16T17:37:00.000Z;Lübeck-Travem. Skandinavienkai;RB;RB 86;86;11531;8006704;8006704%2021-12-16T17:37:00.000Z%,8003776,8003786,8000237,;426
2021-12-16T18:22:00.000Z;Lübeck-Travem. Skandinavienkai;RB;RB 86;86;11528;8006704;8006704%2021-12-16T18:22:00.000Z%,8003777,8003778,;426
2021-12-16T18:37:00.000Z;Lübeck-Travem. Skandinavienkai;RB;RB 86;86;11533;8006704;8006704%2021-12-16T18:37:00.000Z%,8003776,8003786,8000237,;426
2021-12-16T19:22:00.000Z;Lübeck-Travem. Skandinavienkai;RB;RB 86;86;11530;8006704;8006704%2021-12-16T19:22:00.000Z%,8003777,8003778,;426
2021-12-16T19:37:00.000Z;Lübeck-Travem. Skandinavienkai;RB;RB 86;86;11535;8006704;8006704%2021-12-16T19:37:00.000Z%,8003776,8003786,8000237,;426
2021-12-15T20:22:00.000Z;Hann Münden;RE;RE 2;2;16267;8006707;8006707%2021-12-15T20:23:00.000Z%1,8006524,8000090,8011054,8013159,8011849,8010203,8012993,8010235,8011746,8012919,8010020,8011687,8010081,8010198,8010102,8010101,;602
2021-12-15T20:36:00.000Z;Hann Münden;RE;RE 9;9;74716;8006707;8006707%2021-12-15T20:40:00.000Z%4,8000193,;602
2021-12-15T20:53:00.000Z;Hann Münden;RB;RB 83;83;24035;8006707;8006707%2021-12-15T20:53:00.000Z%0,8005623,8003053,8004415,8000193,;426
2021-12-15T21:06:00.000Z;Hann Münden;RB;RB 83;83;24034;8006707;8006707%2021-12-15T21:06:00.000Z%0,8002677,8002259,8006524,8000090,8002102,8000128,;426
2021-12-15T21:53:00.000Z;Hann Münden;RB;RB 83;83;24037;8006707;8006707%2021-12-15T21:53:00.000Z%0,8005623,8003053,8004415,8000193,;426
2021-12-15T22:06:00.000Z;Hann Münden;RB;RB 83;83;24036;8006707;8006707%2021-12-15T22:06:00.000Z%0,8002677,8002259,8006524,8000090,8002102,8000128,;426
2021-12-15T22:53:00.000Z;Hann Münden;RB;RB 83;83;24039;8006707;8006707%2021-12-15T22:53:00.000Z%0,8005623,8003053,8004415,8000193,;426
2021-12-15T23:06:00.000Z;Hann Münden;RB;RB 83;83;24038;8006707;8006707%2021-12-15T23:06:00.000Z%0,8002677,8002259,8006524,8000090,8002102,8000128,;426
2021-12-16T03:36:00.000Z;Hann Münden;RE;RE 9;9;74747;8006707;8006707%2021-12-16T03:36:00.000Z%,8002677,8002259,8006524,8000090,8011054,8013159,8011849,8011219,8013315,8011178,8010203,8011172,8013004,8010055,8010385,8010256,8010032,8012796,8011138,8013217,8010312,8012766,8010054,8013336,8012279,8011496,8010299,8011038,8013230,8013110,8013111,8013425,8011043,8080590,8013448,8080570,8010159,;602
2021-12-16T03:53:00.000Z;Hann Münden;RB;RB 83;83;24001;8006707;8006707%2021-12-16T03:53:00.000Z%,8005623,8003053,8004415,8000193,;426
2021-12-16T04:20:00.000Z;Hann Münden;RE;RE 9;9;74738;8006707;8006707%2021-12-16T04:20:00.000Z%,8005623,8003053,8004415,8000193,;602
2021-12-16T04:37:00.000Z;Hann Münden;RB;RB 83;83;24050;8006707;8006707%2021-12-16T04:37:00.000Z%,8002677,8002259,8006524,8000090,8002102,8000128,;426
2021-12-16T04:53:00.000Z;Hann Münden;RB;RB 83;83;24003;8006707;8006707%2021-12-16T04:53:00.000Z%,8005623,8003053,8004415,8000193,;426
2021-12-16T05:05:00.000Z;Hann Münden;RE;RE 9;9;74703;8006707;8006707%2021-12-16T05:05:00.000Z%,8002677,8002259,8006524,8000090,8011054,8013159,8011849,8011219,8013315,8011178,8010203,8013004,8010055,8010385,8010256,8011860,8011657,8010032,8012796,8011138,8013217,8010312,8010054,8013336,8012279,8010299,8010159,;602
2021-12-16T05:22:00.000Z;Hann Münden;RB;RB 2;2;16250;8006707;8006707%2021-12-16T05:22:00.000Z%,8005623,8003053,8004415,8000193,8003200,;426
2021-12-16T05:36:00.000Z;Hann Münden;RB;RB 83;83;24052;8006707;8006707%2021-12-16T05:36:00.000Z%,8002677,8002259,8006524,8000090,8002102,8000128,;426
2021-12-16T05:53:00.000Z;Hann Münden;RB;RB 83;83;24005;8006707;8006707%2021-12-16T05:53:00.000Z%,8005623,8003053,8004415,8000193,;426
2021-12-16T06:06:00.000Z;Hann Münden;RB;RB 83;83;24004;8006707;8006707%2021-12-16T06:06:00.000Z%,8002677,8002259,8006524,8000090,8002102,8000128,;426
2021-12-16T06:22:00.000Z;Hann Münden;RB;RB 2;2;16251;8006707;8006707%2021-12-16T06:22:00.000Z%,8006524,8000090,8011054,8013159,8011849,8010203,8012993,8011335,8010235,8010020,8010081,8010101,;426
2021-12-16T06:23:00.000Z;Hann Münden;RB;RB 83;83;24051;8006707;8006707%2021-12-16T06:23:00.000Z%,8005623,8003053,8004415,8000193,;426
2021-12-16T06:36:00.000Z;Hann Münden;RE;RE 9;9;74700;8006707;8006707%2021-12-16T06:36:00.000Z%,8003200,;602
2021-12-16T06:53:00.000Z;Hann Münden;RB;RB 83;83;24053;8006707;8006707%2021-12-16T06:53:00.000Z%,8005623,8003053,8004415,8000193,;426
2021-12-16T07:06:00.000Z;Hann Münden;RB;RB 83;83;24006;8006707;8006707%2021-12-16T07:06:00.000Z%,8002677,8002259,8006524,8000090,8002102,8000128,;426
2021-12-16T07:23:00.000Z;Hann Münden;RE;RE 9;9;74707;8006707;8006707%2021-12-16T07:23:00.000Z%,8006524,8000090,8011849,8010203,8010055,8010385,8010256,8011860,8011657,8010032,8012796,8011138,8013217,8010312,8010054,8013336,8012279,8010299,8010159,;602
2021-12-16T07:23:00.000Z;Hann Münden;RB;RB 83;83;24055;8006707;8006707%2021-12-16T07:23:00.000Z%,8005623,8003053,8004415,8000193,;426
2021-12-16T07:33:00.000Z;Hann Münden;RE;RE 2;2;16252;8006707;8006707%2021-12-16T07:33:00.000Z%,8003200,;602
2021-12-16T07:53:00.000Z;Hann Münden;RB;RB 83;83;24009;8006707;8006707%2021-12-16T07:53:00.000Z%,8005623,8003053,8004415,8000193,;426
2021-12-16T08:06:00.000Z;Hann Münden;RB;RB 83;83;24008;8006707;8006707%2021-12-16T08:06:00.000Z%,8002677,8002259,8006524,8000090,8002102,8000128,;426
2021-12-16T08:22:00.000Z;Hann Münden;RE;RE 2;2;16255;8006707;8006707%2021-12-16T08:22:00.000Z%,8006524,8000090,8011054,8013159,8011849,8010203,8012993,8011335,8010235,8010020,8010081,8010101,;602
2021-12-16T08:36:00.000Z;Hann Münden;RE;RE 9;9;74702;8006707;8006707%2021-12-16T08:36:00.000Z%,8003200,;602
2021-12-16T08:53:00.000Z;Hann Münden;RB;RB 83;83;24011;8006707;8006707%2021-12-16T08:53:00.000Z%,8005623,8003053,8004415,8000193,;426
2021-12-16T09:06:00.000Z;Hann Münden;RB;RB 83;83;24010;8006707;8006707%2021-12-16T09:06:00.000Z%,8002677,8002259,8006524,8000090,8002102,8000128,;426
2021-12-16T09:23:00.000Z;Hann Münden;RE;RE 9;9;74709;8006707;8006707%2021-12-16T09:23:00.000Z%,8006524,8000090,8011849,8010203,8010055,8010385,8010256,8011860,8011657,8010032,8012796,8011138,8013217,8010312,8010054,8013336,8012279,8010299,8010159,;602
2021-12-16T09:35:00.000Z;Hann Münden;RE;RE 2;2;16254;8006707;8006707%2021-12-16T09:35:00.000Z%,8003200,;602
2021-12-16T09:53:00.000Z;Hann Münden;RB;RB 83;83;24013;8006707;8006707%2021-12-16T09:53:00.000Z%,8005623,8003053,8004415,8000193,;426
2021-12-16T10:06:00.000Z;Hann Münden;RB;RB 83;83;24012;8006707;8006707%2021-12-16T10:06:00.000Z%,8002677,8002259,8006524,8000090,8002102,8000128,;426
2021-12-16T10:22:00.000Z;Hann Münden;RE;RE 2;2;16257;8006707;8006707%2021-12-16T10:22:00.000Z%,8006524,8000090,8011054,8013159,8011849,8010203,8012993,8011335,8010235,8010020,8010081,8010101,;602
2021-12-16T10:36:00.000Z;Hann Münden;RE;RE 9;9;74704;8006707;8006707%2021-12-16T10:36:00.000Z%,8003200,;602
2021-12-16T10:53:00.000Z;Hann Münden;RB;RB 83;83;24015;8006707;8006707%2021-12-16T10:53:00.000Z%,8005623,8003053,8004415,8000193,;426
2021-12-16T11:06:00.000Z;Hann Münden;RB;RB 83;83;24014;8006707;8006707%2021-12-16T11:06:00.000Z%,8002677,8002259,8006524,8000090,8002102,8000128,;426
2021-12-16T11:23:00.000Z;Hann Münden;RE;RE 9;9;74711;8006707;8006707%2021-12-16T11:23:00.000Z%,8006524,8000090,8011849,8010203,8010055,8010385,8010256,8011860,8011657,8010032,8012796,8011138,8013217,8010312,8010054,8013336,8012279,8010299,8010159,;602
2021-12-16T11:35:00.000Z;Hann Münden;RE;RE 2;2;16256;8006707;8006707%2021-12-16T11:35:00.000Z%,8003200,;602
2021-12-16T11:53:00.000Z;Hann Münden;RB;RB 83;83;24017;8006707;8006707%2021-12-16T11:53:00.000Z%,8005623,8003053,8004415,8000193,;426
2021-12-16T12:06:00.000Z;Hann Münden;RB;RB 83;83;24016;8006707;8006707%2021-12-16T12:06:00.000Z%,8002677,8002259,8006524,8000090,8002102,8000128,;426
2021-12-16T12:22:00.000Z;Hann Münden;RE;RE 2;2;16259;8006707;8006707%2021-12-16T12:22:00.000Z%,8006524,8000090,8011054,8013159,8011849,8010203,8012993,8011335,8010235,8010020,8010081,8010101,;602
2021-12-16T12:36:00.000Z;Hann Münden;RE;RE 9;9;74706;8006707;8006707%2021-12-16T12:36:00.000Z%,8005623,8003200,;602
2021-12-16T12:36:00.000Z;Hann Münden;RB;RB 83;83;24054;8006707;8006707%2021-12-16T12:36:00.000Z%,8002677,8002259,8006524,8000090,8002102,8000128,;426
2021-12-16T13:02:00.000Z;Hann Münden;RB;RB 83;83;24057;8006707;8006707%2021-12-16T13:02:00.000Z%,8005623,8003053,8004415,8000193,;426
2021-12-16T13:06:00.000Z;Hann Münden;RB;RB 83;83;24018;8006707;8006707%2021-12-16T13:06:00.000Z%,8002677,8002259,8006524,8000090,8002102,8000128,;426
2021-12-16T13:23:00.000Z;Hann Münden;RE;RE 9;9;74713;8006707;8006707%2021-12-16T13:23:00.000Z%,8006524,8000090,8011849,8010203,8010055,8010385,8010256,8011860,8011657,8010032,8012796,8011138,8013217,8010312,8010054,8013336,8012279,8010299,8010159,;602
2021-12-16T13:35:00.000Z;Hann Münden;RE;RE 2;2;16258;8006707;8006707%2021-12-16T13:35:00.000Z%,8003200,;602
2021-12-16T13:53:00.000Z;Hann Münden;RB;RB 83;83;24021;8006707;8006707%2021-12-16T13:53:00.000Z%,8005623,8003053,8004415,8000193,;426
2021-12-16T14:06:00.000Z;Hann Münden;RB;RB 83;83;24020;8006707;8006707%2021-12-16T14:06:00.000Z%,8002677,8002259,8006524,8000090,8002102,8000128,;426
2021-12-16T14:23:00.000Z;Hann Münden;RE;RE 2;2;16261;8006707;8006707%2021-12-16T14:23:00.000Z%,8006524,8000090,8011054,8013159,8011849,8010203,8012993,8011335,8010235,8010020,8010081,8010101,;602
2021-12-16T14:36:00.000Z;Hann Münden;RE;RE 9;9;74710;8006707;8006707%2021-12-16T14:36:00.000Z%,8003200,;602
2021-12-16T14:53:00.000Z;Hann Münden;RB;RB 83;83;24023;8006707;8006707%2021-12-16T14:53:00.000Z%,8005623,8003053,8004415,8000193,;426
2021-12-16T15:06:00.000Z;Hann Münden;RB;RB 83;83;24022;8006707;8006707%2021-12-16T15:06:00.000Z%,8002677,8002259,8006524,8000090,8002102,8000128,;426
2021-12-16T15:23:00.000Z;Hann Münden;RE;RE 9;9;74715;8006707;8006707%2021-12-16T15:23:00.000Z%,8006524,8000090,8011849,8010203,8010055,8010385,8010256,8011860,8011657,8010032,8012796,8011138,8013217,8010312,8010054,8013336,8012279,8010299,8010159,;602
2021-12-16T15:23:00.000Z;Hann Münden;RB;RB 83;83;24059;8006707;8006707%2021-12-16T15:23:00.000Z%,8005623,8003053,8004415,8000193,;426
2021-12-16T15:35:00.000Z;Hann Münden;RE;RE 2;2;16260;8006707;8006707%2021-12-16T15:35:00.000Z%,8003200,;602
2021-12-16T15:36:00.000Z;Hann Münden;RB;RB 83;83;24056;8006707;8006707%2021-12-16T15:36:00.000Z%,8002677,8002259,8006524,8000090,8002102,8000128,;426
2021-12-16T15:53:00.000Z;Hann Münden;RB;RB 83;83;24025;8006707;8006707%2021-12-16T15:53:00.000Z%,8005623,8003053,8004415,8000193,;426
2021-12-16T16:06:00.000Z;Hann Münden;RB;RB 83;83;24024;8006707;8006707%2021-12-16T16:06:00.000Z%,8002677,8002259,8006524,8000090,8002102,8000128,;426
2021-12-16T16:22:00.000Z;Hann Münden;RE;RE 2;2;16263;8006707;8006707%2021-12-16T16:22:00.000Z%,8006524,8000090,8011054,8013159,8011849,8010203,8012993,8011335,8010235,8010020,8010081,8010101,;602
2021-12-16T16:36:00.000Z;Hann Münden;RE;RE 9;9;74712;8006707;8006707%2021-12-16T16:36:00.000Z%,8003200,;602
2021-12-16T16:36:00.000Z;Hann Münden;RB;RB 83;83;24058;8006707;8006707%2021-12-16T16:36:00.000Z%,8002677,8002259,8006524,8000090,8002102,8000128,;426
2021-12-16T16:53:00.000Z;Hann Münden;RB;RB 83;83;24027;8006707;8006707%2021-12-16T16:53:00.000Z%,8005623,8003053,8004415,8000193,;426
2021-12-16T17:06:00.000Z;Hann Münden;RB;RB 83;83;24026;8006707;8006707%2021-12-16T17:06:00.000Z%,8002677,8002259,8006524,8000090,8002102,8000128,;426
2021-12-16T17:23:00.000Z;Hann Münden;RE;RE 9;9;74717;8006707;8006707%2021-12-16T17:23:00.000Z%,8006524,8000090,8011849,8010203,8010055,8010385,8010256,8011860,8011657,8010032,8012796,8011138,8013217,8010312,8010054,8013336,8012279,8010299,8010159,;602
2021-12-16T17:35:00.000Z;Hann Münden;RE;RE 2;2;16262;8006707;8006707%2021-12-16T17:35:00.000Z%,8003200,;602
2021-12-16T17:53:00.000Z;Hann Münden;RB;RB 83;83;24029;8006707;8006707%2021-12-16T17:53:00.000Z%,8005623,8003053,8004415,8000193,;426
2021-12-16T18:06:00.000Z;Hann Münden;RB;RB 83;83;24028;8006707;8006707%2021-12-16T18:06:00.000Z%,8002677,8002259,8006524,8000090,8002102,8000128,;426
2021-12-16T18:22:00.000Z;Hann Münden;RE;RE 2;2;16265;8006707;8006707%2021-12-16T18:22:00.000Z%,8006524,8000090,8011054,8013159,8011849,8010203,8012993,8010235,8011746,8010020,8010081,8010101,;602
2021-12-16T18:36:00.000Z;Hann Münden;RE;RE 9;9;74714;8006707;8006707%2021-12-16T18:36:00.000Z%,8003200,;602
2021-12-16T18:53:00.000Z;Hann Münden;RB;RB 83;83;24031;8006707;8006707%2021-12-16T18:53:00.000Z%,8005623,8003053,8004415,8000193,;426
2021-12-16T19:06:00.000Z;Hann Münden;RB;RB 83;83;24030;8006707;8006707%2021-12-16T19:06:00.000Z%,8002677,8002259,8006524,8000090,8002102,8000128,;426
2021-12-16T19:23:00.000Z;Hann Münden;RE;RE 9;9;74719;8006707;8006707%2021-12-16T19:23:00.000Z%,8006524,8000090,8011849,8010203,8012492,8011172,8013004,8010055,8010385,8010256,8011860,8011657,8010032,8012796,8011138,8013217,8010312,8010054,8013336,8012279,8010299,8010159,;602
2021-12-16T19:35:00.000Z;Hann Münden;RE;RE 2;2;16264;8006707;8006707%2021-12-16T19:35:00.000Z%,8003200,;602
2021-12-16T19:53:00.000Z;Hann Münden;RB;RB 83;83;24033;8006707;8006707%2021-12-16T19:53:00.000Z%,8005623,8003053,8004415,8000193,;426
2021-12-16T20:06:00.000Z;Hann Münden;RB;RB 83;83;24032;8006707;8006707%2021-12-16T20:06:00.000Z%,8002677,8002259,8006524,8000090,8002102,8000128,;426
2021-12-16T04:06:00.000Z;Dorsten;RB;RB 43;43;14752;8006709;8006709%2021-12-16T04:06:00.000Z%,8001972,8002284,8002283,8002225,8002223,8000192,8000164,8002779,8001328,8001329,8001528,8001539,8001541,8001544,8001532,8000080,;426
2021-12-16T05:06:00.000Z;Dorsten;RB;RB 43;43;14754;8006709;8006709%2021-12-16T05:06:00.000Z%,8001972,8002284,8002283,8002225,8002223,8000192,8000164,8002779,8001328,8001329,8001528,8001539,8001541,8001544,8001532,8000080,;426
2021-12-16T06:06:00.000Z;Dorsten;RB;RB 43;43;14756;8006709;8006709%2021-12-16T06:06:00.000Z%,8001972,8002284,8002283,8002225,8002223,8000192,8000164,8002779,8001328,8001329,8001528,8001539,8001541,8001544,8001532,8000080,;426
2021-12-16T07:06:00.000Z;Dorsten;RB;RB 43;43;14758;8006709;8006709%2021-12-16T07:06:00.000Z%,8001972,8002284,8002283,8002225,8002223,8000192,8000164,8002779,8001328,8001329,8001528,8001539,8001541,8001544,8001532,8000080,;426
2021-12-16T08:06:00.000Z;Dorsten;RB;RB 43;43;14760;8006709;8006709%2021-12-16T08:06:00.000Z%,8001972,8002284,8002283,8002225,8002223,8000192,8000164,8002779,8001328,8001329,8001528,8001539,8001541,8001544,8001532,8000080,;426
2021-12-16T09:06:00.000Z;Dorsten;RB;RB 43;43;14762;8006709;8006709%2021-12-16T09:06:00.000Z%,8001972,8002284,8002283,8002225,8002223,8000192,8000164,8002779,8001328,8001329,8001528,8001539,8001541,8001544,8001532,8000080,;426
2021-12-16T10:06:00.000Z;Dorsten;RB;RB 43;43;14764;8006709;8006709%2021-12-16T10:06:00.000Z%,8001972,8002284,8002283,8002225,8002223,8000192,8000164,8002779,8001328,8001329,8001528,8001539,8001541,8001544,8001532,8000080,;426
2021-12-15T21:38:00.000Z;Vachendorf;RB;RB 52;52;27589;8006717;8006717%2021-12-15T21:38:00.000Z%,8005962,8000621,;426
2021-12-15T22:38:00.000Z;Vachendorf;RB;RB 52;52;27590;8006717;8006717%2021-12-15T22:38:00.000Z%,8006037,8004885,;426
2021-12-15T23:04:00.000Z;Vachendorf;RB;RB 52;52;27591;8006717;8006717%2021-12-15T23:04:00.000Z%,8005962,8000621,;426
2021-12-16T04:54:00.000Z;Vachendorf;RB;RB 52;52;27550;8006717;8006717%2021-12-16T04:54:00.000Z%,8006037,8004885,;426
2021-12-16T05:16:00.000Z;Vachendorf;RB;RB 52;52;27551;8006717;8006717%2021-12-16T05:16:00.000Z%,8005962,8000621,;426
2021-12-16T05:47:00.000Z;Vachendorf;RB;RB 52;52;27552;8006717;8006717%2021-12-16T05:47:00.000Z%,8006037,8004885,;426
2021-12-16T06:08:00.000Z;Vachendorf;RB;RB 52;52;27553;8006717;8006717%2021-12-16T06:08:00.000Z%,8005962,8000621,;426
2021-12-16T06:31:00.000Z;Vachendorf;RB;RB 52;52;27554;8006717;8006717%2021-12-16T06:31:00.000Z%,8006037,8004885,;426
2021-12-16T07:01:00.000Z;Vachendorf;RB;RB 52;52;27555;8006717;8006717%2021-12-16T07:01:00.000Z%,8005962,8000621,;426
2021-12-16T07:29:00.000Z;Vachendorf;RB;RB 52;52;27558;8006717;8006717%2021-12-16T07:29:00.000Z%,8006037,8004885,;426
2021-12-16T08:22:00.000Z;Vachendorf;RB;RB 52;52;27557;8006717;8006717%2021-12-16T08:22:00.000Z%,8005962,8000621,;426
2021-12-16T08:51:00.000Z;Vachendorf;RB;RB 52;52;27560;8006717;8006717%2021-12-16T08:51:00.000Z%,8006037,8004885,;426
2021-12-16T09:08:00.000Z;Vachendorf;RB;RB 52;52;27559;8006717;8006717%2021-12-16T09:08:00.000Z%,8005962,8000621,;426
2021-12-16T09:33:00.000Z;Vachendorf;RB;RB 52;52;27562;8006717;8006717%2021-12-16T09:33:00.000Z%,8006037,8004885,;426
2021-12-16T10:22:00.000Z;Vachendorf;RB;RB 52;52;27561;8006717;8006717%2021-12-16T10:22:00.000Z%,8005962,8000621,;426
2021-12-16T10:51:00.000Z;Vachendorf;RB;RB 52;52;27564;8006717;8006717%2021-12-16T10:51:00.000Z%,8006037,8004885,;426
2021-12-16T11:27:00.000Z;Vachendorf;RB;RB 52;52;27565;8006717;8006717%2021-12-16T11:27:00.000Z%,8005962,8000621,;426
2021-12-16T11:51:00.000Z;Vachendorf;RB;RB 52;52;27568;8006717;8006717%2021-12-16T11:51:00.000Z%,8006037,8004885,;426
2021-12-16T12:22:00.000Z;Vachendorf;RB;RB 52;52;27567;8006717;8006717%2021-12-16T12:22:00.000Z%,8005962,8000621,;426
2021-12-16T12:51:00.000Z;Vachendorf;RB;RB 52;52;27570;8006717;8006717%2021-12-16T12:51:00.000Z%,8006037,8004885,;426
2021-12-16T13:08:00.000Z;Vachendorf;RB;RB 52;52;27569;8006717;8006717%2021-12-16T13:08:00.000Z%,8005962,8000621,;426
2021-12-16T13:33:00.000Z;Vachendorf;RB;RB 52;52;27572;8006717;8006717%2021-12-16T13:33:00.000Z%,8006037,8004885,;426
2021-12-16T14:22:00.000Z;Vachendorf;RB;RB 52;52;27571;8006717;8006717%2021-12-16T14:22:00.000Z%,8005962,8000621,;426
2021-12-16T14:51:00.000Z;Vachendorf;RB;RB 52;52;27574;8006717;8006717%2021-12-16T14:51:00.000Z%,8006037,8004885,;426
2021-12-16T15:08:00.000Z;Vachendorf;RB;RB 52;52;27573;8006717;8006717%2021-12-16T15:08:00.000Z%,8005962,8000621,;426
2021-12-16T15:33:00.000Z;Vachendorf;RB;RB 52;52;27576;8006717;8006717%2021-12-16T15:33:00.000Z%,8006037,8004885,;426
2021-12-16T16:01:00.000Z;Vachendorf;RB;RB 52;52;27575;8006717;8006717%2021-12-16T16:01:00.000Z%,8005962,8000621,;426
2021-12-16T16:23:00.000Z;Vachendorf;RB;RB 52;52;27578;8006717;8006717%2021-12-16T16:23:00.000Z%,8006037,8004885,;426
2021-12-16T16:42:00.000Z;Vachendorf;RB;RB 52;52;27579;8006717;8006717%2021-12-16T16:42:00.000Z%,8005962,8000621,;426
2021-12-16T17:11:00.000Z;Vachendorf;RB;RB 52;52;27582;8006717;8006717%2021-12-16T17:11:00.000Z%,8006037,8004885,;426
2021-12-16T17:28:00.000Z;Vachendorf;RB;RB 52;52;27583;8006717;8006717%2021-12-16T17:28:00.000Z%,8005962,8000621,;426
2021-12-16T17:54:00.000Z;Vachendorf;RB;RB 52;52;27584;8006717;8006717%2021-12-16T17:54:00.000Z%,8006037,8004885,;426
2021-12-16T18:27:00.000Z;Vachendorf;RB;RB 52;52;27585;8006717;8006717%2021-12-16T18:27:00.000Z%,8005962,8000621,;426
2021-12-16T18:54:00.000Z;Vachendorf;RB;RB 52;52;27586;8006717;8006717%2021-12-16T18:54:00.000Z%,8006037,8004885,;426
2021-12-16T19:25:00.000Z;Vachendorf;RB;RB 52;52;27587;8006717;8006717%2021-12-16T19:25:00.000Z%,8005962,8000621,;426
2021-12-16T19:51:00.000Z;Vachendorf;RB;RB 52;52;27588;8006717;8006717%2021-12-16T19:51:00.000Z%,8006037,8004885,8001787,8000320,;426
2021-12-15T20:50:00.000Z;Wuppertal-Oberbarmen;RE;RE 4;4;26436;8006719;8006719%2021-12-15T20:50:00.000Z%0,8006596,8000266,8006718,8000085,;602
2021-12-15T20:55:00.000Z;Wuppertal-Oberbarmen;RE;RE 7;7;91775;8006719;8006719%2021-12-15T20:55:00.000Z%0,8000266,8000087,8000853,8000207,8001506,8000274,8004694,8000212,8000211,;602
2021-12-15T21:01:00.000Z;Wuppertal-Oberbarmen;RE;RE 7;7;91774;8006719;8006719%2021-12-15T21:21:00.000Z%20,8000033,8001795,8000142,;602
2021-12-15T21:09:00.000Z;Wuppertal-Oberbarmen;RE;RE 4;4;26435;8006719;8006719%2021-12-15T21:09:00.000Z%0,8000033,8001795,8000142,8006386,8000251,8000080,;602
2021-12-15T21:13:00.000Z;Wuppertal-Oberbarmen;RB;RB 48;48;32493;8006719;8006719%2021-12-15T21:33:00.000Z%20,8006596,8000266,8006718,8000138,8002490,8000087,8003616,8000853,8003669,8000209,8003368,8000207,;426
2021-12-15T21:50:00.000Z;Wuppertal-Oberbarmen;RE;RE 4;4;26438;8006719;8006719%2021-12-15T21:50:00.000Z%0,8006596,8000266,8006718,8000085,;602
2021-12-15T22:01:00.000Z;Wuppertal-Oberbarmen;RE;RE 7;7;91776;8006719;8006719%2021-12-15T22:01:00.000Z%0,8000033,8001795,8000142,;602
2021-12-15T22:09:00.000Z;Wuppertal-Oberbarmen;RE;RE 4;4;26437;8006719;8006719%2021-12-15T22:09:00.000Z%,8000033,8001795,8000142,8006386,8000251,8000080,;602
2021-12-15T22:13:00.000Z;Wuppertal-Oberbarmen;RB;RB 48;48;32497;8006719;8006719%2021-12-15T22:13:00.000Z%,8006596,8000266,8006718,8000138,8002490,8000087,8003616,8000853,8003669,8000209,8003368,8000207,;426
2021-12-15T22:50:00.000Z;Wuppertal-Oberbarmen;RE;RE 4;4;26440;8006719;8006719%2021-12-15T22:50:00.000Z%,8006596,8000266,8006718,8000085,;602
2021-12-15T23:13:00.000Z;Wuppertal-Oberbarmen;RB;RB 48;48;32501;8006719;8006719%2021-12-15T23:13:00.000Z%,8006596,8000266,8006718,8000138,8002490,8000087,8003616,8000853,8003669,8000209,8003368,8000207,;426
2021-12-16T03:55:00.000Z;Wuppertal-Oberbarmen;RE;RE 7;7;32541;8006719;8006719%2021-12-16T03:55:00.000Z%,8000266,8000087,8000853,8003368,8000207,8001506,8000274,8004694,8000212,8000211,;602
2021-12-16T04:55:00.000Z;Wuppertal-Oberbarmen;RE;RE 7;7;91743;8006719;8006719%2021-12-16T04:55:00.000Z%,8000266,8000087,8000853,8000207,8001506,8000274,8004694,8000212,8000211,;602
2021-12-16T05:01:00.000Z;Wuppertal-Oberbarmen;RE;RE 7;7;91742;8006719;8006719%2021-12-16T05:01:00.000Z%,8000033,8001795,8000142,;602
2021-12-16T05:09:00.000Z;Wuppertal-Oberbarmen;RE;RE 4;4;26403;8006719;8006719%2021-12-16T05:09:00.000Z%,8000033,8001795,8000142,8006386,8000251,8000080,;602
2021-12-16T05:18:00.000Z;Wuppertal-Oberbarmen;RE;RE 13;13;56938;8006719;8006719%2021-12-16T05:18:00.000Z%,8006596,8000266,8006718,8000085,;602
2021-12-16T05:39:00.000Z;Wuppertal-Oberbarmen;RE;RE 13;13;56911;8006719;8006719%2021-12-16T05:39:00.000Z%,8000033,8001795,8000142,8000037,8000392,8000171,8001061,8000149,;602
2021-12-15T20:42:00.000Z;Straubing-Ost;RB;RB 32;32;27636;8006745;8006745%2021-12-15T20:43:00.000Z%1,8003100,8005279,8001069,;426
2021-12-15T21:16:00.000Z;Straubing-Ost;RB;RB 32;32;27641;8006745;8006745%2021-12-15T21:16:00.000Z%,8000095,;426
2021-12-15T21:42:00.000Z;Straubing-Ost;RB;RB 32;32;27638;8006745;8006745%2021-12-15T21:43:00.000Z%1,8003100,8005279,8001069,;426
2021-12-15T22:16:00.000Z;Straubing-Ost;RB;RB 32;32;27643;8006745;8006745%2021-12-15T22:16:00.000Z%,8000095,;426
2021-12-15T22:42:00.000Z;Straubing-Ost;RB;RB 32;32;27640;8006745;8006745%2021-12-15T22:42:00.000Z%,8003100,8005279,8001069,;426
2021-12-15T23:16:00.000Z;Straubing-Ost;RB;RB 32;32;27645;8006745;8006745%2021-12-15T23:16:00.000Z%,8000095,;426
2021-12-16T03:41:00.000Z;Straubing-Ost;RB;RB 32;32;27600;8006745;8006745%2021-12-16T03:41:00.000Z%,8003100,8005279,8001069,;426
2021-12-16T04:12:00.000Z;Straubing-Ost;RB;RB 32;32;27603;8006745;8006745%2021-12-16T04:12:00.000Z%,8000095,8004917,8004770,8002209,8005259,8003488,8003830,8004391,8004554,8000688,;426
2021-12-16T04:41:00.000Z;Straubing-Ost;RB;RB 32;32;27602;8006745;8006745%2021-12-16T04:41:00.000Z%,8003100,8005279,8001069,;426
2021-12-16T05:12:00.000Z;Straubing-Ost;RB;RB 32;32;27605;8006745;8006745%2021-12-16T05:12:00.000Z%,8000095,8004917,8004770,8002209,8005259,8003488,8003830,8004391,8004554,8000688,;426
2021-12-16T05:38:00.000Z;Straubing-Ost;RB;RB 32;32;27604;8006745;8006745%2021-12-16T05:38:00.000Z%,8003100,8005279,8001069,;426
2021-12-16T06:12:00.000Z;Straubing-Ost;RB;RB 32;32;27609;8006745;8006745%2021-12-16T06:12:00.000Z%,8000095,8004917,8004770,8002209,8005259,8003488,8003830,8004391,8004554,8000688,;426
2021-12-16T06:31:00.000Z;Straubing-Ost;RB;RB 32;32;27606;8006745;8006745%2021-12-16T06:31:00.000Z%,8003100,8005279,8001069,;426
2021-12-16T07:00:00.000Z;Straubing-Ost;RB;RB 32;32;27611;8006745;8006745%2021-12-16T07:00:00.000Z%,8000095,8004917,8004770,8002209,8005259,8003488,8003830,8004391,8004554,8000688,;426
2021-12-16T07:42:00.000Z;Straubing-Ost;RB;RB 32;32;27610;8006745;8006745%2021-12-16T07:42:00.000Z%,8003100,8005279,8001069,;426
2021-12-16T08:16:00.000Z;Straubing-Ost;RB;RB 32;32;27613;8006745;8006745%2021-12-16T08:16:00.000Z%,8000095,8004917,8004770,8002209,8005259,8003488,8003830,8004391,8004554,8000688,;426
2021-12-16T08:42:00.000Z;Straubing-Ost;RB;RB 32;32;27612;8006745;8006745%2021-12-16T08:42:00.000Z%,8003100,8005279,8001069,;426
2021-12-16T09:16:00.000Z;Straubing-Ost;RB;RB 32;32;27615;8006745;8006745%2021-12-16T09:16:00.000Z%,8000095,8004917,8004770,8002209,8005259,8003488,8003830,8004391,8004554,8000688,;426
2021-12-16T09:42:00.000Z;Straubing-Ost;RB;RB 32;32;27614;8006745;8006745%2021-12-16T09:42:00.000Z%,8003100,8005279,8001069,;426
2021-12-16T10:16:00.000Z;Straubing-Ost;RB;RB 32;32;27617;8006745;8006745%2021-12-16T10:16:00.000Z%,8000095,8004917,8004770,8002209,8005259,8003488,8003830,8004391,8004554,8000688,;426
2021-12-16T10:42:00.000Z;Straubing-Ost;RB;RB 32;32;27616;8006745;8006745%2021-12-16T10:42:00.000Z%,8003100,8005279,8001069,;426
2021-12-16T11:16:00.000Z;Straubing-Ost;RB;RB 32;32;27649;8006745;8006745%2021-12-16T11:16:00.000Z%,8000095,8004917,8004770,8002209,8005259,8003488,8003830,8004391,8000688,8000217,;426
2021-12-16T11:42:00.000Z;Straubing-Ost;RB;RB 32;32;27618;8006745;8006745%2021-12-16T11:42:00.000Z%,8003100,8005279,8001069,;426
2021-12-16T12:16:00.000Z;Straubing-Ost;RB;RB 32;32;27623;8006745;8006745%2021-12-16T12:16:00.000Z%,8000095,8004917,8004770,8002209,8005259,8003488,8003830,8004391,8004554,8000688,;426
2021-12-16T12:42:00.000Z;Straubing-Ost;RB;RB 32;32;27620;8006745;8006745%2021-12-16T12:42:00.000Z%,8003100,8005279,8001069,;426
2021-12-16T13:16:00.000Z;Straubing-Ost;RB;RB 32;32;27625;8006745;8006745%2021-12-16T13:16:00.000Z%,8000095,8004917,8004770,8002209,8005259,8003488,8003830,8004391,8004554,8000688,;426
2021-12-16T13:42:00.000Z;Straubing-Ost;RB;RB 32;32;27622;8006745;8006745%2021-12-16T13:42:00.000Z%,8003100,8005279,8001069,;426
2021-12-16T14:16:00.000Z;Straubing-Ost;RB;RB 32;32;27627;8006745;8006745%2021-12-16T14:16:00.000Z%,8000095,8004917,8004770,8002209,8005259,8003488,8003830,8004391,8004554,8000688,;426
2021-12-16T14:42:00.000Z;Straubing-Ost;RB;RB 32;32;27624;8006745;8006745%2021-12-16T14:42:00.000Z%,8003100,8005279,8001069,;426
2021-12-16T15:16:00.000Z;Straubing-Ost;RB;RB 32;32;27629;8006745;8006745%2021-12-16T15:16:00.000Z%,8000095,8004917,8004770,8002209,8005259,8003488,8003830,8004391,8004554,8000688,;426
2021-12-16T15:42:00.000Z;Straubing-Ost;RB;RB 32;32;27626;8006745;8006745%2021-12-16T15:42:00.000Z%,8003100,8005279,8001069,;426
2021-12-16T16:16:00.000Z;Straubing-Ost;RB;RB 32;32;27631;8006745;8006745%2021-12-16T16:16:00.000Z%,8000095,8004917,8004770,8002209,8005259,8003488,8003830,8004391,8004554,8000688,;426
2021-12-16T16:42:00.000Z;Straubing-Ost;RB;RB 32;32;27628;8006745;8006745%2021-12-16T16:42:00.000Z%,8003100,8005279,8001069,;426
2021-12-16T17:16:00.000Z;Straubing-Ost;RB;RB 32;32;27633;8006745;8006745%2021-12-16T17:16:00.000Z%,8000095,8004917,8004770,8002209,8005259,8003488,8003830,8004391,8004554,8000688,;426
2021-12-16T17:42:00.000Z;Straubing-Ost;RB;RB 32;32;27630;8006745;8006745%2021-12-16T17:42:00.000Z%,8003100,8005279,8001069,;426
2021-12-16T18:16:00.000Z;Straubing-Ost;RB;RB 32;32;27635;8006745;8006745%2021-12-16T18:16:00.000Z%,8000095,8004917,8004770,8002209,8005259,8003488,8003830,8004391,8004554,8000688,;426
2021-12-16T18:42:00.000Z;Straubing-Ost;RB;RB 32;32;27632;8006745;8006745%2021-12-16T18:42:00.000Z%,8003100,8005279,8001069,;426
2021-12-16T19:16:00.000Z;Straubing-Ost;RB;RB 32;32;27637;8006745;8006745%2021-12-16T19:16:00.000Z%,8000095,8004917,8004770,8002209,8005259,8003488,8003830,8004391,8004554,8000688,;426
2021-12-16T19:42:00.000Z;Straubing-Ost;RB;RB 32;32;27634;8006745;8006745%2021-12-16T19:42:00.000Z%,8003100,8005279,8001069,;426
2021-12-16T20:16:00.000Z;Straubing-Ost;RB;RB 32;32;27639;8006745;8006745%2021-12-16T20:16:00.000Z%,8000095,8004917,8004770,8002209,8005259,8003488,8003830,8004391,8004554,8000688,;426
2021-12-15T20:27:00.000Z;Urmersbach;RB;RB 38;38;12678;8007357;8007357%2021-12-15T20:27:00.000Z%0,8003148,;426
2021-12-15T20:40:00.000Z;Urmersbach;RB;RB 38;38;12685;8007357;8007357%2021-12-15T20:40:00.000Z%0,8004078,8003924,8000248,;426
2021-12-15T21:27:00.000Z;Urmersbach;RB;RB 38;38;12680;8007357;8007357%2021-12-15T21:28:00.000Z%1,8003148,;426
2021-12-16T04:54:00.000Z;Urmersbach;RB;RB 23;23;12605;8007357;8007357%2021-12-16T04:54:00.000Z%,8004078,8003924,8000248,8003415,8005865,8004393,8003455,8004826,8004020,8000331,8006303,8006035,8003341,8000206,8000278,8002114,8004435,8000702,8000701,8001389,8004206,8004567,8003593,8000786,8001950,8001457,8000229,;426
2021-12-16T05:41:00.000Z;Urmersbach;RB;RB 38;38;12686;8007357;8007357%2021-12-16T05:41:00.000Z%,8003148,;426
2021-12-16T06:05:00.000Z;Urmersbach;RB;RB 23;23;12607;8007357;8007357%2021-12-16T06:05:00.000Z%,8004078,8003924,8000248,8003415,8005865,8004393,8003455,8004826,8004020,8000331,8006035,8003341,8000206,8000278,8002114,8004435,8000702,8000701,8001389,8004206,8004567,8003593,8000786,8001950,8001457,8000229,;426
2021-12-16T07:19:00.000Z;Urmersbach;RB;RB 38;38;12652;8007357;8007357%2021-12-16T07:19:00.000Z%,8003148,;426
2021-12-16T07:33:00.000Z;Urmersbach;RB;RB 38;38;12659;8007357;8007357%2021-12-16T07:33:00.000Z%,8004078,8003924,8000248,8003415,8005865,8004393,8003455,8004826,8004020,8000331,;426
2021-12-16T08:19:00.000Z;Urmersbach;RB;RB 38;38;12654;8007357;8007357%2021-12-16T08:19:00.000Z%,8003148,;426
2021-12-16T08:33:00.000Z;Urmersbach;RB;RB 38;38;12661;8007357;8007357%2021-12-16T08:33:00.000Z%,8004078,8003924,8000248,8003415,8005865,8004393,8003455,8004826,8004020,8000331,;426
2021-12-16T09:19:00.000Z;Urmersbach;RB;RB 38;38;12656;8007357;8007357%2021-12-16T09:19:00.000Z%,8003148,;426
2021-12-16T09:33:00.000Z;Urmersbach;RB;RB 38;38;12663;8007357;8007357%2021-12-16T09:33:00.000Z%,8004078,8003924,8000248,8003415,8005865,8004393,8003455,8004826,8004020,8000331,;426
2021-12-16T10:19:00.000Z;Urmersbach;RB;RB 38;38;12658;8007357;8007357%2021-12-16T10:19:00.000Z%,8003148,;426
2021-12-16T10:33:00.000Z;Urmersbach;RB;RB 38;38;12665;8007357;8007357%2021-12-16T10:33:00.000Z%,8004078,8003924,8000248,8003415,8005865,8004393,8003455,8004826,8004020,8000331,;426
2021-12-16T11:19:00.000Z;Urmersbach;RB;RB 38;38;12660;8007357;8007357%2021-12-16T11:19:00.000Z%,8003148,;426
2021-12-16T11:33:00.000Z;Urmersbach;RB;RB 38;38;12667;8007357;8007357%2021-12-16T11:33:00.000Z%,8004078,8003924,8000248,8003415,8005865,8004393,8003455,8004826,8004020,8000331,;426
2021-12-16T12:55:00.000Z;Urmersbach;RB;RB 38;38;12684;8007357;8007357%2021-12-16T12:55:00.000Z%,8003148,;426
2021-12-16T13:40:00.000Z;Urmersbach;RB;RB 38;38;12671;8007357;8007357%2021-12-16T13:40:00.000Z%,8004078,8003924,8000248,8003415,8005865,8004393,8003455,8004826,8004020,8000331,;426
2021-12-16T14:27:00.000Z;Urmersbach;RB;RB 38;38;12666;8007357;8007357%2021-12-16T14:27:00.000Z%,8003148,;426
2021-12-16T14:40:00.000Z;Urmersbach;RB;RB 38;38;12673;8007357;8007357%2021-12-16T14:40:00.000Z%,8004078,8003924,8000248,8003415,8005865,8004393,8003455,8004826,8004020,8000331,;426
2021-12-16T15:27:00.000Z;Urmersbach;RB;RB 38;38;12668;8007357;8007357%2021-12-16T15:27:00.000Z%,8003148,;426
2021-12-16T15:40:00.000Z;Urmersbach;RB;RB 38;38;12675;8007357;8007357%2021-12-16T15:40:00.000Z%,8004078,8003924,8000248,8003415,8005865,8004393,8003455,8004826,8004020,8000331,;426
2021-12-16T16:27:00.000Z;Urmersbach;RB;RB 38;38;12670;8007357;8007357%2021-12-16T16:27:00.000Z%,8003148,;426
2021-12-16T16:40:00.000Z;Urmersbach;RB;RB 38;38;12677;8007357;8007357%2021-12-16T16:40:00.000Z%,8004078,8003924,8000248,8003415,8005865,8004393,8003455,8004826,8004020,8000331,;426
2021-12-16T17:27:00.000Z;Urmersbach;RB;RB 38;38;12672;8007357;8007357%2021-12-16T17:27:00.000Z%,8003148,;426
2021-12-16T17:40:00.000Z;Urmersbach;RB;RB 38;38;12679;8007357;8007357%2021-12-16T17:40:00.000Z%,8004078,8003924,8000248,8003415,8005865,8004393,8003455,8004826,8004020,8000331,;426
2021-12-16T18:27:00.000Z;Urmersbach;RB;RB 38;38;12674;8007357;8007357%2021-12-16T18:27:00.000Z%,8003148,;426
2021-12-16T18:40:00.000Z;Urmersbach;RB;RB 38;38;12681;8007357;8007357%2021-12-16T18:40:00.000Z%,8004078,8003924,8000248,8003415,8005865,8004393,8003455,8004826,8004020,8000331,;426
2021-12-16T19:27:00.000Z;Urmersbach;RB;RB 38;38;12676;8007357;8007357%2021-12-16T19:27:00.000Z%,8003148,;426
2021-12-16T19:40:00.000Z;Urmersbach;RB;RB 38;38;12683;8007357;8007357%2021-12-16T19:40:00.000Z%,8004078,8003924,8000248,8003415,8005865,8004393,8003455,8004826,8004020,8000331,;426
2021-12-15T21:31:00.000Z;Miesenbach;RB;RB 67;67;12890;8007482;8007482%2021-12-15T21:31:00.000Z%,8005715,8004557,8004396,8002286,8004993,8001727,8005857,8000491,8004929,8003481,;426
2021-12-16T04:01:00.000Z;Miesenbach;RB;RB 67;67;12851;8007482;8007482%2021-12-16T04:01:00.000Z%,8004938,8003515,8003257,8001720,8006100,8003232,8000189,;426
2021-12-16T04:36:00.000Z;Miesenbach;RB;RB 67;67;12853;8007482;8007482%2021-12-16T04:36:00.000Z%,8004938,8003515,8003257,8001720,8006100,8000189,8000372,8087062,8006483,8003070,8005111,8000505,8002879,8000517,8000726,8000021,8001177,8000585,8003568,8004172,8000039,;426
2021-12-16T05:20:00.000Z;Miesenbach;RB;RB 67;67;12855;8007482;8007482%2021-12-16T05:20:00.000Z%,8004938,8003515,8001720,8006100,8000189,8002875,8000372,8087062,8006483,8003070,8005111,8000505,8002879,8000517,8000726,8000021,;426
2021-12-16T05:41:00.000Z;Miesenbach;RB;RB 67;67;12850;8007482;8007482%2021-12-16T05:41:00.000Z%,8005715,8004557,8004396,8002286,8004993,8001727,8005857,8000491,8004929,8003481,;426
2021-12-16T06:12:00.000Z;Miesenbach;RB;RB 67;67;12857;8007482;8007482%2021-12-16T06:12:00.000Z%,8004938,8003515,8003257,8001720,8006100,8003232,8000189,;426
2021-12-16T06:35:00.000Z;Miesenbach;RB;RB 67;67;12852;8007482;8007482%2021-12-16T06:35:00.000Z%,8005715,8004557,8004396,8002286,8004993,8001727,8005857,8000491,8004929,8003481,;426
2021-12-16T07:02:00.000Z;Miesenbach;RB;RB 67;67;12859;8007482;8007482%2021-12-16T07:02:00.000Z%,8004938,8003515,8001720,8000189,;426
2021-12-16T07:55:00.000Z;Miesenbach;RB;RB 67;67;12861;8007482;8007482%2021-12-16T07:55:00.000Z%,8004938,8003515,8000189,;426
2021-12-16T08:01:00.000Z;Miesenbach;RB;RB 67;67;12708;8007482;8007482%2021-12-16T08:01:00.000Z%,8005715,8004557,8004396,8002286,8004993,8001727,8005857,8000491,8004929,8003481,;426
2021-12-16T08:55:00.000Z;Miesenbach;RB;RB 67;67;12863;8007482;8007482%2021-12-16T08:55:00.000Z%,8004938,8003515,8000189,;426
2021-12-16T09:01:00.000Z;Miesenbach;RB;RB 67;67;12856;8007482;8007482%2021-12-16T09:01:00.000Z%,8005715,8004557,8004396,8002286,8004993,8001727,8005857,8000491,8004929,8003481,;426
2021-12-16T09:55:00.000Z;Miesenbach;RB;RB 67;67;12865;8007482;8007482%2021-12-16T09:55:00.000Z%,8004938,8003515,8000189,;426
2021-12-16T10:01:00.000Z;Miesenbach;RB;RB 67;67;12860;8007482;8007482%2021-12-16T10:01:00.000Z%,8005715,8004557,8004396,8002286,8004993,8001727,8005857,8000491,8004929,8003481,;426
2021-12-16T10:55:00.000Z;Miesenbach;RB;RB 67;67;12867;8007482;8007482%2021-12-16T10:55:00.000Z%,8004938,8003515,8000189,;426
2021-12-16T11:01:00.000Z;Miesenbach;RB;RB 67;67;12862;8007482;8007482%2021-12-16T11:01:00.000Z%,8005715,8004557,8004396,8002286,8004993,8001727,8005857,8000491,8004929,8003481,;426
2021-12-16T11:29:00.000Z;Miesenbach;RB;RB 67;67;12864;8007482;8007482%2021-12-16T11:29:00.000Z%,8005715,8004557,8004396,8002286,8004993,8001727,8005857,8000491,8004929,8003481,;426
2021-12-16T11:55:00.000Z;Miesenbach;RB;RB 67;67;12869;8007482;8007482%2021-12-16T11:55:00.000Z%,8004938,8003515,8000189,;426
2021-12-16T12:01:00.000Z;Miesenbach;RB;RB 67;67;12866;8007482;8007482%2021-12-16T12:01:00.000Z%,8005715,8004557,8004396,8002286,8004993,8001727,8005857,8000491,8004929,8003481,;426
2021-12-16T12:29:00.000Z;Miesenbach;RB;RB 67;67;12868;8007482;8007482%2021-12-16T12:29:00.000Z%,8005715,8004557,8004396,8002286,8004993,8001727,8005857,8000491,8004929,8003481,;426
2021-12-16T12:55:00.000Z;Miesenbach;RB;RB 67;67;12871;8007482;8007482%2021-12-16T12:55:00.000Z%,8004938,8003515,8000189,;426
2021-12-16T13:01:00.000Z;Miesenbach;RB;RB 67;67;12896;8007482;8007482%2021-12-16T13:01:00.000Z%,8005715,8004557,8004396,8002286,8004993,8001727,8005857,8000491,8004929,8003481,;426
2021-12-16T13:55:00.000Z;Miesenbach;RB;RB 67;67;12873;8007482;8007482%2021-12-16T13:55:00.000Z%,8004938,8003515,8000189,;426
2021-12-16T14:01:00.000Z;Miesenbach;RB;RB 67;67;12872;8007482;8007482%2021-12-16T14:01:00.000Z%,8005715,8004557,8004396,8002286,8004993,8001727,8005857,8000491,8004929,8003481,;426
2021-12-16T14:55:00.000Z;Miesenbach;RB;RB 67;67;12875;8007482;8007482%2021-12-16T14:55:00.000Z%,8004938,8003515,8000189,;426
2021-12-16T15:01:00.000Z;Miesenbach;RB;RB 67;67;12874;8007482;8007482%2021-12-16T15:01:00.000Z%,8005715,8004557,8004396,8002286,8004993,8001727,8005857,8000491,8004929,8003481,;426
2021-12-16T15:29:00.000Z;Miesenbach;RB;RB 67;67;12876;8007482;8007482%2021-12-16T15:29:00.000Z%,8005715,8004557,8004396,8002286,8004993,8001727,8005857,8000491,8004929,8003481,;426
2021-12-16T15:55:00.000Z;Miesenbach;RB;RB 67;67;12877;8007482;8007482%2021-12-16T15:55:00.000Z%,8004938,8003515,8000189,;426
2021-12-16T16:01:00.000Z;Miesenbach;RB;RB 67;67;12878;8007482;8007482%2021-12-16T16:01:00.000Z%,8005715,8004557,8004396,8002286,8004993,8001727,8005857,8000491,8004929,8003481,;426
2021-12-16T16:29:00.000Z;Miesenbach;RB;RB 67;67;12880;8007482;8007482%2021-12-16T16:29:00.000Z%,8005715,8004557,8004396,8002286,8004993,8001727,8005857,8000491,8004929,8003481,;426
2021-12-16T16:55:00.000Z;Miesenbach;RB;RB 67;67;12879;8007482;8007482%2021-12-16T16:55:00.000Z%,8004938,8003515,8000189,;426
2021-12-16T17:01:00.000Z;Miesenbach;RB;RB 67;67;12882;8007482;8007482%2021-12-16T17:01:00.000Z%,8005715,8004557,8004396,8002286,8004993,8001727,8005857,8000491,8004929,8003481,;426
2021-12-16T17:54:00.000Z;Miesenbach;RB;RB 67;67;12881;8007482;8007482%2021-12-16T17:54:00.000Z%,8004938,8003515,8000189,;426
2021-12-16T18:13:00.000Z;Miesenbach;RB;RB 67;67;12884;8007482;8007482%2021-12-16T18:13:00.000Z%,8005715,8004557,8004396,8002286,8004993,8001727,8005857,8000491,8004929,8003481,;426
2021-12-16T19:01:00.000Z;Miesenbach;RB;RB 67;67;12886;8007482;8007482%2021-12-16T19:01:00.000Z%,8005715,8004557,8004396,8002286,8004993,8001727,8005857,8000491,8004929,8003481,;426
2021-12-16T19:54:00.000Z;Miesenbach;RB;RB 67;67;12883;8007482;8007482%2021-12-16T19:54:00.000Z%,8004938,8003515,8003257,8001720,8006100,8003232,8000189,;426
2021-12-16T20:11:00.000Z;Miesenbach;RB;RB 67;67;12888;8007482;8007482%2021-12-16T20:11:00.000Z%,8005715,8004557,8004396,8002286,8004993,8001727,8005857,8000491,8004929,8003481,;426
2021-12-15T20:26:00.000Z;Wilhermsdorf Mitte;RB;RB 12;12;58875;8007856;8007856%2021-12-15T20:26:00.000Z%0,8006448,8003567,8002596,8003552,8004923,8005557,8002152,8002155,8000114,;426
2021-12-15T20:33:00.000Z;Wilhermsdorf Mitte;RB;RB 12;12;58868;8007856;8007856%2021-12-15T20:33:00.000Z%0,8000420,8001877,8003878,;426
2021-12-15T21:26:00.000Z;Wilhermsdorf Mitte;RB;RB 12;12;58877;8007856;8007856%2021-12-15T21:26:00.000Z%,8006448,8003567,8002596,8003552,8004923,8005557,8002152,8002155,8000114,;426
2021-12-15T21:32:00.000Z;Wilhermsdorf Mitte;RB;RB 12;12;58872;8007856;8007856%2021-12-15T21:32:00.000Z%,8000420,8001877,8003878,;426
2021-12-15T22:26:00.000Z;Wilhermsdorf Mitte;RB;RB 12;12;58879;8007856;8007856%2021-12-15T22:26:00.000Z%,8006448,8003567,8002596,8003552,8004923,8005557,8002152,8002155,8000114,;426
2021-12-15T22:32:00.000Z;Wilhermsdorf Mitte;RB;RB 12;12;58874;8007856;8007856%2021-12-15T22:32:00.000Z%,8000420,8001877,8003878,;426
2021-12-15T23:44:00.000Z;Wilhermsdorf Mitte;RB;RB 12;12;58876;8007856;8007856%2021-12-15T23:44:00.000Z%,8000420,8001877,8003878,;426
2021-12-16T04:13:00.000Z;Wilhermsdorf Mitte;RB;RB 12;12;58831;8007856;8007856%2021-12-16T04:13:00.000Z%,8006448,8003567,8002596,8003552,8004923,8005557,8002152,8002155,8000114,;426
2021-12-16T04:36:00.000Z;Wilhermsdorf Mitte;RB;RB 12;12;58833;8007856;8007856%2021-12-16T04:36:00.000Z%,8006448,8003567,8002596,8003552,8004923,8005557,8002152,8002155,8000114,;426
2021-12-16T04:56:00.000Z;Wilhermsdorf Mitte;RB;RB 12;12;58835;8007856;8007856%2021-12-16T04:56:00.000Z%,8006448,8003567,8002596,8003552,8004923,8005557,8002152,8002155,8000114,8000284,;426
2021-12-16T05:46:00.000Z;Wilhermsdorf Mitte;RB;RB 12;12;58837;8007856;8007856%2021-12-16T05:46:00.000Z%,8006448,8003567,8002596,8003552,8004923,8005557,8002152,8002155,8000114,8000284,;426
2021-12-16T05:53:00.000Z;Wilhermsdorf Mitte;RB;RB 12;12;58832;8007856;8007856%2021-12-16T05:53:00.000Z%,8000420,8001877,8003878,;426
2021-12-16T06:31:00.000Z;Wilhermsdorf Mitte;RB;RB 12;12;58841;8007856;8007856%2021-12-16T06:31:00.000Z%,8006448,8003567,8002596,8003552,8004923,8005557,8002152,8002155,8000114,8000284,;426
2021-12-16T06:38:00.000Z;Wilhermsdorf Mitte;RB;RB 12;12;58834;8007856;8007856%2021-12-16T06:38:00.000Z%,8000420,8001877,8003878,;426
2021-12-16T07:26:00.000Z;Wilhermsdorf Mitte;RB;RB 12;12;58843;8007856;8007856%2021-12-16T07:26:00.000Z%,8006448,8003567,8002596,8003552,8004923,8005557,8002152,8002155,8000114,;426
2021-12-16T07:33:00.000Z;Wilhermsdorf Mitte;RB;RB 12;12;58836;8007856;8007856%2021-12-16T07:33:00.000Z%,8000420,8001877,8003878,;426
2021-12-16T08:26:00.000Z;Wilhermsdorf Mitte;RB;RB 12;12;58845;8007856;8007856%2021-12-16T08:26:00.000Z%,8006448,8003567,8002596,8003552,8004923,8005557,8002152,8002155,8000114,;426
2021-12-16T08:33:00.000Z;Wilhermsdorf Mitte;RB;RB 12;12;58838;8007856;8007856%2021-12-16T08:33:00.000Z%,8000420,8001877,8003878,;426
2021-12-16T09:26:00.000Z;Wilhermsdorf Mitte;RB;RB 12;12;58847;8007856;8007856%2021-12-16T09:26:00.000Z%,8006448,8003567,8002596,8003552,8004923,8005557,8002152,8002155,8000114,;426
2021-12-16T09:33:00.000Z;Wilhermsdorf Mitte;RB;RB 12;12;58840;8007856;8007856%2021-12-16T09:33:00.000Z%,8000420,8001877,8003878,;426
2021-12-16T10:26:00.000Z;Wilhermsdorf Mitte;RB;RB 12;12;58851;8007856;8007856%2021-12-16T10:26:00.000Z%,8006448,8003567,8002596,8003552,8004923,8005557,8002152,8002155,8000114,8000284,;426
2021-12-16T10:33:00.000Z;Wilhermsdorf Mitte;RB;RB 12;12;58842;8007856;8007856%2021-12-16T10:33:00.000Z%,8000420,8001877,8003878,;426
2021-12-16T11:26:00.000Z;Wilhermsdorf Mitte;RB;RB 12;12;58853;8007856;8007856%2021-12-16T11:26:00.000Z%,8006448,8003567,8002596,8003552,8004923,8005557,8002152,8002155,8000114,;426
2021-12-16T11:33:00.000Z;Wilhermsdorf Mitte;RB;RB 12;12;58844;8007856;8007856%2021-12-16T11:33:00.000Z%,8000420,8001877,8003878,;426
2021-12-16T12:10:00.000Z;Wilhermsdorf Mitte;RB;RB 12;12;58855;8007856;8007856%2021-12-16T12:10:00.000Z%,8006448,8003567,8002596,8003552,8004923,8005557,8002152,8002155,8000114,;426
2021-12-16T12:58:00.000Z;Wilhermsdorf Mitte;RB;RB 12;12;58848;8007856;8007856%2021-12-16T12:58:00.000Z%,8000420,8001877,8003878,;426
2021-12-16T13:26:00.000Z;Wilhermsdorf Mitte;RB;RB 12;12;58859;8007856;8007856%2021-12-16T13:26:00.000Z%,8006448,8003567,8002596,8003552,8004923,8005557,8002152,8002155,8000114,8000284,;426
2021-12-16T13:34:00.000Z;Wilhermsdorf Mitte;RB;RB 12;12;58850;8007856;8007856%2021-12-16T13:34:00.000Z%,8000420,8001877,8003878,;426
2021-12-16T14:26:00.000Z;Wilhermsdorf Mitte;RB;RB 12;12;58861;8007856;8007856%2021-12-16T14:26:00.000Z%,8006448,8003567,8002596,8003552,8004923,8005557,8002152,8002155,8000114,8000284,;426
2021-12-16T14:33:00.000Z;Wilhermsdorf Mitte;RB;RB 12;12;58852;8007856;8007856%2021-12-16T14:33:00.000Z%,8000420,8001877,8003878,;426
2021-12-16T15:26:00.000Z;Wilhermsdorf Mitte;RB;RB 12;12;58863;8007856;8007856%2021-12-16T15:26:00.000Z%,8006448,8003567,8002596,8003552,8004923,8005557,8002152,8002155,8000114,8000284,;426
2021-12-16T15:33:00.000Z;Wilhermsdorf Mitte;RB;RB 12;12;58854;8007856;8007856%2021-12-16T15:33:00.000Z%,8000420,8001877,8003878,;426
2021-12-16T16:27:00.000Z;Wilhermsdorf Mitte;RB;RB 12;12;58856;8007856;8007856%2021-12-16T16:27:00.000Z%,8000420,8001877,8003878,;426
2021-12-16T16:51:00.000Z;Wilhermsdorf Mitte;RB;RB 12;12;58867;8007856;8007856%2021-12-16T16:51:00.000Z%,8006448,8003567,8002596,8003552,8004923,8005557,8002152,8002155,8000114,8000284,;426
2021-12-16T16:58:00.000Z;Wilhermsdorf Mitte;RB;RB 12;12;58860;8007856;8007856%2021-12-16T16:58:00.000Z%,8000420,8001877,8003878,;426
2021-12-16T17:30:00.000Z;Wilhermsdorf Mitte;RB;RB 12;12;58869;8007856;8007856%2021-12-16T17:30:00.000Z%,8006448,8003567,8002596,8003552,8004923,8005557,8002152,8002155,8000114,;426
2021-12-16T17:37:00.000Z;Wilhermsdorf Mitte;RB;RB 12;12;58862;8007856;8007856%2021-12-16T17:37:00.000Z%,8000420,8001877,8003878,;426
2021-12-16T18:26:00.000Z;Wilhermsdorf Mitte;RB;RB 12;12;58871;8007856;8007856%2021-12-16T18:26:00.000Z%,8006448,8003567,8002596,8003552,8004923,8005557,8002152,8002155,8000114,;426
2021-12-16T18:33:00.000Z;Wilhermsdorf Mitte;RB;RB 12;12;58864;8007856;8007856%2021-12-16T18:33:00.000Z%,8000420,8001877,8003878,;426
2021-12-16T19:26:00.000Z;Wilhermsdorf Mitte;RB;RB 12;12;58873;8007856;8007856%2021-12-16T19:26:00.000Z%,8006448,8003567,8002596,8003552,8004923,8005557,8002152,8002155,8000114,;426
2021-12-16T19:33:00.000Z;Wilhermsdorf Mitte;RB;RB 12;12;58866;8007856;8007856%2021-12-16T19:33:00.000Z%,8000420,8001877,8003878,;426
2021-12-16T04:40:00.000Z;Schaidt(Pfalz);RB;RB 53;53;81400;8007857;8007857%2021-12-16T04:40:00.000Z%,8006468,8005713,8005146,8003080,8000216,8003349,8001665,8001663,8003809,8004306,8000275,;426
2021-12-16T05:01:00.000Z;Schaidt(Pfalz);RB;RB 53;53;81403;8007857;8007857%2021-12-16T05:01:00.000Z%,8007858,8007859,8007860,8700382,;426
2021-12-16T05:40:00.000Z;Schaidt(Pfalz);RB;RB 53;53;81402;8007857;8007857%2021-12-16T05:40:00.000Z%,8006468,8003080,8000216,8003349,8001665,8001663,8003809,8004306,8000275,;426
2021-12-16T06:13:00.000Z;Schaidt(Pfalz);RB;RB 53;53;81405;8007857;8007857%2021-12-16T06:13:00.000Z%,8007858,8007859,8007860,8700382,;426
2021-12-16T06:46:00.000Z;Schaidt(Pfalz);RB;RB 53;53;81404;8007857;8007857%2021-12-16T06:46:00.000Z%,8006468,8000216,8003349,8001665,8001663,8003809,8000275,;426
2021-12-16T07:14:00.000Z;Schaidt(Pfalz);RB;RB 53;53;81407;8007857;8007857%2021-12-16T07:14:00.000Z%,8007858,8007859,8007860,8700382,;426
2021-12-16T07:46:00.000Z;Schaidt(Pfalz);RB;RB 53;53;81406;8007857;8007857%2021-12-16T07:46:00.000Z%,8006468,8000216,8003349,8001665,8001663,8003809,8004306,8000275,;426
2021-12-16T08:14:00.000Z;Schaidt(Pfalz);RB;RB 53;53;81409;8007857;8007857%2021-12-16T08:14:00.000Z%,8007858,8007859,8007860,8700382,;426
2021-12-16T08:46:00.000Z;Schaidt(Pfalz);RB;RB 53;53;81410;8007857;8007857%2021-12-16T08:46:00.000Z%,8006468,8000216,8003349,8001665,8001663,8003809,8004306,8000275,;426
2021-12-16T09:14:00.000Z;Schaidt(Pfalz);RB;RB 53;53;81411;8007857;8007857%2021-12-16T09:14:00.000Z%,8007858,8007859,8007860,8700382,;426
2021-12-16T09:46:00.000Z;Schaidt(Pfalz);RB;RB 53;53;81412;8007857;8007857%2021-12-16T09:46:00.000Z%,8006468,8000216,8003349,8001665,8001663,8003809,8004306,8000275,;426
2021-12-16T10:14:00.000Z;Schaidt(Pfalz);RB;RB 53;53;81415;8007857;8007857%2021-12-16T10:14:00.000Z%,8007858,8007859,8007860,8700382,;426
2021-12-16T10:46:00.000Z;Schaidt(Pfalz);RB;RB 53;53;81414;8007857;8007857%2021-12-16T10:46:00.000Z%,8006468,8000216,8003349,8001665,8001663,8003809,8004306,8000275,;426
2021-12-16T11:14:00.000Z;Schaidt(Pfalz);RB;RB 53;53;81417;8007857;8007857%2021-12-16T11:14:00.000Z%,8007858,8007859,8007860,8700382,;426
2021-12-16T11:46:00.000Z;Schaidt(Pfalz);RB;RB 53;53;81416;8007857;8007857%2021-12-16T11:46:00.000Z%,8006468,8000216,8003349,8001665,8001663,8003809,8004306,8000275,;426
2021-12-16T12:14:00.000Z;Schaidt(Pfalz);RB;RB 53;53;81419;8007857;8007857%2021-12-16T12:14:00.000Z%,8007858,8007859,8007860,8700382,;426
2021-12-16T12:46:00.000Z;Schaidt(Pfalz);RB;RB 53;53;81418;8007857;8007857%2021-12-16T12:46:00.000Z%,8006468,8000216,8003349,8001665,8001663,8003809,8004306,8000275,;426
2021-12-16T13:14:00.000Z;Schaidt(Pfalz);RB;RB 53;53;81421;8007857;8007857%2021-12-16T13:14:00.000Z%,8007858,8007859,8007860,8700382,;426
2021-12-16T13:46:00.000Z;Schaidt(Pfalz);RB;RB 53;53;81420;8007857;8007857%2021-12-16T13:46:00.000Z%,8006468,8000216,8003349,8001665,8001663,8003809,8004306,8000275,;426
2021-12-16T14:14:00.000Z;Schaidt(Pfalz);RB;RB 53;53;81423;8007857;8007857%2021-12-16T14:14:00.000Z%,8007858,8007859,8007860,8700382,;426
2021-12-16T14:46:00.000Z;Schaidt(Pfalz);RB;RB 53;53;81422;8007857;8007857%2021-12-16T14:46:00.000Z%,8006468,8000216,8003349,8001665,8001663,8003809,8004306,8000275,;426
2021-12-16T15:14:00.000Z;Schaidt(Pfalz);RB;RB 53;53;81425;8007857;8007857%2021-12-16T15:14:00.000Z%,8007858,8007859,8007860,8700382,;426
2021-12-16T15:46:00.000Z;Schaidt(Pfalz);RB;RB 53;53;81424;8007857;8007857%2021-12-16T15:46:00.000Z%,8006468,8000216,8003349,8001665,8001663,8003809,8004306,8000275,;426
2021-12-16T16:14:00.000Z;Schaidt(Pfalz);RB;RB 53;53;81427;8007857;8007857%2021-12-16T16:14:00.000Z%,8007858,8007859,8007860,8700382,;426
2021-12-16T16:46:00.000Z;Schaidt(Pfalz);RB;RB 53;53;81426;8007857;8007857%2021-12-16T16:46:00.000Z%,8006468,8000216,8003349,8001665,8001663,8003809,8004306,8000275,;426
2021-12-16T17:14:00.000Z;Schaidt(Pfalz);RB;RB 53;53;81429;8007857;8007857%2021-12-16T17:14:00.000Z%,8007858,8007859,8007860,8700382,;426
2021-12-16T17:46:00.000Z;Schaidt(Pfalz);RB;RB 53;53;81428;8007857;8007857%2021-12-16T17:46:00.000Z%,8006468,8000216,8003349,8001665,8001663,8003809,8004306,8000275,;426
2021-12-16T18:14:00.000Z;Schaidt(Pfalz);RB;RB 53;53;81431;8007857;8007857%2021-12-16T18:14:00.000Z%,8007858,8007859,8007860,8700382,;426
2021-12-16T18:46:00.000Z;Schaidt(Pfalz);RB;RB 53;53;81432;8007857;8007857%2021-12-16T18:46:00.000Z%,8006468,8000216,8003349,8001665,8001663,8003809,8004306,8000275,;426
2021-12-16T19:14:00.000Z;Schaidt(Pfalz);RB;RB 53;53;81435;8007857;8007857%2021-12-16T19:14:00.000Z%,8007858,8007859,8007860,8700382,;426
2021-12-16T19:46:00.000Z;Schaidt(Pfalz);RB;RB 53;53;81434;8007857;8007857%2021-12-16T19:46:00.000Z%,8006468,8000216,8003349,8001665,8001663,8003809,8004306,8000275,;426
2021-12-16T04:32:00.000Z;Schweighofen;RB;RB 53;53;81400;8007860;8007860%2021-12-16T04:32:00.000Z%,8007859,8007858,8007857,8006468,8005713,8005146,8003080,8000216,8003349,8001665,8001663,8003809,8004306,8000275,;426
2021-12-16T05:09:00.000Z;Schweighofen;RB;RB 53;53;81403;8007860;8007860%2021-12-16T05:09:00.000Z%,8700382,;426
2021-12-16T05:31:00.000Z;Schweighofen;RB;RB 53;53;81402;8007860;8007860%2021-12-16T05:31:00.000Z%,8007859,8007858,8007857,8006468,8003080,8000216,8003349,8001665,8001663,8003809,8004306,8000275,;426
2021-12-16T06:21:00.000Z;Schweighofen;RB;RB 53;53;81405;8007860;8007860%2021-12-16T06:21:00.000Z%,8700382,;426
2021-12-16T06:38:00.000Z;Schweighofen;RB;RB 53;53;81404;8007860;8007860%2021-12-16T06:38:00.000Z%,8007859,8007858,8007857,8006468,8000216,8003349,8001665,8001663,8003809,8000275,;426
2021-12-16T07:22:00.000Z;Schweighofen;RB;RB 53;53;81407;8007860;8007860%2021-12-16T07:22:00.000Z%,8700382,;426
2021-12-16T07:38:00.000Z;Schweighofen;RB;RB 53;53;81406;8007860;8007860%2021-12-16T07:38:00.000Z%,8007859,8007858,8007857,8006468,8000216,8003349,8001665,8001663,8003809,8004306,8000275,;426
2021-12-16T08:22:00.000Z;Schweighofen;RB;RB 53;53;81409;8007860;8007860%2021-12-16T08:22:00.000Z%,8700382,;426
2021-12-16T08:38:00.000Z;Schweighofen;RB;RB 53;53;81410;8007860;8007860%2021-12-16T08:38:00.000Z%,8007859,8007858,8007857,8006468,8000216,8003349,8001665,8001663,8003809,8004306,8000275,;426
2021-12-16T09:22:00.000Z;Schweighofen;RB;RB 53;53;81411;8007860;8007860%2021-12-16T09:22:00.000Z%,8700382,;426
2021-12-16T09:38:00.000Z;Schweighofen;RB;RB 53;53;81412;8007860;8007860%2021-12-16T09:38:00.000Z%,8007859,8007858,8007857,8006468,8000216,8003349,8001665,8001663,8003809,8004306,8000275,;426
2021-12-16T10:22:00.000Z;Schweighofen;RB;RB 53;53;81415;8007860;8007860%2021-12-16T10:22:00.000Z%,8700382,;426
2021-12-16T10:38:00.000Z;Schweighofen;RB;RB 53;53;81414;8007860;8007860%2021-12-16T10:38:00.000Z%,8007859,8007858,8007857,8006468,8000216,8003349,8001665,8001663,8003809,8004306,8000275,;426
2021-12-16T11:22:00.000Z;Schweighofen;RB;RB 53;53;81417;8007860;8007860%2021-12-16T11:22:00.000Z%,8700382,;426
2021-12-16T11:38:00.000Z;Schweighofen;RB;RB 53;53;81416;8007860;8007860%2021-12-16T11:38:00.000Z%,8007859,8007858,8007857,8006468,8000216,8003349,8001665,8001663,8003809,8004306,8000275,;426
2021-12-16T12:22:00.000Z;Schweighofen;RB;RB 53;53;81419;8007860;8007860%2021-12-16T12:22:00.000Z%,8700382,;426
2021-12-16T12:38:00.000Z;Schweighofen;RB;RB 53;53;81418;8007860;8007860%2021-12-16T12:38:00.000Z%,8007859,8007858,8007857,8006468,8000216,8003349,8001665,8001663,8003809,8004306,8000275,;426
2021-12-16T13:22:00.000Z;Schweighofen;RB;RB 53;53;81421;8007860;8007860%2021-12-16T13:22:00.000Z%,8700382,;426
2021-12-16T13:38:00.000Z;Schweighofen;RB;RB 53;53;81420;8007860;8007860%2021-12-16T13:38:00.000Z%,8007859,8007858,8007857,8006468,8000216,8003349,8001665,8001663,8003809,8004306,8000275,;426
2021-12-16T14:22:00.000Z;Schweighofen;RB;RB 53;53;81423;8007860;8007860%2021-12-16T14:22:00.000Z%,8700382,;426
2021-12-16T14:38:00.000Z;Schweighofen;RB;RB 53;53;81422;8007860;8007860%2021-12-16T14:38:00.000Z%,8007859,8007858,8007857,8006468,8000216,8003349,8001665,8001663,8003809,8004306,8000275,;426
2021-12-16T15:22:00.000Z;Schweighofen;RB;RB 53;53;81425;8007860;8007860%2021-12-16T15:22:00.000Z%,8700382,;426
2021-12-16T15:38:00.000Z;Schweighofen;RB;RB 53;53;81424;8007860;8007860%2021-12-16T15:38:00.000Z%,8007859,8007858,8007857,8006468,8000216,8003349,8001665,8001663,8003809,8004306,8000275,;426
2021-12-16T16:22:00.000Z;Schweighofen;RB;RB 53;53;81427;8007860;8007860%2021-12-16T16:22:00.000Z%,8700382,;426
2021-12-16T16:38:00.000Z;Schweighofen;RB;RB 53;53;81426;8007860;8007860%2021-12-16T16:38:00.000Z%,8007859,8007858,8007857,8006468,8000216,8003349,8001665,8001663,8003809,8004306,8000275,;426
2021-12-16T17:22:00.000Z;Schweighofen;RB;RB 53;53;81429;8007860;8007860%2021-12-16T17:22:00.000Z%,8700382,;426
2021-12-16T17:38:00.000Z;Schweighofen;RB;RB 53;53;81428;8007860;8007860%2021-12-16T17:38:00.000Z%,8007859,8007858,8007857,8006468,8000216,8003349,8001665,8001663,8003809,8004306,8000275,;426
2021-12-16T18:22:00.000Z;Schweighofen;RB;RB 53;53;81431;8007860;8007860%2021-12-16T18:22:00.000Z%,8700382,;426
2021-12-16T18:38:00.000Z;Schweighofen;RB;RB 53;53;81432;8007860;8007860%2021-12-16T18:38:00.000Z%,8007859,8007858,8007857,8006468,8000216,8003349,8001665,8001663,8003809,8004306,8000275,;426
2021-12-16T19:22:00.000Z;Schweighofen;RB;RB 53;53;81435;8007860;8007860%2021-12-16T19:22:00.000Z%,8700382,;426
2021-12-16T19:38:00.000Z;Schweighofen;RB;RB 53;53;81434;8007860;8007860%2021-12-16T19:38:00.000Z%,8007859,8007858,8007857,8006468,8000216,8003349,8001665,8001663,8003809,8004306,8000275,;426
2021-12-15T21:06:00.000Z;Lebach-Jabach;RB;RB 72;72;76640;8007868;8007868%2021-12-15T21:06:00.000Z%0,8000563,8001221,8001812,8001470,8006627,8003059,8002238,8003980,8004909,8001990,8000323,;426
2021-12-16T03:37:00.000Z;Lebach-Jabach;RB;RB 72;72;76600;8007868;8007868%2021-12-16T03:37:00.000Z%,8000563,8001221,8001812,8001470,8006627,8003059,8002238,8003980,8004909,8001990,8000323,;426
2021-12-16T04:21:00.000Z;Lebach-Jabach;RB;RB 72;72;76602;8007868;8007868%2021-12-16T04:21:00.000Z%,8000563,8001221,8001812,8001470,8006627,8003059,8002238,8003980,8004909,8001990,8000323,;426
2021-12-16T05:13:00.000Z;Lebach-Jabach;RB;RB 72;72;76604;8007868;8007868%2021-12-16T05:13:00.000Z%,8000563,8001221,8001812,8001470,8006627,8003059,8002238,8003980,8004909,8001990,8000323,;426
2021-12-16T05:45:00.000Z;Lebach-Jabach;RB;RB 72;72;76606;8007868;8007868%2021-12-16T05:45:00.000Z%,8000563,8001221,8001812,8001470,8006627,8003059,8002238,8003980,8004909,8001990,8000323,;426
2021-12-16T06:11:00.000Z;Lebach-Jabach;RB;RB 72;72;76608;8007868;8007868%2021-12-16T06:11:00.000Z%,8000563,8001221,8001812,8001470,8006627,8003059,8002238,8003980,8004909,8001990,8000323,;426
2021-12-16T07:03:00.000Z;Lebach-Jabach;RB;RB 72;72;76610;8007868;8007868%2021-12-16T07:03:00.000Z%,8000563,8001221,8001812,8001470,8006627,8003059,8002238,8003980,8004909,8001990,8000323,;426
2021-12-16T07:32:00.000Z;Lebach-Jabach;RB;RB 72;72;76612;8007868;8007868%2021-12-16T07:32:00.000Z%,8000563,8001221,8001812,8001470,8006627,8003059,8002238,8003980,8004909,8001990,8000323,;426
2021-12-16T08:06:00.000Z;Lebach-Jabach;RB;RB 72;72;76614;8007868;8007868%2021-12-16T08:06:00.000Z%,8000563,8001221,8001812,8001470,8006627,8003059,8002238,8003980,8004909,8001990,8000323,;426
2021-12-16T09:06:00.000Z;Lebach-Jabach;RB;RB 72;72;76616;8007868;8007868%2021-12-16T09:06:00.000Z%,8000563,8001221,8001812,8001470,8006627,8003059,8002238,8003980,8004909,8001990,8000323,;426
2021-12-16T10:06:00.000Z;Lebach-Jabach;RB;RB 72;72;76618;8007868;8007868%2021-12-16T10:06:00.000Z%,8000563,8001221,8001812,8001470,8006627,8003059,8002238,8003980,8004909,8001990,8000323,;426
2021-12-16T11:06:00.000Z;Lebach-Jabach;RB;RB 72;72;76620;8007868;8007868%2021-12-16T11:06:00.000Z%,8000563,8001221,8001812,8001470,8006627,8003059,8002238,8003980,8004909,8001990,8000323,;426
2021-12-16T12:06:00.000Z;Lebach-Jabach;RB;RB 72;72;76622;8007868;8007868%2021-12-16T12:06:00.000Z%,8000563,8001221,8001812,8001470,8006627,8003059,8002238,8003980,8004909,8001990,8000323,;426
2021-12-16T13:06:00.000Z;Lebach-Jabach;RB;RB 72;72;76624;8007868;8007868%2021-12-16T13:06:00.000Z%,8000563,8001221,8001812,8001470,8006627,8003059,8002238,8003980,8004909,8001990,8000323,;426
2021-12-16T14:06:00.000Z;Lebach-Jabach;RB;RB 72;72;76626;8007868;8007868%2021-12-16T14:06:00.000Z%,8000563,8001221,8001812,8001470,8006627,8003059,8002238,8003980,8004909,8001990,8000323,;426
2021-12-16T15:06:00.000Z;Lebach-Jabach;RB;RB 72;72;76628;8007868;8007868%2021-12-16T15:06:00.000Z%,8000563,8001221,8001812,8001470,8006627,8003059,8002238,8003980,8004909,8001990,8000323,;426
2021-12-16T16:06:00.000Z;Lebach-Jabach;RB;RB 72;72;76630;8007868;8007868%2021-12-16T16:06:00.000Z%,8000563,8001221,8001812,8001470,8006627,8003059,8002238,8003980,8004909,8001990,8000323,;426
2021-12-16T17:06:00.000Z;Lebach-Jabach;RB;RB 72;72;76632;8007868;8007868%2021-12-16T17:06:00.000Z%,8000563,8001221,8001812,8001470,8006627,8003059,8002238,8003980,8004909,8001990,8000323,;426
2021-12-16T18:06:00.000Z;Lebach-Jabach;RB;RB 72;72;76634;8007868;8007868%2021-12-16T18:06:00.000Z%,8000563,8001221,8001812,8001470,8006627,8003059,8002238,8003980,8004909,8001990,8000323,;426
2021-12-16T19:06:00.000Z;Lebach-Jabach;RB;RB 72;72;76636;8007868;8007868%2021-12-16T19:06:00.000Z%,8000563,8001221,8001812,8001470,8006627,8003059,8002238,8003980,8004909,8001990,8000323,;426
2021-12-16T20:06:00.000Z;Lebach-Jabach;RB;RB 72;72;76638;8007868;8007868%2021-12-16T20:06:00.000Z%,8000563,8001221,8001812,8001470,8006627,8003059,8002238,8003980,8004909,8001990,8000323,;426
2021-12-16T09:01:00.000Z;Cranzahl;RB;RB 80;80;23712;8010074;8010074%2021-12-16T09:01:00.000Z%,8012976,8010005,8011045,8011047,8013310,8013116,8013343,8013235,8012853,8013312,8013427,8013311,8013212,8013328,8011856,8011497,8010128,8010108,8010253,8010184,;426
2021-12-16T10:55:00.000Z;Cranzahl;RB;RB 80;80;23716;8010074;8010074%2021-12-16T10:55:00.000Z%,8012976,8010005,8011045,8011047,8013310,8013116,8013343,8013235,8012853,8013312,8013427,8013311,8013212,8013328,8011856,8011497,8010128,8010108,8010253,8010184,;426
2021-12-16T12:01:00.000Z;Cranzahl;RB;RB 80;80;23718;8010074;8010074%2021-12-16T12:01:00.000Z%,8012976,8010005,8011045,8011047,8013310,8013116,8013343,8013235,8012853,8013312,8013427,8013311,8013212,8013328,8011856,8011497,8010128,8010108,8010253,8010184,;426
2021-12-16T13:45:00.000Z;Cranzahl;RB;RB 80;80;23722;8010074;8010074%2021-12-16T13:45:00.000Z%,8012976,8010005,8011045,8011047,8013310,8013116,8013343,8013235,8012853,8013312,8013427,8013311,8013212,8013328,8011856,8011497,8010128,8010108,8010253,8010184,;426
2021-12-16T14:58:00.000Z;Cranzahl;RB;RB 80;80;23724;8010074;8010074%2021-12-16T14:58:00.000Z%,8012976,8010005,8011045,8011047,8013310,8013116,8013343,8013235,8012853,8013312,8013427,8013311,8013212,8013328,8011856,8011497,8010128,8010108,8010253,8010184,;426
2021-12-16T17:01:00.000Z;Cranzahl;RB;RB 80;80;23728;8010074;8010074%2021-12-16T17:01:00.000Z%,8012976,8010005,8011045,8011047,8013310,8013116,8013343,8013235,8012853,8013312,8013427,8013311,8013212,8013328,8011856,8011497,8010128,8010108,8010253,8010184,;426
2021-12-15T20:44:00.000Z;Görlitz;RB;RB 65;65;62138;8010131;8010131%2021-12-15T20:44:00.000Z%,8012061,8010174,8013165,8011795,8012767,8010370,8012870,8010330,8011097,8012456,8010073,;426
2021-12-15T21:21:00.000Z;Görlitz;RB;RB 65;65;62135;8010131;8010131%2021-12-15T21:21:00.000Z%,8011656,8011799,5100244,8011878,8010393,;426
2021-12-15T21:44:00.000Z;Görlitz;RB;RB 65;65;62142;8010131;8010131%2021-12-15T21:44:00.000Z%0,8012061,8010174,8013165,8011795,8012767,8010370,;426
2021-12-16T02:44:00.000Z;Görlitz;RB;RB 65;65;62102;8010131;8010131%2021-12-16T02:44:00.000Z%,8012061,8010174,8013165,8011795,8012767,8010370,8012870,8010330,8011097,8012456,8010073,8011318,8012043,8010111,;426
2021-12-16T03:37:00.000Z;Görlitz;RB;RB 65;65;62104;8010131;8010131%2021-12-16T03:37:00.000Z%,8012061,8010174,8013165,8011795,8012767,8010370,8012870,8010330,8011097,8012456,8010073,8011318,8012043,8010111,;426
2021-12-16T04:13:00.000Z;Görlitz;RB;RB 65;65;62101;8010131;8010131%2021-12-16T04:13:00.000Z%0,8011656,8011799,5100244,8011878,8010393,;426
2021-12-16T04:35:00.000Z;Görlitz;RB;RB 64;64;63900;8010131;8010131%2021-12-16T04:35:00.000Z%,8012061,8013493,8012628,8012391,8012047,8013166,8012250,8011922,8010177,;426
2021-12-16T04:44:00.000Z;Görlitz;RB;RB 65;65;62106;8010131;8010131%2021-12-16T04:44:00.000Z%0,8012061,8010174,8013165,8011795,8012767,8010370,8012870,8010330,8011097,8012456,8010073,8011318,8012043,8010111,;426
2021-12-16T05:21:00.000Z;Görlitz;RB;RB 65;65;62103;8010131;8010131%2021-12-16T05:21:00.000Z%0,8011656,8011799,5100244,8011878,8010393,;426
2021-12-16T05:33:00.000Z;Görlitz;RB;RB 64;64;63902;8010131;8010131%2021-12-16T05:33:00.000Z%,8012061,8013493,8012628,8012391,8012047,8013166,8012250,8011922,8010177,;426
2021-12-16T05:44:00.000Z;Görlitz;RB;RB 65;65;62108;8010131;8010131%2021-12-16T05:44:00.000Z%0,8012061,8010174,8013165,8011795,8012767,8010370,8012870,8010330,8011097,8012456,8010073,8011318,8012043,8010111,;426
2021-12-16T06:21:00.000Z;Görlitz;RB;RB 65;65;62105;8010131;8010131%2021-12-16T06:21:00.000Z%0,8011656,8011799,5100244,8011878,8010393,;426
2021-12-16T06:33:00.000Z;Görlitz;RB;RB 64;64;62220;8010131;8010131%2021-12-16T06:33:00.000Z%,8012061,8013493,8012628,8012391,8012047,8013166,8012250,8011922,8010177,;426
2021-12-16T06:44:00.000Z;Görlitz;RB;RB 65;65;62110;8010131;8010131%2021-12-16T06:44:00.000Z%0,8012061,8010174,8013165,8011795,8012767,8010370,8012870,8010330,8011097,8012456,8010073,8011318,8012043,8010111,;426
2021-12-16T07:21:00.000Z;Görlitz;RB;RB 65;65;62107;8010131;8010131%2021-12-16T07:21:00.000Z%0,8011656,8011799,5100244,8011878,8010393,;426
2021-12-16T07:33:00.000Z;Görlitz;RB;RB 64;64;63904;8010131;8010131%2021-12-16T07:33:00.000Z%,8012061,8013493,8012628,8012391,8012047,8013166,8012250,8011922,8010177,;426
2021-12-16T07:44:00.000Z;Görlitz;RB;RB 65;65;62112;8010131;8010131%2021-12-16T07:44:00.000Z%0,8012061,8010174,8013165,8011795,8012767,8010370,8012870,8010330,8011097,8012456,8010073,8011318,8012043,8010111,;426
2021-12-16T08:21:00.000Z;Görlitz;RB;RB 65;65;62109;8010131;8010131%2021-12-16T08:21:00.000Z%0,8011656,8011799,5100244,8011878,8010393,;426
2021-12-15T20:40:00.000Z;Plaue(Thür);RB;RB 46;46;81222;8010274;8010274%2021-12-15T20:40:00.000Z%0,8011055,8010007,8011792,8013074,8010242,8011502,8010101,;426
2021-12-15T20:46:00.000Z;Plaue(Thür);RB;RB 44;44;81287;8010274;8010274%2021-12-15T20:46:00.000Z%0,8010137,8011397,8011603,8010391,8010345,8013077,8011378,8012787,8010142,8013172,8010230,;426
2021-12-15T20:58:00.000Z;Plaue(Thür);RE;RE 7;7;3764;8010274;8010274%2021-12-15T20:59:00.000Z%1,8010007,8010242,8010101,;602
2021-12-15T21:15:00.000Z;Plaue(Thür);RB;RB 46;46;81221;8010274;8010274%2021-12-15T21:15:00.000Z%0,8012317,8011624,8011476,8011932,8011935,8010178,;426
2021-12-15T21:45:00.000Z;Plaue(Thür);RB;RB 46;46;81224;8010274;8010274%2021-12-15T21:45:00.000Z%0,8011055,8010007,8011792,8013074,8010242,8011502,8010101,;426
2021-12-15T21:45:00.000Z;Plaue(Thür);RB;RB 44;44;81292;8010274;8010274%2021-12-15T21:45:00.000Z%0,8011055,8010007,8011792,8013074,8010242,8011502,8010101,;426
2021-12-15T22:26:00.000Z;Plaue(Thür);RE;RE 50;50;81093;8010274;8010274%2021-12-15T22:26:00.000Z%0,8010137,8010391,8010345,8010142,8010230,;602
2021-12-15T22:28:00.000Z;Plaue(Thür);RB;RB 46;46;81223;8010274;8010274%2021-12-15T22:28:00.000Z%0,8011624,8011476,8011932,8011935,8010178,;426
2021-12-15T23:33:00.000Z;Plaue(Thür);RB;RB 44;44;81289;8010274;8010274%2021-12-15T23:33:00.000Z%0,8010137,8011397,8011603,8010391,8010345,8013077,8011378,8012787,8010142,8013172,8010230,;426
2021-12-15T23:35:00.000Z;Plaue(Thür);RB;RB 46;46;81225;8010274;8010274%2021-12-15T23:35:00.000Z%0,8012317,8011624,8011476,8011932,8011935,8010178,;426
2021-12-16T04:04:00.000Z;Plaue(Thür);RB;RB 46;46;81187;8010274;8010274%2021-12-16T04:04:00.000Z%,8012317,8011624,8011476,8011932,8011935,8010178,;426
2021-12-16T04:06:00.000Z;Plaue(Thür);RB;RB 46;46;81188;8010274;8010274%2021-12-16T04:06:00.000Z%,8011055,8010007,8011792,8013074,8010242,8011502,8010101,;426
2021-12-16T04:06:00.000Z;Plaue(Thür);RB;RB 44;44;81272;8010274;8010274%2021-12-16T04:06:00.000Z%,8011055,8010007,8011792,8013074,8010242,8011502,8010101,;426
2021-12-16T04:23:00.000Z;Plaue(Thür);RE;RE 7;7;3751;8010274;8010274%2021-12-16T04:23:00.000Z%,8010137,8010391,8010345,8010142,8012750,8003959,8000730,8001290,8004169,8005199,8001620,8004865,8004453,8000032,8005198,8000260,;602
2021-12-16T04:34:00.000Z;Plaue(Thür);RB;RB 46;46;81190;8010274;8010274%2021-12-16T04:34:00.000Z%,8011055,8010007,8011792,8013074,8010242,8011502,8010101,;426
2021-12-16T04:53:00.000Z;Plaue(Thür);RE;RE 50;50;81082;8010274;8010274%2021-12-16T04:53:00.000Z%,8011055,8010007,8010242,8010101,;602
2021-12-16T04:57:00.000Z;Plaue(Thür);RB;RB 46;46;81189;8010274;8010274%2021-12-16T04:57:00.000Z%,8012317,8011624,8011476,8011932,8011935,8010178,;426
2021-12-16T05:26:00.000Z;Plaue(Thür);RB;RB 46;46;81192;8010274;8010274%2021-12-16T05:26:00.000Z%,8011055,8010007,8011792,8013074,8010242,8010101,;426
2021-12-16T05:26:00.000Z;Plaue(Thür);RB;RB 44;44;81274;8010274;8010274%2021-12-16T05:26:00.000Z%,8011055,8010007,8011792,8013074,8010242,8010101,;426
2021-12-16T05:28:00.000Z;Plaue(Thür);RB;RB 44;44;81271;8010274;8010274%2021-12-16T05:28:00.000Z%,8010137,8011397,8011603,8010391,8010345,8011378,8012787,8010142,;426
2021-12-16T05:44:00.000Z;Plaue(Thür);RE;RE 45;45;81074;8010274;8010274%2021-12-16T05:44:00.000Z%,8011055,8010007,8010242,8010101,;602
2021-12-16T06:00:00.000Z;Plaue(Thür);RE;RE 7;7;3750;8010274;8010274%2021-12-16T06:00:00.000Z%,8010007,8010242,8010101,;602
2021-12-16T06:10:00.000Z;Plaue(Thür);RB;RB 46;46;81191;8010274;8010274%2021-12-16T06:10:00.000Z%,8012317,8011624,8011476,8011932,8011935,8010178,;426
2021-12-16T06:16:00.000Z;Plaue(Thür);RB;RB 44;44;81276;8010274;8010274%2021-12-16T06:16:00.000Z%,8011055,8010007,8011792,8013074,8010242,8011502,8010101,;426
2021-12-16T06:27:00.000Z;Plaue(Thür);RB;RB 44;44;81273;8010274;8010274%2021-12-16T06:27:00.000Z%,8010137,8011397,8011603,8010391,8010345,8013077,8011378,8012787,8010142,8010230,;426
2021-12-16T06:40:00.000Z;Plaue(Thür);RB;RB 46;46;81194;8010274;8010274%2021-12-16T06:40:00.000Z%,8011055,8010007,8011792,8013074,8010242,8011502,8010101,;426
2021-12-16T06:59:00.000Z;Plaue(Thür);RE;RE 7;7;3755;8010274;8010274%2021-12-16T06:59:00.000Z%,8010391,8010345,8010142,8003959,8000730,8004169,8001620,8000032,8000260,;602
2021-12-16T07:10:00.000Z;Plaue(Thür);RB;RB 46;46;81193;8010274;8010274%2021-12-16T07:10:00.000Z%,8012317,8011624,8011476,8011932,8011935,8010178,;426
2021-12-16T07:29:00.000Z;Plaue(Thür);RB;RB 44;44;81278;8010274;8010274%2021-12-16T07:29:00.000Z%,8011055,8010007,8010242,8010101,;426
2021-12-16T07:31:00.000Z;Plaue(Thür);RE;RE 50;50;81083;8010274;8010274%2021-12-16T07:31:00.000Z%,8010137,8010391,8010345,8010142,8010230,;602
2021-12-16T07:40:00.000Z;Plaue(Thür);RB;RB 46;46;81196;8010274;8010274%2021-12-16T07:40:00.000Z%,8011055,8010007,8011792,8013074,8010242,8011502,8010101,;426
2021-12-16T08:10:00.000Z;Plaue(Thür);RB;RB 46;46;81195;8010274;8010274%2021-12-16T08:10:00.000Z%,8012317,8011624,8011476,8011932,8011935,8010178,;426
2021-12-16T08:17:00.000Z;Plaue(Thür);RE;RE 50;50;81086;8010274;8010274%2021-12-16T08:17:00.000Z%,8011055,8010007,8010242,8010101,;602
2021-12-16T08:27:00.000Z;Plaue(Thür);RB;RB 44;44;81275;8010274;8010274%2021-12-16T08:27:00.000Z%,8010137,8011397,8011603,8010391,8010345,8013077,8011378,8012787,8010142,8010230,;426
2021-12-16T08:40:00.000Z;Plaue(Thür);RB;RB 46;46;81198;8010274;8010274%2021-12-16T08:40:00.000Z%,8011055,8010007,8011792,8013074,8010242,8011502,8010101,;426
2021-12-16T08:57:00.000Z;Plaue(Thür);RE;RE 7;7;3752;8010274;8010274%2021-12-16T08:57:00.000Z%,8010007,8010242,8010101,;602
2021-12-16T08:59:00.000Z;Plaue(Thür);RE;RE 7;7;3757;8010274;8010274%2021-12-16T08:59:00.000Z%,8010391,8010345,8010142,8003959,8000730,8004169,8001620,8000032,8000260,;602
2021-12-16T09:10:00.000Z;Plaue(Thür);RB;RB 46;46;81197;8010274;8010274%2021-12-16T09:10:00.000Z%,8012317,8011624,8011476,8011932,8011935,8010178,;426
2021-12-16T09:29:00.000Z;Plaue(Thür);RB;RB 44;44;81280;8010274;8010274%2021-12-16T09:29:00.000Z%,8011055,8010007,8010242,8010101,;426
2021-12-16T09:40:00.000Z;Plaue(Thür);RB;RB 46;46;81200;8010274;8010274%2021-12-16T09:40:00.000Z%,8011055,8010007,8011792,8013074,8010242,8011502,8010101,;426
2021-12-16T10:10:00.000Z;Plaue(Thür);RB;RB 46;46;81199;8010274;8010274%2021-12-16T10:10:00.000Z%,8012317,8011624,8011476,8011932,8011935,8010178,;426
2021-12-16T10:27:00.000Z;Plaue(Thür);RB;RB 44;44;81277;8010274;8010274%2021-12-16T10:27:00.000Z%,8010137,8011397,8011603,8010391,8010345,8013077,8011378,8012787,8010142,8010230,;426
2021-12-16T10:40:00.000Z;Plaue(Thür);RB;RB 46;46;81202;8010274;8010274%2021-12-16T10:40:00.000Z%,8011055,8010007,8011792,8013074,8010242,8011502,8010101,;426
2021-12-16T10:57:00.000Z;Plaue(Thür);RE;RE 7;7;3754;8010274;8010274%2021-12-16T10:57:00.000Z%,8010007,8010242,8010101,;602
2021-12-16T10:59:00.000Z;Plaue(Thür);RE;RE 7;7;3759;8010274;8010274%2021-12-16T10:59:00.000Z%,8010391,8010345,8010142,8003959,8000730,8004169,8001620,8000032,8000260,;602
2021-12-16T11:10:00.000Z;Plaue(Thür);RB;RB 46;46;81201;8010274;8010274%2021-12-16T11:10:00.000Z%,8012317,8011624,8011476,8011932,8011935,8010178,;426
2021-12-16T11:29:00.000Z;Plaue(Thür);RB;RB 44;44;81282;8010274;8010274%2021-12-16T11:29:00.000Z%,8011055,8010007,8010242,8010101,;426
2021-12-16T11:40:00.000Z;Plaue(Thür);RB;RB 46;46;81204;8010274;8010274%2021-12-16T11:40:00.000Z%,8011055,8010007,8011792,8013074,8010242,8011502,8010101,;426
2021-12-16T12:10:00.000Z;Plaue(Thür);RB;RB 46;46;81203;8010274;8010274%2021-12-16T12:10:00.000Z%,8012317,8011624,8011476,8011932,8011935,8010178,;426
2021-12-16T12:27:00.000Z;Plaue(Thür);RB;RB 44;44;81279;8010274;8010274%2021-12-16T12:27:00.000Z%,8010137,8011397,8011603,8010391,8010345,8013077,8011378,8012787,8010142,8010230,;426
2021-12-16T12:40:00.000Z;Plaue(Thür);RB;RB 46;46;81206;8010274;8010274%2021-12-16T12:40:00.000Z%,8011055,8010007,8011792,8013074,8010242,8011502,8010101,;426
2021-12-16T12:57:00.000Z;Plaue(Thür);RE;RE 7;7;3756;8010274;8010274%2021-12-16T12:57:00.000Z%,8010007,8010242,8010101,;602
2021-12-16T12:59:00.000Z;Plaue(Thür);RE;RE 7;7;3761;8010274;8010274%2021-12-16T12:59:00.000Z%,8010391,8010345,8010142,8003959,8000730,8004169,8001620,8000032,8000260,;602
2021-12-16T13:10:00.000Z;Plaue(Thür);RB;RB 46;46;81205;8010274;8010274%2021-12-16T13:10:00.000Z%,8012317,8011624,8011476,8011932,8011935,8010178,;426
2021-12-16T13:29:00.000Z;Plaue(Thür);RB;RB 44;44;81284;8010274;8010274%2021-12-16T13:29:00.000Z%,8011055,8010007,8010242,8010101,;426
2021-12-16T13:31:00.000Z;Plaue(Thür);RE;RE 50;50;81085;8010274;8010274%2021-12-16T13:31:00.000Z%,8010137,8010391,8010345,8010142,8010230,;602
2021-12-16T13:40:00.000Z;Plaue(Thür);RB;RB 46;46;81208;8010274;8010274%2021-12-16T13:40:00.000Z%,8011055,8010007,8011792,8013074,8010242,8011502,8010101,;426
2021-12-16T14:10:00.000Z;Plaue(Thür);RB;RB 46;46;81207;8010274;8010274%2021-12-16T14:10:00.000Z%,8012317,8011624,8011476,8011932,8011935,8010178,;426
2021-12-16T14:17:00.000Z;Plaue(Thür);RE;RE 50;50;81088;8010274;8010274%2021-12-16T14:17:00.000Z%,8011055,8010007,8010242,8010101,;602
2021-12-16T14:27:00.000Z;Plaue(Thür);RB;RB 44;44;81281;8010274;8010274%2021-12-16T14:27:00.000Z%,8010137,8011397,8011603,8010391,8010345,8013077,8011378,8012787,8010142,8010230,;426
2021-12-16T14:40:00.000Z;Plaue(Thür);RB;RB 46;46;81210;8010274;8010274%2021-12-16T14:40:00.000Z%,8011055,8010007,8011792,8013074,8010242,8011502,8010101,;426
2021-12-16T14:57:00.000Z;Plaue(Thür);RE;RE 7;7;3758;8010274;8010274%2021-12-16T14:57:00.000Z%,8010007,8010242,8010101,;602
2021-12-16T14:59:00.000Z;Plaue(Thür);RE;RE 7;7;3763;8010274;8010274%2021-12-16T14:59:00.000Z%,8010391,8010345,8010142,8003959,8000730,8004169,8001620,8000032,8000260,;602
2021-12-16T15:10:00.000Z;Plaue(Thür);RB;RB 46;46;81209;8010274;8010274%2021-12-16T15:10:00.000Z%,8012317,8011624,8011476,8011932,8011935,8010178,;426
2021-12-16T15:29:00.000Z;Plaue(Thür);RB;RB 44;44;81286;8010274;8010274%2021-12-16T15:29:00.000Z%,8011055,8010007,8010242,8010101,;426
2021-12-16T15:31:00.000Z;Plaue(Thür);RE;RE 50;50;81087;8010274;8010274%2021-12-16T15:31:00.000Z%,8010137,8010391,8010345,8010142,8010230,;602
2021-12-16T15:40:00.000Z;Plaue(Thür);RB;RB 46;46;81212;8010274;8010274%2021-12-16T15:40:00.000Z%,8011055,8010007,8011792,8013074,8010242,8011502,8010101,;426
2021-12-16T16:10:00.000Z;Plaue(Thür);RB;RB 46;46;81211;8010274;8010274%2021-12-16T16:10:00.000Z%,8012317,8011624,8011476,8011932,8011935,8010178,;426
2021-12-16T16:17:00.000Z;Plaue(Thür);RE;RE 50;50;81090;8010274;8010274%2021-12-16T16:17:00.000Z%,8011055,8010007,8010242,8010101,;602
2021-12-16T16:27:00.000Z;Plaue(Thür);RB;RB 44;44;81283;8010274;8010274%2021-12-16T16:27:00.000Z%,8010137,8011397,8011603,8010391,8010345,8013077,8011378,8012787,8010142,8010230,;426
2021-12-16T16:39:00.000Z;Plaue(Thür);RB;RB 46;46;81214;8010274;8010274%2021-12-16T16:39:00.000Z%,8011055,8010007,8011792,8013074,8010242,8011502,8010101,;426
2021-12-16T16:57:00.000Z;Plaue(Thür);RE;RE 7;7;3760;8010274;8010274%2021-12-16T16:57:00.000Z%,8010007,8010242,8010101,;602
2021-12-16T16:59:00.000Z;Plaue(Thür);RE;RE 7;7;3765;8010274;8010274%2021-12-16T16:59:00.000Z%,8010391,8010345,8010142,8003959,8000730,8004169,8001620,8000032,8000260,;602
2021-12-16T17:10:00.000Z;Plaue(Thür);RB;RB 46;46;81213;8010274;8010274%2021-12-16T17:10:00.000Z%,8012317,8011624,8011476,8011932,8011935,8010178,;426
2021-12-16T17:29:00.000Z;Plaue(Thür);RB;RB 44;44;81288;8010274;8010274%2021-12-16T17:29:00.000Z%,8011055,8010007,8010242,8010101,;426
2021-12-16T17:31:00.000Z;Plaue(Thür);RE;RE 50;50;81089;8010274;8010274%2021-12-16T17:31:00.000Z%,8010137,8010391,8010345,8010142,8010230,;602
2021-12-16T17:40:00.000Z;Plaue(Thür);RB;RB 46;46;81216;8010274;8010274%2021-12-16T17:40:00.000Z%,8011055,8010007,8011792,8013074,8010242,8011502,8010101,;426
2021-12-16T18:10:00.000Z;Plaue(Thür);RB;RB 46;46;81215;8010274;8010274%2021-12-16T18:10:00.000Z%,8012317,8011624,8011476,8011932,8011935,8010178,;426
2021-12-16T18:17:00.000Z;Plaue(Thür);RE;RE 50;50;81092;8010274;8010274%2021-12-16T18:17:00.000Z%,8011055,8010007,8010242,8010101,;602
2021-12-16T18:27:00.000Z;Plaue(Thür);RB;RB 44;44;81285;8010274;8010274%2021-12-16T18:27:00.000Z%,8010137,8011397,8011603,8010391,8010345,8013077,8011378,8012787,8010142,8010230,;426
2021-12-16T18:40:00.000Z;Plaue(Thür);RB;RB 46;46;81218;8010274;8010274%2021-12-16T18:40:00.000Z%,8011055,8010007,8011792,8013074,8010242,8011502,8010101,;426
2021-12-16T18:57:00.000Z;Plaue(Thür);RE;RE 7;7;3762;8010274;8010274%2021-12-16T18:57:00.000Z%,8010007,8010242,8010101,;602
2021-12-16T18:59:00.000Z;Plaue(Thür);RE;RE 7;7;3767;8010274;8010274%2021-12-16T18:59:00.000Z%,8010137,8010391,8010345,8010142,8003959,8000730,8004169,8001620,8000032,;602
2021-12-16T19:10:00.000Z;Plaue(Thür);RB;RB 46;46;81217;8010274;8010274%2021-12-16T19:10:00.000Z%,8012317,8011624,8011476,8011932,8011935,8010178,;426
2021-12-16T19:29:00.000Z;Plaue(Thür);RB;RB 44;44;81290;8010274;8010274%2021-12-16T19:29:00.000Z%,8011055,8010007,8010242,8010101,;426
2021-12-16T19:36:00.000Z;Plaue(Thür);RE;RE 50;50;81091;8010274;8010274%2021-12-16T19:36:00.000Z%,8010137,8010391,8010345,8010142,8013172,8010230,;602
2021-12-16T19:40:00.000Z;Plaue(Thür);RB;RB 46;46;81220;8010274;8010274%2021-12-16T19:40:00.000Z%,8011055,8010007,8011792,8013074,8010242,8011502,8010101,;426
2021-12-16T20:10:00.000Z;Plaue(Thür);RB;RB 46;46;81219;8010274;8010274%2021-12-16T20:10:00.000Z%,8012317,8011624,8011476,8011932,8011935,8010178,;426
2021-12-15T20:33:00.000Z;Suhl;RE;RE 7;7;3764;8010345;8010345%2021-12-15T20:33:00.000Z%0,8010391,8010137,8010274,8010007,8010242,8010101,;602
2021-12-15T20:59:00.000Z;Suhl;RB;RB 44;44;81292;8010345;8010345%2021-12-15T20:59:00.000Z%0,8010391,8011603,8011397,8010137,8010274,8011055,8010007,8011792,8013074,8010242,8011502,8010101,;426
2021-12-15T21:20:00.000Z;Suhl;RB;RB 44;44;81287;8010345;8010345%2021-12-15T21:20:00.000Z%0,8013077,8011378,8012787,8010142,8013172,8010230,;426
2021-12-15T22:54:00.000Z;Suhl;RE;RE 50;50;81093;8010345;8010345%2021-12-15T22:54:00.000Z%0,8010142,8010230,;602
2021-12-16T00:04:00.000Z;Suhl;RB;RB 44;44;81289;8010345;8010345%2021-12-16T00:04:00.000Z%0,8013077,8011378,8012787,8010142,8013172,8010230,;426
2021-12-16T03:32:00.000Z;Suhl;RB;RB 44;44;81272;8010345;8010345%2021-12-16T03:32:00.000Z%,8010391,8011603,8011397,8010137,8010274,8011055,8010007,8011792,8013074,8010242,8011502,8010101,;426
2021-12-16T04:24:00.000Z;Suhl;RE;RE 50;50;81082;8010345;8010345%2021-12-16T04:24:00.000Z%,8010391,8010137,8010274,8011055,8010007,8010242,8010101,;602
2021-12-16T04:49:00.000Z;Suhl;RE;RE 7;7;3751;8010345;8010345%2021-12-16T04:49:00.000Z%,8010142,8012750,8003959,8000730,8001290,8004169,8005199,8001620,8004865,8004453,8000032,8005198,8000260,;602
2021-12-16T04:49:00.000Z;Suhl;RB;RB 44;44;81274;8010345;8010345%2021-12-16T04:49:00.000Z%,8010391,8011603,8011397,8010137,8010274,8011055,8010007,8011792,8013074,8010242,8010101,;426
2021-12-16T05:02:00.000Z;Suhl;RB;RB 44;44;81269;8010345;8010345%2021-12-16T05:02:00.000Z%,8013077,8011378,8012787,8010142,8013172,8010230,8013215,8013245,8012929,8010375,8011265,8011934,8010021,8012533,8011519,8012312,8010110,8010097,;426
2021-12-16T05:33:00.000Z;Suhl;RE;RE 7;7;3750;8010345;8010345%2021-12-16T05:33:00.000Z%,8010391,8010137,8010274,8010007,8010242,8010101,;602
2021-12-16T05:46:00.000Z;Suhl;RB;RB 44;44;81276;8010345;8010345%2021-12-16T05:46:00.000Z%,8010391,8011603,8011397,8010137,8010274,8011055,8010007,8011792,8013074,8010242,8011502,8010101,;426
2021-12-16T05:58:00.000Z;Suhl;RB;RB 44;44;81271;8010345;8010345%2021-12-16T05:58:00.000Z%,8011378,8012787,8010142,;426
2021-12-16T06:30:00.000Z;Suhl;RE;RE 50;50;81084;8010345;8010345%2021-12-16T06:30:00.000Z%,8010391,8010137,8010007,8010242,8010101,;602
2021-12-16T06:58:00.000Z;Suhl;RB;RB 44;44;81273;8010345;8010345%2021-12-16T06:58:00.000Z%,8013077,8011378,8012787,8010142,8010230,;426
2021-12-16T06:59:00.000Z;Suhl;RB;RB 44;44;81278;8010345;8010345%2021-12-16T06:59:00.000Z%,8010391,8011603,8011397,8010137,8010274,8011055,8010007,8010242,8010101,;426
2021-12-16T07:22:00.000Z;Suhl;RE;RE 7;7;3755;8010345;8010345%2021-12-16T07:22:00.000Z%,8010142,8003959,8000730,8004169,8001620,8000032,8000260,;602
2021-12-16T07:47:00.000Z;Suhl;RE;RE 50;50;81086;8010345;8010345%2021-12-16T07:47:00.000Z%,8010391,8010137,8010274,8011055,8010007,8010242,8010101,;602
2021-12-16T08:00:00.000Z;Suhl;RE;RE 50;50;81083;8010345;8010345%2021-12-16T08:00:00.000Z%,8010142,8010230,;602
2021-12-16T08:32:00.000Z;Suhl;RE;RE 7;7;3752;8010345;8010345%2021-12-16T08:32:00.000Z%,8010391,8010274,8010007,8010242,8010101,;602
2021-12-16T08:58:00.000Z;Suhl;RB;RB 44;44;81275;8010345;8010345%2021-12-16T08:58:00.000Z%,8013077,8011378,8012787,8010142,8010230,;426
2021-12-16T08:59:00.000Z;Suhl;RB;RB 44;44;81280;8010345;8010345%2021-12-16T08:59:00.000Z%,8010391,8011603,8011397,8010137,8010274,8011055,8010007,8010242,8010101,;426
2021-12-16T09:22:00.000Z;Suhl;RE;RE 7;7;3757;8010345;8010345%2021-12-16T09:22:00.000Z%,8010142,8003959,8000730,8004169,8001620,8000032,8000260,;602
2021-12-16T10:01:00.000Z;Suhl;RB;RB 43;43;81161;8010345;8010345%2021-12-16T10:01:00.000Z%,8010391,8013383,8011139,8013191,8013037,8011028,8012881,8010315,8011057,8012367,8012498,8010375,;426
2021-12-16T10:32:00.000Z;Suhl;RE;RE 7;7;3754;8010345;8010345%2021-12-16T10:32:00.000Z%,8010391,8010274,8010007,8010242,8010101,;602
2021-12-16T10:58:00.000Z;Suhl;RB;RB 44;44;81277;8010345;8010345%2021-12-16T10:58:00.000Z%,8013077,8011378,8012787,8010142,8010230,;426
2021-12-16T10:59:00.000Z;Suhl;RB;RB 44;44;81282;8010345;8010345%2021-12-16T10:59:00.000Z%,8010391,8011603,8011397,8010137,8010274,8011055,8010007,8010242,8010101,;426
2021-12-16T11:22:00.000Z;Suhl;RE;RE 7;7;3759;8010345;8010345%2021-12-16T11:22:00.000Z%,8010142,8003959,8000730,8004169,8001620,8000032,8000260,;602
2021-12-16T12:01:00.000Z;Suhl;RB;RB 43;43;81165;8010345;8010345%2021-12-16T12:01:00.000Z%,8010391,8013383,8011139,8013191,8013037,8011028,8012881,8010315,8011057,8012367,8012498,8010375,;426
2021-12-16T12:32:00.000Z;Suhl;RE;RE 7;7;3756;8010345;8010345%2021-12-16T12:32:00.000Z%,8010391,8010274,8010007,8010242,8010101,;602
2021-12-16T12:58:00.000Z;Suhl;RB;RB 44;44;81279;8010345;8010345%2021-12-16T12:58:00.000Z%,8013077,8011378,8012787,8010142,8010230,;426
2021-12-16T12:59:00.000Z;Suhl;RB;RB 44;44;81284;8010345;8010345%2021-12-16T12:59:00.000Z%,8010391,8011603,8011397,8010137,8010274,8011055,8010007,8010242,8010101,;426
2021-12-16T13:22:00.000Z;Suhl;RE;RE 7;7;3761;8010345;8010345%2021-12-16T13:22:00.000Z%,8010142,8003959,8000730,8004169,8001620,8000032,8000260,;602
2021-12-16T13:47:00.000Z;Suhl;RE;RE 50;50;81088;8010345;8010345%2021-12-16T13:47:00.000Z%,8010391,8010137,8010274,8011055,8010007,8010242,8010101,;602
2021-12-16T14:00:00.000Z;Suhl;RE;RE 50;50;81085;8010345;8010345%2021-12-16T14:00:00.000Z%,8010142,8010230,;602
2021-12-16T14:32:00.000Z;Suhl;RE;RE 7;7;3758;8010345;8010345%2021-12-16T14:32:00.000Z%,8010391,8010274,8010007,8010242,8010101,;602
2021-12-16T14:58:00.000Z;Suhl;RB;RB 44;44;81281;8010345;8010345%2021-12-16T14:58:00.000Z%,8013077,8011378,8012787,8010142,8010230,;426
2021-12-16T14:59:00.000Z;Suhl;RB;RB 44;44;81286;8010345;8010345%2021-12-16T14:59:00.000Z%,8010391,8011603,8011397,8010137,8010274,8011055,8010007,8010242,8010101,;426
2021-12-16T15:22:00.000Z;Suhl;RE;RE 7;7;3763;8010345;8010345%2021-12-16T15:22:00.000Z%,8010142,8003959,8000730,8004169,8001620,8000032,8000260,;602
2021-12-16T15:47:00.000Z;Suhl;RE;RE 50;50;81090;8010345;8010345%2021-12-16T15:47:00.000Z%,8010391,8010137,8010274,8011055,8010007,8010242,8010101,;602
2021-12-16T16:00:00.000Z;Suhl;RE;RE 50;50;81087;8010345;8010345%2021-12-16T16:00:00.000Z%,8010142,8010230,;602
2021-12-16T16:32:00.000Z;Suhl;RE;RE 7;7;3760;8010345;8010345%2021-12-16T16:32:00.000Z%,8010391,8010274,8010007,8010242,8010101,;602
2021-12-16T16:58:00.000Z;Suhl;RB;RB 44;44;81283;8010345;8010345%2021-12-16T16:58:00.000Z%,8013077,8011378,8012787,8010142,8010230,;426
2021-12-16T16:59:00.000Z;Suhl;RB;RB 44;44;81288;8010345;8010345%2021-12-16T16:59:00.000Z%,8010391,8011603,8011397,8010137,8010274,8011055,8010007,8010242,8010101,;426
2021-12-16T17:22:00.000Z;Suhl;RE;RE 7;7;3765;8010345;8010345%2021-12-16T17:22:00.000Z%,8010142,8003959,8000730,8004169,8001620,8000032,8000260,;602
2021-12-16T17:47:00.000Z;Suhl;RE;RE 50;50;81092;8010345;8010345%2021-12-16T17:47:00.000Z%,8010391,8010137,8010274,8011055,8010007,8010242,8010101,;602
2021-12-16T18:00:00.000Z;Suhl;RE;RE 50;50;81089;8010345;8010345%2021-12-16T18:00:00.000Z%,8010142,8010230,;602
2021-12-16T18:32:00.000Z;Suhl;RE;RE 7;7;3762;8010345;8010345%2021-12-16T18:32:00.000Z%,8010391,8010274,8010007,8010242,8010101,;602
2021-12-16T18:58:00.000Z;Suhl;RB;RB 44;44;81285;8010345;8010345%2021-12-16T18:58:00.000Z%,8013077,8011378,8012787,8010142,8010230,;426
2021-12-16T18:59:00.000Z;Suhl;RB;RB 44;44;81290;8010345;8010345%2021-12-16T18:59:00.000Z%,8010391,8011603,8011397,8010137,8010274,8011055,8010007,8010242,8010101,;426
2021-12-16T19:25:00.000Z;Suhl;RE;RE 7;7;3767;8010345;8010345%2021-12-16T19:25:00.000Z%,8010142,8003959,8000730,8004169,8001620,8000032,;602
2021-12-16T20:06:00.000Z;Suhl;RE;RE 50;50;81091;8010345;8010345%2021-12-16T20:06:00.000Z%,8010142,8013172,8010230,;602
2021-12-15T20:53:00.000Z;Erfurt-Gispersleben;RB;RB 52;52;16270;8011503;8011503%2021-12-15T20:54:00.000Z%1,8010198,8011489,8011336,8010081,8011687,8010020,;426
2021-12-15T21:21:00.000Z;Erfurt-Gispersleben;RB;RB 56;56;16584;8011503;8011503%2021-12-15T21:21:00.000Z%,8010198,8013221,8012769,8010342,8011594,8011700,8013244,8012500,8011891,;426
2021-12-15T21:34:00.000Z;Erfurt-Gispersleben;RB;RB 52;52;16273;8011503;8011503%2021-12-15T21:37:00.000Z%3,8010102,8010101,;426
2021-12-15T21:47:00.000Z;Erfurt-Gispersleben;RB;RB 55;55;16567;8011503;8011503%2021-12-15T21:47:00.000Z%,8010102,8010101,;426
2021-12-16T03:56:00.000Z;Erfurt-Gispersleben;RB;RB 56;56;16588;8011503;8011503%2021-12-16T03:56:00.000Z%,8010198,8013221,8012769,8010342,8011594,8011700,8013244,8012500,8011891,;426
2021-12-16T04:31:00.000Z;Erfurt-Gispersleben;RB;RB 56;56;16587;8011503;8011503%2021-12-16T04:31:00.000Z%,8010102,8010101,;426
2021-12-16T04:48:00.000Z;Erfurt-Gispersleben;RB;RB 52;52;16271;8011503;8011503%2021-12-16T04:48:00.000Z%,8010102,8010101,;426
2021-12-16T05:07:00.000Z;Erfurt-Gispersleben;RE;RE 55;55;16552;8011503;8011503%2021-12-16T05:07:00.000Z%,8010198,8013221,8012769,8010342,8011700,;602
2021-12-16T05:42:00.000Z;Erfurt-Gispersleben;RB;RB 56;56;16589;8011503;8011503%2021-12-16T05:42:00.000Z%,8010102,8010101,;426
2021-12-16T06:11:00.000Z;Erfurt-Gispersleben;RB;RB 52;52;16283;8011503;8011503%2021-12-16T06:11:00.000Z%,8010102,8010101,;426
2021-12-16T06:20:00.000Z;Erfurt-Gispersleben;RB;RB 52;52;16282;8011503;8011503%2021-12-16T06:20:00.000Z%,8010198,8011489,8011336,8010081,8011687,8010020,8012919,8011746,8012961,8010235,8011029,8011335,8012993,8010048,8010203,;426
2021-12-16T06:29:00.000Z;Erfurt-Gispersleben;RE;RE 55;55;16553;8011503;8011503%2021-12-16T06:29:00.000Z%,8010102,8010101,;602
2021-12-16T07:10:00.000Z;Erfurt-Gispersleben;RE;RE 55;55;16554;8011503;8011503%2021-12-16T07:10:00.000Z%,8010198,8013221,8012769,8010342,8011700,;602
2021-12-16T07:33:00.000Z;Erfurt-Gispersleben;RB;RB 52;52;16285;8011503;8011503%2021-12-16T07:33:00.000Z%,8010102,8010101,;426
2021-12-16T08:23:00.000Z;Erfurt-Gispersleben;RB;RB 52;52;16284;8011503;8011503%2021-12-16T08:23:00.000Z%,8010198,8011489,8011336,8010081,8011687,8010020,8012919,8011746,8012961,8010235,8011029,8011335,8012993,8010048,8010203,;426
2021-12-16T08:41:00.000Z;Erfurt-Gispersleben;RE;RE 55;55;16555;8011503;8011503%2021-12-16T08:41:00.000Z%,8010102,8010101,;602
2021-12-16T09:10:00.000Z;Erfurt-Gispersleben;RE;RE 55;55;16556;8011503;8011503%2021-12-16T09:10:00.000Z%,8010198,8013221,8012769,8010342,8011700,;602
2021-12-16T09:33:00.000Z;Erfurt-Gispersleben;RB;RB 52;52;16287;8011503;8011503%2021-12-16T09:33:00.000Z%,8010102,8010101,;426
2021-12-16T10:23:00.000Z;Erfurt-Gispersleben;RB;RB 52;52;16286;8011503;8011503%2021-12-16T10:23:00.000Z%,8010198,8011489,8011336,8010081,8011687,8010020,8012919,8011746,8012961,8010235,8011029,8011335,8012993,8010048,8010203,;426
2021-12-16T10:41:00.000Z;Erfurt-Gispersleben;RE;RE 55;55;16557;8011503;8011503%2021-12-16T10:41:00.000Z%,8010102,8010101,;602
2021-12-16T11:10:00.000Z;Erfurt-Gispersleben;RE;RE 55;55;16558;8011503;8011503%2021-12-16T11:10:00.000Z%,8010198,8013221,8012769,8010342,8011700,;602
2021-12-16T11:33:00.000Z;Erfurt-Gispersleben;RB;RB 52;52;16289;8011503;8011503%2021-12-16T11:33:00.000Z%,8010102,8010101,;426
2021-12-16T12:23:00.000Z;Erfurt-Gispersleben;RB;RB 52;52;16288;8011503;8011503%2021-12-16T12:23:00.000Z%,8010198,8011489,8011336,8010081,8011687,8010020,8012919,8011746,8012961,8010235,8011029,8011335,8012993,8010048,8010203,;426
2021-12-16T12:41:00.000Z;Erfurt-Gispersleben;RE;RE 55;55;16559;8011503;8011503%2021-12-16T12:41:00.000Z%,8010102,8010101,;602
2021-12-16T13:10:00.000Z;Erfurt-Gispersleben;RE;RE 55;55;16560;8011503;8011503%2021-12-16T13:10:00.000Z%,8010198,8013221,8012769,8010342,8011700,;602
2021-12-16T13:33:00.000Z;Erfurt-Gispersleben;RB;RB 52;52;16291;8011503;8011503%2021-12-16T13:33:00.000Z%,8010102,8010101,;426
2021-12-16T14:23:00.000Z;Erfurt-Gispersleben;RB;RB 52;52;16290;8011503;8011503%2021-12-16T14:23:00.000Z%,8010198,8011489,8011336,8010081,8011687,8010020,8012919,8011746,8012961,8010235,8011029,8011335,8012993,8010048,8010203,;426
2021-12-16T14:41:00.000Z;Erfurt-Gispersleben;RE;RE 55;55;16561;8011503;8011503%2021-12-16T14:41:00.000Z%,8010102,8010101,;602
2021-12-16T15:10:00.000Z;Erfurt-Gispersleben;RE;RE 55;55;16562;8011503;8011503%2021-12-16T15:10:00.000Z%,8010198,8013221,8012769,8010342,8011700,;602
2021-12-16T15:33:00.000Z;Erfurt-Gispersleben;RB;RB 52;52;16293;8011503;8011503%2021-12-16T15:33:00.000Z%,8010102,8010101,;426
2021-12-16T16:23:00.000Z;Erfurt-Gispersleben;RB;RB 52;52;16292;8011503;8011503%2021-12-16T16:23:00.000Z%,8010198,8011489,8011336,8010081,8011687,8010020,8012919,8011746,8012961,8010235,8011029,8011335,8012993,8010048,8010203,;426
2021-12-16T16:41:00.000Z;Erfurt-Gispersleben;RE;RE 55;55;16563;8011503;8011503%2021-12-16T16:41:00.000Z%,8010102,8010101,;602
2021-12-16T17:10:00.000Z;Erfurt-Gispersleben;RE;RE 55;55;16564;8011503;8011503%2021-12-16T17:10:00.000Z%,8010198,8013221,8012769,8010342,8011700,;602
2021-12-16T17:33:00.000Z;Erfurt-Gispersleben;RB;RB 52;52;16295;8011503;8011503%2021-12-16T17:33:00.000Z%,8010102,8010101,;426
2021-12-16T18:23:00.000Z;Erfurt-Gispersleben;RB;RB 52;52;16294;8011503;8011503%2021-12-16T18:23:00.000Z%,8010198,8011489,8011336,8010081,8011687,8010020,8012919,8011746,8012961,8010235,;426
2021-12-16T18:41:00.000Z;Erfurt-Gispersleben;RE;RE 55;55;16565;8011503;8011503%2021-12-16T18:41:00.000Z%,8010102,8010101,;602
2021-12-16T19:24:00.000Z;Erfurt-Gispersleben;RE;RE 55;55;16566;8011503;8011503%2021-12-16T19:24:00.000Z%,8010198,8013221,8012769,8010342,8011700,;602
2021-12-16T19:42:00.000Z;Erfurt-Gispersleben;RB;RB 52;52;16297;8011503;8011503%2021-12-16T19:42:00.000Z%,8010102,8010101,;426
2021-12-15T20:38:00.000Z;Gera-Zwötzen;RE;RE 3;3;3938;8011623;8011623%2021-12-15T20:38:00.000Z%0,8010126,8010125,;602
2021-12-15T20:52:00.000Z;Gera-Zwötzen;RE;RE 13;13;81028;8011623;8011623%2021-12-15T20:52:00.000Z%0,8010126,8010125,;602
2021-12-15T21:14:00.000Z;Gera-Zwötzen;RB;RB 13;13;81029;8011623;8011623%2021-12-15T21:14:00.000Z%0,8013334,8010365,8013251,8013254,8012252,8012927,8011895,8013150,8013396,;426
2021-12-15T22:02:00.000Z;Gera-Zwötzen;RB;RB 22;22;80874;8011623;8011623%2021-12-15T22:02:00.000Z%0,8010126,8010125,;426
2021-12-15T22:13:00.000Z;Gera-Zwötzen;RB;RB 22;22;80869;8011623;8011623%2021-12-15T22:13:00.000Z%0,8013334,8010365,8012493,8010352,8012472,8012468,8012563,8012657,8012107,8012075,8013174,8010309,;426
2021-12-15T22:18:00.000Z;Gera-Zwötzen;RE;RE 3;3;3939;8011623;8011623%2021-12-15T22:18:00.000Z%,8010387,8011144,8012465,8010140,;602
2021-12-16T03:44:00.000Z;Gera-Zwötzen;RE;RE 3;3;3940;8011623;8011623%2021-12-16T03:44:00.000Z%,8010126,8010125,;602
2021-12-16T03:49:00.000Z;Gera-Zwötzen;RE;RE 3;3;3941;8011623;8011623%2021-12-16T03:49:00.000Z%,8010387,8011144,8012465,8010140,;602
2021-12-16T03:58:00.000Z;Gera-Zwötzen;RB;RB 22;22;80831;8011623;8011623%2021-12-16T03:58:00.000Z%,8010365,8012493,8010352,8012472,8012468,8012563,8012657,8012107,8012075,8013174,8010309,;426
2021-12-16T04:20:00.000Z;Gera-Zwötzen;RE;RE 3;3;3922;8011623;8011623%2021-12-16T04:20:00.000Z%,8010126,8010125,;602
2021-12-16T04:31:00.000Z;Gera-Zwötzen;RB;RB 13;13;81012;8011623;8011623%2021-12-16T04:31:00.000Z%,8010126,8010125,8011074,8010196,8011312,8013297,8010390,8012682,8010269,8013447,8012192,8010209,8012193,8010205,;426
2021-12-16T04:36:00.000Z;Gera-Zwötzen;RB;RB 22;22;80833;8011623;8011623%2021-12-16T04:36:00.000Z%,8013334,8010365,8012493,8010352,8012472,8012468,8012563,8012657,8012107,8012075,8013174,8010309,8011267,8012000,8010170,8012213,8012225,8013360,8010354,8013452,8011821,8011820,8011206,;426
2021-12-16T04:58:00.000Z;Gera-Zwötzen;RB;RB 13;13;81011;8011623;8011623%2021-12-16T04:58:00.000Z%,8010365,8013251,8013254,8012252,8012927,8011895,8013150,8013396,8010229,8010317,8011790,8001969,8002924,;426
2021-12-16T05:10:00.000Z;Gera-Zwötzen;RE;RE 3;3;3921;8011623;8011623%2021-12-16T05:10:00.000Z%,8010387,8011144,8012465,8010140,;602
2021-12-16T05:17:00.000Z;Gera-Zwötzen;RB;RB 22;22;80836;8011623;8011623%2021-12-16T05:17:00.000Z%,8010126,8010125,8011619,8011074,8011312,8013297,8010390,8012682,8010269,8013447,8012192,8010209,8010205,;426
2021-12-16T05:33:00.000Z;Gera-Zwötzen;RB;RB 22;22;80837;8011623;8011623%2021-12-16T05:33:00.000Z%,8013334,8010365,8012493,8010352,8012472,8012468,8012563,8012657,8012107,8012075,8013174,8010309,;426
2021-12-16T05:44:00.000Z;Gera-Zwötzen;RE;RE 3;3;3944;8011623;8011623%2021-12-16T05:44:00.000Z%,8010126,8010125,8011862,8013025,8010133,8011957,8010366,8010101,8010242,8010136,8010020,8010235,8010203,8011849,8000128,;602
2021-12-16T05:48:00.000Z;Gera-Zwötzen;RE;RE 12;12;80840;8011623;8011623%2021-12-16T05:48:00.000Z%,8010126,8010125,8011619,8011074,8010196,8011312,8013297,8010390,8012682,8010269,8013447,8012192,8010209,8010205,;602
2021-12-16T06:06:00.000Z;Gera-Zwötzen;RB;RB 13;13;81014;8011623;8011623%2021-12-16T06:06:00.000Z%,8010126,8010125,;426
2021-12-16T06:16:00.000Z;Gera-Zwötzen;RB;RB 22;22;80842;8011623;8011623%2021-12-16T06:16:00.000Z%,8010126,8010125,;426
2021-12-16T06:35:00.000Z;Gera-Zwötzen;RB;RB 22;22;80839;8011623;8011623%2021-12-16T06:35:00.000Z%,8013334,8010365,8012493,8010352,8012472,8012468,8012563,8012657,8012107,8012075,8013174,8010309,;426
2021-12-16T06:35:00.000Z;Gera-Zwötzen;RB;RB 13;13;81057;8011623;8011623%2021-12-16T06:35:00.000Z%,8013334,8010365,8013251,8013254,8012252,8012927,8011895,8013150,8013396,;426
2021-12-16T06:44:00.000Z;Gera-Zwötzen;RE;RE 3;3;3924;8011623;8011623%2021-12-16T06:44:00.000Z%,8010126,8010125,8011862,8013025,8010133,8011957,8010366,8010101,;602
2021-12-16T06:51:00.000Z;Gera-Zwötzen;RB;RB 22;22;80844;8011623;8011623%2021-12-16T06:51:00.000Z%,8010126,8010125,8011619,8011074,8011312,8013297,8010390,8012682,8010269,8013447,8012192,8010209,8010205,;426
2021-12-16T07:07:00.000Z;Gera-Zwötzen;RB;RB 22;22;80835;8011623;8011623%2021-12-16T07:07:00.000Z%,8010365,;426
2021-12-16T07:07:00.000Z;Gera-Zwötzen;RB;RB 13;13;81013;8011623;8011623%2021-12-16T07:07:00.000Z%,8010365,8013251,8013254,8012252,8011895,8013150,8013396,8010229,8010317,8001969,8002924,;426
2021-12-16T07:12:00.000Z;Gera-Zwötzen;RE;RE 3;3;3923;8011623;8011623%2021-12-16T07:12:00.000Z%,8010387,8011144,8012465,8010140,;602
2021-12-16T07:50:00.000Z;Gera-Zwötzen;RB;RB 13;13;81058;8011623;8011623%2021-12-16T07:50:00.000Z%,8010126,8010125,8011074,8010196,8011312,8013297,8010390,8012682,8010269,8013447,8012192,8010209,8010205,;426
2021-12-16T07:50:00.000Z;Gera-Zwötzen;RE;RE 12;12;80846;8011623;8011623%2021-12-16T07:50:00.000Z%,8010126,8010125,8011074,8010196,8011312,8013297,8010390,8012682,8010269,8013447,8012192,8010209,8010205,;602
2021-12-16T08:07:00.000Z;Gera-Zwötzen;RE;RE 12;12;80841;8011623;8011623%2021-12-16T08:07:00.000Z%,8013334,8010365,8012493,8010352,8012472,8012657,8010309,8011267,8012000,8010170,8012213,8012225,8013360,8010354,8013452,8011821,8011820,8011206,;602
2021-12-16T08:17:00.000Z;Gera-Zwötzen;RB;RB 21;21;80888;8011623;8011623%2021-12-16T08:17:00.000Z%,8010126,8010125,8013129,8012088,8011862,8012604,8013025,8012443,8010133,8011957,8011762,8012332,8012541,8010366,8013192,8010101,;426
2021-12-16T08:44:00.000Z;Gera-Zwötzen;RE;RE 3;3;3926;8011623;8011623%2021-12-16T08:44:00.000Z%,8010126,8010125,8011862,8013025,8010133,8011957,8010366,8010101,;602
2021-12-16T08:52:00.000Z;Gera-Zwötzen;RB;RB 22;22;80848;8011623;8011623%2021-12-16T08:52:00.000Z%,8010126,8010125,8011619,8011074,8011312,8013297,8010390,8012682,8010269,8013447,8012192,8010209,8010205,;426
2021-12-16T08:52:00.000Z;Gera-Zwötzen;RB;RB 13;13;81016;8011623;8011623%2021-12-16T08:52:00.000Z%,8010126,8010125,8011619,8011074,8011312,8013297,8010390,8012682,8010269,8013447,8012192,8010209,8010205,;426
2021-12-16T09:07:00.000Z;Gera-Zwötzen;RB;RB 22;22;80843;8011623;8011623%2021-12-16T09:07:00.000Z%,8010365,8012493,8010352,8012472,8012468,8012563,8012657,8012107,8012075,8013174,8010309,;426
2021-12-16T09:07:00.000Z;Gera-Zwötzen;RB;RB 13;13;81015;8011623;8011623%2021-12-16T09:07:00.000Z%,8010365,8013251,8013254,8012252,8011895,8013150,8013396,8010229,8010317,8001969,8002924,;426
2021-12-16T09:12:00.000Z;Gera-Zwötzen;RE;RE 3;3;3925;8011623;8011623%2021-12-16T09:12:00.000Z%,8010387,8011144,8012465,8010140,;602
2021-12-16T09:48:00.000Z;Gera-Zwötzen;RE;RE 12;12;80850;8011623;8011623%2021-12-16T09:48:00.000Z%,8010126,8010125,8011074,8010196,8011312,8013297,8010390,8012682,8010269,8013447,8012192,8010209,8010205,;602
2021-12-16T10:07:00.000Z;Gera-Zwötzen;RE;RE 12;12;80845;8011623;8011623%2021-12-16T10:07:00.000Z%,8013334,8010365,8012493,8010352,8012472,8012657,8010309,8011267,8012000,8010170,8012213,8012225,8013360,8010354,8013452,8011821,8011820,8011206,;602
2021-12-16T10:44:00.000Z;Gera-Zwötzen;RE;RE 3;3;3928;8011623;8011623%2021-12-16T10:44:00.000Z%,8010126,8010125,;602
2021-12-16T10:52:00.000Z;Gera-Zwötzen;RB;RB 22;22;80852;8011623;8011623%2021-12-16T10:52:00.000Z%,8010126,8010125,8011619,8011074,8011312,8013297,8010390,8012682,8010269,8013447,8012192,8010209,8010205,;426
2021-12-16T10:52:00.000Z;Gera-Zwötzen;RB;RB 13;13;81018;8011623;8011623%2021-12-16T10:52:00.000Z%,8010126,8010125,8011619,8011074,8011312,8013297,8010390,8012682,8010269,8013447,8012192,8010209,8010205,;426
2021-12-16T11:07:00.000Z;Gera-Zwötzen;RB;RB 22;22;80847;8011623;8011623%2021-12-16T11:07:00.000Z%,8010365,8012493,8010352,8012472,8012468,8012563,8012657,8012107,8012075,8013174,8010309,;426
2021-12-16T11:07:00.000Z;Gera-Zwötzen;RB;RB 13;13;81017;8011623;8011623%2021-12-16T11:07:00.000Z%,8010365,8013251,8013254,8012252,8011895,8013150,8013396,8010229,8010317,8001969,8002924,;426
2021-12-16T11:12:00.000Z;Gera-Zwötzen;RE;RE 3;3;3927;8011623;8011623%2021-12-16T11:12:00.000Z%,8010387,8011144,8012465,8010140,;602
2021-12-16T11:48:00.000Z;Gera-Zwötzen;RE;RE 12;12;80854;8011623;8011623%2021-12-16T11:48:00.000Z%,8010126,8010125,8011074,8010196,8011312,8013297,8010390,8012682,8010269,8013447,8012192,8010209,8010205,;602
2021-12-16T12:07:00.000Z;Gera-Zwötzen;RE;RE 12;12;80849;8011623;8011623%2021-12-16T12:07:00.000Z%,8013334,8010365,8012493,8010352,8012472,8012657,8010309,8011267,8012000,8010170,8012213,8012225,8013360,8010354,8013452,8011821,8011820,8011206,;602
2021-12-16T12:44:00.000Z;Gera-Zwötzen;RE;RE 3;3;3930;8011623;8011623%2021-12-16T12:44:00.000Z%,8010126,8010125,;602
2021-12-16T12:52:00.000Z;Gera-Zwötzen;RB;RB 22;22;80856;8011623;8011623%2021-12-16T12:52:00.000Z%,8010126,8010125,8011619,8011074,8010196,8011312,8013297,8010390,8012682,8010269,8013447,8012192,8010209,8010205,;426
2021-12-16T12:52:00.000Z;Gera-Zwötzen;RB;RB 13;13;81020;8011623;8011623%2021-12-16T12:52:00.000Z%,8010126,8010125,8011619,8011074,8010196,8011312,8013297,8010390,8012682,8010269,8013447,8012192,8010209,8010205,;426
2021-12-16T13:07:00.000Z;Gera-Zwötzen;RB;RB 22;22;80851;8011623;8011623%2021-12-16T13:07:00.000Z%,8010365,8012493,8010352,8012472,8012468,8012563,8012657,8012107,8012075,8013174,8010309,8011267,8010170,8012213,8012225,8013360,8010354,8013452,8011821,8011820,8011206,;426
2021-12-16T13:07:00.000Z;Gera-Zwötzen;RB;RB 13;13;81019;8011623;8011623%2021-12-16T13:07:00.000Z%,8010365,8013251,8013254,8012252,8011895,8013150,8013396,8010229,8010317,8001969,8002924,;426
2021-12-16T13:12:00.000Z;Gera-Zwötzen;RE;RE 3;3;3929;8011623;8011623%2021-12-16T13:12:00.000Z%,8010387,8011144,8012465,8010140,;602
2021-12-16T13:48:00.000Z;Gera-Zwötzen;RE;RE 12;12;80858;8011623;8011623%2021-12-16T13:48:00.000Z%,8010126,8010125,8011619,8011074,8010196,8011312,8013297,8010390,8012682,8010269,8013447,8012192,8010209,8010205,;602
2021-12-16T14:07:00.000Z;Gera-Zwötzen;RE;RE 12;12;80853;8011623;8011623%2021-12-16T14:07:00.000Z%,8013334,8010365,8012493,8010352,8012472,8012657,8010309,8011267,8012000,8010170,8012213,8012225,8013360,8010354,8013452,8011821,8011820,8011206,;602
2021-12-16T14:36:00.000Z;Gera-Zwötzen;RB;RB 22;22;80921;8011623;8011623%2021-12-16T14:36:00.000Z%,8013334,8010365,8012493,8010352,8012472,8012468,8012563,8012657,8012107,8012075,8013174,8010309,;426
2021-12-16T14:44:00.000Z;Gera-Zwötzen;RE;RE 3;3;3932;8011623;8011623%2021-12-16T14:44:00.000Z%,8010126,8010125,8011862,8013025,8010133,8011957,8010366,8010101,;602
2021-12-16T14:52:00.000Z;Gera-Zwötzen;RB;RB 22;22;80860;8011623;8011623%2021-12-16T14:52:00.000Z%,8010126,8010125,8011619,8011074,8011312,8013297,8010390,8012682,8010269,8013447,8012192,8010209,8010205,;426
2021-12-16T14:52:00.000Z;Gera-Zwötzen;RB;RB 13;13;81022;8011623;8011623%2021-12-16T14:52:00.000Z%,8010126,8010125,8011619,8011074,8011312,8013297,8010390,8012682,8010269,8013447,8012192,8010209,8010205,;426
2021-12-16T15:07:00.000Z;Gera-Zwötzen;RB;RB 22;22;80855;8011623;8011623%2021-12-16T15:07:00.000Z%,8010365,8012493,8010352,8012472,8012468,8012563,8012657,8012107,8012075,8013174,8010309,8011267,8010170,8012213,8012225,8013360,8010354,8013452,;426
2021-12-16T15:07:00.000Z;Gera-Zwötzen;RB;RB 13;13;81021;8011623;8011623%2021-12-16T15:07:00.000Z%,8010365,8013251,8013254,8012252,8011895,8013150,8013396,8010229,8010317,8001969,8002924,;426
2021-12-16T15:12:00.000Z;Gera-Zwötzen;RE;RE 3;3;3931;8011623;8011623%2021-12-16T15:12:00.000Z%,8010387,8011144,8012465,8010140,;602
2021-12-16T15:48:00.000Z;Gera-Zwötzen;RE;RE 12;12;80862;8011623;8011623%2021-12-16T15:48:00.000Z%,8010126,8010125,8011619,8011074,8010196,8011312,8013297,8010390,8012682,8010269,8013447,8012192,8010209,8010205,;602
2021-12-16T16:07:00.000Z;Gera-Zwötzen;RE;RE 12;12;80857;8011623;8011623%2021-12-16T16:07:00.000Z%,8013334,8010365,8012493,8010352,8012472,8012657,8012075,8010309,8011267,8012000,8010170,8012213,8012225,8013360,8010354,8013452,8011821,8011820,8011206,;602
2021-12-16T16:14:00.000Z;Gera-Zwötzen;RB;RB 13;13;81023;8011623;8011623%2021-12-16T16:14:00.000Z%,8010365,8013251,8013254,8012252,8012927,8011895,8013150,8013396,;426
2021-12-16T16:44:00.000Z;Gera-Zwötzen;RE;RE 3;3;3934;8011623;8011623%2021-12-16T16:44:00.000Z%,8010126,8010125,;602
2021-12-16T16:52:00.000Z;Gera-Zwötzen;RB;RB 22;22;80864;8011623;8011623%2021-12-16T16:52:00.000Z%,8010126,8010125,8011619,8011074,8011312,8013297,8010390,8012682,8010269,8013447,8012192,8010209,8010205,;426
2021-12-16T16:52:00.000Z;Gera-Zwötzen;RB;RB 13;13;81024;8011623;8011623%2021-12-16T16:52:00.000Z%,8010126,8010125,8011619,8011074,8011312,8013297,8010390,8012682,8010269,8013447,8012192,8010209,8010205,;426
2021-12-16T17:07:00.000Z;Gera-Zwötzen;RB;RB 22;22;80859;8011623;8011623%2021-12-16T17:07:00.000Z%,8010365,8012493,8010352,8012472,8012468,8012563,8012657,8012107,8012075,8013174,8010309,;426
2021-12-16T17:07:00.000Z;Gera-Zwötzen;RB;RB 13;13;81025;8011623;8011623%2021-12-16T17:07:00.000Z%,8010365,8013251,8013254,8012252,8011895,8013150,8013396,8010229,8010317,8001969,8002924,;426
2021-12-16T17:12:00.000Z;Gera-Zwötzen;RE;RE 3;3;3933;8011623;8011623%2021-12-16T17:12:00.000Z%,8010387,8011144,8012465,8010140,;602
2021-12-16T17:48:00.000Z;Gera-Zwötzen;RE;RE 12;12;80866;8011623;8011623%2021-12-16T17:48:00.000Z%,8010126,8010125,8011074,8010196,8011312,8013297,8010390,8012682,8010269,8013447,8012192,8010209,8010205,;602
2021-12-16T18:07:00.000Z;Gera-Zwötzen;RE;RE 12;12;80861;8011623;8011623%2021-12-16T18:07:00.000Z%,8013334,8010365,8012493,8010352,8012472,8012657,8010309,8011267,8012000,8010170,8012213,8012225,8013360,8010354,8013452,;602
2021-12-16T18:17:00.000Z;Gera-Zwötzen;RB;RB 21;21;80908;8011623;8011623%2021-12-16T18:17:00.000Z%,8010126,8010125,8013129,8012088,8011862,8012604,8013025,8012443,8010133,8011957,8011762,8012332,8012541,8010366,8013192,8010101,;426
2021-12-16T18:44:00.000Z;Gera-Zwötzen;RE;RE 3;3;3936;8011623;8011623%2021-12-16T18:44:00.000Z%,8010126,8010125,;602
2021-12-16T18:52:00.000Z;Gera-Zwötzen;RB;RB 13;13;81026;8011623;8011623%2021-12-16T18:52:00.000Z%,8010126,8010125,8011619,8011074,8011312,8013297,8010390,8012682,8010269,8013447,8012192,8010209,8010205,;426
2021-12-16T18:52:00.000Z;Gera-Zwötzen;RB;RB 22;22;80868;8011623;8011623%2021-12-16T18:52:00.000Z%,8010126,8010125,8011619,8011074,8011312,8013297,8010390,8012682,8010269,8013447,8012192,8010209,8010205,;426
2021-12-16T19:07:00.000Z;Gera-Zwötzen;RB;RB 22;22;80863;8011623;8011623%2021-12-16T19:07:00.000Z%,8010365,8012493,8010352,8012472,8012468,8012563,8012657,8012107,8012075,8013174,8010309,;426
2021-12-16T19:07:00.000Z;Gera-Zwötzen;RB;RB 13;13;81027;8011623;8011623%2021-12-16T19:07:00.000Z%,8010365,8013251,8013254,8012252,8012927,8011895,8013150,8013396,;426
2021-12-16T19:12:00.000Z;Gera-Zwötzen;RE;RE 3;3;3935;8011623;8011623%2021-12-16T19:12:00.000Z%,8010387,8011144,8012465,8010140,;602
2021-12-16T20:01:00.000Z;Gera-Zwötzen;RB;RB 22;22;80870;8011623;8011623%2021-12-16T20:01:00.000Z%,8010126,8010125,;426
2021-12-16T20:08:00.000Z;Gera-Zwötzen;RB;RB 22;22;80865;8011623;8011623%2021-12-16T20:08:00.000Z%,8013334,8010365,8012493,8010352,8012472,8012468,8012563,8012657,8012107,8012075,8013174,8010309,;426
2021-12-15T20:39:00.000Z;Jena-Zwätzen;RB;RB 25;25;74684;8011958;8011958%2021-12-15T20:39:00.000Z%0,8011058,8011956,8010133,8012811,8011985,8010264,8013398,8013164,8010306,8010307,8010309,;426
2021-12-15T21:19:00.000Z;Jena-Zwätzen;RB;RB 25;25;74689;8011958;8011958%2021-12-15T21:19:00.000Z%0,8012663,8011406,8013474,8010019,8010240,8012199,8010368,8010146,8012212,8012211,8010232,8012867,8010162,8010159,;426
2021-12-15T21:39:00.000Z;Jena-Zwätzen;RB;RB 25;25;74686;8011958;8011958%2021-12-15T21:39:00.000Z%0,8011058,8011956,8010133,8012811,8011985,8010264,8013398,8013164,8010306,8010307,8010309,;426
2021-12-15T22:19:00.000Z;Jena-Zwätzen;RB;RB 25;25;74691;8011958;8011958%2021-12-15T22:19:00.000Z%0,8012663,8011406,8013474,8010019,8010240,;426
2021-12-15T22:39:00.000Z;Jena-Zwätzen;RB;RB 25;25;74688;8011958;8011958%2021-12-15T22:39:00.000Z%0,8011058,8011956,8010133,8012811,8011985,8010264,8013398,8013164,8010306,8010307,8010309,;426
2021-12-15T23:39:00.000Z;Jena-Zwätzen;RB;RB 25;25;74690;8011958;8011958%2021-12-15T23:39:00.000Z%,8011058,8011956,8010133,;426
2021-12-16T04:16:00.000Z;Jena-Zwätzen;RB;RB 25;25;74655;8011958;8011958%2021-12-16T04:16:00.000Z%,8012663,8011406,8013474,8010019,8010240,8012199,8010368,8010146,8012212,8012211,8010232,8012867,8010162,8010159,;426
2021-12-16T04:26:00.000Z;Jena-Zwätzen;RE;RE 18;18;16899;8011958;8011958%2021-12-16T04:26:00.000Z%,8011058,8011956,8010133,;602
2021-12-16T04:58:00.000Z;Jena-Zwätzen;RE;RE 18;18;16898;8011958;8011958%2021-12-16T04:58:00.000Z%,8012663,8011406,8013474,8010019,8010240,8010368,8010232,8010159,;602
2021-12-16T05:19:00.000Z;Jena-Zwätzen;RB;RB 25;25;74657;8011958;8011958%2021-12-16T05:19:00.000Z%,8012663,8011406,8013474,8010019,8010240,8012199,8010368,8010146,8012212,8012211,8010232,8012867,8010162,8010159,;426
2021-12-16T05:39:00.000Z;Jena-Zwätzen;RB;RB 25;25;74654;8011958;8011958%2021-12-16T05:39:00.000Z%,8011058,8011956,8010133,8012811,8011985,8010264,8013398,8013164,8010306,8010307,8010309,;426
2021-12-16T05:40:00.000Z;Jena-Zwätzen;RB;RB 25;25;74697;8011958;8011958%2021-12-16T05:40:00.000Z%,8012663,8011406,8013474,8010019,8010240,;426
2021-12-16T06:01:00.000Z;Jena-Zwätzen;RE;RE 42;42;4983;8011958;8011958%2021-12-16T06:01:00.000Z%,8011058,8011956,8010133,8012811,8011985,8010264,8013398,8013164,8010306,8010307,8010309,8011267,8012000,8013171,8010288,8003770,8005692,8002020,8004881,8005737,8002467,8003446,8004319,8003472,8004979,8002878,8004011,8000228,8005670,8001623,8006634,8001149,8000025,8002853,8002024,8001844,8000114,8000284,;602
2021-12-16T06:19:00.000Z;Jena-Zwätzen;RB;RB 25;25;74659;8011958;8011958%2021-12-16T06:19:00.000Z%,8012663,8011406,8013474,8010019,8010240,8012199,8010368,8010146,8012212,8012211,8010232,8012867,8010162,8010159,;426
2021-12-16T06:39:00.000Z;Jena-Zwätzen;RB;RB 25;25;74656;8011958;8011958%2021-12-16T06:39:00.000Z%,8011058,8011956,8010133,8012811,8011985,8010264,8013398,8013164,8010306,8010307,8010309,;426
2021-12-16T07:19:00.000Z;Jena-Zwätzen;RB;RB 25;25;74661;8011958;8011958%2021-12-16T07:19:00.000Z%,8012663,8011406,8013474,8010019,8010240,8012199,8010368,8010146,8012212,8012211,8010232,8012867,8010162,8010159,;426
2021-12-16T07:39:00.000Z;Jena-Zwätzen;RB;RB 25;25;74658;8011958;8011958%2021-12-16T07:39:00.000Z%,8011058,8011956,8010133,8012811,8011985,8010264,8013398,8013164,8010306,8010307,8010309,;426
2021-12-16T08:19:00.000Z;Jena-Zwätzen;RB;RB 25;25;74663;8011958;8011958%2021-12-16T08:19:00.000Z%,8012663,8011406,8013474,8010019,8010240,8012199,8010368,8010146,8012212,8012211,8010232,8012867,8010162,8010159,;426
2021-12-16T08:39:00.000Z;Jena-Zwätzen;RB;RB 25;25;74660;8011958;8011958%2021-12-16T08:39:00.000Z%,8011058,8011956,8010133,8012811,8011985,8010264,8013398,8013164,8010306,8010307,8010309,;426
2021-12-16T09:19:00.000Z;Jena-Zwätzen;RB;RB 25;25;74665;8011958;8011958%2021-12-16T09:19:00.000Z%,8012663,8011406,8013474,8010019,8010240,8012199,8010368,8010146,8012212,8012211,8010232,8012867,8010162,8010159,;426
2021-12-16T09:39:00.000Z;Jena-Zwätzen;RB;RB 25;25;74662;8011958;8011958%2021-12-16T09:39:00.000Z%,8011058,8011956,8010133,8012811,8011985,8010264,8013398,8013164,8010306,8010307,8010309,;426
2021-12-16T10:19:00.000Z;Jena-Zwätzen;RB;RB 25;25;74667;8011958;8011958%2021-12-16T10:19:00.000Z%,8012663,8011406,8013474,8010019,8010240,8012199,8010368,8010146,8012212,8012211,8010232,8012867,8010162,8010159,;426
2021-12-16T10:39:00.000Z;Jena-Zwätzen;RB;RB 25;25;74664;8011958;8011958%2021-12-16T10:39:00.000Z%,8011058,8011956,8010133,8012811,8011985,8010264,8013398,8013164,8010306,8010307,8010309,;426
2021-12-16T11:19:00.000Z;Jena-Zwätzen;RB;RB 25;25;74669;8011958;8011958%2021-12-16T11:19:00.000Z%,8012663,8011406,8013474,8010019,8010240,8012199,8010368,8010146,8012212,8012211,8010232,8012867,8010162,8010159,;426
2021-12-16T11:39:00.000Z;Jena-Zwätzen;RB;RB 25;25;74666;8011958;8011958%2021-12-16T11:39:00.000Z%,8011058,8011956,8010133,8012811,8011985,8010264,8013398,8013164,8010306,8010307,8010309,;426
2021-12-16T12:19:00.000Z;Jena-Zwätzen;RB;RB 25;25;74671;8011958;8011958%2021-12-16T12:19:00.000Z%,8012663,8011406,8013474,8010019,8010240,8012199,8010368,8010146,8012212,8012211,8010232,8012867,8010162,8010159,;426
2021-12-16T12:39:00.000Z;Jena-Zwätzen;RB;RB 25;25;74668;8011958;8011958%2021-12-16T12:39:00.000Z%,8011058,8011956,8010133,8012811,8011985,8010264,8013398,8013164,8010306,8010307,8010309,;426
2021-12-16T13:19:00.000Z;Jena-Zwätzen;RB;RB 25;25;74673;8011958;8011958%2021-12-16T13:19:00.000Z%,8012663,8011406,8013474,8010019,8010240,8012199,8010368,8010146,8012212,8012211,8010232,8012867,8010162,8010159,;426
2021-12-16T13:39:00.000Z;Jena-Zwätzen;RB;RB 25;25;74670;8011958;8011958%2021-12-16T13:39:00.000Z%,8011058,8011956,8010133,8012811,8011985,8010264,8013398,8013164,8010306,8010307,8010309,;426
2021-12-15T20:45:00.000Z;Kirchmöser;RE;RE 1;1;3190;8012011;8012011%2021-12-15T20:47:00.000Z%2,8013365,8010123,8010151,8011294,8012381,8011630,8010047,8013455,8010226,8010224,;602
2021-12-15T20:51:00.000Z;Kirchmöser;RE;RE 1;1;3135;8012011;8012011%2021-12-15T20:56:00.000Z%5,8010060,8011662,8011725,8010373,8010377,8010280,8012666,8010405,8010403,8010406,8011160,8011306,8011155,8010255,8011162,8013477,8011533,8011818,8010120,8011154,8011269,8011940,8012636,8010113,;602
2021-12-15T21:44:00.000Z;Kirchmöser;RE;RE 1;1;3192;8012011;8012011%2021-12-15T21:46:00.000Z%2,8013365,8010123,;602
2021-12-15T21:51:00.000Z;Kirchmöser;RE;RE 1;1;3137;8012011;8012011%2021-12-15T21:51:00.000Z%,8010060,8011662,8011725,8010373,8010377,8010280,8012666,8010405,8010403,8010406,8011160,8011306,8011155,8010255,8011162,8013477,8011533,8011818,8010120,8011154,8011269,8011940,8012636,8010113,;602
2021-12-15T22:47:00.000Z;Kirchmöser;RE;RE 1;1;3196;8012011;8012011%2021-12-15T22:49:00.000Z%2,8013365,8010123,8010151,8011294,8010226,8010224,;602
2021-12-15T23:12:00.000Z;Kirchmöser;RE;RE 1;1;3139;8012011;8012011%2021-12-15T23:12:00.000Z%,8010060,8011662,8011725,8010373,8010377,8010280,8012666,8010405,8010403,8010406,;602
2021-12-16T03:26:00.000Z;Kirchmöser;RE;RE 1;1;3140;8012011;8012011%2021-12-16T03:26:00.000Z%,8013365,8010123,8010151,8011294,8012381,8011630,8010047,8013455,8010226,8010224,;602
2021-12-16T04:17:00.000Z;Kirchmöser;RE;RE 1;1;3167;8012011;8012011%2021-12-16T04:17:00.000Z%,8010060,8011662,8011725,8010373,8010377,8010280,8012666,8010405,8010403,8010406,8011160,8011306,8011155,8010255,8011162,8013477,8011533,8011818,8010120,8010113,;602
2021-12-16T04:51:00.000Z;Kirchmöser;RE;RE 1;1;3103;8012011;8012011%2021-12-16T04:51:00.000Z%,8010060,8010373,8012666,8010405,8010403,8010406,8011160,8011306,8011155,8010255,8011162,8013477,8011533,8010120,8011154,8011269,8011940,8012636,8010113,8011471,;602
2021-12-16T05:07:00.000Z;Kirchmöser;RE;RE 1;1;3104;8012011;8012011%2021-12-16T05:07:00.000Z%,8013365,8010123,8010151,8011294,8010226,8010224,;602
2021-12-16T05:17:00.000Z;Kirchmöser;RE;RE 1;1;3169;8012011;8012011%2021-12-16T05:17:00.000Z%,8010060,8011662,8011725,8010373,8010377,8010280,8012666,8010405,8010403,8010406,8011160,8011306,8011155,8010255,8011162,8013477,8011533,8011818,8010120,8010113,;602
2021-12-16T05:51:00.000Z;Kirchmöser;RE;RE 1;1;3105;8012011;8012011%2021-12-16T05:51:00.000Z%,8010060,8010373,8012666,8010405,8010403,8010406,8011160,8011306,8011155,8010255,8011162,8013477,8011533,8010120,8011154,8011269,8011940,8012636,8010113,;602
2021-12-16T06:07:00.000Z;Kirchmöser;RE;RE 1;1;3106;8012011;8012011%2021-12-16T06:07:00.000Z%,8013365,8010123,8010151,8011294,8010226,8010224,;602
2021-12-16T06:10:00.000Z;Kirchmöser;RE;RE 1;1;3171;8012011;8012011%2021-12-16T06:10:00.000Z%,8010060,8011662,8011725,8010373,8010377,8010280,8012666,8010405,8010403,8010406,8011160,8011306,8011155,8010255,8011162,8013477,8011533,8011818,8010120,8010113,;602
2021-12-16T06:51:00.000Z;Kirchmöser;RE;RE 1;1;3107;8012011;8012011%2021-12-16T06:51:00.000Z%,8010060,8010373,8012666,8010405,8010403,8010406,8011160,8011306,8011155,8010255,8011162,8013477,8011533,8010120,8011154,8011269,8011940,8012636,8010113,;602
2021-12-16T07:07:00.000Z;Kirchmöser;RE;RE 1;1;3108;8012011;8012011%2021-12-16T07:07:00.000Z%,8013365,8010123,8010151,8011294,8010226,8010224,;602
2021-12-16T07:51:00.000Z;Kirchmöser;RE;RE 1;1;3109;8012011;8012011%2021-12-16T07:51:00.000Z%,8010060,8010373,8012666,8010405,8010403,8010406,8011160,8011306,8011155,8010255,8011162,8013477,8011533,8010120,8011154,8011269,8011940,8012636,8010113,;602
2021-12-16T08:07:00.000Z;Kirchmöser;RE;RE 1;1;3110;8012011;8012011%2021-12-16T08:07:00.000Z%,8013365,8010123,8010151,8011294,8010226,8010224,;602
2021-12-16T08:51:00.000Z;Kirchmöser;RE;RE 1;1;3111;8012011;8012011%2021-12-16T08:51:00.000Z%,8010060,8010373,8012666,8010405,8010403,8010406,8011160,8011306,8011155,8010255,8011162,8013477,8011533,8010120,8011154,8011269,8011940,8012636,8010113,;602
2021-12-16T09:07:00.000Z;Kirchmöser;RE;RE 1;1;3112;8012011;8012011%2021-12-16T09:07:00.000Z%,8013365,8010123,8010151,8011294,8010226,8010224,;602
2021-12-16T09:51:00.000Z;Kirchmöser;RE;RE 1;1;3113;8012011;8012011%2021-12-16T09:51:00.000Z%,8010060,8010373,8012666,8010405,8010403,8010406,8011160,8011306,8011155,8010255,8011162,8013477,8011533,8010120,8011154,8011269,8011940,8012636,8010113,8011471,;602
2021-12-16T10:07:00.000Z;Kirchmöser;RE;RE 1;1;3114;8012011;8012011%2021-12-16T10:07:00.000Z%,8013365,8010123,8010151,8011294,8010226,8010224,;602
2021-12-16T10:51:00.000Z;Kirchmöser;RE;RE 1;1;3115;8012011;8012011%2021-12-16T10:51:00.000Z%,8010060,8010373,8012666,8010405,8010403,8010406,8011160,8011306,8011155,8010255,8011162,8013477,8011533,8010120,8011154,8011269,8011940,8012636,8010113,8011471,;602
2021-12-16T11:07:00.000Z;Kirchmöser;RE;RE 1;1;3116;8012011;8012011%2021-12-16T11:07:00.000Z%,8013365,8010123,8010151,8011294,8010226,8010224,;602
2021-12-16T11:51:00.000Z;Kirchmöser;RE;RE 1;1;3117;8012011;8012011%2021-12-16T11:51:00.000Z%,8010060,8010373,8012666,8010405,8010403,8010406,8011160,8011306,8011155,8010255,8011162,8013477,8011533,8010120,8011154,8011269,8011940,8012636,8010113,8011471,;602
2021-12-16T12:07:00.000Z;Kirchmöser;RE;RE 1;1;3118;8012011;8012011%2021-12-16T12:07:00.000Z%,8013365,8010123,8010151,8011294,8010226,8010224,;602
2021-12-16T12:51:00.000Z;Kirchmöser;RE;RE 1;1;3119;8012011;8012011%2021-12-16T12:51:00.000Z%,8010060,8010373,8012666,8010405,8010403,8010406,8011160,8011306,8011155,8010255,8011162,8013477,8011533,8010120,8011154,8011269,8011940,8012636,8010113,8011471,8010357,8010073,;602
2021-12-16T13:07:00.000Z;Kirchmöser;RE;RE 1;1;3120;8012011;8012011%2021-12-16T13:07:00.000Z%,8013365,8010123,8010151,8011294,8010226,8010224,;602
2021-12-16T13:51:00.000Z;Kirchmöser;RE;RE 1;1;3121;8012011;8012011%2021-12-16T13:51:00.000Z%,8010060,8010373,8012666,8010405,8010403,8010406,8011160,8011306,8011155,8010255,8011162,8013477,8011533,8010120,8011154,8011269,8011940,8012636,8010113,8011471,;602
2021-12-16T14:07:00.000Z;Kirchmöser;RE;RE 1;1;3122;8012011;8012011%2021-12-16T14:07:00.000Z%,8013365,8010123,8010151,8011294,8010226,8010224,;602
2021-12-16T14:51:00.000Z;Kirchmöser;RE;RE 1;1;3123;8012011;8012011%2021-12-16T14:51:00.000Z%,8010060,8010373,8012666,8010405,8010403,8010406,8011160,8011306,8011155,8010255,8011162,8013477,8011533,8010120,8011154,8011269,8011940,8012636,8010113,8011471,8010357,8010073,;602
2021-12-16T15:07:00.000Z;Kirchmöser;RE;RE 1;1;3124;8012011;8012011%2021-12-16T15:07:00.000Z%,8013365,8010123,8010151,8011294,8010226,8010224,;602
2021-12-16T15:51:00.000Z;Kirchmöser;RE;RE 1;1;3125;8012011;8012011%2021-12-16T15:51:00.000Z%,8010060,8010373,8012666,8010405,8010403,8010406,8011160,8011306,8011155,8010255,8011162,8013477,8011533,8010120,8011154,8011269,8011940,8012636,8010113,8011471,;602
2021-12-16T16:07:00.000Z;Kirchmöser;RE;RE 1;1;3126;8012011;8012011%2021-12-16T16:07:00.000Z%,8013365,8010123,8010151,8011294,8010226,8010224,;602
2021-12-16T16:51:00.000Z;Kirchmöser;RE;RE 1;1;3127;8012011;8012011%2021-12-16T16:51:00.000Z%,8010060,8010373,8012666,8010405,8010403,8010406,8011160,8011306,8011155,8010255,8011162,8013477,8011533,8010120,8011154,8011269,8011940,8012636,8010113,8011471,;602
2021-12-16T17:07:00.000Z;Kirchmöser;RE;RE 1;1;3128;8012011;8012011%2021-12-16T17:07:00.000Z%,8013365,8010123,8010151,8011294,8010226,8010224,;602
2021-12-16T17:51:00.000Z;Kirchmöser;RE;RE 1;1;3129;8012011;8012011%2021-12-16T17:51:00.000Z%,8010060,8010373,8012666,8010405,8010403,8010406,8011160,8011306,8011155,8010255,8011162,8013477,8011533,8010120,8011154,8011269,8011940,8012636,8010113,;602
2021-12-16T18:07:00.000Z;Kirchmöser;RE;RE 1;1;3130;8012011;8012011%2021-12-16T18:07:00.000Z%,8013365,8010123,8010151,8011294,8010226,8010224,;602
2021-12-16T18:51:00.000Z;Kirchmöser;RE;RE 1;1;3131;8012011;8012011%2021-12-16T18:51:00.000Z%,8010060,8010373,8012666,8010405,8010403,8010406,8011160,8011306,8011155,8010255,8011162,8013477,8011533,8011818,8010120,8011154,8011269,8011940,8012636,8010113,;602
2021-12-16T19:07:00.000Z;Kirchmöser;RE;RE 1;1;3132;8012011;8012011%2021-12-16T19:07:00.000Z%,8013365,8010123,8010151,8011294,8010226,8010224,;602
2021-12-16T19:51:00.000Z;Kirchmöser;RE;RE 1;1;3133;8012011;8012011%2021-12-16T19:51:00.000Z%,8010060,8010373,8012666,8010405,8010403,8010406,8011160,8011306,8011155,8010255,8011162,8013477,8011533,8011818,8010120,8011154,8011269,8011940,8012636,8010113,8012089,8011540,8013305,8013406,8011471,8012479,8013272,8011319,8010357,8012006,8011945,8011944,8012621,8012445,8081688,8012341,8011318,8010073,;602
2021-12-16T20:07:00.000Z;Kirchmöser;RE;RE 1;1;3134;8012011;8012011%2021-12-16T20:07:00.000Z%,8013365,8010123,8010151,8011294,8010226,8010224,;602
2021-12-15T22:40:00.000Z;Neumühle(Elster);RE;RE 3;3;3939;8012465;8012465%2021-12-15T22:40:00.000Z%,8010140,;602
2021-12-16T03:24:00.000Z;Neumühle(Elster);RE;RE 3;3;3940;8012465;8012465%2021-12-16T03:24:00.000Z%,8011144,8010387,8011623,8010126,8010125,;602
2021-12-16T03:55:00.000Z;Neumühle(Elster);RE;RE 3;3;3922;8012465;8012465%2021-12-16T03:55:00.000Z%,8011144,8010387,8011623,8010126,8010125,;602
2021-12-16T04:11:00.000Z;Neumühle(Elster);RE;RE 3;3;3941;8012465;8012465%2021-12-16T04:11:00.000Z%,8010140,;602
2021-12-16T05:24:00.000Z;Neumühle(Elster);RE;RE 3;3;3944;8012465;8012465%2021-12-16T05:24:00.000Z%,8011144,8010387,8011623,8010126,8010125,8011862,8013025,8010133,8011957,8010366,8010101,8010242,8010136,8010020,8010235,8010203,8011849,8000128,;602
2021-12-16T05:36:00.000Z;Neumühle(Elster);RE;RE 3;3;3921;8012465;8012465%2021-12-16T05:36:00.000Z%,8010140,;602
2021-12-16T06:24:00.000Z;Neumühle(Elster);RE;RE 3;3;3924;8012465;8012465%2021-12-16T06:24:00.000Z%,8011144,8010387,8011623,8010126,8010125,8011862,8013025,8010133,8011957,8010366,8010101,;602
2021-12-16T07:35:00.000Z;Neumühle(Elster);RE;RE 3;3;3923;8012465;8012465%2021-12-16T07:35:00.000Z%,8010140,;602
2021-12-16T08:24:00.000Z;Neumühle(Elster);RE;RE 3;3;3926;8012465;8012465%2021-12-16T08:24:00.000Z%,8011144,8010387,8011623,8010126,8010125,8011862,8013025,8010133,8011957,8010366,8010101,;602
2021-12-16T09:35:00.000Z;Neumühle(Elster);RE;RE 3;3;3925;8012465;8012465%2021-12-16T09:35:00.000Z%,8010140,;602
2021-12-16T10:24:00.000Z;Neumühle(Elster);RE;RE 3;3;3928;8012465;8012465%2021-12-16T10:24:00.000Z%,8011144,8010387,8011623,8010126,8010125,;602
2021-12-16T11:35:00.000Z;Neumühle(Elster);RE;RE 3;3;3927;8012465;8012465%2021-12-16T11:35:00.000Z%,8010140,;602
2021-12-16T12:24:00.000Z;Neumühle(Elster);RE;RE 3;3;3930;8012465;8012465%2021-12-16T12:24:00.000Z%,8011144,8010387,8011623,8010126,8010125,;602
2021-12-16T13:35:00.000Z;Neumühle(Elster);RE;RE 3;3;3929;8012465;8012465%2021-12-16T13:35:00.000Z%,8010140,;602
2021-12-16T14:24:00.000Z;Neumühle(Elster);RE;RE 3;3;3932;8012465;8012465%2021-12-16T14:24:00.000Z%,8011144,8010387,8011623,8010126,8010125,8011862,8013025,8010133,8011957,8010366,8010101,;602
2021-12-16T15:35:00.000Z;Neumühle(Elster);RE;RE 3;3;3931;8012465;8012465%2021-12-16T15:35:00.000Z%,8010140,;602
2021-12-16T16:24:00.000Z;Neumühle(Elster);RE;RE 3;3;3934;8012465;8012465%2021-12-16T16:24:00.000Z%,8011144,8010387,8011623,8010126,8010125,;602
2021-12-16T17:35:00.000Z;Neumühle(Elster);RE;RE 3;3;3933;8012465;8012465%2021-12-16T17:35:00.000Z%,8010140,;602
2021-12-16T18:24:00.000Z;Neumühle(Elster);RE;RE 3;3;3936;8012465;8012465%2021-12-16T18:24:00.000Z%,8011144,8010387,8011623,8010126,8010125,;602
2021-12-16T19:35:00.000Z;Neumühle(Elster);RE;RE 3;3;3935;8012465;8012465%2021-12-16T19:35:00.000Z%,8010140,;602
2021-12-16T20:17:00.000Z;Neumühle(Elster);RE;RE 3;3;3938;8012465;8012465%2021-12-16T20:17:00.000Z%,8011144,8010387,8011623,8010126,8010125,;602
2021-12-15T20:25:00.000Z;Peitz Ost;RE;RE 1;1;3198;8012621;8012621%2021-12-15T20:28:00.000Z%3,8011944,8011945,8012006,8010357,8011319,8013272,8012479,8011471,8013406,8013305,8011540,8012089,8010113,8012636,8011940,8011269,8011154,8010120,8011818,8011533,8013477,8011162,8010255,8011155,8011306,8011160,8010406,8010403,8010405,8012666,8010280,8010377,8010373,8011725,8011662,8010060,;602
2021-12-15T20:37:00.000Z;Peitz Ost;RB;RB 11;11;18233;8012621;8012621%2021-12-15T20:39:00.000Z%2,8012445,8081688,8012341,8011318,8010073,;426
2021-12-15T21:37:00.000Z;Peitz Ost;RE;RE 1;1;3195;8012621;8012621%2021-12-15T21:38:00.000Z%1,8012445,8081688,8012341,8011318,8010073,;602
2021-12-15T22:22:00.000Z;Peitz Ost;RB;RB 11;11;18234;8012621;8012621%2021-12-15T22:22:00.000Z%,8011944,8011945,8012006,8010357,8011319,8013272,8012479,8011471,8013406,8013305,8011540,8012089,8010113,;426
2021-12-15T23:14:00.000Z;Peitz Ost;RE;RE 1;1;3151;8012621;8012621%2021-12-15T23:14:00.000Z%,8012445,8081688,8012341,8011318,8010073,;602
2021-12-16T03:30:00.000Z;Peitz Ost;RE;RE 1;1;3162;8012621;8012621%2021-12-16T03:30:00.000Z%,8011944,8011945,8012006,8010357,8011319,8013272,8012479,8011471,8013406,8013305,8011540,8012089,8010113,8010120,8011818,8011533,8013477,8011162,8010255,8011155,8011306,8011160,8010406,8010403,8010405,8012666,8010280,8010377,8010373,8011725,8011662,8010060,;602
2021-12-16T04:11:00.000Z;Peitz Ost;RB;RB 11;11;18201;8012621;8012621%2021-12-16T04:11:00.000Z%,8012445,8081688,8012341,8011318,8010073,;426
2021-12-16T04:23:00.000Z;Peitz Ost;RB;RB 11;11;18202;8012621;8012621%2021-12-16T04:23:00.000Z%,8011944,8011945,8012006,8010357,8011319,8013272,8012479,8011471,8013406,8013305,8011540,8012089,8010113,;426
2021-12-16T05:22:00.000Z;Peitz Ost;RB;RB 11;11;18204;8012621;8012621%2021-12-16T05:22:00.000Z%,8011944,8011945,8012006,8010357,8011319,8013272,8012479,8011471,8013406,8013305,8011540,8012089,8010113,;426
2021-12-16T05:37:00.000Z;Peitz Ost;RB;RB 11;11;18203;8012621;8012621%2021-12-16T05:37:00.000Z%,8012445,8081688,8012341,8011318,8010073,;426
2021-12-16T06:22:00.000Z;Peitz Ost;RB;RB 11;11;18206;8012621;8012621%2021-12-16T06:22:00.000Z%,8011944,8011945,8012006,8010357,8011319,8013272,8012479,8011471,8013406,8013305,8011540,8012089,8010113,;426
2021-12-16T06:37:00.000Z;Peitz Ost;RB;RB 11;11;18205;8012621;8012621%2021-12-16T06:37:00.000Z%,8012445,8081688,8012341,8011318,8010073,;426
2021-12-16T07:22:00.000Z;Peitz Ost;RB;RB 11;11;18208;8012621;8012621%2021-12-16T07:22:00.000Z%,8011944,8011945,8012006,8010357,8011319,8013272,8012479,8011471,8013406,8013305,8011540,8012089,8010113,;426
2021-12-16T07:37:00.000Z;Peitz Ost;RB;RB 11;11;18207;8012621;8012621%2021-12-16T07:37:00.000Z%,8012445,8081688,8012341,8011318,8010073,;426
2021-12-16T08:22:00.000Z;Peitz Ost;RB;RB 11;11;18210;8012621;8012621%2021-12-16T08:22:00.000Z%,8011944,8011945,8012006,8010357,8011319,8013272,8012479,8011471,8013406,8013305,8011540,8012089,8010113,;426
2021-12-16T08:37:00.000Z;Peitz Ost;RB;RB 11;11;18209;8012621;8012621%2021-12-16T08:37:00.000Z%,8012445,8081688,8012341,8011318,8010073,;426
2021-12-16T09:22:00.000Z;Peitz Ost;RB;RB 11;11;18212;8012621;8012621%2021-12-16T09:22:00.000Z%,8011944,8011945,8012006,8010357,8011319,8013272,8012479,8011471,8013406,8013305,8011540,8012089,8010113,;426
2021-12-16T09:37:00.000Z;Peitz Ost;RB;RB 11;11;18211;8012621;8012621%2021-12-16T09:37:00.000Z%,8012445,8081688,8012341,8011318,8010073,;426
2021-12-16T10:22:00.000Z;Peitz Ost;RB;RB 11;11;18214;8012621;8012621%2021-12-16T10:22:00.000Z%,8011944,8011945,8012006,8010357,8011319,8013272,8012479,8011471,8013406,8013305,8011540,8012089,8010113,;426
2021-12-16T10:37:00.000Z;Peitz Ost;RB;RB 11;11;18213;8012621;8012621%2021-12-16T10:37:00.000Z%,8012445,8081688,8012341,8011318,8010073,;426
2021-12-16T11:22:00.000Z;Peitz Ost;RB;RB 11;11;18216;8012621;8012621%2021-12-16T11:22:00.000Z%,8011944,8011945,8012006,8010357,8011319,8013272,8012479,8011471,8013406,8013305,8011540,8012089,8010113,;426
2021-12-16T11:37:00.000Z;Peitz Ost;RB;RB 11;11;18215;8012621;8012621%2021-12-16T11:37:00.000Z%,8012445,8081688,8012341,8011318,8010073,;426
2021-12-16T12:22:00.000Z;Peitz Ost;RB;RB 11;11;18218;8012621;8012621%2021-12-16T12:22:00.000Z%,8011944,8011945,8012006,8010357,8011319,8013272,8012479,8011471,8013406,8013305,8011540,8012089,8010113,;426
2021-12-16T12:37:00.000Z;Peitz Ost;RB;RB 11;11;18217;8012621;8012621%2021-12-16T12:37:00.000Z%,8012445,8081688,8012341,8011318,8010073,;426
2021-12-16T13:22:00.000Z;Peitz Ost;RB;RB 11;11;18220;8012621;8012621%2021-12-16T13:22:00.000Z%,8011944,8011945,8012006,8010357,8011319,8013272,8012479,8011471,8013406,8013305,8011540,8012089,8010113,;426
2021-12-16T13:37:00.000Z;Peitz Ost;RB;RB 11;11;18219;8012621;8012621%2021-12-16T13:37:00.000Z%,8012445,8081688,8012341,8011318,8010073,;426
2021-12-16T14:22:00.000Z;Peitz Ost;RB;RB 11;11;18222;8012621;8012621%2021-12-16T14:22:00.000Z%,8011944,8011945,8012006,8010357,8011319,8013272,8012479,8011471,8013406,8013305,8011540,8012089,8010113,;426
2021-12-16T14:37:00.000Z;Peitz Ost;RB;RB 11;11;18221;8012621;8012621%2021-12-16T14:37:00.000Z%,8012445,8081688,8012341,8011318,8010073,;426
2021-12-16T15:22:00.000Z;Peitz Ost;RB;RB 11;11;18224;8012621;8012621%2021-12-16T15:22:00.000Z%,8011944,8011945,8012006,8010357,8011319,8013272,8012479,8011471,8013406,8013305,8011540,8012089,8010113,;426
2021-12-16T15:37:00.000Z;Peitz Ost;RB;RB 11;11;18223;8012621;8012621%2021-12-16T15:37:00.000Z%,8012445,8081688,8012341,8011318,8010073,;426
2021-12-16T16:22:00.000Z;Peitz Ost;RB;RB 11;11;18226;8012621;8012621%2021-12-16T16:22:00.000Z%,8011944,8011945,8012006,8010357,8011319,8013272,8012479,8011471,8013406,8013305,8011540,8012089,8010113,;426
2021-12-16T16:37:00.000Z;Peitz Ost;RB;RB 11;11;18225;8012621;8012621%2021-12-16T16:37:00.000Z%,8012445,8081688,8012341,8011318,8010073,;426
2021-12-16T17:22:00.000Z;Peitz Ost;RB;RB 11;11;18228;8012621;8012621%2021-12-16T17:22:00.000Z%,8011944,8011945,8012006,8010357,8011319,8013272,8012479,8011471,8013406,8013305,8011540,8012089,8010113,;426
2021-12-16T17:37:00.000Z;Peitz Ost;RB;RB 11;11;18227;8012621;8012621%2021-12-16T17:37:00.000Z%,8012445,8081688,8012341,8011318,8010073,;426
2021-12-16T18:22:00.000Z;Peitz Ost;RB;RB 11;11;18230;8012621;8012621%2021-12-16T18:22:00.000Z%,8011944,8011945,8012006,8010357,8011319,8013272,8012479,8011471,8013406,8013305,8011540,8012089,8010113,;426
2021-12-16T18:37:00.000Z;Peitz Ost;RB;RB 11;11;18229;8012621;8012621%2021-12-16T18:37:00.000Z%,8012445,8081688,8012341,8011318,8010073,;426
2021-12-16T19:22:00.000Z;Peitz Ost;RB;RB 11;11;18232;8012621;8012621%2021-12-16T19:22:00.000Z%,8011944,8011945,8012006,8010357,8011319,8013272,8012479,8011471,8013406,8013305,8011540,8012089,8010113,;426
2021-12-16T19:37:00.000Z;Peitz Ost;RB;RB 11;11;18231;8012621;8012621%2021-12-16T19:37:00.000Z%,8012445,8081688,8012341,8011318,8010073,;426
2021-12-15T20:39:00.000Z;Pretzier(Altm);RE;RE 20;20;16211;8012673;8012673%2021-12-15T20:39:00.000Z%0,8011545,8011277,8010172,8012014,8013039,8010334,8013083,8013344,8010226,8010224,8013456,8012287,8010318,8013465,8010084,8010070,8012830,8013357,8010195,8011053,8013259,8010343,8012506,8013414,8010159,;602
2021-12-15T22:04:00.000Z;Pretzier(Altm);RE;RE 20;20;16208;8012673;8012673%2021-12-15T22:04:00.000Z%0,8010310,;602
2021-12-16T04:07:00.000Z;Pretzier(Altm);RE;RE 20;20;16201;8012673;8012673%2021-12-16T04:07:00.000Z%,8011545,8011277,8010172,8012014,8013039,8010334,8013083,8013344,8010226,8010224,8013456,8012287,8010318,8013465,8010084,8010070,8012830,8013357,8010195,8011053,8013259,8010343,8012506,8013414,8010159,;602
2021-12-16T04:12:00.000Z;Pretzier(Altm);RE;RE 20;20;16200;8012673;8012673%2021-12-16T04:12:00.000Z%,8010310,8000440,8000445,8006402,8005682,8000168,;602
2021-12-16T04:51:00.000Z;Pretzier(Altm);RE;RE 20;20;16202;8012673;8012673%2021-12-16T04:51:00.000Z%,8010310,8000440,8000445,8006402,8005682,8000168,;602
2021-12-16T05:02:00.000Z;Pretzier(Altm);RE;RE 20;20;16205;8012673;8012673%2021-12-16T05:02:00.000Z%,8011545,8011277,8010172,8012014,8013039,8010334,8013083,8013344,8010226,8010224,8013456,8012287,8010318,8013465,8010084,8010070,8012830,8013357,8010195,8011053,8013259,8010343,8012506,8013414,8010159,;602
2021-12-16T06:04:00.000Z;Pretzier(Altm);RE;RE 20;20;16204;8012673;8012673%2021-12-16T06:04:00.000Z%,8010310,8000440,8000445,8006402,8005682,8000168,;602
2021-12-16T06:40:00.000Z;Pretzier(Altm);RE;RE 20;20;16209;8012673;8012673%2021-12-16T06:40:00.000Z%,8011545,8011277,8010172,8012014,8013039,8010334,;602
2021-12-16T07:02:00.000Z;Pretzier(Altm);RB;RB 32;32;16210;8012673;8012673%2021-12-16T07:02:00.000Z%,8010310,;426
2021-12-16T08:42:00.000Z;Pretzier(Altm);RB;RB 32;32;16212;8012673;8012673%2021-12-16T08:42:00.000Z%,8010310,;426
2021-12-16T09:09:00.000Z;Pretzier(Altm);RB;RB 32;32;16217;8012673;8012673%2021-12-16T09:09:00.000Z%,8011545,8011277,8010172,8012014,8013039,8010334,;426
2021-12-16T12:09:00.000Z;Pretzier(Altm);RB;RB 32;32;16219;8012673;8012673%2021-12-16T12:09:00.000Z%,8011545,8011277,8010172,8012014,8013039,8010334,;426
2021-12-16T12:42:00.000Z;Pretzier(Altm);RB;RB 32;32;16218;8012673;8012673%2021-12-16T12:42:00.000Z%,8010310,;426
2021-12-16T13:09:00.000Z;Pretzier(Altm);RB;RB 32;32;16221;8012673;8012673%2021-12-16T13:09:00.000Z%,8011545,8011277,8010172,8012014,8013039,8010334,;426
2021-12-16T13:42:00.000Z;Pretzier(Altm);RB;RB 32;32;16220;8012673;8012673%2021-12-16T13:42:00.000Z%,8010310,;426
2021-12-16T14:09:00.000Z;Pretzier(Altm);RB;RB 32;32;16223;8012673;8012673%2021-12-16T14:09:00.000Z%,8011545,8011277,8010172,8012014,8013039,8010334,;426
2021-12-16T14:42:00.000Z;Pretzier(Altm);RB;RB 32;32;16222;8012673;8012673%2021-12-16T14:42:00.000Z%,8010310,;426
2021-12-16T15:09:00.000Z;Pretzier(Altm);RB;RB 32;32;16225;8012673;8012673%2021-12-16T15:09:00.000Z%,8011545,8011277,8010172,8012014,8013039,8010334,;426
2021-12-16T15:42:00.000Z;Pretzier(Altm);RB;RB 32;32;16224;8012673;8012673%2021-12-16T15:42:00.000Z%,8010310,;426
2021-12-16T16:09:00.000Z;Pretzier(Altm);RB;RB 32;32;16227;8012673;8012673%2021-12-16T16:09:00.000Z%,8011545,8011277,8010172,8012014,8013039,8010334,;426
2021-12-16T16:42:00.000Z;Pretzier(Altm);RB;RB 32;32;16226;8012673;8012673%2021-12-16T16:42:00.000Z%,8010310,;426
2021-12-16T17:18:00.000Z;Pretzier(Altm);RB;RB 32;32;16229;8012673;8012673%2021-12-16T17:18:00.000Z%,8011545,8011277,8010172,8012014,8013039,8010334,;426
2021-12-16T17:39:00.000Z;Pretzier(Altm);RE;RE 20;20;4847;8012673;8012673%2021-12-16T17:39:00.000Z%,8011545,8011277,8010172,8012014,8013039,8010334,8013083,8013344,8010226,8010224,;602
2021-12-16T17:44:00.000Z;Pretzier(Altm);RB;RB 32;32;16228;8012673;8012673%2021-12-16T17:44:00.000Z%,8010310,;426
2021-12-16T19:09:00.000Z;Pretzier(Altm);RB;RB 32;32;16231;8012673;8012673%2021-12-16T19:09:00.000Z%,8011545,8011277,8010172,8012014,8013039,8010334,;426
2021-12-16T19:42:00.000Z;Pretzier(Altm);RB;RB 32;32;16230;8012673;8012673%2021-12-16T19:42:00.000Z%,8010310,;426
2021-12-15T20:48:00.000Z;Rodleben;RE;RE 13;13;16133;8012777;8012777%2021-12-15T20:48:00.000Z%0,8010302,8010077,8011361,8012305,8012707,8011961,8013335,8011699,8010050,8010076,8012478,8010205,;602
2021-12-15T21:21:00.000Z;Rodleben;RE;RE 13;13;16132;8012777;8012777%2021-12-15T21:23:00.000Z%2,8013389,8011673,8010047,8010226,8010224,;602
2021-12-15T21:49:00.000Z;Rodleben;RE;RE 13;13;16157;8012777;8012777%2021-12-15T21:49:00.000Z%,8010302,8010077,8011361,8012707,8011961,8013335,8010050,8012629,8010076,8013428,8012697,8012478,8012200,8012196,8098205,8012186,8012202,8012184,8012187,8012343,8012194,;602
2021-12-15T22:21:00.000Z;Rodleben;RE;RE 13;13;16158;8012777;8012777%2021-12-15T22:21:00.000Z%,8013389,8010154,8012263,8012678,8011673,8013205,8012066,8010047,8013455,8010226,8010224,;602
2021-12-15T22:58:00.000Z;Rodleben;RE;RE 13;13;16159;8012777;8012777%2021-12-15T22:58:00.000Z%,8010302,8010077,;602
2021-12-16T03:03:00.000Z;Rodleben;RE;RE 13;13;16150;8012777;8012777%2021-12-16T03:03:00.000Z%,8013389,8010154,8012263,8012678,8011673,8013205,8012066,8010047,8013455,8010226,8010224,;602
2021-12-16T03:56:00.000Z;Rodleben;RE;RE 13;13;16152;8012777;8012777%2021-12-16T03:56:00.000Z%,8013389,8010154,8012263,8012678,8011673,8013205,8012066,8010047,8013455,8010226,8010224,;602
2021-12-16T04:12:00.000Z;Rodleben;RE;RE 13;13;16153;8012777;8012777%2021-12-16T04:12:00.000Z%,8010302,8010077,8011361,8013335,8010050,8012629,8010076,8013428,8012697,8012478,8012200,8012196,8098205,8012186,8012202,8012184,8012187,8012343,8012194,;602
2021-12-16T04:36:00.000Z;Rodleben;RE;RE 13;13;16155;8012777;8012777%2021-12-16T04:36:00.000Z%,8010302,8010077,8011361,8012305,8012707,8011961,8013335,8011699,8010050,8012788,8011260,8012147,8011905,8010159,;602
2021-12-16T04:38:00.000Z;Rodleben;RE;RE 14;14;16140;8012777;8012777%2021-12-16T04:38:00.000Z%,8013389,8011673,8012066,8010047,8013455,8010226,8010224,;602
2021-12-16T04:56:00.000Z;Rodleben;RE;RE 13;13;16100;8012777;8012777%2021-12-16T04:56:00.000Z%,8013389,8010154,8012263,8012678,8011673,8013205,8012066,8010047,8013455,8010226,8010224,;602
2021-12-16T05:00:00.000Z;Rodleben;RE;RE 13;13;16101;8012777;8012777%2021-12-16T05:00:00.000Z%,8010302,8010077,8011361,8013335,8010050,8010076,8012478,8010205,;602
2021-12-16T05:35:00.000Z;Rodleben;RE;RE 13;13;16154;8012777;8012777%2021-12-16T05:35:00.000Z%,8013389,8010154,8012263,8012678,8011673,8013205,8012066,8010047,8013455,8010226,8010224,;602
2021-12-16T05:56:00.000Z;Rodleben;RE;RE 13;13;16102;8012777;8012777%2021-12-16T05:56:00.000Z%,8013389,8010154,8012263,8012678,8011673,8013205,8012066,8010047,8013455,8010226,8010224,;602
2021-12-16T06:00:00.000Z;Rodleben;RE;RE 13;13;16103;8012777;8012777%2021-12-16T06:00:00.000Z%,8010302,8010077,8013335,8010050,8010076,8012478,8010205,;602
2021-12-16T06:56:00.000Z;Rodleben;RE;RE 13;13;16104;8012777;8012777%2021-12-16T06:56:00.000Z%,8013389,8010154,8012263,8012678,8011673,8013205,8012066,8010047,8013455,8010226,8010224,;602
2021-12-16T07:00:00.000Z;Rodleben;RE;RE 13;13;16105;8012777;8012777%2021-12-16T07:00:00.000Z%,8010302,8010077,8013335,8010050,8010076,8012478,8010205,;602
2021-12-16T07:56:00.000Z;Rodleben;RE;RE 13;13;16106;8012777;8012777%2021-12-16T07:56:00.000Z%,8013389,8010154,8012263,8012678,8011673,8013205,8012066,8010047,8013455,8010226,8010224,;602
2021-12-16T08:00:00.000Z;Rodleben;RE;RE 13;13;16107;8012777;8012777%2021-12-16T08:00:00.000Z%,8010302,8010077,8013335,8010050,8010076,8012478,8010205,;602
2021-12-16T08:56:00.000Z;Rodleben;RE;RE 13;13;16108;8012777;8012777%2021-12-16T08:56:00.000Z%,8013389,8010154,8012263,8012678,8011673,8013205,8012066,8010047,8013455,8010226,8010224,;602
2021-12-16T09:00:00.000Z;Rodleben;RE;RE 13;13;16109;8012777;8012777%2021-12-16T09:00:00.000Z%,8010302,8010077,8013335,8010050,8010076,8012478,8010205,;602
2021-12-16T09:56:00.000Z;Rodleben;RE;RE 13;13;16110;8012777;8012777%2021-12-16T09:56:00.000Z%,8013389,8010154,8012263,8012678,8011673,8013205,8012066,8010047,8013455,8010226,8010224,;602
2021-12-16T10:00:00.000Z;Rodleben;RE;RE 13;13;16111;8012777;8012777%2021-12-16T10:00:00.000Z%,8010302,8010077,8013335,8010050,8010076,8012478,8010205,;602
2021-12-16T10:56:00.000Z;Rodleben;RE;RE 13;13;16112;8012777;8012777%2021-12-16T10:56:00.000Z%,8013389,8010154,8012263,8012678,8011673,8013205,8012066,8010047,8013455,8010226,8010224,;602
2021-12-16T11:00:00.000Z;Rodleben;RE;RE 13;13;16113;8012777;8012777%2021-12-16T11:00:00.000Z%,8010302,8010077,8013335,8010050,8010076,8012478,8010205,;602
2021-12-16T11:56:00.000Z;Rodleben;RE;RE 13;13;16114;8012777;8012777%2021-12-16T11:56:00.000Z%,8013389,8010154,8012263,8012678,8011673,8013205,8012066,8010047,8013455,8010226,8010224,;602
2021-12-16T12:00:00.000Z;Rodleben;RE;RE 13;13;16115;8012777;8012777%2021-12-16T12:00:00.000Z%,8010302,8010077,8013335,8010050,8010076,8012478,8010205,;602
2021-12-16T12:56:00.000Z;Rodleben;RE;RE 13;13;16116;8012777;8012777%2021-12-16T12:56:00.000Z%,8013389,8010154,8012263,8012678,8011673,8013205,8012066,8010047,8013455,8010226,8010224,;602
2021-12-16T13:00:00.000Z;Rodleben;RE;RE 13;13;16117;8012777;8012777%2021-12-16T13:00:00.000Z%,8010302,8010077,8013335,8010050,8010076,8012478,8010205,;602
2021-12-16T13:24:00.000Z;Rodleben;RE;RE 14;14;16135;8012777;8012777%2021-12-16T13:24:00.000Z%,8010302,8010077,;602
2021-12-16T13:56:00.000Z;Rodleben;RE;RE 13;13;16118;8012777;8012777%2021-12-16T13:56:00.000Z%,8013389,8010154,8012263,8012678,8011673,8013205,8012066,8010047,8013455,8010226,8010224,;602
2021-12-16T14:00:00.000Z;Rodleben;RE;RE 13;13;16119;8012777;8012777%2021-12-16T14:00:00.000Z%,8010302,8010077,8013335,8010050,8010076,8012478,8010205,;602
2021-12-16T14:35:00.000Z;Rodleben;RE;RE 13;13;16156;8012777;8012777%2021-12-16T14:35:00.000Z%,8013389,8010154,8012263,8012678,8011673,8013205,8012066,8010047,8013455,8010226,8010224,;602
2021-12-16T14:56:00.000Z;Rodleben;RE;RE 13;13;16120;8012777;8012777%2021-12-16T14:56:00.000Z%,8013389,8010154,8012263,8012678,8011673,8013205,8012066,8010047,8013455,8010226,8010224,;602
2021-12-16T15:00:00.000Z;Rodleben;RE;RE 13;13;16121;8012777;8012777%2021-12-16T15:00:00.000Z%,8010302,8010077,8013335,8010050,8010076,8012478,8010205,;602
2021-12-16T15:24:00.000Z;Rodleben;RE;RE 14;14;16137;8012777;8012777%2021-12-16T15:24:00.000Z%,8010302,8010077,;602
2021-12-16T15:56:00.000Z;Rodleben;RE;RE 13;13;16122;8012777;8012777%2021-12-16T15:56:00.000Z%,8013389,8010154,8012263,8012678,8011673,8013205,8012066,8010047,8013455,8010226,8010224,;602
2021-12-16T16:00:00.000Z;Rodleben;RE;RE 13;13;16123;8012777;8012777%2021-12-16T16:00:00.000Z%,8010302,8010077,8013335,8010050,8010076,8012478,8010205,;602
2021-12-16T16:24:00.000Z;Rodleben;RE;RE 14;14;16139;8012777;8012777%2021-12-16T16:24:00.000Z%,8010302,8010077,;602
2021-12-16T16:56:00.000Z;Rodleben;RE;RE 13;13;16124;8012777;8012777%2021-12-16T16:56:00.000Z%,8013389,8010154,8012263,8012678,8011673,8013205,8012066,8010047,8013455,8010226,8010224,;602
2021-12-16T17:00:00.000Z;Rodleben;RE;RE 13;13;16125;8012777;8012777%2021-12-16T17:00:00.000Z%,8010302,8010077,8013335,8010050,8010076,8012478,8010205,;602
2021-12-16T17:56:00.000Z;Rodleben;RE;RE 13;13;16126;8012777;8012777%2021-12-16T17:56:00.000Z%,8013389,8010154,8012263,8012678,8011673,8013205,8012066,8010047,8013455,8010226,8010224,;602
2021-12-16T18:00:00.000Z;Rodleben;RE;RE 13;13;16127;8012777;8012777%2021-12-16T18:00:00.000Z%,8010302,8010077,8013335,8010050,8010076,8012478,8010205,;602
2021-12-16T18:56:00.000Z;Rodleben;RE;RE 13;13;16128;8012777;8012777%2021-12-16T18:56:00.000Z%,8013389,8010154,8012263,8012678,8011673,8013205,8012066,8010047,8013455,8010226,8010224,;602
2021-12-16T19:00:00.000Z;Rodleben;RE;RE 13;13;16129;8012777;8012777%2021-12-16T19:00:00.000Z%,8010302,8010077,8013335,8010050,8010076,8012478,8010205,;602
2021-12-16T19:56:00.000Z;Rodleben;RE;RE 13;13;16130;8012777;8012777%2021-12-16T19:56:00.000Z%,8013389,8010154,8012263,8012678,8011673,8013205,8012066,8010047,8013455,8010226,8010224,;602
2021-12-16T20:00:00.000Z;Rodleben;RE;RE 13;13;16131;8012777;8012777%2021-12-16T20:00:00.000Z%,8010302,8010077,8013335,8010050,8010076,8012478,8010205,;602
2021-12-15T20:47:00.000Z;Rohr(Thür);RB;RB 44;44;81292;8012787;8012787%2021-12-15T20:47:00.000Z%0,8011378,8013077,8010345,8010391,8011603,8011397,8010137,8010274,8011055,8010007,8011792,8013074,8010242,8011502,8010101,;426
2021-12-15T21:31:00.000Z;Rohr(Thür);RB;RB 44;44;81287;8012787;8012787%2021-12-15T21:31:00.000Z%0,8010142,8013172,8010230,;426
2021-12-16T00:14:00.000Z;Rohr(Thür);RB;RB 44;44;81289;8012787;8012787%2021-12-16T00:14:00.000Z%0,8010142,8013172,8010230,;426
2021-12-16T03:20:00.000Z;Rohr(Thür);RB;RB 44;44;81272;8012787;8012787%2021-12-16T03:20:00.000Z%,8011378,8013077,8010345,8010391,8011603,8011397,8010137,8010274,8011055,8010007,8011792,8013074,8010242,8011502,8010101,;426
2021-12-16T04:36:00.000Z;Rohr(Thür);RB;RB 44;44;81274;8012787;8012787%2021-12-16T04:36:00.000Z%,8011378,8013077,8010345,8010391,8011603,8011397,8010137,8010274,8011055,8010007,8011792,8013074,8010242,8010101,;426
2021-12-16T05:13:00.000Z;Rohr(Thür);RB;RB 44;44;81269;8012787;8012787%2021-12-16T05:13:00.000Z%,8010142,8013172,8010230,8013215,8013245,8012929,8010375,8011265,8011934,8010021,8012533,8011519,8012312,8010110,8010097,;426
2021-12-16T05:34:00.000Z;Rohr(Thür);RB;RB 44;44;81276;8012787;8012787%2021-12-16T05:34:00.000Z%,8011378,8013077,8010345,8010391,8011603,8011397,8010137,8010274,8011055,8010007,8011792,8013074,8010242,8011502,8010101,;426
2021-12-16T06:08:00.000Z;Rohr(Thür);RB;RB 44;44;81271;8012787;8012787%2021-12-16T06:08:00.000Z%,8010142,;426
2021-12-16T06:46:00.000Z;Rohr(Thür);RB;RB 44;44;81278;8012787;8012787%2021-12-16T06:46:00.000Z%,8011378,8013077,8010345,8010391,8011603,8011397,8010137,8010274,8011055,8010007,8010242,8010101,;426
2021-12-16T07:09:00.000Z;Rohr(Thür);RB;RB 44;44;81273;8012787;8012787%2021-12-16T07:09:00.000Z%,8010142,8010230,;426
2021-12-16T08:46:00.000Z;Rohr(Thür);RB;RB 44;44;81280;8012787;8012787%2021-12-16T08:46:00.000Z%,8011378,8013077,8010345,8010391,8011603,8011397,8010137,8010274,8011055,8010007,8010242,8010101,;426
2021-12-16T09:09:00.000Z;Rohr(Thür);RB;RB 44;44;81275;8012787;8012787%2021-12-16T09:09:00.000Z%,8010142,8010230,;426
2021-12-16T10:46:00.000Z;Rohr(Thür);RB;RB 44;44;81282;8012787;8012787%2021-12-16T10:46:00.000Z%,8011378,8013077,8010345,8010391,8011603,8011397,8010137,8010274,8011055,8010007,8010242,8010101,;426
2021-12-16T11:09:00.000Z;Rohr(Thür);RB;RB 44;44;81277;8012787;8012787%2021-12-16T11:09:00.000Z%,8010142,8010230,;426
2021-12-16T12:46:00.000Z;Rohr(Thür);RB;RB 44;44;81284;8012787;8012787%2021-12-16T12:46:00.000Z%,8011378,8013077,8010345,8010391,8011603,8011397,8010137,8010274,8011055,8010007,8010242,8010101,;426
2021-12-16T13:09:00.000Z;Rohr(Thür);RB;RB 44;44;81279;8012787;8012787%2021-12-16T13:09:00.000Z%,8010142,8010230,;426
2021-12-16T14:46:00.000Z;Rohr(Thür);RB;RB 44;44;81286;8012787;8012787%2021-12-16T14:46:00.000Z%,8011378,8013077,8010345,8010391,8011603,8011397,8010137,8010274,8011055,8010007,8010242,8010101,;426
2021-12-16T15:09:00.000Z;Rohr(Thür);RB;RB 44;44;81281;8012787;8012787%2021-12-16T15:09:00.000Z%,8010142,8010230,;426
2021-12-16T16:46:00.000Z;Rohr(Thür);RB;RB 44;44;81288;8012787;8012787%2021-12-16T16:46:00.000Z%,8011378,8013077,8010345,8010391,8011603,8011397,8010137,8010274,8011055,8010007,8010242,8010101,;426
2021-12-16T17:09:00.000Z;Rohr(Thür);RB;RB 44;44;81283;8012787;8012787%2021-12-16T17:09:00.000Z%,8010142,8010230,;426
2021-12-16T18:46:00.000Z;Rohr(Thür);RB;RB 44;44;81290;8012787;8012787%2021-12-16T18:46:00.000Z%,8011378,8013077,8010345,8010391,8011603,8011397,8010137,8010274,8011055,8010007,8010242,8010101,;426
2021-12-16T19:09:00.000Z;Rohr(Thür);RB;RB 44;44;81285;8012787;8012787%2021-12-16T19:09:00.000Z%,8010142,8010230,;426
2021-12-15T20:46:00.000Z;Schwerin Mitte;RE;RE 1;1;4319;8012940;8012940%2021-12-15T20:53:00.000Z%7,8010324,8010018,8013186,8010051,8010066,8010322,8010304,;602
2021-12-15T20:57:00.000Z;Schwerin Mitte;RE;RE 2;2;63987;8012940;8012940%2021-12-15T20:57:00.000Z%0,8010324,8012264,8010018,8012321,8010381,;602
2021-12-15T21:03:00.000Z;Schwerin Mitte;RE;RE 2;2;63998;8012940;8012940%2021-12-15T21:03:00.000Z%0,8012951,8010173,8013073,8012716,8012262,8010216,8011681,8011994,8010382,8011088,8011641,8011258,8010248,8011585,8012614,8010239,8013479,8010404,8010406,8011160,8011306,8011155,8010255,8011162,8010193,8013376,8011173,8013109,8011805,8012549,8011250,8012923,8012257,8010217,8010220,8012698,8013188,8012605,8012083,8010073,;602
2021-12-15T21:12:00.000Z;Schwerin Mitte;RE;RE 1;1;4318;8012940;8012940%2021-12-15T21:13:00.000Z%1,8012951,8010156,8012677,8011248,8011230,8012933,8000058,8004177,8005468,8002554,8002549,;602
2021-12-15T21:31:00.000Z;Schwerin Mitte;RB;RB 13;13;68998;8012940;8012940%2021-12-15T21:31:00.000Z%0,8010325,8013354,8012643,8013079,8011326,8012824,8011582,8011403,8010267,;426
2021-12-15T22:01:00.000Z;Schwerin Mitte;RB;RB 17;17;13177;8012940;8012940%2021-12-15T22:01:00.000Z%,8010325,8012951,8010173,8013073,8012716,8012262,8010216,;426
2021-12-15T22:22:00.000Z;Schwerin Mitte;RB;RB 13;13;68995;8012940;8012940%2021-12-15T22:23:00.000Z%1,8010324,;426
2021-12-15T22:29:00.000Z;Schwerin Mitte;RB;RB 17;17;13178;8012940;8012940%2021-12-15T22:29:00.000Z%,8010324,;426
2021-12-15T22:57:00.000Z;Schwerin Mitte;RE;RE 2;2;63991;8012940;8012940%2021-12-15T22:57:00.000Z%0,8010324,8012264,8010018,8012321,8010381,;602
2021-12-15T23:18:00.000Z;Schwerin Mitte;RE;RE 1;1;4321;8012940;8012940%2021-12-15T23:18:00.000Z%,8010324,8010018,8013186,8010051,8010066,8010322,8010304,;602
2021-12-15T23:28:00.000Z;Schwerin Mitte;RB;RB 17;17;13180;8012940;8012940%2021-12-15T23:28:00.000Z%,8010324,;426
2021-12-16T00:56:00.000Z;Schwerin Mitte;RE;RE 1;1;4323;8012940;8012940%2021-12-16T00:56:00.000Z%,8010324,;602
2021-12-16T02:51:00.000Z;Schwerin Mitte;RE;RE 1;1;4300;8012940;8012940%2021-12-16T02:51:00.000Z%,8012951,8010173,8013370,8012009,8010156,8012677,8011248,8011230,8012933,8000058,8004177,8005468,8002554,8002549,;602
2021-12-16T03:11:00.000Z;Schwerin Mitte;RB;RB 13;13;68962;8012940;8012940%2021-12-16T03:11:00.000Z%,8010325,8013354,8012643,8013079,8011326,8012824,8011582,8011403,8010267,;426
2021-12-16T03:53:00.000Z;Schwerin Mitte;RE;RE 1;1;4330;8012940;8012940%2021-12-16T03:53:00.000Z%,8012951,8010173,8013370,8012009,8010156,8012677,8011248,8011230,8012933,8000058,8004177,8005468,8002554,8002549,;602
2021-12-16T04:01:00.000Z;Schwerin Mitte;RE;RE 2;2;63964;8012940;8012940%2021-12-16T04:01:00.000Z%,8012951,8010173,8013073,8012716,8012262,8010216,8011681,8011994,8010382,8011088,8011641,8011258,8010248,8011585,8012614,8010239,8013479,8010404,8010406,8011160,8011306,8011155,8011162,8010193,8011250,8010217,8010220,8013188,8010073,;602
2021-12-16T04:11:00.000Z;Schwerin Mitte;RB;RB 13;13;68963;8012940;8012940%2021-12-16T04:11:00.000Z%,8010324,8012953,8012960,8012954,8011718,8012274,8011592,8011908,8012737,;426
2021-12-16T04:16:00.000Z;Schwerin Mitte;RB;RB 13;13;68964;8012940;8012940%2021-12-16T04:16:00.000Z%,8010325,8013354,8012643,8013079,8011326,8012824,8011582,8011403,8010267,;426
2021-12-16T04:29:00.000Z;Schwerin Mitte;RB;RB 17;17;13150;8012940;8012940%2021-12-16T04:29:00.000Z%,8010324,8012264,8010018,8012384,8012321,8010381,;426
2021-12-16T04:35:00.000Z;Schwerin Mitte;RB;RB 17;17;13151;8012940;8012940%2021-12-16T04:35:00.000Z%,8010325,8012951,8010173,8013073,8012716,8012262,8010216,;426
2021-12-16T04:46:00.000Z;Schwerin Mitte;RE;RE 1;1;4301;8012940;8012940%2021-12-16T04:46:00.000Z%,8010324,8010018,8013186,8010051,8010066,8010322,8010304,;602
2021-12-16T04:50:00.000Z;Schwerin Mitte;RB;RB 13;13;68965;8012940;8012940%2021-12-16T04:50:00.000Z%,8010324,8012953,8012960,8012954,8011718,8012274,8011592,8011908,8012737,;426
2021-12-15T20:18:00.000Z;Schwarzkollm;RE;RE 15;15;18294;8012942;8012942%2021-12-15T20:56:00.000Z%38,8010177,;602
2021-12-15T22:18:00.000Z;Schwarzkollm;RE;RE 15;15;18296;8012942;8012942%2021-12-15T22:18:00.000Z%0,8010177,;602
2021-12-16T03:39:00.000Z;Schwarzkollm;RE;RE 15;15;18281;8012942;8012942%2021-12-16T03:39:00.000Z%,8012175,8010171,8010308,8012565,8012145,8011749,8010285,8013267,8010072,8010089,8013444,8010085,;602
2021-12-16T05:39:00.000Z;Schwarzkollm;RE;RE 15;15;18283;8012942;8012942%2021-12-16T05:39:00.000Z%,8012175,8010171,8010308,8012565,8012145,8011749,8010285,8013267,8010072,8010089,8013444,8010085,;602
2021-12-16T06:18:00.000Z;Schwarzkollm;RE;RE 15;15;18280;8012942;8012942%2021-12-16T06:18:00.000Z%,8010177,;602
2021-12-16T07:39:00.000Z;Schwarzkollm;RE;RE 15;15;18285;8012942;8012942%2021-12-16T07:39:00.000Z%,8012175,8010171,8010308,8012565,8012145,8011749,8010285,8013267,8010072,8010089,8013444,8010085,;602
2021-12-16T08:18:00.000Z;Schwarzkollm;RE;RE 15;15;18282;8012942;8012942%2021-12-16T08:18:00.000Z%,8010177,;602
2021-12-16T09:39:00.000Z;Schwarzkollm;RE;RE 15;15;18287;8012942;8012942%2021-12-16T09:39:00.000Z%,8012175,8010171,8010308,8012565,8012145,8011749,8010285,8013267,8010072,8010089,8013444,8010085,;602
2021-12-16T10:18:00.000Z;Schwarzkollm;RE;RE 15;15;18284;8012942;8012942%2021-12-16T10:18:00.000Z%,8010177,;602
2021-12-16T11:39:00.000Z;Schwarzkollm;RE;RE 15;15;18289;8012942;8012942%2021-12-16T11:39:00.000Z%,8012175,8010171,8010308,8012565,8012145,8011749,8010285,8013267,8010072,8010089,8013444,8010085,;602
2021-12-16T12:18:00.000Z;Schwarzkollm;RE;RE 15;15;18286;8012942;8012942%2021-12-16T12:18:00.000Z%,8010177,;602
2021-12-16T13:39:00.000Z;Schwarzkollm;RE;RE 15;15;18291;8012942;8012942%2021-12-16T13:39:00.000Z%,8012175,8010171,8010308,8012565,8012145,8011749,8010285,8013267,8010072,8010089,8013444,8010085,;602
2021-12-16T14:18:00.000Z;Schwarzkollm;RE;RE 15;15;18288;8012942;8012942%2021-12-16T14:18:00.000Z%,8010177,;602
2021-12-16T15:39:00.000Z;Schwarzkollm;RE;RE 15;15;18293;8012942;8012942%2021-12-16T15:39:00.000Z%,8012175,8010171,8010308,8012565,8012145,8011749,8010285,8013267,8010072,8010089,8013444,8010085,;602
2021-12-16T16:18:00.000Z;Schwarzkollm;RE;RE 15;15;18290;8012942;8012942%2021-12-16T16:18:00.000Z%,8010177,;602
2021-12-16T17:39:00.000Z;Schwarzkollm;RE;RE 15;15;18295;8012942;8012942%2021-12-16T17:39:00.000Z%,8012175,8010171,8010308,8012565,8012145,8011749,8010285,8013267,8010072,8010089,8013444,8010085,;602
2021-12-16T18:18:00.000Z;Schwarzkollm;RE;RE 15;15;18292;8012942;8012942%2021-12-16T18:18:00.000Z%,8010177,;602
2021-12-16T19:39:00.000Z;Schwarzkollm;RE;RE 15;15;18297;8012942;8012942%2021-12-16T19:39:00.000Z%,8012175,8010171,8010308,8012565,8012145,8011749,8010285,8013267,8010072,8010089,8013444,8010085,;602
2021-12-15T20:33:00.000Z;Seebach(Mühlhausen);RB;RB 52;52;16273;8012961;8012961%2021-12-15T20:33:00.000Z%0,8011746,8012919,8010020,8011687,8010081,8011336,8011489,8010198,8011503,8010102,8010101,;426
2021-12-16T03:57:00.000Z;Seebach(Mühlhausen);RB;RB 2;2;16250;8012961;8012961%2021-12-16T03:57:00.000Z%,8010235,8011029,8011335,8012993,8010048,8010203,8011178,8013315,8011219,8011849,8013159,8011054,8000090,8006524,8002259,8002677,8006707,8005623,8003053,8004415,8000193,8003200,;426
2021-12-16T05:05:00.000Z;Seebach(Mühlhausen);RB;RB 52;52;16280;8012961;8012961%2021-12-16T05:05:00.000Z%,8010235,8011029,8011335,8012993,8010048,8010203,;426
2021-12-16T05:17:00.000Z;Seebach(Mühlhausen);RB;RB 52;52;16283;8012961;8012961%2021-12-16T05:17:00.000Z%,8011746,8012919,8010020,8011687,8010081,8011336,8011489,8010198,8011503,8010102,8010101,;426
2021-12-16T06:20:00.000Z;Seebach(Mühlhausen);RE;RE 2;2;16252;8012961;8012961%2021-12-16T06:20:00.000Z%,8010235,8011335,8012993,8010203,8011849,8013159,8011054,8000090,8006524,8006707,8003200,;602
2021-12-16T06:47:00.000Z;Seebach(Mühlhausen);RB;RB 52;52;16285;8012961;8012961%2021-12-16T06:47:00.000Z%,8011746,8012919,8010020,8011687,8010081,8011336,8011489,8010198,8011503,8010102,8010101,;426
2021-12-16T07:10:00.000Z;Seebach(Mühlhausen);RB;RB 52;52;16282;8012961;8012961%2021-12-16T07:10:00.000Z%,8010235,8011029,8011335,8012993,8010048,8010203,;426
2021-12-16T08:47:00.000Z;Seebach(Mühlhausen);RB;RB 52;52;16287;8012961;8012961%2021-12-16T08:47:00.000Z%,8011746,8012919,8010020,8011687,8010081,8011336,8011489,8010198,8011503,8010102,8010101,;426
2021-12-16T09:10:00.000Z;Seebach(Mühlhausen);RB;RB 52;52;16284;8012961;8012961%2021-12-16T09:10:00.000Z%,8010235,8011029,8011335,8012993,8010048,8010203,;426
2021-12-16T10:47:00.000Z;Seebach(Mühlhausen);RB;RB 52;52;16289;8012961;8012961%2021-12-16T10:47:00.000Z%,8011746,8012919,8010020,8011687,8010081,8011336,8011489,8010198,8011503,8010102,8010101,;426
2021-12-16T11:10:00.000Z;Seebach(Mühlhausen);RB;RB 52;52;16286;8012961;8012961%2021-12-16T11:10:00.000Z%,8010235,8011029,8011335,8012993,8010048,8010203,;426
2021-12-16T12:47:00.000Z;Seebach(Mühlhausen);RB;RB 52;52;16291;8012961;8012961%2021-12-16T12:47:00.000Z%,8011746,8012919,8010020,8011687,8010081,8011336,8011489,8010198,8011503,8010102,8010101,;426
2021-12-16T13:10:00.000Z;Seebach(Mühlhausen);RB;RB 52;52;16288;8012961;8012961%2021-12-16T13:10:00.000Z%,8010235,8011029,8011335,8012993,8010048,8010203,;426
2021-12-16T14:47:00.000Z;Seebach(Mühlhausen);RB;RB 52;52;16293;8012961;8012961%2021-12-16T14:47:00.000Z%,8011746,8012919,8010020,8011687,8010081,8011336,8011489,8010198,8011503,8010102,8010101,;426
2021-12-16T15:10:00.000Z;Seebach(Mühlhausen);RB;RB 52;52;16290;8012961;8012961%2021-12-16T15:10:00.000Z%,8010235,8011029,8011335,8012993,8010048,8010203,;426
2021-12-16T16:47:00.000Z;Seebach(Mühlhausen);RB;RB 52;52;16295;8012961;8012961%2021-12-16T16:47:00.000Z%,8011746,8012919,8010020,8011687,8010081,8011336,8011489,8010198,8011503,8010102,8010101,;426
2021-12-16T17:10:00.000Z;Seebach(Mühlhausen);RB;RB 52;52;16292;8012961;8012961%2021-12-16T17:10:00.000Z%,8010235,8011029,8011335,8012993,8010048,8010203,;426
2021-12-16T18:47:00.000Z;Seebach(Mühlhausen);RB;RB 52;52;16297;8012961;8012961%2021-12-16T18:47:00.000Z%,8011746,8012919,8010020,8011687,8010081,8011336,8011489,8010198,8011503,8010102,8010101,;426
2021-12-16T19:11:00.000Z;Seebach(Mühlhausen);RB;RB 52;52;16294;8012961;8012961%2021-12-16T19:11:00.000Z%,8010235,;426
2021-12-15T21:44:00.000Z;Sonneberg(Thür)Hbf;RB;RB 41;41;2134;8013008;8013008%2021-12-15T21:44:00.000Z%0,8013010,8013009,8011925,8011208,8013036,8013034,8012171,8012527,8011512,8012452,8087081,;426
2021-12-16T03:41:00.000Z;Sonneberg(Thür)Hbf;RB;RB 41;41;2098;8013008;8013008%2021-12-16T03:41:00.000Z%,8013010,8013009,8011925,8011208,8013036,8013034,8012171,8012527,8011512,8012452,8087081,;426
2021-12-16T03:45:00.000Z;Sonneberg(Thür)Hbf;RE;RE 49;49;4949;8013008;8013008%2021-12-16T03:45:00.000Z%,8004325,8004064,8005122,8004633,8001484,8001334,8001338,8001347,8002434,8001636,8005391,8000228,8005670,8001623,8006634,8001640,8001149,8002542,8000025,8002853,8002024,8001844,8000114,8000284,;602
2021-12-16T04:39:00.000Z;Sonneberg(Thür)Hbf;RE;RE 19;19;4951;8013008;8013008%2021-12-16T04:39:00.000Z%,8004325,8004064,8005122,8004633,8001484,8001334,8001338,8000025,8002853,8002024,8001844,8000114,8000284,;602
2021-12-16T04:46:00.000Z;Sonneberg(Thür)Hbf;RB;RB 41;41;81113;8013008;8013008%2021-12-16T04:46:00.000Z%,8013011,8012334,8012333,8011453,8012984,8012723,8012854,8012852,8011065,8011472,8011822,8013184,8011871,8012756,8010350,8013179,8010142,8013172,8010230,8013215,8013245,8012929,8010375,8011265,8011934,8010021,8012533,8011519,8012312,8010110,8010097,;426
2021-12-16T05:04:00.000Z;Sonneberg(Thür)Hbf;RB;RB 41;41;2100;8013008;8013008%2021-12-16T05:04:00.000Z%,8013010,8013009,8011925,8011208,8013036,8013034,8012171,8012527,8011512,8012452,8087081,;426
2021-12-16T05:10:00.000Z;Sonneberg(Thür)Hbf;RE;RE 49;49;59351;8013008;8013008%2021-12-16T05:10:00.000Z%,8004325,8004064,8005122,8004633,8001484,8001334,8001338,8001347,8002434,8001636,8005391,8000228,;602
2021-12-16T06:02:00.000Z;Sonneberg(Thür)Hbf;RB;RB 41;41;81115;8013008;8013008%2021-12-16T06:02:00.000Z%,8013011,8012334,8012333,8011453,8012984,8012723,8012854,8012852,8011065,8011472,8011822,8013184,8011871,8012756,8010350,8013179,8010142,8013172,8010230,8013215,8013245,8012929,8010375,8011265,8011934,8010021,8012533,8011519,8012312,8010110,8010097,;426
2021-12-16T06:04:00.000Z;Sonneberg(Thür)Hbf;RB;RB 41;41;81102;8013008;8013008%2021-12-16T06:04:00.000Z%,8013010,8013009,8011925,8011208,8013036,8013034,8012171,8012527,8011512,8012452,8087081,;426
2021-12-16T06:06:00.000Z;Sonneberg(Thür)Hbf;RE;RE 49;49;4923;8013008;8013008%2021-12-16T06:06:00.000Z%,8004325,8004064,8005122,8004633,8001484,8001334,8001338,8001347,8002434,8001636,8005391,8000228,8005670,8001149,8000025,8002853,8002024,8001844,8000114,8000284,;602
2021-12-16T07:04:00.000Z;Sonneberg(Thür)Hbf;RB;RB 41;41;2104;8013008;8013008%2021-12-16T07:04:00.000Z%,8013010,8013009,8011925,8011208,8013036,8013034,8012171,8012527,8011512,8012452,8087081,;426
2021-12-16T07:06:00.000Z;Sonneberg(Thür)Hbf;RE;RE 49;49;59353;8013008;8013008%2021-12-16T07:06:00.000Z%,8004325,8004064,8005122,8004633,8001484,8001334,8001338,8002434,8001636,8000228,;602
2021-12-16T08:02:00.000Z;Sonneberg(Thür)Hbf;RB;RB 41;41;81119;8013008;8013008%2021-12-16T08:02:00.000Z%,8013011,8012334,8012333,8011453,8012984,8012723,8012854,8012852,8011065,8011472,8011822,8013184,8011871,8012756,8010350,8013179,8010142,8013172,8010230,8013215,8013245,8012929,8010375,8011265,8011934,8010021,8012533,8011519,8012312,8010110,8010097,;426
2021-12-16T08:04:00.000Z;Sonneberg(Thür)Hbf;RB;RB 41;41;81106;8013008;8013008%2021-12-16T08:04:00.000Z%,8013010,8013009,8011925,8011208,8013036,8013034,8012171,8012527,8011512,8012452,8087081,;426
2021-12-16T08:06:00.000Z;Sonneberg(Thür)Hbf;RE;RE 19;19;4957;8013008;8013008%2021-12-16T08:06:00.000Z%,8004325,8004064,8005122,8004633,8001484,8001334,8001338,8000025,8002853,8002024,8001844,8000114,8000284,;602
2021-12-16T09:04:00.000Z;Sonneberg(Thür)Hbf;RB;RB 41;41;2108;8013008;8013008%2021-12-16T09:04:00.000Z%,8013010,8013009,8011925,8011208,8013036,8013034,8012171,8012527,8011512,8012452,8087081,;426
2021-12-16T09:06:00.000Z;Sonneberg(Thür)Hbf;RE;RE 19;19;4959;8013008;8013008%2021-12-16T09:06:00.000Z%,8004325,8004064,8005122,8004633,8001484,8001334,8001338,8000025,8002853,8002024,8001844,8000114,8000284,;602
2021-12-16T10:02:00.000Z;Sonneberg(Thür)Hbf;RB;RB 41;41;81123;8013008;8013008%2021-12-16T10:02:00.000Z%,8013011,8012334,8012333,8011453,8012984,8012723,8012854,8012852,8011065,8011472,8011822,8013184,8011871,8012756,8010350,8013179,8010142,8013172,8010230,8013215,8013245,8012929,8010375,8011265,8011934,8010021,8012533,8011519,8012312,8010110,8010097,;426
2021-12-16T10:04:00.000Z;Sonneberg(Thür)Hbf;RE;RE 49;49;4927;8013008;8013008%2021-12-16T10:04:00.000Z%,8004325,8004064,8005122,8004633,8001484,8001334,8001338,8001636,8000228,8005670,8001149,8000025,8002853,8002024,8001844,8000114,8000284,;602
2021-12-16T10:04:00.000Z;Sonneberg(Thür)Hbf;RB;RB 41;41;81110;8013008;8013008%2021-12-16T10:04:00.000Z%,8013010,8013009,8011925,8011208,8013036,8013034,8012171,8012527,8011512,8012452,8087081,;426
2021-12-16T11:04:00.000Z;Sonneberg(Thür)Hbf;RB;RB 41;41;2112;8013008;8013008%2021-12-16T11:04:00.000Z%,8013010,8013009,8011925,8011208,8013036,8013034,8012171,8012527,8011512,8012452,8087081,;426
2021-12-16T12:02:00.000Z;Sonneberg(Thür)Hbf;RB;RB 41;41;81127;8013008;8013008%2021-12-16T12:02:00.000Z%,8013011,8012334,8012333,8011453,8012984,8012723,8012854,8012852,8011065,8011472,8011822,8013184,8011871,8012756,8010350,8013179,8010142,8013172,8010230,8013215,8013245,8012929,8010375,8011265,8011934,8010021,8012533,8011519,8012312,8010110,8010097,;426
2021-12-16T12:04:00.000Z;Sonneberg(Thür)Hbf;RB;RB 41;41;81114;8013008;8013008%2021-12-16T12:04:00.000Z%,8013010,8013009,8011925,8011208,8013036,8013034,8012171,8012527,8011512,8012452,8087081,;426
2021-12-16T12:06:00.000Z;Sonneberg(Thür)Hbf;RE;RE 49;49;4929;8013008;8013008%2021-12-16T12:06:00.000Z%,8004325,8004064,8005122,8004633,8001484,8001334,8001338,8001347,8002434,8001636,8005391,8000228,8005670,8001149,8000025,8002853,8002024,8001844,8000114,8000284,;602
2021-12-16T13:04:00.000Z;Sonneberg(Thür)Hbf;RB;RB 41;41;2116;8013008;8013008%2021-12-16T13:04:00.000Z%,8013010,8013009,8011925,8011208,8013036,8013034,8012171,8012527,8011512,8012452,8087081,;426
2021-12-16T13:06:00.000Z;Sonneberg(Thür)Hbf;RE;RE 19;19;4963;8013008;8013008%2021-12-16T13:06:00.000Z%,8004325,8004064,8005122,8004633,8001484,8001334,8001338,8000025,8002853,8002024,8001844,8000114,8000284,;602
2021-12-16T14:02:00.000Z;Sonneberg(Thür)Hbf;RB;RB 41;41;81131;8013008;8013008%2021-12-16T14:02:00.000Z%,8013011,8012334,8012333,8011453,8012984,8012723,8012854,8012852,8011065,8011472,8011822,8013184,8011871,8012756,8010350,8013179,8010142,8013172,8010230,8013215,8013245,8012929,8010375,8011265,8011934,8010021,8012533,8011519,8012312,8010110,8010097,;426
2021-12-16T14:04:00.000Z;Sonneberg(Thür)Hbf;RB;RB 41;41;81118;8013008;8013008%2021-12-16T14:04:00.000Z%,8013010,8013009,8011925,8011208,8013036,8013034,8012171,8012527,8011512,8012452,8087081,;426
2021-12-16T14:05:00.000Z;Sonneberg(Thür)Hbf;RE;RE 49;49;4931;8013008;8013008%2021-12-16T14:05:00.000Z%,8004325,8004064,8005122,8004633,8001484,8001334,8001338,8001636,8000228,8005670,8001149,8000025,8002853,8002024,8001844,8000114,8000284,;602
2021-12-16T15:04:00.000Z;Sonneberg(Thür)Hbf;RB;RB 41;41;2120;8013008;8013008%2021-12-16T15:04:00.000Z%,8013010,8013009,8011925,8011208,8013036,8013034,8012171,8012527,8011512,8012452,8087081,;426
2021-12-15T21:07:00.000Z;Tangerhütte;RE;RE 20;20;16208;8013083;8013083%2021-12-15T21:07:00.000Z%0,8010334,8013039,8012014,8010172,8011277,8011545,8012673,8010310,;602
2021-12-15T21:35:00.000Z;Tangerhütte;RE;RE 20;20;16211;8013083;8013083%2021-12-15T21:35:00.000Z%0,8013344,8010226,8010224,8013456,8012287,8010318,8013465,8010084,8010070,8012830,8013357,8010195,8011053,8013259,8010343,8012506,8013414,8010159,;602
2021-12-16T03:21:00.000Z;Tangerhütte;RE;RE 20;20;16200;8013083;8013083%2021-12-16T03:21:00.000Z%,8011355,8010334,8013039,8012014,8010172,8011277,8011545,8012673,8010310,8000440,8000445,8006402,8005682,8000168,;602
2021-12-16T04:58:00.000Z;Tangerhütte;RE;RE 20;20;16201;8013083;8013083%2021-12-16T04:58:00.000Z%,8013344,8010226,8010224,8013456,8012287,8010318,8013465,8010084,8010070,8012830,8013357,8010195,8011053,8013259,8010343,8012506,8013414,8010159,;602
2021-12-16T05:18:00.000Z;Tangerhütte;RE;RE 20;20;16203;8013083;8013083%2021-12-16T05:18:00.000Z%,8013344,8010226,8010224,;602
2021-12-16T05:18:00.000Z;Tangerhütte;RE;RE 20;20;16204;8013083;8013083%2021-12-16T05:18:00.000Z%,8010334,8013039,8012014,8010172,8011277,8011545,8012673,8010310,8000440,8000445,8006402,8005682,8000168,;602
2021-12-16T05:53:00.000Z;Tangerhütte;RE;RE 20;20;16205;8013083;8013083%2021-12-16T05:53:00.000Z%,8013344,8010226,8010224,8013456,8012287,8010318,8013465,8010084,8010070,8012830,8013357,8010195,8011053,8013259,8010343,8012506,8013414,8010159,;602
2021-12-16T08:30:00.000Z;Tangerhütte;RE;RE 20;20;4832;8013083;8013083%2021-12-16T08:30:00.000Z%,8010334,8010172,8010310,8000440,8000445,8006402,8005682,8000168,;602
2021-12-16T09:22:00.000Z;Tangerhütte;RE;RE 20;20;4833;8013083;8013083%2021-12-16T09:22:00.000Z%,8013344,8010226,8010224,;602
2021-12-16T10:30:00.000Z;Tangerhütte;RE;RE 20;20;4834;8013083;8013083%2021-12-16T10:30:00.000Z%,8010334,8010172,8010310,8000440,8000445,8006402,8005682,8000168,;602
2021-12-16T11:22:00.000Z;Tangerhütte;RE;RE 20;20;4835;8013083;8013083%2021-12-16T11:22:00.000Z%,8013344,8010226,8010224,;602
2021-12-16T12:30:00.000Z;Tangerhütte;RE;RE 20;20;4838;8013083;8013083%2021-12-16T12:30:00.000Z%,8010334,8010172,8010310,8000440,8000445,8006402,8005682,8000168,;602
2021-12-16T13:22:00.000Z;Tangerhütte;RE;RE 20;20;4837;8013083;8013083%2021-12-16T13:22:00.000Z%,8013344,8010226,8010224,;602
2021-12-16T13:30:00.000Z;Tangerhütte;RE;RE 20;20;4840;8013083;8013083%2021-12-16T13:30:00.000Z%,8010334,8010172,8010310,8000440,8000445,8006402,8005682,8000168,;602
2021-12-16T14:30:00.000Z;Tangerhütte;RE;RE 20;20;4842;8013083;8013083%2021-12-16T14:30:00.000Z%,8010334,8010172,8010310,8000440,8000445,8006402,8005682,8000168,;602
2021-12-16T15:22:00.000Z;Tangerhütte;RE;RE 20;20;4841;8013083;8013083%2021-12-16T15:22:00.000Z%,8013344,8010226,8010224,;602
2021-12-16T15:30:00.000Z;Tangerhütte;RE;RE 20;20;4844;8013083;8013083%2021-12-16T15:30:00.000Z%,8010334,8010172,8010310,8000440,8000445,8006402,8005682,8000168,;602
2021-12-16T16:22:00.000Z;Tangerhütte;RE;RE 20;20;4843;8013083;8013083%2021-12-16T16:22:00.000Z%,8013344,8010226,8010224,;602
2021-12-16T16:30:00.000Z;Tangerhütte;RE;RE 20;20;4846;8013083;8013083%2021-12-16T16:30:00.000Z%,8010334,8010172,8010310,8000440,8000445,8006402,8005682,8000168,;602
2021-12-16T17:22:00.000Z;Tangerhütte;RE;RE 20;20;4845;8013083;8013083%2021-12-16T17:22:00.000Z%,8013344,8010226,8010224,;602
2021-12-16T18:24:00.000Z;Tangerhütte;RE;RE 20;20;4847;8013083;8013083%2021-12-16T18:24:00.000Z%,8013344,8010226,8010224,;602
2021-12-16T18:30:00.000Z;Tangerhütte;RE;RE 20;20;4848;8013083;8013083%2021-12-16T18:30:00.000Z%,8010334,8010172,8010310,8000440,8000445,8006402,8005682,8000168,;602
2021-12-16T19:22:00.000Z;Tangerhütte;RE;RE 20;20;4849;8013083;8013083%2021-12-16T19:22:00.000Z%,8013344,8010226,8010224,;602
2021-12-15T22:03:00.000Z;Uebigau;RB;RB 43;43;18074;8013160;8013160%2021-12-15T22:03:00.000Z%,8010103,8011867,;426
2021-12-15T23:06:00.000Z;Uebigau;RB;RB 43;43;18076;8013160;8013160%2021-12-15T23:06:00.000Z%,8010103,;426
2021-12-16T03:00:00.000Z;Uebigau;RB;RB 43;43;18051;8013160;8013160%2021-12-16T03:00:00.000Z%,8011179,8012903,8010079,8011542,8011667,8010069,8012084,8010073,;426
2021-12-16T03:51:00.000Z;Uebigau;RB;RB 43;43;18053;8013160;8013160%2021-12-16T03:51:00.000Z%,8011179,8012903,8010079,8011542,8011667,8010069,8012084,8010073,;426
2021-12-16T05:00:00.000Z;Uebigau;RB;RB 43;43;18055;8013160;8013160%2021-12-16T05:00:00.000Z%,8011179,8012903,8010079,8011542,8011667,8010069,8012084,8010073,;426
2021-12-16T06:00:00.000Z;Uebigau;RB;RB 43;43;18057;8013160;8013160%2021-12-16T06:00:00.000Z%,8011179,8012903,8010079,8011542,8011667,8010069,8012084,8010073,;426
2021-12-16T06:03:00.000Z;Uebigau;RB;RB 43;43;18056;8013160;8013160%2021-12-16T06:03:00.000Z%,8010103,8011867,;426
2021-12-16T08:00:00.000Z;Uebigau;RB;RB 43;43;18061;8013160;8013160%2021-12-16T08:00:00.000Z%,8011179,8012903,8010079,8011542,8011667,8010069,8012084,8010073,;426
2021-12-16T08:03:00.000Z;Uebigau;RB;RB 43;43;18060;8013160;8013160%2021-12-16T08:03:00.000Z%,8010103,8011867,;426
2021-12-16T12:00:00.000Z;Uebigau;RB;RB 43;43;18067;8013160;8013160%2021-12-16T12:00:00.000Z%,8011179,8012903,8010079,8011542,8011667,8010069,8012084,8010073,;426
2021-12-16T12:03:00.000Z;Uebigau;RB;RB 43;43;18064;8013160;8013160%2021-12-16T12:03:00.000Z%,8010103,;426
2021-12-16T14:00:00.000Z;Uebigau;RB;RB 43;43;18069;8013160;8013160%2021-12-16T14:00:00.000Z%,8011179,8012903,8010079,8011542,8011667,8010069,8012084,8010073,;426
2021-12-16T14:03:00.000Z;Uebigau;RB;RB 43;43;18066;8013160;8013160%2021-12-16T14:03:00.000Z%,8010103,8011867,;426
2021-12-16T16:00:00.000Z;Uebigau;RB;RB 43;43;18073;8013160;8013160%2021-12-16T16:00:00.000Z%,8011179,8012903,8010079,8011542,8011667,8010069,8012084,8010073,;426
2021-12-16T16:03:00.000Z;Uebigau;RB;RB 43;43;18068;8013160;8013160%2021-12-16T16:03:00.000Z%,8010103,;426
2021-12-16T18:00:00.000Z;Uebigau;RB;RB 43;43;18075;8013160;8013160%2021-12-16T18:00:00.000Z%,8011179,8012903,8010079,8011542,8011667,8010069,8012084,8010073,;426
2021-12-16T18:03:00.000Z;Uebigau;RB;RB 43;43;18070;8013160;8013160%2021-12-16T18:03:00.000Z%,8010103,8011867,;426
2021-12-16T20:03:00.000Z;Uebigau;RB;RB 43;43;18072;8013160;8013160%2021-12-16T20:03:00.000Z%,8010103,;426
2021-12-15T20:47:00.000Z;Ventschow;RE;RE 1;1;4318;8013186;8013186%2021-12-15T20:47:00.000Z%0,8010018,8010324,8012940,8012951,8010156,8012677,8011248,8011230,8012933,8000058,8004177,8005468,8002554,8002549,;602
2021-12-15T21:10:00.000Z;Ventschow;RE;RE 1;1;4319;8013186;8013186%2021-12-15T21:12:00.000Z%2,8010051,8010066,8010322,8010304,;602
2021-12-15T21:39:00.000Z;Ventschow;RE;RE 4;4;5364;8013186;8013186%2021-12-15T21:39:00.000Z%0,8010018,8012264,8010324,;602
2021-12-15T22:11:00.000Z;Ventschow;RE;RE 4;4;13195;8013186;8013186%2021-12-15T22:11:00.000Z%,8010051,8010066,8010153,;602
2021-12-15T22:53:00.000Z;Ventschow;RE;RE 1;1;4320;8013186;8013186%2021-12-15T22:53:00.000Z%,8010018,8010324,;602
2021-12-15T23:37:00.000Z;Ventschow;RE;RE 1;1;4321;8013186;8013186%2021-12-15T23:37:00.000Z%,8010051,8010066,8010322,8010304,;602
2021-12-16T04:47:00.000Z;Ventschow;RE;RE 1;1;4302;8013186;8013186%2021-12-16T04:47:00.000Z%,8010018,8010324,8012940,8012951,8010156,8012677,8011248,8011230,8012933,8000058,8004177,8005468,8002554,8002549,;602
2021-12-16T05:10:00.000Z;Ventschow;RE;RE 1;1;4301;8013186;8013186%2021-12-16T05:10:00.000Z%,8010051,8010066,8010322,8010304,;602
2021-12-16T05:39:00.000Z;Ventschow;RE;RE 4;4;13192;8013186;8013186%2021-12-16T05:39:00.000Z%,8010018,8011215,8012651,8010141,8011702,8012902,8012268,8011864,8003774,8000237,;602
2021-12-16T06:12:00.000Z;Ventschow;RE;RE 4;4;5355;8013186;8013186%2021-12-16T06:12:00.000Z%,8010051,8010066,8010153,8010284,8010199,8012436,8010348,8010227,8012758,8012376,8010241,8013017,8012421,8012555,8010339,8011213,8010268,8012610,8013393,8010213,8011689,5100145,5100057,;602
2021-12-16T06:47:00.000Z;Ventschow;RE;RE 1;1;4304;8013186;8013186%2021-12-16T06:47:00.000Z%,8010018,8010324,8012940,8012951,8010156,8012677,8011248,8011230,8012933,8000058,8004177,8005468,8002554,8002549,;602
2021-12-16T07:10:00.000Z;Ventschow;RE;RE 1;1;4305;8013186;8013186%2021-12-16T07:10:00.000Z%,8010051,8010066,8010322,8010304,;602
2021-12-16T07:39:00.000Z;Ventschow;RE;RE 4;4;5350;8013186;8013186%2021-12-16T07:39:00.000Z%,8010018,8011215,8012651,8010141,8011702,8012902,8012268,8011864,8003774,8000237,;602
2021-12-16T08:11:00.000Z;Ventschow;RE;RE 4;4;5357;8013186;8013186%2021-12-16T08:11:00.000Z%,8010051,8010066,8010153,8010284,8010199,8012436,8010348,8010227,8012758,8012376,8010241,8013017,8012421,8012555,8010339,8011213,8010268,8012610,8013393,8010213,8011689,5100145,5100057,;602
2021-12-16T08:47:00.000Z;Ventschow;RE;RE 1;1;4306;8013186;8013186%2021-12-16T08:47:00.000Z%,8010018,8010324,8012940,8012951,8010156,8012677,8011248,8011230,8012933,8000058,8004177,8005468,8002554,8002549,;602
2021-12-16T09:10:00.000Z;Ventschow;RE;RE 1;1;4307;8013186;8013186%2021-12-16T09:10:00.000Z%,8010051,8010066,8010322,8010304,;602
2021-12-16T09:39:00.000Z;Ventschow;RE;RE 4;4;5352;8013186;8013186%2021-12-16T09:39:00.000Z%,8010018,8011215,8012651,8010141,8011702,8012902,8012268,8011864,8003774,8000237,;602
2021-12-16T10:09:00.000Z;Ventschow;RE;RE 4;4;5359;8013186;8013186%2021-12-16T10:09:00.000Z%,8010051,8010066,8010153,8010284,8010199,8012436,8010348,8010227,8012758,8012376,8010241,8013017,8012421,8012555,8010339,8011213,8010268,8012610,8013393,8010213,8011689,5100145,5100057,;602
2021-12-16T10:47:00.000Z;Ventschow;RE;RE 1;1;4308;8013186;8013186%2021-12-16T10:47:00.000Z%,8010018,8010324,8012940,8012951,8010156,8012677,8011248,8011230,8012933,8000058,8004177,8005468,8002554,8002549,;602
2021-12-16T11:10:00.000Z;Ventschow;RE;RE 1;1;4309;8013186;8013186%2021-12-16T11:10:00.000Z%,8010051,8010066,8010322,8010304,;602
2021-12-16T11:39:00.000Z;Ventschow;RE;RE 4;4;5354;8013186;8013186%2021-12-16T11:39:00.000Z%,8010018,8011215,8012651,8010141,8011702,8012902,8012268,8011864,8003774,8000237,;602
2021-12-16T12:11:00.000Z;Ventschow;RE;RE 4;4;5361;8013186;8013186%2021-12-16T12:11:00.000Z%,8010051,8010066,8010153,8010284,8010199,8012436,8010348,8010227,8012758,8012376,8010241,8013017,8012421,8012555,8010339,8011213,8010268,8012610,8013393,8010213,8011689,5100145,5100057,;602
2021-12-16T12:47:00.000Z;Ventschow;RE;RE 1;1;4310;8013186;8013186%2021-12-16T12:47:00.000Z%,8010018,8010324,8012940,8012951,8010156,8012677,8011248,8011230,8012933,8000058,8004177,8005468,8002554,8002549,;602
2021-12-16T13:10:00.000Z;Ventschow;RE;RE 1;1;4311;8013186;8013186%2021-12-16T13:10:00.000Z%,8010051,8010066,8010322,8010304,;602
2021-12-16T13:36:00.000Z;Ventschow;RE;RE 4;4;5356;8013186;8013186%2021-12-16T13:36:00.000Z%,8010018,8011215,8012651,8010141,8011702,8012902,8012268,8011864,8003774,8000237,;602
2021-12-16T14:11:00.000Z;Ventschow;RE;RE 4;4;5363;8013186;8013186%2021-12-16T14:11:00.000Z%,8010051,8010066,8010153,8010284,8010199,8012436,8010348,8010227,8012758,8012376,8010241,8013017,8012421,8012555,8010339,8011213,8010268,8012610,8013393,8010213,8011689,5100145,5100057,;602
2021-12-16T14:47:00.000Z;Ventschow;RE;RE 1;1;4312;8013186;8013186%2021-12-16T14:47:00.000Z%,8010018,8010324,8012940,8012951,8010156,8012677,8011248,8011230,8012933,8000058,8004177,8005468,8002554,8002549,;602
2021-12-16T15:10:00.000Z;Ventschow;RE;RE 1;1;4313;8013186;8013186%2021-12-16T15:10:00.000Z%,8010051,8010066,8010322,8010304,;602
2021-12-16T15:39:00.000Z;Ventschow;RE;RE 4;4;5358;8013186;8013186%2021-12-16T15:39:00.000Z%,8010018,8011215,8012651,8010141,8011702,8012902,8012268,8011864,8003774,8000237,;602
2021-12-16T16:12:00.000Z;Ventschow;RE;RE 4;4;5365;8013186;8013186%2021-12-16T16:12:00.000Z%,8010051,8010066,8010153,8010284,8010199,8012436,8010348,8010227,8012758,8012376,8010241,8013017,8012421,8012555,8010339,8011213,8010268,8012610,8013393,8010213,8011689,5100145,5100057,;602
2021-12-16T16:47:00.000Z;Ventschow;RE;RE 1;1;4314;8013186;8013186%2021-12-16T16:47:00.000Z%,8010018,8010324,8012940,8012951,8010156,8012677,8011248,8011230,8012933,8000058,8004177,8005468,8002554,8002549,;602
2021-12-16T17:10:00.000Z;Ventschow;RE;RE 1;1;4315;8013186;8013186%2021-12-16T17:10:00.000Z%,8010051,8010066,8010322,8010304,;602
2021-12-16T17:39:00.000Z;Ventschow;RE;RE 4;4;5360;8013186;8013186%2021-12-16T17:39:00.000Z%,8010018,8011215,8012651,8010141,8011702,8012902,8012268,8011864,8003774,8000237,;602
2021-12-16T18:11:00.000Z;Ventschow;RE;RE 4;4;13191;8013186;8013186%2021-12-16T18:11:00.000Z%,8010051,8010066,8010153,8010284,8010199,8012436,8010348,8010227,8012758,8012376,8010241,8013017,8012421,8012555,8010339,8011213,8010268,;602
2021-12-16T18:47:00.000Z;Ventschow;RE;RE 1;1;4316;8013186;8013186%2021-12-16T18:47:00.000Z%,8010018,8010324,8012940,8012951,8010156,8012677,8011248,8011230,8012933,8000058,8004177,8005468,8002554,8002549,;602
2021-12-16T19:10:00.000Z;Ventschow;RE;RE 1;1;4317;8013186;8013186%2021-12-16T19:10:00.000Z%,8010051,8010066,8010322,8010304,;602
2021-12-16T19:39:00.000Z;Ventschow;RE;RE 4;4;5362;8013186;8013186%2021-12-16T19:39:00.000Z%,8010018,8011215,8012651,8010141,8011702,8012902,8012268,8011864,8003774,8000237,;602
2021-12-16T20:13:00.000Z;Ventschow;RE;RE 4;4;13193;8013186;8013186%2021-12-16T20:13:00.000Z%,8010051,8010066,8010153,8010284,8010199,8012436,8010348,8010227,8012758,8012376,8010241,;602
2021-12-15T20:48:00.000Z;Vetschau;RE;RE 2;2;63990;8013188;8013188%2021-12-15T20:52:00.000Z%4,8010073,;602
2021-12-15T21:17:00.000Z;Vetschau;RB;RB 24;24;18374;8013188;8013188%2021-12-15T21:17:00.000Z%0,8012605,8012083,8010073,;426
2021-12-15T21:17:00.000Z;Vetschau;RE;RE 2;2;63995;8013188;8013188%2021-12-15T21:17:00.000Z%0,8012698,8010220,8010217,8011250,8010193,8011162,8010255,;602
2021-12-15T21:50:00.000Z;Vetschau;RE;RE 2;2;63992;8013188;8013188%2021-12-15T21:55:00.000Z%5,8010073,;602
2021-12-15T22:15:00.000Z;Vetschau;RE;RE 2;2;63997;8013188;8013188%2021-12-15T22:15:00.000Z%0,8012698,8010220,8010217,8012257,8012923,8011250,8012549,8011805,8013109,8011173,8013376,8010193,8011162,8010255,8011155,8011306,8011160,8010406,8010404,8013021,8080260,8080370,8010389,8010296,;602
2021-12-15T23:05:00.000Z;Vetschau;RE;RE 2;2;63994;8013188;8013188%2021-12-15T23:05:00.000Z%0,8012605,8012083,8010073,;602
2021-12-16T00:03:00.000Z;Vetschau;RE;RE 2;2;63996;8013188;8013188%2021-12-16T00:03:00.000Z%0,8012605,8012083,8010073,;602
2021-12-16T01:14:00.000Z;Vetschau;RE;RE 2;2;63998;8013188;8013188%2021-12-16T01:14:00.000Z%0,8012605,8012083,8010073,;602
2021-12-16T03:10:00.000Z;Vetschau;RE;RE 2;2;63959;8013188;8013188%2021-12-16T03:10:00.000Z%,8012698,8010220,8010217,8011250,8010193,8011162,8011155,8011306,8011160,8010406,8010404,8013479,8010239,8012614,8011585,8010248,8011258,8011641,8011088,8010382,8011994,8011681,8010216,8012262,8012716,8013073,8010173,8012951,8012940,8010324,8012264,8010018,8012321,8010381,;602
2021-12-16T04:12:00.000Z;Vetschau;RE;RE 2;2;63958;8013188;8013188%2021-12-16T04:12:00.000Z%,8012605,8012083,8010073,;602
2021-12-16T04:12:00.000Z;Vetschau;RE;RE 2;2;63961;8013188;8013188%2021-12-16T04:12:00.000Z%,8012698,8010220,8010217,8011250,8010193,8011162,8011155,8011306,8011160,8010406,8010404,8013479,8010239,8012614,8011585,8010248,8011258,8011641,8011088,8010382,;602
2021-12-16T04:47:00.000Z;Vetschau;RE;RE 2;2;63963;8013188;8013188%2021-12-16T04:47:00.000Z%,8012698,8010220,8010217,8011250,8010193,8011162,8010255,8011155,8011306,8011160,8010406,8010404,8013479,8010239,8012614,8011585,8010248,8011258,8011641,8011088,8010382,8011994,8011681,8010216,8012262,8012716,8013073,8010173,8012951,8012940,8010324,8012264,8010018,8012321,8010381,;602
2021-12-16T05:47:00.000Z;Vetschau;RE;RE 2;2;63960;8013188;8013188%2021-12-16T05:47:00.000Z%,8012605,8012083,8010073,;602
2021-12-16T06:12:00.000Z;Vetschau;RE;RE 2;2;63965;8013188;8013188%2021-12-16T06:12:00.000Z%,8010220,8010217,8011250,8010193,8011162,8011155,8011306,8011160,8010406,8010404,8013479,8010239,8012614,8011585,8010248,8011258,8011641,8011088,8010382,;602
2021-12-16T06:46:00.000Z;Vetschau;RE;RE 2;2;63962;8013188;8013188%2021-12-16T06:46:00.000Z%,8012605,8012083,8010073,;602
2021-12-16T07:12:00.000Z;Vetschau;RE;RE 2;2;63967;8013188;8013188%2021-12-16T07:12:00.000Z%,8010220,8010217,8011250,8010193,8011162,8011155,8011306,8011160,8010406,8010404,8013479,8010239,8012614,8011585,8010248,8011258,8011641,8011088,8010382,8011994,8011681,8010216,8012262,8012716,8013073,8010173,8012951,8012940,8010324,8012264,8010018,8012321,8010381,;602
2021-12-16T07:48:00.000Z;Vetschau;RE;RE 2;2;63964;8013188;8013188%2021-12-16T07:48:00.000Z%,8010073,;602
2021-12-16T08:12:00.000Z;Vetschau;RE;RE 2;2;63969;8013188;8013188%2021-12-16T08:12:00.000Z%,8010220,8010217,8011250,8010193,8011162,8011155,8011306,8011160,8010406,8010404,8013479,8010239,8012614,8011585,8010248,8011258,8011641,8011088,8010382,;602
2021-12-16T08:48:00.000Z;Vetschau;RE;RE 2;2;63966;8013188;8013188%2021-12-16T08:48:00.000Z%,8010073,;602
2021-12-16T09:12:00.000Z;Vetschau;RE;RE 2;2;63971;8013188;8013188%2021-12-16T09:12:00.000Z%,8010220,8010217,8011250,8010193,8011162,8011155,8011306,8011160,8010406,8010404,8013479,8010239,8012614,8011585,8010248,8011258,8011641,8011088,8010382,8011994,8011681,8010216,8012262,8012716,8013073,8010173,8012951,8012940,8010324,8012264,8010018,8012321,8010381,;602
2021-12-16T09:48:00.000Z;Vetschau;RE;RE 2;2;63968;8013188;8013188%2021-12-16T09:48:00.000Z%,8010073,;602
2021-12-16T10:12:00.000Z;Vetschau;RE;RE 2;2;63973;8013188;8013188%2021-12-16T10:12:00.000Z%,8010220,8010217,8011250,8010193,8011162,8011155,8011306,8011160,8010406,8010404,8013479,8010239,8012614,8011585,8010248,8011258,8011641,8011088,8010382,;602
2021-12-16T10:48:00.000Z;Vetschau;RE;RE 2;2;63970;8013188;8013188%2021-12-16T10:48:00.000Z%,8010073,;602
2021-12-16T11:12:00.000Z;Vetschau;RE;RE 2;2;63975;8013188;8013188%2021-12-16T11:12:00.000Z%,8010220,8010217,8011250,8010193,8011162,8011155,8011306,8011160,8010406,8010404,8013479,8010239,8012614,8011585,8010248,8011258,8011641,8011088,8010382,8011994,8011681,8010216,8012262,8012716,8013073,8010173,8012951,8012940,8010324,8012264,8010018,8012321,8010381,;602
2021-12-16T11:48:00.000Z;Vetschau;RE;RE 2;2;63972;8013188;8013188%2021-12-16T11:48:00.000Z%,8010073,;602
2021-12-16T12:12:00.000Z;Vetschau;RE;RE 2;2;63977;8013188;8013188%2021-12-16T12:12:00.000Z%,8010220,8010217,8011250,8010193,8011162,8011155,8011306,8011160,8010406,8010404,8013479,8010239,8012614,8011585,8010248,8011258,8011641,8011088,8010382,;602
2021-12-16T12:48:00.000Z;Vetschau;RE;RE 2;2;63974;8013188;8013188%2021-12-16T12:48:00.000Z%,8010073,;602
2021-12-16T13:12:00.000Z;Vetschau;RE;RE 2;2;63979;8013188;8013188%2021-12-16T13:12:00.000Z%,8010220,8010217,8011250,8010193,8011162,8011155,8011306,8011160,8010406,8010404,8013479,8010239,8012614,8011585,8010248,8011258,8011641,8011088,8010382,8011994,8011681,8010216,8012262,8012716,8013073,8010173,8012951,8012940,8010324,8012264,8010018,8012321,8010381,;602
2021-12-16T13:48:00.000Z;Vetschau;RE;RE 2;2;63976;8013188;8013188%2021-12-16T13:48:00.000Z%,8010073,;602
2021-12-16T14:12:00.000Z;Vetschau;RE;RE 2;2;63981;8013188;8013188%2021-12-16T14:12:00.000Z%,8010220,8010217,8011250,8010193,8011162,8011155,8011306,8011160,8010406,8010404,8013479,8010239,8012614,8011585,8010248,8011258,8011641,8011088,8010382,;602
2021-12-16T14:48:00.000Z;Vetschau;RE;RE 2;2;63978;8013188;8013188%2021-12-16T14:48:00.000Z%,8010073,;602
2021-12-16T15:12:00.000Z;Vetschau;RE;RE 2;2;63983;8013188;8013188%2021-12-16T15:12:00.000Z%,8010220,8010217,8011250,8010193,8011162,8011155,8011306,8011160,8010406,8010404,8013479,8010239,8012614,8011585,8010248,8011258,8011641,8011088,8010382,8011994,8011681,8010216,8012262,8012716,8013073,8010173,8012951,8012940,8010324,8012264,8010018,8012321,8010381,;602
2021-12-16T15:48:00.000Z;Vetschau;RE;RE 2;2;63980;8013188;8013188%2021-12-16T15:48:00.000Z%,8010073,;602
2021-12-16T16:12:00.000Z;Vetschau;RE;RE 2;2;63985;8013188;8013188%2021-12-16T16:12:00.000Z%,8010220,8010217,8011250,8010193,8011162,8011155,8011306,8011160,8010406,8010404,8013479,8010239,8012614,8011585,8010248,8011258,8011641,8011088,8010382,;602
2021-12-16T16:48:00.000Z;Vetschau;RE;RE 2;2;63982;8013188;8013188%2021-12-16T16:48:00.000Z%,8010073,;602
2021-12-16T17:12:00.000Z;Vetschau;RE;RE 2;2;63987;8013188;8013188%2021-12-16T17:12:00.000Z%,8010220,8010217,8011250,8010193,8011162,8011155,8011306,8011160,8010406,8010404,8013479,8010239,8012614,8011585,8010248,8011258,8011641,8011088,8010382,8011994,8011681,8010216,8012262,8012716,8013073,8010173,8012951,8012940,8010324,8012264,8010018,8012321,8010381,;602
2021-12-16T17:48:00.000Z;Vetschau;RE;RE 2;2;63984;8013188;8013188%2021-12-16T17:48:00.000Z%,8010073,;602
2021-12-16T18:12:00.000Z;Vetschau;RE;RE 2;2;63989;8013188;8013188%2021-12-16T18:12:00.000Z%,8010220,8010217,8011250,8010193,8011162,8011155,8011306,8011160,8010406,8010404,8013479,8010239,8012614,8011585,8010248,8011258,8011641,8011088,8010382,;602
2021-12-16T18:48:00.000Z;Vetschau;RE;RE 2;2;63986;8013188;8013188%2021-12-16T18:48:00.000Z%,8010073,;602
2021-12-16T19:12:00.000Z;Vetschau;RE;RE 2;2;63991;8013188;8013188%2021-12-16T19:12:00.000Z%0,8010220,8010217,8011250,8010193,8011162,8011155,8011306,8011160,8010406,8010404,8013479,8010239,8012614,8011585,8010248,8011258,8011641,8011088,8010382,8011994,8011681,8010216,8012262,8012716,8013073,8010173,8012951,8012940,8010324,8012264,8010018,8012321,8010381,;602
2021-12-16T19:48:00.000Z;Vetschau;RE;RE 2;2;63988;8013188;8013188%2021-12-16T19:48:00.000Z%,8010073,;602
2021-12-16T20:12:00.000Z;Vetschau;RE;RE 2;2;63993;8013188;8013188%2021-12-16T20:12:00.000Z%,8010220,8010217,8011250,8010193,8011162,8011155,8011306,8011160,8010406,8010404,8013479,8010239,8012614,8011585,8010248,8011258,8011641,8011088,8010382,;602
2021-12-15T20:26:00.000Z;Wahlitz;RE;RE 13;13;16130;8013205;8013205%2021-12-15T20:27:00.000Z%1,8012066,8010047,8013455,8010226,8010224,;602
2021-12-15T21:19:00.000Z;Wahlitz;RE;RE 13;13;16157;8013205;8013205%2021-12-15T21:19:00.000Z%,8011673,8012678,8012263,8010154,8013389,8012777,8010302,8010077,8011361,8012707,8011961,8013335,8010050,8012629,8010076,8013428,8012697,8012478,8012200,8012196,8098205,8012186,8012202,8012184,8012187,8012343,8012194,;602
2021-12-15T22:28:00.000Z;Wahlitz;RE;RE 13;13;16159;8013205;8013205%2021-12-15T22:28:00.000Z%,8011673,8012678,8012263,8010154,8013389,8012777,8010302,8010077,;602
2021-12-15T22:49:00.000Z;Wahlitz;RE;RE 13;13;16158;8013205;8013205%2021-12-15T22:49:00.000Z%,8012066,8010047,8013455,8010226,8010224,;602
2021-12-16T03:33:00.000Z;Wahlitz;RE;RE 13;13;16150;8013205;8013205%2021-12-16T03:33:00.000Z%,8012066,8010047,8013455,8010226,8010224,;602
2021-12-16T04:26:00.000Z;Wahlitz;RE;RE 13;13;16152;8013205;8013205%2021-12-16T04:26:00.000Z%,8012066,8010047,8013455,8010226,8010224,;602
2021-12-16T04:30:00.000Z;Wahlitz;RE;RE 13;13;16101;8013205;8013205%2021-12-16T04:30:00.000Z%,8011673,8012678,8012263,8010154,8013389,8012777,8010302,8010077,8011361,8013335,8010050,8010076,8012478,8010205,;602
2021-12-16T05:26:00.000Z;Wahlitz;RE;RE 13;13;16100;8013205;8013205%2021-12-16T05:26:00.000Z%,8012066,8010047,8013455,8010226,8010224,;602
2021-12-16T05:30:00.000Z;Wahlitz;RE;RE 13;13;16103;8013205;8013205%2021-12-16T05:30:00.000Z%,8011673,8012678,8012263,8010154,8013389,8012777,8010302,8010077,8013335,8010050,8010076,8012478,8010205,;602
2021-12-16T06:04:00.000Z;Wahlitz;RE;RE 13;13;16154;8013205;8013205%2021-12-16T06:04:00.000Z%,8012066,8010047,8013455,8010226,8010224,;602
2021-12-16T06:26:00.000Z;Wahlitz;RE;RE 13;13;16102;8013205;8013205%2021-12-16T06:26:00.000Z%,8012066,8010047,8013455,8010226,8010224,;602
2021-12-16T06:30:00.000Z;Wahlitz;RE;RE 13;13;16105;8013205;8013205%2021-12-16T06:30:00.000Z%,8011673,8012678,8012263,8010154,8013389,8012777,8010302,8010077,8013335,8010050,8010076,8012478,8010205,;602
2021-12-16T07:26:00.000Z;Wahlitz;RE;RE 13;13;16104;8013205;8013205%2021-12-16T07:26:00.000Z%,8012066,8010047,8013455,8010226,8010224,;602
2021-12-16T07:30:00.000Z;Wahlitz;RE;RE 13;13;16107;8013205;8013205%2021-12-16T07:30:00.000Z%,8011673,8012678,8012263,8010154,8013389,8012777,8010302,8010077,8013335,8010050,8010076,8012478,8010205,;602
2021-12-16T08:26:00.000Z;Wahlitz;RE;RE 13;13;16106;8013205;8013205%2021-12-16T08:26:00.000Z%,8012066,8010047,8013455,8010226,8010224,;602
2021-12-16T08:30:00.000Z;Wahlitz;RE;RE 13;13;16109;8013205;8013205%2021-12-16T08:30:00.000Z%,8011673,8012678,8012263,8010154,8013389,8012777,8010302,8010077,8013335,8010050,8010076,8012478,8010205,;602
2021-12-16T09:26:00.000Z;Wahlitz;RE;RE 13;13;16108;8013205;8013205%2021-12-16T09:26:00.000Z%,8012066,8010047,8013455,8010226,8010224,;602
2021-12-16T09:30:00.000Z;Wahlitz;RE;RE 13;13;16111;8013205;8013205%2021-12-16T09:30:00.000Z%,8011673,8012678,8012263,8010154,8013389,8012777,8010302,8010077,8013335,8010050,8010076,8012478,8010205,;602
2021-12-16T10:26:00.000Z;Wahlitz;RE;RE 13;13;16110;8013205;8013205%2021-12-16T10:26:00.000Z%,8012066,8010047,8013455,8010226,8010224,;602
2021-12-16T10:30:00.000Z;Wahlitz;RE;RE 13;13;16113;8013205;8013205%2021-12-16T10:30:00.000Z%,8011673,8012678,8012263,8010154,8013389,8012777,8010302,8010077,8013335,8010050,8010076,8012478,8010205,;602
2021-12-16T11:26:00.000Z;Wahlitz;RE;RE 13;13;16112;8013205;8013205%2021-12-16T11:26:00.000Z%,8012066,8010047,8013455,8010226,8010224,;602
2021-12-16T11:30:00.000Z;Wahlitz;RE;RE 13;13;16115;8013205;8013205%2021-12-16T11:30:00.000Z%,8011673,8012678,8012263,8010154,8013389,8012777,8010302,8010077,8013335,8010050,8010076,8012478,8010205,;602
2021-12-16T12:26:00.000Z;Wahlitz;RE;RE 13;13;16114;8013205;8013205%2021-12-16T12:26:00.000Z%,8012066,8010047,8013455,8010226,8010224,;602
2021-12-16T12:30:00.000Z;Wahlitz;RE;RE 13;13;16117;8013205;8013205%2021-12-16T12:30:00.000Z%,8011673,8012678,8012263,8010154,8013389,8012777,8010302,8010077,8013335,8010050,8010076,8012478,8010205,;602
2021-12-16T13:26:00.000Z;Wahlitz;RE;RE 13;13;16116;8013205;8013205%2021-12-16T13:26:00.000Z%,8012066,8010047,8013455,8010226,8010224,;602
2021-12-16T13:30:00.000Z;Wahlitz;RE;RE 13;13;16119;8013205;8013205%2021-12-16T13:30:00.000Z%,8011673,8012678,8012263,8010154,8013389,8012777,8010302,8010077,8013335,8010050,8010076,8012478,8010205,;602
2021-12-16T14:26:00.000Z;Wahlitz;RE;RE 13;13;16118;8013205;8013205%2021-12-16T14:26:00.000Z%,8012066,8010047,8013455,8010226,8010224,;602
2021-12-16T14:30:00.000Z;Wahlitz;RE;RE 13;13;16121;8013205;8013205%2021-12-16T14:30:00.000Z%,8011673,8012678,8012263,8010154,8013389,8012777,8010302,8010077,8013335,8010050,8010076,8012478,8010205,;602
2021-12-16T15:04:00.000Z;Wahlitz;RE;RE 13;13;16156;8013205;8013205%2021-12-16T15:04:00.000Z%,8012066,8010047,8013455,8010226,8010224,;602
2021-12-16T15:26:00.000Z;Wahlitz;RE;RE 13;13;16120;8013205;8013205%2021-12-16T15:26:00.000Z%,8012066,8010047,8013455,8010226,8010224,;602
2021-12-16T15:30:00.000Z;Wahlitz;RE;RE 13;13;16123;8013205;8013205%2021-12-16T15:30:00.000Z%,8011673,8012678,8012263,8010154,8013389,8012777,8010302,8010077,8013335,8010050,8010076,8012478,8010205,;602
2021-12-16T16:26:00.000Z;Wahlitz;RE;RE 13;13;16122;8013205;8013205%2021-12-16T16:26:00.000Z%,8012066,8010047,8013455,8010226,8010224,;602
2021-12-16T16:30:00.000Z;Wahlitz;RE;RE 13;13;16125;8013205;8013205%2021-12-16T16:30:00.000Z%,8011673,8012678,8012263,8010154,8013389,8012777,8010302,8010077,8013335,8010050,8010076,8012478,8010205,;602
2021-12-16T17:26:00.000Z;Wahlitz;RE;RE 13;13;16124;8013205;8013205%2021-12-16T17:26:00.000Z%,8012066,8010047,8013455,8010226,8010224,;602
2021-12-16T17:30:00.000Z;Wahlitz;RE;RE 13;13;16127;8013205;8013205%2021-12-16T17:30:00.000Z%,8011673,8012678,8012263,8010154,8013389,8012777,8010302,8010077,8013335,8010050,8010076,8012478,8010205,;602
2021-12-16T18:26:00.000Z;Wahlitz;RE;RE 13;13;16126;8013205;8013205%2021-12-16T18:26:00.000Z%,8012066,8010047,8013455,8010226,8010224,;602
2021-12-16T18:30:00.000Z;Wahlitz;RE;RE 13;13;16129;8013205;8013205%2021-12-16T18:30:00.000Z%,8011673,8012678,8012263,8010154,8013389,8012777,8010302,8010077,8013335,8010050,8010076,8012478,8010205,;602
2021-12-16T19:26:00.000Z;Wahlitz;RE;RE 13;13;16128;8013205;8013205%2021-12-16T19:26:00.000Z%,8012066,8010047,8013455,8010226,8010224,;602
2021-12-16T19:30:00.000Z;Wahlitz;RE;RE 13;13;16131;8013205;8013205%2021-12-16T19:30:00.000Z%,8011673,8012678,8012263,8010154,8013389,8012777,8010302,8010077,8013335,8010050,8010076,8012478,8010205,;602
2021-12-15T21:29:00.000Z;Walschleben;RB;RB 56;56;16584;8013221;8013221%2021-12-15T21:29:00.000Z%,8012769,8010342,8011594,8011700,8013244,8012500,8011891,;426
2021-12-15T21:40:00.000Z;Walschleben;RB;RB 55;55;16567;8013221;8013221%2021-12-15T21:40:00.000Z%,8010198,8011503,8010102,8010101,;426
2021-12-16T04:02:00.000Z;Walschleben;RB;RB 56;56;16588;8013221;8013221%2021-12-16T04:02:00.000Z%,8012769,8010342,8011594,8011700,8013244,8012500,8011891,;426
2021-12-16T04:24:00.000Z;Walschleben;RB;RB 56;56;16587;8013221;8013221%2021-12-16T04:24:00.000Z%,8010198,8011503,8010102,8010101,;426
2021-12-16T05:13:00.000Z;Walschleben;RE;RE 55;55;16552;8013221;8013221%2021-12-16T05:13:00.000Z%,8012769,8010342,8011700,;602
2021-12-16T05:35:00.000Z;Walschleben;RB;RB 56;56;16589;8013221;8013221%2021-12-16T05:35:00.000Z%,8010198,8011503,8010102,8010101,;426
2021-12-16T06:20:00.000Z;Walschleben;RE;RE 55;55;16553;8013221;8013221%2021-12-16T06:20:00.000Z%,8010198,8011503,8010102,8010101,;602
2021-12-16T07:17:00.000Z;Walschleben;RE;RE 55;55;16554;8013221;8013221%2021-12-16T07:17:00.000Z%,8012769,8010342,8011700,;602
2021-12-16T08:34:00.000Z;Walschleben;RE;RE 55;55;16555;8013221;8013221%2021-12-16T08:34:00.000Z%,8010198,8011503,8010102,8010101,;602
2021-12-16T09:17:00.000Z;Walschleben;RE;RE 55;55;16556;8013221;8013221%2021-12-16T09:17:00.000Z%,8012769,8010342,8011700,;602
2021-12-16T10:34:00.000Z;Walschleben;RE;RE 55;55;16557;8013221;8013221%2021-12-16T10:34:00.000Z%,8010198,8011503,8010102,8010101,;602
2021-12-16T11:17:00.000Z;Walschleben;RE;RE 55;55;16558;8013221;8013221%2021-12-16T11:17:00.000Z%,8012769,8010342,8011700,;602
2021-12-16T12:34:00.000Z;Walschleben;RE;RE 55;55;16559;8013221;8013221%2021-12-16T12:34:00.000Z%,8010198,8011503,8010102,8010101,;602
2021-12-16T13:17:00.000Z;Walschleben;RE;RE 55;55;16560;8013221;8013221%2021-12-16T13:17:00.000Z%,8012769,8010342,8011700,;602
2021-12-16T14:34:00.000Z;Walschleben;RE;RE 55;55;16561;8013221;8013221%2021-12-16T14:34:00.000Z%,8010198,8011503,8010102,8010101,;602
2021-12-16T15:17:00.000Z;Walschleben;RE;RE 55;55;16562;8013221;8013221%2021-12-16T15:17:00.000Z%,8012769,8010342,8011700,;602
2021-12-16T16:34:00.000Z;Walschleben;RE;RE 55;55;16563;8013221;8013221%2021-12-16T16:34:00.000Z%,8010198,8011503,8010102,8010101,;602
2021-12-16T17:17:00.000Z;Walschleben;RE;RE 55;55;16564;8013221;8013221%2021-12-16T17:17:00.000Z%,8012769,8010342,8011700,;602
2021-12-16T18:34:00.000Z;Walschleben;RE;RE 55;55;16565;8013221;8013221%2021-12-16T18:34:00.000Z%,8010198,8011503,8010102,8010101,;602
2021-12-16T19:31:00.000Z;Walschleben;RE;RE 55;55;16566;8013221;8013221%2021-12-16T19:31:00.000Z%,8012769,8010342,8011700,;602
2021-12-15T20:36:00.000Z;Walsleben;RE;RE 6;6;3636;8013222;8013222%2021-12-15T20:38:00.000Z%2,8012428,8011572,8011408,8010384,8012226,8011848,8010287,8011730,8012622,8013258,8010382,;602
2021-12-15T21:19:00.000Z;Walsleben;RE;RE 6;6;3619;8013222;8013222%2021-12-15T21:21:00.000Z%2,8010246,8010175,8011125,8012096,8013185,8013483,8013479,8010404,8011167,8011102,;602
2021-12-16T04:12:00.000Z;Walsleben;RE;RE 6;6;3621;8013222;8013222%2021-12-16T04:12:00.000Z%,8010246,8010175,8012703,8011125,8012096,8013185,8013483,8013479,8010404,8011167,8011102,;602
2021-12-16T04:31:00.000Z;Walsleben;RE;RE 6;6;3644;8013222;8013222%2021-12-16T04:31:00.000Z%,8012428,8011572,8011408,8010384,8012226,8011848,8010287,8011730,8012622,8013258,8010382,;602
2021-12-16T05:16:00.000Z;Walsleben;RE;RE 6;6;3603;8013222;8013222%2021-12-16T05:16:00.000Z%,8010246,8010175,8011125,8012096,8013185,8013483,8013479,8010404,8011167,8011102,;602
2021-12-16T05:35:00.000Z;Walsleben;RE;RE 6;6;3602;8013222;8013222%2021-12-16T05:35:00.000Z%,8012428,8011572,8011408,8010384,8012226,8011848,8010287,8011730,8012622,8013258,8010382,;602
2021-12-16T06:18:00.000Z;Walsleben;RE;RE 6;6;3623;8013222;8013222%2021-12-16T06:18:00.000Z%,8010246,8010175,8012703,8011125,8012096,8013185,8013483,8013479,8010404,8011167,8011102,;602
2021-12-16T07:16:00.000Z;Walsleben;RE;RE 6;6;3605;8013222;8013222%2021-12-16T07:16:00.000Z%,8010246,8010175,8011125,8012096,8013185,8013483,8013479,8010404,8011167,8011102,;602
2021-12-16T07:35:00.000Z;Walsleben;RE;RE 6;6;3604;8013222;8013222%2021-12-16T07:35:00.000Z%,8012428,8011572,8011408,8010384,8012226,8011848,8010287,8011730,8012622,8013258,8010382,;602
2021-12-16T09:16:00.000Z;Walsleben;RE;RE 6;6;3607;8013222;8013222%2021-12-16T09:16:00.000Z%,8010246,8010175,8011125,8012096,8013185,8013483,8013479,8010404,8011167,8011102,;602
2021-12-16T09:35:00.000Z;Walsleben;RE;RE 6;6;3606;8013222;8013222%2021-12-16T09:35:00.000Z%,8012428,8011572,8011408,8010384,8012226,8011848,8010287,8011730,8012622,8013258,8010382,;602
2021-12-16T11:16:00.000Z;Walsleben;RE;RE 6;6;3609;8013222;8013222%2021-12-16T11:16:00.000Z%,8010246,8010175,8011125,8012096,8013185,8013483,8013479,8010404,8011167,8011102,;602
2021-12-16T11:35:00.000Z;Walsleben;RE;RE 6;6;3608;8013222;8013222%2021-12-16T11:35:00.000Z%,8012428,8011572,8011408,8010384,8012226,8011848,8010287,8011730,8012622,8013258,8010382,;602
2021-12-16T13:16:00.000Z;Walsleben;RE;RE 6;6;3611;8013222;8013222%2021-12-16T13:16:00.000Z%,8010246,8010175,8011125,8012096,8013185,8013483,8013479,8010404,8011167,8011102,;602
2021-12-16T13:35:00.000Z;Walsleben;RE;RE 6;6;3610;8013222;8013222%2021-12-16T13:35:00.000Z%,8012428,8011572,8011408,8010384,8012226,8011848,8010287,8011730,8012622,8013258,8010382,;602
2021-12-16T15:16:00.000Z;Walsleben;RE;RE 6;6;3613;8013222;8013222%2021-12-16T15:16:00.000Z%,8010246,8010175,8011125,8012096,8013185,8013483,8013479,8010404,8011167,8011102,;602
2021-12-16T15:35:00.000Z;Walsleben;RE;RE 6;6;3612;8013222;8013222%2021-12-16T15:35:00.000Z%,8012428,8011572,8011408,8010384,8012226,8011848,8010287,8011730,8012622,8013258,8010382,;602
2021-12-16T17:16:00.000Z;Walsleben;RE;RE 6;6;3615;8013222;8013222%2021-12-16T17:16:00.000Z%,8010246,8010175,8011125,8012096,8013185,8013483,8013479,8010404,8011167,8011102,;602
2021-12-16T17:35:00.000Z;Walsleben;RE;RE 6;6;3614;8013222;8013222%2021-12-16T17:35:00.000Z%,8012428,8011572,8011408,8010384,8012226,8011848,8010287,8011730,8012622,8013258,8010382,;602
2021-12-16T19:16:00.000Z;Walsleben;RE;RE 6;6;3617;8013222;8013222%2021-12-16T19:16:00.000Z%,8010246,8010175,8011125,8012096,8013185,8013483,8013479,8010404,8011167,8011102,;602
2021-12-16T19:35:00.000Z;Walsleben;RE;RE 6;6;3616;8013222;8013222%2021-12-16T19:35:00.000Z%,8012428,8011572,8011408,8010384,8012226,8011848,8010287,8011730,8012622,8013258,8010382,;602
2021-12-15T20:45:00.000Z;Wandersleben;RB;RB 20;20;74639;8013226;8013226%2021-12-15T20:47:00.000Z%2,8010242,8011502,8010101,8013192,8011915,8010366,8012567,8011051,8012502,8011085,8010145,8010019,8010240,8012199,8010368,8010146,8011071,8012080,8011753,8012311,8012355,8012817,8010207,8012193,8010205,;426
2021-12-15T21:31:00.000Z;Wandersleben;RB;RB 20;20;74646;8013226;8013226%2021-12-15T21:31:00.000Z%0,8012965,8010136,8010118,8012320,8012826,8012899,8013366,8010097,;426
2021-12-15T21:53:00.000Z;Wandersleben;RB;RB 20;20;74641;8013226;8013226%2021-12-15T21:53:00.000Z%0,8010242,8011502,8010101,8013192,8011915,8010366,8012567,8011051,8012502,8011085,8010145,8010019,8010240,8012199,8010368,8010146,8012212,8012211,8010232,8012867,8010162,8010159,;426
2021-12-15T22:24:00.000Z;Wandersleben;RB;RB 20;20;74648;8013226;8013226%2021-12-15T22:24:00.000Z%0,8012965,8010136,8010118,8012320,8012826,8012899,8013366,8010097,;426
2021-12-16T03:39:00.000Z;Wandersleben;RE;RE 1;1;3672;8013226;8013226%2021-12-16T03:39:00.000Z%,8012965,8010136,8010020,8010235,8012993,8010203,8011849,8013159,8011054,8000128,;602
2021-12-16T03:39:00.000Z;Wandersleben;RE;RE 1;1;3678;8013226;8013226%2021-12-16T03:39:00.000Z%,8012965,8010136,8010118,8012320,8012826,8012899,8013366,8010097,;602
2021-12-16T03:43:00.000Z;Wandersleben;RB;RB 20;20;74605;8013226;8013226%2021-12-16T03:43:00.000Z%,8010242,8011502,8010101,8013192,8011915,8010366,8012567,8011051,8012502,8011085,8010145,8010019,8010240,8012199,8010368,8010146,8011071,8012080,8011753,8012311,8012355,8012817,8010207,8012193,8010205,;426
2021-12-16T04:19:00.000Z;Wandersleben;RB;RB 20;20;74542;8013226;8013226%2021-12-16T04:19:00.000Z%,8010136,8010118,8012320,8012826,8012899,8013366,8010097,;426
2021-12-16T04:30:00.000Z;Wandersleben;RB;RB 20;20;74607;8013226;8013226%2021-12-16T04:30:00.000Z%,8010242,8010101,8013192,8011915,8010366,8012567,8011051,8012502,8011085,8010145,8010019,8010240,8012199,8010368,8010146,8011071,8012080,8011753,8012311,8012355,8012817,8010207,8012193,8010205,;426
2021-12-16T05:07:00.000Z;Wandersleben;RB;RB 20;20;74602;8013226;8013226%2021-12-16T05:07:00.000Z%,8012965,8010136,8010118,8012320,8012826,8012899,8013366,8010097,;426
2021-12-16T05:38:00.000Z;Wandersleben;RB;RB 20;20;74609;8013226;8013226%2021-12-16T05:38:00.000Z%,8010242,8011502,8010101,8013192,8011915,8010366,8012567,8011051,8012502,8011085,8010145,8010019,8010240,8012199,8010368,8010146,8011071,8012080,8011753,8012311,8012355,8012817,8010207,8012193,8010205,;426
2021-12-16T06:13:00.000Z;Wandersleben;RE;RE 16;16;93011;8013226;8013226%2021-12-16T06:13:00.000Z%,8010242,8011502,8010101,8010366,8011051,8011085,8010145,;602
2021-12-16T06:18:00.000Z;Wandersleben;RB;RB 20;20;74604;8013226;8013226%2021-12-16T06:18:00.000Z%,8012965,8010136,8010118,8012320,8012826,8012899,8013366,8010097,;426
2021-12-16T06:45:00.000Z;Wandersleben;RB;RB 20;20;74611;8013226;8013226%2021-12-16T06:45:00.000Z%,8010242,8011502,8010101,8013192,8011915,8010366,8012567,8011051,8012502,8011085,8010145,8010019,8010240,8012199,8010368,8010146,8011071,8012080,8011753,8012311,8012355,8012817,8010207,8012193,8010205,;426
2021-12-16T07:12:00.000Z;Wandersleben;RB;RB 20;20;74606;8013226;8013226%2021-12-16T07:12:00.000Z%,8012965,8010136,8010118,8012320,8012826,8012899,8013366,8010097,;426
2021-12-16T07:39:00.000Z;Wandersleben;RB;RB 20;20;74613;8013226;8013226%2021-12-16T07:39:00.000Z%,8010242,8011502,8010101,8013192,8011915,8010366,8012567,8011051,8012502,8011085,8010145,8010019,8010240,8012199,8010368,8010146,8011071,8012080,8011753,8012311,8012355,8012817,8010207,8012193,8010205,;426
2021-12-16T08:18:00.000Z;Wandersleben;RB;RB 20;20;74608;8013226;8013226%2021-12-16T08:18:00.000Z%,8012965,8010136,8010118,8012320,8012826,8012899,8013366,8010097,;426
2021-12-16T08:45:00.000Z;Wandersleben;RB;RB 20;20;74615;8013226;8013226%2021-12-16T08:45:00.000Z%,8010242,8011502,8010101,8013192,8011915,8010366,8012567,8011051,8012502,8011085,8010145,8010019,8010240,8012199,8010368,8010146,8011071,8012080,8011753,8012311,8012355,8012817,8010207,8012193,8010205,;426
2021-12-16T09:12:00.000Z;Wandersleben;RB;RB 20;20;74610;8013226;8013226%2021-12-16T09:12:00.000Z%,8012965,8010136,8010118,8012320,8012826,8012899,8013366,8010097,;426
2021-12-16T09:39:00.000Z;Wandersleben;RB;RB 20;20;74617;8013226;8013226%2021-12-16T09:39:00.000Z%,8010242,8011502,8010101,8013192,8011915,8010366,8012567,8011051,8012502,8011085,8010145,8010019,8010240,8012199,8010368,8010146,8011071,8012080,8011753,8012311,8012355,8012817,8010207,8012193,8010205,;426
2021-12-16T10:18:00.000Z;Wandersleben;RB;RB 20;20;74612;8013226;8013226%2021-12-16T10:18:00.000Z%,8012965,8010136,8010118,8012320,8012826,8012899,8013366,8010097,;426
2021-12-16T10:45:00.000Z;Wandersleben;RB;RB 20;20;74619;8013226;8013226%2021-12-16T10:45:00.000Z%,8010242,8011502,8010101,8013192,8011915,8010366,8012567,8011051,8012502,8011085,8010145,8010019,8010240,8012199,8010368,8010146,8011071,8012080,8011753,8012311,8012355,8012817,8010207,8012193,8010205,;426
2021-12-16T11:13:00.000Z;Wandersleben;RB;RB 20;20;74614;8013226;8013226%2021-12-16T11:13:00.000Z%,8012965,8010136,8010118,8012320,8012826,8012899,8013366,8010097,;426
2021-12-16T11:39:00.000Z;Wandersleben;RB;RB 20;20;74621;8013226;8013226%2021-12-16T11:39:00.000Z%,8010242,8011502,8010101,8013192,8011915,8010366,8012567,8011051,8012502,8011085,8010145,8010019,8010240,8012199,8010368,8010146,8011071,8012080,8011753,8012311,8012355,8012817,8010207,8012193,8010205,;426
2021-12-16T12:18:00.000Z;Wandersleben;RB;RB 20;20;74616;8013226;8013226%2021-12-16T12:18:00.000Z%,8012965,8010136,8010118,8012320,8012826,8012899,8013366,8010097,;426
2021-12-16T12:45:00.000Z;Wandersleben;RB;RB 20;20;74623;8013226;8013226%2021-12-16T12:45:00.000Z%,8010242,8011502,8010101,8013192,8011915,8010366,8012567,8011051,8012502,8011085,8010145,8010019,8010240,8012199,8010368,8010146,8011071,8012080,8011753,8012311,8012355,8012817,8010207,8012193,8010205,;426
2021-12-16T13:12:00.000Z;Wandersleben;RB;RB 20;20;74618;8013226;8013226%2021-12-16T13:12:00.000Z%,8012965,8010136,8010118,8012320,8012826,8012899,8013366,8010097,;426
2021-12-16T13:39:00.000Z;Wandersleben;RB;RB 20;20;74625;8013226;8013226%2021-12-16T13:39:00.000Z%,8010242,8011502,8010101,8013192,8011915,8010366,8012567,8011051,8012502,8011085,8010145,8010019,8010240,8012199,8010368,8010146,8011071,8012080,8011753,8012311,8012355,8012817,8010207,8012193,8010205,;426
2021-12-16T14:18:00.000Z;Wandersleben;RB;RB 20;20;74620;8013226;8013226%2021-12-16T14:18:00.000Z%,8012965,8010136,8010118,8012320,8012826,8012899,8013366,8010097,;426
2021-12-16T14:36:00.000Z;Wandersleben;RB;RB 20;20;74546;8013226;8013226%2021-12-16T14:36:00.000Z%,8012965,8010136,8010118,8012320,8012899,8013366,8010097,;426
2021-12-16T14:44:00.000Z;Wandersleben;RB;RB 20;20;74627;8013226;8013226%2021-12-16T14:44:00.000Z%,8010242,8011502,8010101,8013192,8011915,8010366,8012567,8011051,8012502,8011085,8010145,8010019,8010240,8012199,8010368,8010146,8011071,8012080,8011753,8012311,8012355,8012817,8010207,8012193,8010205,;426
2021-12-16T15:12:00.000Z;Wandersleben;RB;RB 20;20;74622;8013226;8013226%2021-12-16T15:12:00.000Z%,8012965,8010136,8010118,8012320,8012826,8012899,8013366,8010097,;426
2021-12-16T15:39:00.000Z;Wandersleben;RB;RB 20;20;74629;8013226;8013226%2021-12-16T15:39:00.000Z%,8010242,8011502,8010101,8013192,8011915,8010366,8012567,8011051,8012502,8011085,8010145,8010019,8010240,8012199,8010368,8010146,8011071,8012080,8011753,8012311,8012355,8012817,8010207,8012193,8010205,;426
2021-12-16T16:06:00.000Z;Wandersleben;RB;RB 20;20;74545;8013226;8013226%2021-12-16T16:06:00.000Z%,8010242,8010101,8010366,8011051,8011085,8010145,8010019,8010240,;426
2021-12-16T16:18:00.000Z;Wandersleben;RB;RB 20;20;74624;8013226;8013226%2021-12-16T16:18:00.000Z%,8012965,8010136,8010118,8012320,8012826,8012899,8013366,8010097,;426
2021-12-16T16:36:00.000Z;Wandersleben;RB;RB 20;20;74548;8013226;8013226%2021-12-16T16:36:00.000Z%,8012965,8010136,8010118,8012320,8012899,8013366,8010097,;426
2021-12-16T16:45:00.000Z;Wandersleben;RB;RB 20;20;74631;8013226;8013226%2021-12-16T16:45:00.000Z%,8010242,8011502,8010101,8013192,8011915,8010366,8012567,8011051,8012502,8011085,8010145,8010019,8010240,8012199,8010368,8010146,8011071,8012080,8011753,8012311,8012355,8012817,8010207,8012193,8010205,;426
2021-12-16T17:12:00.000Z;Wandersleben;RB;RB 20;20;74626;8013226;8013226%2021-12-16T17:12:00.000Z%,8012965,8010136,8010118,8012320,8012826,8012899,8013366,8010097,;426
2021-12-16T17:39:00.000Z;Wandersleben;RB;RB 20;20;74633;8013226;8013226%2021-12-16T17:39:00.000Z%,8010242,8011502,8010101,8013192,8011915,8010366,8012567,8011051,8012502,8011085,8010145,8010019,8010240,8012199,8010368,8010146,8011071,8012080,8011753,8012311,8012355,8012817,8010207,8012193,8010205,;426
2021-12-16T18:18:00.000Z;Wandersleben;RB;RB 20;20;74628;8013226;8013226%2021-12-16T18:18:00.000Z%,8012965,8010136,8010118,8012320,8012826,8012899,8013366,8010097,;426
2021-12-16T18:45:00.000Z;Wandersleben;RB;RB 20;20;74635;8013226;8013226%2021-12-16T18:45:00.000Z%,8010242,8011502,8010101,8013192,8011915,8010366,8012567,8011051,8012502,8011085,8010145,8010019,8010240,8012199,8010368,8010146,8011071,8012080,8011753,8012311,8012355,8012817,8010207,8012193,8010205,;426
2021-12-16T19:13:00.000Z;Wandersleben;RB;RB 20;20;74630;8013226;8013226%2021-12-16T19:13:00.000Z%,8012965,8010136,8010118,8012320,8012826,8012899,8013366,8010097,;426
2021-12-16T19:39:00.000Z;Wandersleben;RB;RB 20;20;74637;8013226;8013226%2021-12-16T19:39:00.000Z%,8010242,8011502,8010101,8013192,8011915,8010366,8012567,8011051,8012502,8011085,8010145,8010019,8010240,8012199,8010368,8010146,8011071,8012080,8011753,8012311,8012355,8012817,8010207,8012193,8010205,;426
2021-12-16T20:17:00.000Z;Wandersleben;RB;RB 20;20;74632;8013226;8013226%2021-12-16T20:17:00.000Z%,8012965,8010136,8010118,8012320,8012826,8012899,8013366,8010097,;426
2021-12-15T21:15:00.000Z;Wasserthaleben;RB;RB 55;55;16567;8013244;8013244%2021-12-15T21:15:00.000Z%,8011700,8011594,8010342,8012769,8013221,8010198,8011503,8010102,8010101,;426
2021-12-15T21:59:00.000Z;Wasserthaleben;RB;RB 56;56;16584;8013244;8013244%2021-12-15T21:59:00.000Z%,8012500,8011891,;426
2021-12-16T04:00:00.000Z;Wasserthaleben;RB;RB 56;56;16587;8013244;8013244%2021-12-16T04:00:00.000Z%,8011700,8011594,8010342,8012769,8013221,8010198,8011503,8010102,8010101,;426
2021-12-16T04:28:00.000Z;Wasserthaleben;RB;RB 56;56;16588;8013244;8013244%2021-12-16T04:28:00.000Z%,8012500,8011891,;426
2021-12-16T05:07:00.000Z;Wasserthaleben;RB;RB 56;56;16589;8013244;8013244%2021-12-16T05:07:00.000Z%,8011700,8011594,8010342,8012769,8013221,8010198,8011503,8010102,8010101,;426
2021-12-16T06:38:00.000Z;Wasserthaleben;RE;RE 56;56;16570;8013244;8013244%2021-12-16T06:38:00.000Z%,8012500,8011891,;602
2021-12-16T07:14:00.000Z;Wasserthaleben;RE;RE 56;56;16571;8013244;8013244%2021-12-16T07:14:00.000Z%,8011700,8011594,8010342,8012769,8010102,8010101,;602
2021-12-16T08:38:00.000Z;Wasserthaleben;RE;RE 56;56;16572;8013244;8013244%2021-12-16T08:38:00.000Z%,8012500,8011891,;602
2021-12-16T09:14:00.000Z;Wasserthaleben;RE;RE 56;56;16573;8013244;8013244%2021-12-16T09:14:00.000Z%,8011700,8011594,8010342,8012769,8010102,8010101,;602
2021-12-16T10:38:00.000Z;Wasserthaleben;RE;RE 56;56;16574;8013244;8013244%2021-12-16T10:38:00.000Z%,8012500,8011891,;602
2021-12-16T11:14:00.000Z;Wasserthaleben;RE;RE 56;56;16575;8013244;8013244%2021-12-16T11:14:00.000Z%,8011700,8011594,8010342,8012769,8010102,8010101,;602
2021-12-16T12:38:00.000Z;Wasserthaleben;RE;RE 56;56;16576;8013244;8013244%2021-12-16T12:38:00.000Z%,8012500,8011891,;602
2021-12-16T13:14:00.000Z;Wasserthaleben;RE;RE 56;56;16577;8013244;8013244%2021-12-16T13:14:00.000Z%,8011700,8011594,8010342,8012769,8010102,8010101,;602
2021-12-16T14:38:00.000Z;Wasserthaleben;RE;RE 56;56;16578;8013244;8013244%2021-12-16T14:38:00.000Z%,8012500,8011891,;602
2021-12-16T15:14:00.000Z;Wasserthaleben;RE;RE 56;56;16579;8013244;8013244%2021-12-16T15:14:00.000Z%,8011700,8011594,8010342,8012769,8010102,8010101,;602
2021-12-16T16:38:00.000Z;Wasserthaleben;RE;RE 56;56;16580;8013244;8013244%2021-12-16T16:38:00.000Z%,8012500,8011891,;602
2021-12-16T17:14:00.000Z;Wasserthaleben;RE;RE 56;56;16581;8013244;8013244%2021-12-16T17:14:00.000Z%,8011700,8011594,8010342,8012769,8010102,8010101,;602
2021-12-16T18:38:00.000Z;Wasserthaleben;RE;RE 56;56;16582;8013244;8013244%2021-12-16T18:38:00.000Z%,8012500,8011891,;602
2021-12-16T19:14:00.000Z;Wasserthaleben;RE;RE 56;56;16583;8013244;8013244%2021-12-16T19:14:00.000Z%,8011700,8011594,8010342,8012769,8010102,8010101,;602
2021-12-15T20:50:00.000Z;Weisen;RE;RE 6;6;3616;8013258;8013258%2021-12-15T20:51:00.000Z%1,8010382,;602
2021-12-15T21:50:00.000Z;Weisen;RE;RE 6;6;3636;8013258;8013258%2021-12-15T21:50:00.000Z%0,8010382,;602
2021-12-16T04:09:00.000Z;Weisen;RE;RE 6;6;3603;8013258;8013258%2021-12-16T04:09:00.000Z%,8012622,8011730,8010287,8011848,8012226,8010384,8011408,8011572,8012428,8013222,8010246,8010175,8011125,8012096,8013185,8013483,8013479,8010404,8011167,8011102,;602
2021-12-16T04:50:00.000Z;Weisen;RE;RE 6;6;3600;8013258;8013258%2021-12-16T04:50:00.000Z%,8010382,;602
2021-12-16T05:10:00.000Z;Weisen;RE;RE 6;6;3623;8013258;8013258%2021-12-16T05:10:00.000Z%,8012622,8011730,8010287,8011848,8012226,8010384,8011408,8011572,8012428,8013222,8010246,8010175,8012703,8011125,8012096,8013185,8013483,8013479,8010404,8011167,8011102,;602
2021-12-16T05:50:00.000Z;Weisen;RE;RE 6;6;3644;8013258;8013258%2021-12-16T05:50:00.000Z%,8010382,;602
2021-12-16T06:09:00.000Z;Weisen;RE;RE 6;6;3605;8013258;8013258%2021-12-16T06:09:00.000Z%,8012622,8011730,8010287,8011848,8012226,8010384,8011408,8011572,8012428,8013222,8010246,8010175,8011125,8012096,8013185,8013483,8013479,8010404,8011167,8011102,;602
2021-12-16T06:50:00.000Z;Weisen;RE;RE 6;6;3602;8013258;8013258%2021-12-16T06:50:00.000Z%,8010382,;602
2021-12-16T07:10:00.000Z;Weisen;RE;RE 6;6;3625;8013258;8013258%2021-12-16T07:10:00.000Z%,8012622,8011730,8010287,8011848,8012226,8010384,8010246,8010175,8012703,8011125,8012096,8013185,8013483,8013479,8010404,8011167,8011102,;602
2021-12-16T07:50:00.000Z;Weisen;RE;RE 6;6;3622;8013258;8013258%2021-12-16T07:50:00.000Z%,8010382,;602
2021-12-16T08:09:00.000Z;Weisen;RE;RE 6;6;3607;8013258;8013258%2021-12-16T08:09:00.000Z%,8012622,8011730,8010287,8011848,8012226,8010384,8011408,8011572,8012428,8013222,8010246,8010175,8011125,8012096,8013185,8013483,8013479,8010404,8011167,8011102,;602
2021-12-16T08:50:00.000Z;Weisen;RE;RE 6;6;3604;8013258;8013258%2021-12-16T08:50:00.000Z%,8010382,;602
2021-12-16T09:09:00.000Z;Weisen;RE;RE 6;6;3627;8013258;8013258%2021-12-16T09:09:00.000Z%,8012622,8011730,8010287,8011848,8012226,8010384,8010246,8010175,8012703,8011125,8012096,8013185,8013483,8013479,8010404,8011167,8011102,;602
2021-12-16T09:50:00.000Z;Weisen;RE;RE 6;6;3624;8013258;8013258%2021-12-16T09:50:00.000Z%,8010382,;602
2021-12-16T10:09:00.000Z;Weisen;RE;RE 6;6;3609;8013258;8013258%2021-12-16T10:09:00.000Z%,8012622,8011730,8010287,8011848,8012226,8010384,8011408,8011572,8012428,8013222,8010246,8010175,8011125,8012096,8013185,8013483,8013479,8010404,8011167,8011102,;602
2021-12-16T10:50:00.000Z;Weisen;RE;RE 6;6;3606;8013258;8013258%2021-12-16T10:50:00.000Z%,8010382,;602
2021-12-16T11:10:00.000Z;Weisen;RE;RE 6;6;3629;8013258;8013258%2021-12-16T11:10:00.000Z%,8012622,8011730,8010287,8011848,8012226,8010384,8010246,8010175,8012703,8011125,8012096,8013185,8013483,8013479,8010404,8011167,8011102,;602
2021-12-16T11:50:00.000Z;Weisen;RE;RE 6;6;3626;8013258;8013258%2021-12-16T11:50:00.000Z%,8010382,;602
2021-12-16T12:09:00.000Z;Weisen;RE;RE 6;6;3611;8013258;8013258%2021-12-16T12:09:00.000Z%,8012622,8011730,8010287,8011848,8012226,8010384,8011408,8011572,8012428,8013222,8010246,8010175,8011125,8012096,8013185,8013483,8013479,8010404,8011167,8011102,;602
2021-12-16T12:50:00.000Z;Weisen;RE;RE 6;6;3608;8013258;8013258%2021-12-16T12:50:00.000Z%,8010382,;602
2021-12-16T13:10:00.000Z;Weisen;RE;RE 6;6;3631;8013258;8013258%2021-12-16T13:10:00.000Z%,8012622,8011730,8010287,8011848,8012226,8010384,8010246,8010175,8012703,8011125,8012096,8013185,8013483,8013479,8010404,8011167,8011102,;602
2021-12-16T13:50:00.000Z;Weisen;RE;RE 6;6;3628;8013258;8013258%2021-12-16T13:50:00.000Z%,8010382,;602
2021-12-16T14:09:00.000Z;Weisen;RE;RE 6;6;3613;8013258;8013258%2021-12-16T14:09:00.000Z%,8012622,8011730,8010287,8011848,8012226,8010384,8011408,8011572,8012428,8013222,8010246,8010175,8011125,8012096,8013185,8013483,8013479,8010404,8011167,8011102,;602
2021-12-16T14:50:00.000Z;Weisen;RE;RE 6;6;3610;8013258;8013258%2021-12-16T14:50:00.000Z%,8010382,;602
2021-12-16T15:10:00.000Z;Weisen;RE;RE 6;6;3633;8013258;8013258%2021-12-16T15:10:00.000Z%,8012622,8011730,8010287,8011848,8012226,8010384,8010246,8010175,8012703,8011125,8012096,8013185,8013483,8013479,8010404,8011167,8011102,;602
2021-12-16T15:50:00.000Z;Weisen;RE;RE 6;6;3630;8013258;8013258%2021-12-16T15:50:00.000Z%,8010382,;602
2021-12-16T16:09:00.000Z;Weisen;RE;RE 6;6;3615;8013258;8013258%2021-12-16T16:09:00.000Z%,8012622,8011730,8010287,8011848,8012226,8010384,8011408,8011572,8012428,8013222,8010246,8010175,8011125,8012096,8013185,8013483,8013479,8010404,8011167,8011102,;602
2021-12-16T16:50:00.000Z;Weisen;RE;RE 6;6;3612;8013258;8013258%2021-12-16T16:50:00.000Z%,8010382,;602
2021-12-16T17:10:00.000Z;Weisen;RE;RE 6;6;3635;8013258;8013258%2021-12-16T17:10:00.000Z%,8012622,8011730,8010287,8011848,8012226,8010384,8010246,8010175,8012703,8011125,8012096,8013185,8013483,8013479,8010404,8011167,8011102,;602
2021-12-16T17:50:00.000Z;Weisen;RE;RE 6;6;3632;8013258;8013258%2021-12-16T17:50:00.000Z%,8010382,;602
2021-12-16T18:09:00.000Z;Weisen;RE;RE 6;6;3617;8013258;8013258%2021-12-16T18:09:00.000Z%,8012622,8011730,8010287,8011848,8012226,8010384,8011408,8011572,8012428,8013222,8010246,8010175,8011125,8012096,8013185,8013483,8013479,8010404,8011167,8011102,;602
2021-12-16T18:50:00.000Z;Weisen;RE;RE 6;6;3614;8013258;8013258%2021-12-16T18:50:00.000Z%,8010382,;602
2021-12-16T19:10:00.000Z;Weisen;RE;RE 6;6;3637;8013258;8013258%2021-12-16T19:10:00.000Z%,8012622,8011730,8010287,8011848,8012226,8010384,8010246,8010175,8012703,8011125,8012096,8013185,8013483,8013479,8010404,8011167,8011102,;602
2021-12-16T19:50:00.000Z;Weisen;RE;RE 6;6;3634;8013258;8013258%2021-12-16T19:50:00.000Z%,8010382,;602
2021-12-16T20:09:00.000Z;Weisen;RE;RE 6;6;3619;8013258;8013258%2021-12-16T20:09:00.000Z%,8012622,8011730,8010287,8011848,8012226,8010384,8011408,8011572,8012428,8013222,8010246,8010175,8011125,8012096,8013185,8013483,8013479,8010404,8011167,8011102,;602
2021-12-15T20:40:00.000Z;Weißenfels West;RB;RB 76;76;16883;8013261;8013261%2021-12-15T20:40:00.000Z%0,8012155,8012675,8010349,8010078,8012259,8013115,8010390,;426
2021-12-15T21:46:00.000Z;Weißenfels West;RB;RB 76;76;16884;8013261;8013261%2021-12-15T21:46:00.000Z%,8010368,;426
2021-12-15T22:13:00.000Z;Weißenfels West;RB;RB 76;76;16885;8013261;8013261%2021-12-15T22:13:00.000Z%,8012155,8012675,8010349,8010078,8012259,8013115,8010390,;426
2021-12-16T03:41:00.000Z;Weißenfels West;RB;RB 76;76;16850;8013261;8013261%2021-12-16T03:41:00.000Z%,8010368,;426
2021-12-16T04:11:00.000Z;Weißenfels West;RB;RB 76;76;16851;8013261;8013261%2021-12-16T04:11:00.000Z%,8012155,8012675,8010349,8010078,8012259,8013115,8010390,;426
2021-12-16T04:37:00.000Z;Weißenfels West;RB;RB 76;76;16852;8013261;8013261%2021-12-16T04:37:00.000Z%,8010368,;426
2021-12-16T05:13:00.000Z;Weißenfels West;RB;RB 76;76;16853;8013261;8013261%2021-12-16T05:13:00.000Z%,8012155,8012675,8010349,8010078,8012259,8013115,8010390,;426
2021-12-16T05:27:00.000Z;Weißenfels West;RB;RB 76;76;16854;8013261;8013261%2021-12-16T05:27:00.000Z%,8010368,;426
2021-12-16T05:59:00.000Z;Weißenfels West;RB;RB 76;76;16855;8013261;8013261%2021-12-16T05:59:00.000Z%,8012155,8012675,8010349,8010078,8012259,8013115,8010390,;426
2021-12-16T06:24:00.000Z;Weißenfels West;RB;RB 76;76;16856;8013261;8013261%2021-12-16T06:24:00.000Z%,8010368,;426
2021-12-16T06:45:00.000Z;Weißenfels West;RB;RB 76;76;16857;8013261;8013261%2021-12-16T06:45:00.000Z%,8012155,8012675,8010349,8010078,8012259,8013115,8010390,;426
2021-12-16T07:12:00.000Z;Weißenfels West;RB;RB 76;76;16858;8013261;8013261%2021-12-16T07:12:00.000Z%,8010368,;426
2021-12-16T07:45:00.000Z;Weißenfels West;RB;RB 76;76;16859;8013261;8013261%2021-12-16T07:45:00.000Z%,8012155,8012675,8010349,8010078,8012259,8013115,8010390,;426
2021-12-16T08:12:00.000Z;Weißenfels West;RB;RB 76;76;16860;8013261;8013261%2021-12-16T08:12:00.000Z%,8010368,;426
2021-12-16T08:45:00.000Z;Weißenfels West;RB;RB 76;76;16861;8013261;8013261%2021-12-16T08:45:00.000Z%,8012155,8012675,8010349,8010078,8012259,8013115,8010390,;426
2021-12-16T09:12:00.000Z;Weißenfels West;RB;RB 76;76;16862;8013261;8013261%2021-12-16T09:12:00.000Z%,8010368,;426
2021-12-16T09:45:00.000Z;Weißenfels West;RB;RB 76;76;16863;8013261;8013261%2021-12-16T09:45:00.000Z%,8012155,8012675,8010349,8010078,8012259,8013115,8010390,;426
2021-12-16T10:12:00.000Z;Weißenfels West;RB;RB 76;76;16864;8013261;8013261%2021-12-16T10:12:00.000Z%,8010368,;426
2021-12-16T10:45:00.000Z;Weißenfels West;RB;RB 76;76;16865;8013261;8013261%2021-12-16T10:45:00.000Z%,8012155,8012675,8010349,8010078,8012259,8013115,8010390,;426
2021-12-16T11:12:00.000Z;Weißenfels West;RB;RB 76;76;16866;8013261;8013261%2021-12-16T11:12:00.000Z%,8010368,;426
2021-12-16T11:45:00.000Z;Weißenfels West;RB;RB 76;76;16867;8013261;8013261%2021-12-16T11:45:00.000Z%,8012155,8012675,8010349,8010078,8012259,8013115,8010390,;426
2021-12-16T12:12:00.000Z;Weißenfels West;RB;RB 76;76;16868;8013261;8013261%2021-12-16T12:12:00.000Z%,8010368,;426
2021-12-16T12:45:00.000Z;Weißenfels West;RB;RB 76;76;16869;8013261;8013261%2021-12-16T12:45:00.000Z%,8012155,8012675,8010349,8010078,8012259,8013115,8010390,;426
2021-12-16T13:12:00.000Z;Weißenfels West;RB;RB 76;76;16870;8013261;8013261%2021-12-16T13:12:00.000Z%,8010368,;426
2021-12-16T13:45:00.000Z;Weißenfels West;RB;RB 76;76;16871;8013261;8013261%2021-12-16T13:45:00.000Z%,8012155,8012675,8010349,8010078,8012259,8013115,8010390,;426
2021-12-16T14:12:00.000Z;Weißenfels West;RB;RB 76;76;16872;8013261;8013261%2021-12-16T14:12:00.000Z%,8010368,;426
2021-12-16T14:45:00.000Z;Weißenfels West;RB;RB 76;76;16873;8013261;8013261%2021-12-16T14:45:00.000Z%,8012155,8012675,8010349,8010078,8012259,8013115,8010390,;426
2021-12-16T15:12:00.000Z;Weißenfels West;RB;RB 76;76;16874;8013261;8013261%2021-12-16T15:12:00.000Z%,8010368,;426
2021-12-16T15:45:00.000Z;Weißenfels West;RB;RB 76;76;16875;8013261;8013261%2021-12-16T15:45:00.000Z%,8012155,8012675,8010349,8010078,8012259,8013115,8010390,;426
2021-12-16T16:12:00.000Z;Weißenfels West;RB;RB 76;76;16876;8013261;8013261%2021-12-16T16:12:00.000Z%,8010368,;426
2021-12-16T16:45:00.000Z;Weißenfels West;RB;RB 76;76;16877;8013261;8013261%2021-12-16T16:45:00.000Z%,8012155,8012675,8010349,8010078,8012259,8013115,8010390,;426
2021-12-16T17:12:00.000Z;Weißenfels West;RB;RB 76;76;16878;8013261;8013261%2021-12-16T17:12:00.000Z%,8010368,;426
2021-12-16T17:45:00.000Z;Weißenfels West;RB;RB 76;76;16879;8013261;8013261%2021-12-16T17:45:00.000Z%,8012155,8012675,8010349,8010078,8012259,8013115,8010390,;426
2021-12-16T18:12:00.000Z;Weißenfels West;RB;RB 76;76;16880;8013261;8013261%2021-12-16T18:12:00.000Z%,8010368,;426
2021-12-16T18:45:00.000Z;Weißenfels West;RB;RB 76;76;16881;8013261;8013261%2021-12-16T18:45:00.000Z%,8012155,8012675,8010349,8010078,8012259,8013115,8010390,;426
2021-12-16T20:12:00.000Z;Weißenfels West;RB;RB 76;76;16882;8013261;8013261%2021-12-16T20:12:00.000Z%,8010368,;426
2021-12-15T20:42:00.000Z;Wilmersdorf(Angerm);RE;RE 3;3;3328;8013313;8013313%2021-12-15T20:54:00.000Z%12,8013238,8012968,8010282,8012418,8010268,8010179,8011536,8011438,8011044,8012021,8010396,8011723,8011694,8010139,8012358,8010338,;602
2021-12-15T21:20:00.000Z;Wilmersdorf(Angerm);RE;RE 3;3;3319;8013313;8013313%2021-12-15T21:22:00.000Z%2,8010004,8011314,8010064,8010093,8012329,8011188,8012819,8013470,8011102,8098160,;602
2021-12-15T22:49:00.000Z;Wilmersdorf(Angerm);RE;RE 3;3;3326;8013313;8013313%2021-12-15T22:49:00.000Z%,8013238,8012968,8010282,8012418,8010268,;602
2021-12-16T03:27:00.000Z;Wilmersdorf(Angerm);RB;RB 62;62;61295;8013313;8013313%2021-12-16T03:27:00.000Z%,8013238,8012968,8010282,;426
2021-12-16T04:10:00.000Z;Wilmersdorf(Angerm);RB;RB 62;62;61296;8013313;8013313%2021-12-16T04:10:00.000Z%,8010004,;426
2021-12-16T04:42:00.000Z;Wilmersdorf(Angerm);RE;RE 3;3;3302;8013313;8013313%2021-12-16T04:42:00.000Z%,8013238,8012968,8010282,8012418,8010268,8010179,8011536,8011438,8011044,8012021,8010396,8011723,8011694,8010139,8012358,8013352,8010338,;602
2021-12-16T04:54:00.000Z;Wilmersdorf(Angerm);RE;RE 3;3;3331;8013313;8013313%2021-12-16T04:54:00.000Z%,8010004,8011314,8010064,8010093,8011188,8013470,8011102,8098160,8011118,8011113,;602
2021-12-16T05:20:00.000Z;Wilmersdorf(Angerm);RE;RE 3;3;3303;8013313;8013313%2021-12-16T05:20:00.000Z%,8010004,8011314,8010064,8010093,8013470,8011102,8098160,8011118,8011113,8011041,8010215,8013123,8013137,8013345,8012260,;602
2021-12-16T05:39:00.000Z;Wilmersdorf(Angerm);RB;RB 62;62;61279;8013313;8013313%2021-12-16T05:39:00.000Z%,8013238,8012968,8010282,;426
2021-12-16T06:20:00.000Z;Wilmersdorf(Angerm);RB;RB 62;62;61280;8013313;8013313%2021-12-16T06:20:00.000Z%,8010004,;426
2021-12-16T06:42:00.000Z;Wilmersdorf(Angerm);RE;RE 3;3;3304;8013313;8013313%2021-12-16T06:42:00.000Z%,8013238,8012968,8010282,8012418,8010268,8010179,8011536,8011438,8011044,8012021,8010396,8011723,8011694,8010139,8012358,8010338,;602
2021-12-16T07:20:00.000Z;Wilmersdorf(Angerm);RE;RE 3;3;3305;8013313;8013313%2021-12-16T07:20:00.000Z%,8010004,8011314,8010064,8010093,8013470,8011102,8098160,8011118,8011113,8011041,8010215,8013123,8013137,8013345,8012260,;602
2021-12-16T08:42:00.000Z;Wilmersdorf(Angerm);RE;RE 3;3;3306;8013313;8013313%2021-12-16T08:42:00.000Z%,8013238,8012968,8010282,8012418,8010268,8010179,8011536,8011438,8011044,8012021,8010396,8011723,8011694,8010139,8012358,8010338,;602
2021-12-16T09:20:00.000Z;Wilmersdorf(Angerm);RE;RE 3;3;3307;8013313;8013313%2021-12-16T09:20:00.000Z%,8010004,8011314,8010064,8010093,8013470,8011102,8098160,8011118,8011113,8011041,8010215,8013123,8013137,8013345,8012260,;602
2021-12-16T10:42:00.000Z;Wilmersdorf(Angerm);RE;RE 3;3;3308;8013313;8013313%2021-12-16T10:42:00.000Z%,8013238,8012968,8010282,8012418,8010268,8010179,8011536,8011438,8011044,8012021,8010396,8011723,8011694,8010139,8012358,8010338,;602
2021-12-16T11:20:00.000Z;Wilmersdorf(Angerm);RE;RE 3;3;3309;8013313;8013313%2021-12-16T11:20:00.000Z%,8010004,8011314,8010064,8010093,8013470,8011102,8098160,8011118,8011113,8011041,8010215,8013123,8013137,8013345,8012260,;602
2021-12-16T12:42:00.000Z;Wilmersdorf(Angerm);RE;RE 3;3;3310;8013313;8013313%2021-12-16T12:42:00.000Z%,8013238,8012968,8010282,8012418,8010268,8010179,8011536,8011438,8011044,8012021,8010396,8011723,8011694,8010139,8012358,8010338,;602
2021-12-16T13:20:00.000Z;Wilmersdorf(Angerm);RE;RE 3;3;3311;8013313;8013313%2021-12-16T13:20:00.000Z%,8010004,8011314,8010064,8010093,8013470,8011102,8098160,8011118,8011113,8011041,8010215,8013123,8013137,8013345,8012260,;602
2021-12-16T14:41:00.000Z;Wilmersdorf(Angerm);RE;RE 3;3;3312;8013313;8013313%2021-12-16T14:41:00.000Z%,8013238,8012968,8010282,8012418,8010268,8010179,8011536,8011438,8011044,8012021,8010396,8011723,8011694,8010139,8012358,8010338,;602
2021-12-16T15:20:00.000Z;Wilmersdorf(Angerm);RE;RE 3;3;3313;8013313;8013313%2021-12-16T15:20:00.000Z%,8010004,8011314,8010064,8010093,8013470,8011102,8098160,8011118,8011113,8011041,8010215,8013123,8013137,8013345,8012260,;602
2021-12-16T16:42:00.000Z;Wilmersdorf(Angerm);RE;RE 3;3;3314;8013313;8013313%2021-12-16T16:42:00.000Z%,8013238,8012968,8010282,8012418,8010268,8010179,8011536,8011438,8011044,8012021,8010396,8011723,8011694,8010139,8012358,8010338,;602
2021-12-16T17:20:00.000Z;Wilmersdorf(Angerm);RE;RE 3;3;3315;8013313;8013313%2021-12-16T17:20:00.000Z%,8010004,8011314,8010064,8010093,8013470,8011102,8098160,8011118,8011113,8011041,8010215,8013123,8013137,8013345,8012260,;602
2021-12-16T18:42:00.000Z;Wilmersdorf(Angerm);RE;RE 3;3;3316;8013313;8013313%2021-12-16T18:42:00.000Z%,8013238,8012968,8010282,8012418,8010268,8010179,8011536,8011438,8011044,8012021,8010396,8011723,8011694,8010139,8012358,8010338,;602
2021-12-16T19:20:00.000Z;Wilmersdorf(Angerm);RE;RE 3;3;3317;8013313;8013313%2021-12-16T19:20:00.000Z%,8010004,8011314,8010064,8010093,8013470,8011102,8098160,;602
2021-12-16T03:30:00.000Z;Wingerode;RE;RE 9;9;74738;8013315;8013315%2021-12-16T03:30:00.000Z%,8011219,8011849,8013159,8011054,8000090,8006524,8002259,8002677,8006707,8005623,8003053,8004415,8000193,;602
2021-12-16T03:52:00.000Z;Wingerode;RE;RE 1;1;3673;8013315;8013315%2021-12-16T03:52:00.000Z%,8011178,8010203,8012993,8010235,8011746,8010020,8010136,8010242,8010101,8010366,8011957,8010133,;602
2021-12-16T04:17:00.000Z;Wingerode;RE;RE 9;9;74747;8013315;8013315%2021-12-16T04:17:00.000Z%,8011178,8010203,8011172,8013004,8010055,8010385,8010256,8010032,8012796,8011138,8013217,8010312,8012766,8010054,8013336,8012279,8011496,8010299,8011038,8013230,8013110,8013111,8013425,8011043,8080590,8013448,8080570,8010159,;602
2021-12-16T04:40:00.000Z;Wingerode;RB;RB 2;2;16250;8013315;8013315%2021-12-16T04:40:00.000Z%,8011219,8011849,8013159,8011054,8000090,8006524,8002259,8002677,8006707,8005623,8003053,8004415,8000193,8003200,;426
2021-12-16T05:45:00.000Z;Wingerode;RB;RB 57;57;74800;8013315;8013315%2021-12-16T05:45:00.000Z%,8011219,8011849,;426
2021-12-16T05:55:00.000Z;Wingerode;RE;RE 9;9;74703;8013315;8013315%2021-12-16T05:55:00.000Z%,8011178,8010203,8013004,8010055,8010385,8010256,8011860,8011657,8010032,8012796,8011138,8013217,8010312,8010054,8013336,8012279,8010299,8010159,;602
2021-12-16T06:08:00.000Z;Wingerode;RB;RB 57;57;74803;8013315;8013315%2021-12-16T06:08:00.000Z%,8011178,8010203,8011834,8012492,8011172,8013004,8011602,8010055,8013318,8012512,8010385,8013291,8010256,;426
2021-12-16T07:50:00.000Z;Wingerode;RB;RB 57;57;74744;8013315;8013315%2021-12-16T07:50:00.000Z%,8011219,8011849,;426
2021-12-16T08:10:00.000Z;Wingerode;RB;RB 57;57;74805;8013315;8013315%2021-12-16T08:10:00.000Z%,8011178,8010203,8011834,8012492,8011172,8013004,8011602,8010055,8013318,8012512,8010385,8013291,8010256,;426
2021-12-16T09:50:00.000Z;Wingerode;RB;RB 57;57;74806;8013315;8013315%2021-12-16T09:50:00.000Z%,8011219,8011849,;426
2021-12-16T10:10:00.000Z;Wingerode;RB;RB 57;57;74807;8013315;8013315%2021-12-16T10:10:00.000Z%,8011178,8010203,8011834,8012492,8011172,8013004,8011602,8010055,8013318,8012512,8010385,8013291,8010256,;426
2021-12-16T11:50:00.000Z;Wingerode;RB;RB 57;57;74808;8013315;8013315%2021-12-16T11:50:00.000Z%,8011219,8011849,;426
2021-12-16T12:29:00.000Z;Wingerode;RB;RB 57;57;74811;8013315;8013315%2021-12-16T12:29:00.000Z%,8011178,8010203,8011834,8012492,8011172,8013004,8011602,8010055,8013318,8012512,8010385,8013291,8010256,;426
2021-12-16T12:31:00.000Z;Wingerode;RB;RB 57;57;74748;8013315;8013315%2021-12-16T12:31:00.000Z%,8011219,8011849,;426
2021-12-16T13:29:00.000Z;Wingerode;RB;RB 57;57;74813;8013315;8013315%2021-12-16T13:29:00.000Z%,8011178,8010203,8011834,8012492,8011172,8013004,8011602,8010055,8013318,8012512,8010385,8013291,8010256,;426
2021-12-16T13:50:00.000Z;Wingerode;RB;RB 57;57;74746;8013315;8013315%2021-12-16T13:50:00.000Z%,8011219,8011849,;426
2021-12-16T14:10:00.000Z;Wingerode;RB;RB 57;57;74815;8013315;8013315%2021-12-16T14:10:00.000Z%,8011178,8010203,8011834,8012492,8011172,8013004,8011602,8010055,8013318,8012512,8010385,8013291,8010256,;426
2021-12-16T15:50:00.000Z;Wingerode;RB;RB 57;57;74812;8013315;8013315%2021-12-16T15:50:00.000Z%,8011219,8011849,;426
2021-12-16T16:10:00.000Z;Wingerode;RB;RB 57;57;74817;8013315;8013315%2021-12-16T16:10:00.000Z%,8011178,8010203,8011834,8012492,8011172,8013004,8011602,8010055,8013318,8012512,8010385,8013291,8010256,;426
2021-12-16T17:50:00.000Z;Wingerode;RB;RB 57;57;74814;8013315;8013315%2021-12-16T17:50:00.000Z%,8011219,8011849,;426
2021-12-16T18:10:00.000Z;Wingerode;RB;RB 57;57;74819;8013315;8013315%2021-12-16T18:10:00.000Z%,8011178,8010203,8011834,8012492,8011172,8013004,8011602,8010055,8013318,8012512,8010385,8013291,8010256,;426
2021-12-15T20:50:00.000Z;Woffleben;RB;RB 80;80;14024;8013333;8013333%2021-12-15T20:50:00.000Z%0,8011480,8006172,8000739,8005324,8000166,8002641,8006592,8003209,8000283,;426
2021-12-15T21:03:00.000Z;Woffleben;RB;RB 81;81;14177;8013333;8013333%2021-12-15T21:04:00.000Z%1,8012494,8012516,8010256,;426
2021-12-16T04:03:00.000Z;Woffleben;RB;RB 80;80;14001;8013333;8013333%2021-12-16T04:03:00.000Z%,8012494,8012516,8010256,;426
2021-12-16T04:50:00.000Z;Woffleben;RB;RB 80;80;14004;8013333;8013333%2021-12-16T04:50:00.000Z%,8011480,8006172,8000739,8005324,8000166,8002641,8006592,8003209,8000283,8004441,8000128,;426
2021-12-16T05:03:00.000Z;Woffleben;RB;RB 80;80;14003;8013333;8013333%2021-12-16T05:03:00.000Z%,8012494,8012516,8010256,;426
2021-12-16T05:50:00.000Z;Woffleben;RB;RB 80;80;14008;8013333;8013333%2021-12-16T05:50:00.000Z%,8011480,8006172,8000739,8005324,8000166,8002641,8006592,8003209,8000283,8004441,8000128,;426
2021-12-16T06:03:00.000Z;Woffleben;RB;RB 80;80;14005;8013333;8013333%2021-12-16T06:03:00.000Z%,8012494,8012516,8010256,;426
2021-12-16T06:50:00.000Z;Woffleben;RB;RB 81;81;14156;8013333;8013333%2021-12-16T06:50:00.000Z%,8011480,8006172,8000739,8005324,8000166,8002641,8006592,8003209,8000283,8002594,8006112,8006041,8001050,;426
2021-12-16T07:03:00.000Z;Woffleben;RB;RB 80;80;14007;8013333;8013333%2021-12-16T07:03:00.000Z%,8012494,8012516,8010256,;426
2021-12-16T07:50:00.000Z;Woffleben;RB;RB 80;80;14010;8013333;8013333%2021-12-16T07:50:00.000Z%,8011480,8006172,8000739,8005324,8000166,8002641,8006592,8003209,8000283,8004441,8000128,;426
2021-12-16T08:03:00.000Z;Woffleben;RB;RB 80;80;14009;8013333;8013333%2021-12-16T08:03:00.000Z%,8012494,8012516,8010256,;426
2021-12-16T08:50:00.000Z;Woffleben;RB;RB 81;81;14158;8013333;8013333%2021-12-16T08:50:00.000Z%,8011480,8006172,8000739,8005324,8000166,8002641,8006592,8003209,8000283,8002594,8006112,8006041,8001050,;426
2021-12-16T09:03:00.000Z;Woffleben;RB;RB 81;81;14157;8013333;8013333%2021-12-16T09:03:00.000Z%,8012494,8012516,8010256,;426
2021-12-16T09:50:00.000Z;Woffleben;RB;RB 80;80;14012;8013333;8013333%2021-12-16T09:50:00.000Z%,8011480,8006172,8000739,8005324,8000166,8002641,8006592,8003209,8000283,8004441,8000128,;426
2021-12-16T10:03:00.000Z;Woffleben;RB;RB 80;80;14011;8013333;8013333%2021-12-16T10:03:00.000Z%,8012494,8012516,8010256,;426
2021-12-16T10:50:00.000Z;Woffleben;RB;RB 81;81;14162;8013333;8013333%2021-12-16T10:50:00.000Z%,8011480,8006172,8000739,8005324,8000166,8002641,8006592,8003209,8000283,;426
2021-12-16T11:03:00.000Z;Woffleben;RB;RB 81;81;14159;8013333;8013333%2021-12-16T11:03:00.000Z%,8012494,8012516,8010256,;426
2021-12-16T11:50:00.000Z;Woffleben;RB;RB 80;80;14014;8013333;8013333%2021-12-16T11:50:00.000Z%,8011480,8006172,8000739,8005324,8000166,8002641,8006592,8003209,8000283,8004441,8000128,;426
2021-12-16T12:03:00.000Z;Woffleben;RB;RB 80;80;14013;8013333;8013333%2021-12-16T12:03:00.000Z%,8012494,8012516,8010256,;426
2021-12-16T12:50:00.000Z;Woffleben;RB;RB 81;81;14166;8013333;8013333%2021-12-16T12:50:00.000Z%,8011480,8006172,8000739,8005324,8000166,8002641,8006592,8003209,8000283,8002594,8006112,8006041,8001050,;426
2021-12-16T13:03:00.000Z;Woffleben;RB;RB 81;81;14161;8013333;8013333%2021-12-16T13:03:00.000Z%,8012494,8012516,8010256,;426
2021-12-16T13:50:00.000Z;Woffleben;RB;RB 80;80;14016;8013333;8013333%2021-12-16T13:50:00.000Z%,8011480,8006172,8000739,8005324,8000166,8002641,8006592,8003209,8000283,8004441,8000128,;426
2021-12-16T14:03:00.000Z;Woffleben;RB;RB 80;80;14015;8013333;8013333%2021-12-16T14:03:00.000Z%,8012494,8012516,8010256,;426
2021-12-16T14:50:00.000Z;Woffleben;RB;RB 81;81;14170;8013333;8013333%2021-12-16T14:50:00.000Z%,8011480,8006172,8000739,8005324,8000166,8002641,8006592,8003209,8000283,8002594,8006112,8006041,8001050,;426
2021-12-16T15:03:00.000Z;Woffleben;RB;RB 81;81;14167;8013333;8013333%2021-12-16T15:03:00.000Z%,8012494,8012516,8010256,;426
2021-12-16T15:50:00.000Z;Woffleben;RB;RB 80;80;14018;8013333;8013333%2021-12-16T15:50:00.000Z%,8011480,8006172,8000739,8005324,8000166,8002641,8006592,8003209,8000283,8004441,8000128,;426
2021-12-16T16:03:00.000Z;Woffleben;RB;RB 80;80;14019;8013333;8013333%2021-12-16T16:03:00.000Z%,8012494,8012516,8010256,;426
2021-12-16T16:50:00.000Z;Woffleben;RB;RB 81;81;14174;8013333;8013333%2021-12-16T16:50:00.000Z%,8011480,8006172,8000739,8005324,8000166,8002641,8006592,8003209,8000283,8002594,8006112,8006041,8001050,;426
2021-12-16T17:03:00.000Z;Woffleben;RB;RB 81;81;14169;8013333;8013333%2021-12-16T17:03:00.000Z%,8012494,8012516,8010256,;426
2021-12-16T17:50:00.000Z;Woffleben;RB;RB 80;80;14020;8013333;8013333%2021-12-16T17:50:00.000Z%,8011480,8006172,8000739,8005324,8000166,8002641,8006592,8003209,8000283,8004441,8000128,;426
2021-12-16T18:03:00.000Z;Woffleben;RB;RB 80;80;14023;8013333;8013333%2021-12-16T18:03:00.000Z%,8012494,8012516,8010256,;426
2021-12-16T18:50:00.000Z;Woffleben;RB;RB 81;81;14176;8013333;8013333%2021-12-16T18:50:00.000Z%,8011480,8006172,8000739,8005324,8000166,8002641,8006592,8003209,8000283,8002594,8006112,8006041,8001050,;426
2021-12-16T19:03:00.000Z;Woffleben;RB;RB 81;81;14173;8013333;8013333%2021-12-16T19:03:00.000Z%,8012494,8012516,8010256,;426
2021-12-16T19:50:00.000Z;Woffleben;RB;RB 80;80;14022;8013333;8013333%2021-12-16T19:50:00.000Z%,8011480,8006172,8000739,8005324,8000166,8002641,8006592,8003209,8000283,8004441,8000128,;426
2021-12-16T20:03:00.000Z;Woffleben;RB;RB 80;80;14025;8013333;8013333%2021-12-16T20:03:00.000Z%,8012494,8012516,8010256,;426
2021-12-15T20:43:00.000Z;Wutha;RB;RB 20;20;74632;8013366;8013366%2021-12-15T20:47:00.000Z%4,8010097,;426
2021-12-15T21:22:00.000Z;Wutha;RB;RB 20;20;74641;8013366;8013366%2021-12-15T21:22:00.000Z%0,8012899,8012826,8012320,8010118,8010136,8012965,8013226,8010242,8011502,8010101,8013192,8011915,8010366,8012567,8011051,8012502,8011085,8010145,8010019,8010240,8012199,8010368,8010146,8012212,8012211,8010232,8012867,8010162,8010159,;426
2021-12-15T21:57:00.000Z;Wutha;RB;RB 20;20;74646;8013366;8013366%2021-12-15T21:57:00.000Z%0,8010097,;426
2021-12-15T22:51:00.000Z;Wutha;RB;RB 20;20;74648;8013366;8013366%2021-12-15T22:51:00.000Z%0,8010097,;426
2021-12-16T03:15:00.000Z;Wutha;RB;RB 20;20;74605;8013366;8013366%2021-12-16T03:15:00.000Z%,8012899,8012826,8012320,8010118,8010136,8012965,8013226,8010242,8011502,8010101,8013192,8011915,8010366,8012567,8011051,8012502,8011085,8010145,8010019,8010240,8012199,8010368,8010146,8011071,8012080,8011753,8012311,8012355,8012817,8010207,8012193,8010205,;426
2021-12-16T04:03:00.000Z;Wutha;RB;RB 20;20;74607;8013366;8013366%2021-12-16T04:03:00.000Z%,8012899,8012826,8012320,8010118,8010136,8012965,8013226,8010242,8010101,8013192,8011915,8010366,8012567,8011051,8012502,8011085,8010145,8010019,8010240,8012199,8010368,8010146,8011071,8012080,8011753,8012311,8012355,8012817,8010207,8012193,8010205,;426
2021-12-16T04:14:00.000Z;Wutha;RE;RE 1;1;3678;8013366;8013366%2021-12-16T04:14:00.000Z%,8010097,;602
2021-12-16T04:30:00.000Z;Wutha;RE;RE 1;1;3677;8013366;8013366%2021-12-16T04:30:00.000Z%,8012899,8012826,8012320,8010118,8010136,8010242,8010101,8010366,8011957,8010133,;602
2021-12-16T04:53:00.000Z;Wutha;RB;RB 20;20;74542;8013366;8013366%2021-12-16T04:53:00.000Z%,8010097,;426
2021-12-16T05:11:00.000Z;Wutha;RB;RB 20;20;74609;8013366;8013366%2021-12-16T05:11:00.000Z%,8012899,8012826,8012320,8010118,8010136,8012965,8013226,8010242,8011502,8010101,8013192,8011915,8010366,8012567,8011051,8012502,8011085,8010145,8010019,8010240,8012199,8010368,8010146,8011071,8012080,8011753,8012311,8012355,8012817,8010207,8012193,8010205,;426
2021-12-16T05:32:00.000Z;Wutha;RB;RB 20;20;74602;8013366;8013366%2021-12-16T05:32:00.000Z%,8010097,;426
2021-12-16T05:47:00.000Z;Wutha;RE;RE 16;16;93011;8013366;8013366%2021-12-16T05:47:00.000Z%,8012899,8012826,8012320,8010118,8010136,8012965,8013226,8010242,8011502,8010101,8010366,8011051,8011085,8010145,;602
2021-12-16T06:00:00.000Z;Wutha;RB;RB 20;20;74544;8013366;8013366%2021-12-16T06:00:00.000Z%,8010097,;426
2021-12-16T06:17:00.000Z;Wutha;RB;RB 20;20;74611;8013366;8013366%2021-12-16T06:17:00.000Z%,8012899,8012826,8012320,8010118,8010136,8012965,8013226,8010242,8011502,8010101,8013192,8011915,8010366,8012567,8011051,8012502,8011085,8010145,8010019,8010240,8012199,8010368,8010146,8011071,8012080,8011753,8012311,8012355,8012817,8010207,8012193,8010205,;426
2021-12-16T06:44:00.000Z;Wutha;RB;RB 20;20;74604;8013366;8013366%2021-12-16T06:44:00.000Z%,8010097,;426
2021-12-16T07:11:00.000Z;Wutha;RB;RB 20;20;74613;8013366;8013366%2021-12-16T07:11:00.000Z%,8012899,8012826,8012320,8010118,8010136,8012965,8013226,8010242,8011502,8010101,8013192,8011915,8010366,8012567,8011051,8012502,8011085,8010145,8010019,8010240,8012199,8010368,8010146,8011071,8012080,8011753,8012311,8012355,8012817,8010207,8012193,8010205,;426
2021-12-16T07:38:00.000Z;Wutha;RB;RB 20;20;74606;8013366;8013366%2021-12-16T07:38:00.000Z%,8010097,;426
2021-12-16T08:17:00.000Z;Wutha;RB;RB 20;20;74615;8013366;8013366%2021-12-16T08:17:00.000Z%,8012899,8012826,8012320,8010118,8010136,8012965,8013226,8010242,8011502,8010101,8013192,8011915,8010366,8012567,8011051,8012502,8011085,8010145,8010019,8010240,8012199,8010368,8010146,8011071,8012080,8011753,8012311,8012355,8012817,8010207,8012193,8010205,;426
2021-12-16T08:44:00.000Z;Wutha;RB;RB 20;20;74608;8013366;8013366%2021-12-16T08:44:00.000Z%,8010097,;426
2021-12-16T09:11:00.000Z;Wutha;RB;RB 20;20;74617;8013366;8013366%2021-12-16T09:11:00.000Z%,8012899,8012826,8012320,8010118,8010136,8012965,8013226,8010242,8011502,8010101,8013192,8011915,8010366,8012567,8011051,8012502,8011085,8010145,8010019,8010240,8012199,8010368,8010146,8011071,8012080,8011753,8012311,8012355,8012817,8010207,8012193,8010205,;426
2021-12-16T09:38:00.000Z;Wutha;RB;RB 20;20;74610;8013366;8013366%2021-12-16T09:38:00.000Z%,8010097,;426
2021-12-16T10:17:00.000Z;Wutha;RB;RB 20;20;74619;8013366;8013366%2021-12-16T10:17:00.000Z%,8012899,8012826,8012320,8010118,8010136,8012965,8013226,8010242,8011502,8010101,8013192,8011915,8010366,8012567,8011051,8012502,8011085,8010145,8010019,8010240,8012199,8010368,8010146,8011071,8012080,8011753,8012311,8012355,8012817,8010207,8012193,8010205,;426
2021-12-16T10:44:00.000Z;Wutha;RB;RB 20;20;74612;8013366;8013366%2021-12-16T10:44:00.000Z%,8010097,;426
2021-12-16T11:11:00.000Z;Wutha;RB;RB 20;20;74621;8013366;8013366%2021-12-16T11:11:00.000Z%,8012899,8012826,8012320,8010118,8010136,8012965,8013226,8010242,8011502,8010101,8013192,8011915,8010366,8012567,8011051,8012502,8011085,8010145,8010019,8010240,8012199,8010368,8010146,8011071,8012080,8011753,8012311,8012355,8012817,8010207,8012193,8010205,;426
2021-12-16T11:38:00.000Z;Wutha;RB;RB 20;20;74614;8013366;8013366%2021-12-16T11:38:00.000Z%,8010097,;426
2021-12-16T12:17:00.000Z;Wutha;RB;RB 20;20;74623;8013366;8013366%2021-12-16T12:17:00.000Z%,8012899,8012826,8012320,8010118,8010136,8012965,8013226,8010242,8011502,8010101,8013192,8011915,8010366,8012567,8011051,8012502,8011085,8010145,8010019,8010240,8012199,8010368,8010146,8011071,8012080,8011753,8012311,8012355,8012817,8010207,8012193,8010205,;426
2021-12-16T12:44:00.000Z;Wutha;RB;RB 20;20;74616;8013366;8013366%2021-12-16T12:44:00.000Z%,8010097,;426
2021-12-16T13:11:00.000Z;Wutha;RB;RB 20;20;74625;8013366;8013366%2021-12-16T13:11:00.000Z%,8012899,8012826,8012320,8010118,8010136,8012965,8013226,8010242,8011502,8010101,8013192,8011915,8010366,8012567,8011051,8012502,8011085,8010145,8010019,8010240,8012199,8010368,8010146,8011071,8012080,8011753,8012311,8012355,8012817,8010207,8012193,8010205,;426
2021-12-16T13:38:00.000Z;Wutha;RB;RB 20;20;74618;8013366;8013366%2021-12-16T13:38:00.000Z%,8010097,;426
2021-12-16T14:17:00.000Z;Wutha;RB;RB 20;20;74627;8013366;8013366%2021-12-16T14:17:00.000Z%,8012899,8012826,8012320,8010118,8010136,8012965,8013226,8010242,8011502,8010101,8013192,8011915,8010366,8012567,8011051,8012502,8011085,8010145,8010019,8010240,8012199,8010368,8010146,8011071,8012080,8011753,8012311,8012355,8012817,8010207,8012193,8010205,;426
2021-12-16T14:44:00.000Z;Wutha;RB;RB 20;20;74620;8013366;8013366%2021-12-16T14:44:00.000Z%,8010097,;426
2021-12-16T15:06:00.000Z;Wutha;RB;RB 20;20;74546;8013366;8013366%2021-12-16T15:06:00.000Z%,8010097,;426
2021-12-16T15:11:00.000Z;Wutha;RB;RB 20;20;74629;8013366;8013366%2021-12-16T15:11:00.000Z%,8012899,8012826,8012320,8010118,8010136,8012965,8013226,8010242,8011502,8010101,8013192,8011915,8010366,8012567,8011051,8012502,8011085,8010145,8010019,8010240,8012199,8010368,8010146,8011071,8012080,8011753,8012311,8012355,8012817,8010207,8012193,8010205,;426
2021-12-16T15:33:00.000Z;Wutha;RB;RB 20;20;74545;8013366;8013366%2021-12-16T15:33:00.000Z%,8012899,8012826,8012320,8010118,8010136,8012965,8013226,8010242,8010101,8010366,8011051,8011085,8010145,8010019,8010240,;426
2021-12-16T15:38:00.000Z;Wutha;RB;RB 20;20;74622;8013366;8013366%2021-12-16T15:38:00.000Z%,8010097,;426
2021-12-16T16:17:00.000Z;Wutha;RB;RB 20;20;74631;8013366;8013366%2021-12-16T16:17:00.000Z%,8012899,8012826,8012320,8010118,8010136,8012965,8013226,8010242,8011502,8010101,8013192,8011915,8010366,8012567,8011051,8012502,8011085,8010145,8010019,8010240,8012199,8010368,8010146,8011071,8012080,8011753,8012311,8012355,8012817,8010207,8012193,8010205,;426
2021-12-16T16:44:00.000Z;Wutha;RB;RB 20;20;74624;8013366;8013366%2021-12-16T16:44:00.000Z%,8010097,;426
2021-12-16T17:06:00.000Z;Wutha;RB;RB 20;20;74548;8013366;8013366%2021-12-16T17:06:00.000Z%,8010097,;426
2021-12-16T17:11:00.000Z;Wutha;RB;RB 20;20;74633;8013366;8013366%2021-12-16T17:11:00.000Z%,8012899,8012826,8012320,8010118,8010136,8012965,8013226,8010242,8011502,8010101,8013192,8011915,8010366,8012567,8011051,8012502,8011085,8010145,8010019,8010240,8012199,8010368,8010146,8011071,8012080,8011753,8012311,8012355,8012817,8010207,8012193,8010205,;426
2021-12-16T17:38:00.000Z;Wutha;RB;RB 20;20;74626;8013366;8013366%2021-12-16T17:38:00.000Z%,8010097,;426
2021-12-16T18:17:00.000Z;Wutha;RB;RB 20;20;74635;8013366;8013366%2021-12-16T18:17:00.000Z%,8012899,8012826,8012320,8010118,8010136,8012965,8013226,8010242,8011502,8010101,8013192,8011915,8010366,8012567,8011051,8012502,8011085,8010145,8010019,8010240,8012199,8010368,8010146,8011071,8012080,8011753,8012311,8012355,8012817,8010207,8012193,8010205,;426
2021-12-16T18:44:00.000Z;Wutha;RB;RB 20;20;74628;8013366;8013366%2021-12-16T18:44:00.000Z%,8010097,;426
2021-12-16T19:11:00.000Z;Wutha;RB;RB 20;20;74637;8013366;8013366%2021-12-16T19:11:00.000Z%,8012899,8012826,8012320,8010118,8010136,8012965,8013226,8010242,8011502,8010101,8013192,8011915,8010366,8012567,8011051,8012502,8011085,8010145,8010019,8010240,8012199,8010368,8010146,8011071,8012080,8011753,8012311,8012355,8012817,8010207,8012193,8010205,;426
2021-12-16T19:38:00.000Z;Wutha;RB;RB 20;20;74630;8013366;8013366%2021-12-16T19:38:00.000Z%,8010097,;426
2021-12-16T20:17:00.000Z;Wutha;RB;RB 20;20;74639;8013366;8013366%2021-12-16T20:17:00.000Z%,8012899,8012826,8012320,8010118,8010136,8012965,8013226,8010242,8011502,8010101,8013192,8011915,8010366,8012567,8011051,8012502,8011085,8010145,8010019,8010240,8012199,8010368,8010146,8011071,8012080,8011753,8012311,8012355,8012817,8010207,8012193,8010205,;426
2021-12-16T03:05:00.000Z;Zachun;RE;RE 1;1;4300;8013370;8013370%2021-12-16T03:05:00.000Z%,8012009,8010156,8012677,8011248,8011230,8012933,8000058,8004177,8005468,8002554,8002549,;602
2021-12-16T04:07:00.000Z;Zachun;RE;RE 1;1;4330;8013370;8013370%2021-12-16T04:07:00.000Z%,8012009,8010156,8012677,8011248,8011230,8012933,8000058,8004177,8005468,8002554,8002549,;602
2021-12-16T05:32:00.000Z;Zachun;RE;RE 1;1;4331;8013370;8013370%2021-12-16T05:32:00.000Z%,8010173,8012951,8012940,8010324,;602
2021-12-16T06:17:00.000Z;Zachun;RE;RE 1;1;4332;8013370;8013370%2021-12-16T06:17:00.000Z%,8012009,8010156,8012677,8011248,8011230,8012933,8000058,8004177,8005468,8002554,8002549,;602
2021-12-16T07:48:00.000Z;Zachun;RE;RE 1;1;4333;8013370;8013370%2021-12-16T07:48:00.000Z%,8010173,8012951,8012940,8010324,;602
2021-12-16T14:10:00.000Z;Zachun;RE;RE 1;1;4334;8013370;8013370%2021-12-16T14:10:00.000Z%,8012009,8010156,8012677,8011248,8011230,8012933,8000058,8004177,8005468,8002554,8002549,;602
2021-12-16T15:50:00.000Z;Zachun;RE;RE 1;1;4335;8013370;8013370%2021-12-16T15:50:00.000Z%,8010173,8012951,8012940,8010324,;602
2021-12-16T16:43:00.000Z;Zachun;RE;RE 1;1;4336;8013370;8013370%2021-12-16T16:43:00.000Z%,8012009,8010156,8012677,8011248,8011230,8012933,8000058,8004177,8005468,8002554,8002549,;602
2021-12-16T17:50:00.000Z;Zachun;RE;RE 1;1;4337;8013370;8013370%2021-12-16T17:50:00.000Z%,8010173,8012951,8012940,8010324,;602
2021-12-15T20:45:00.000Z;Zarrendorf;RE;RE 5;5;33734;8013373;8013373%2021-12-15T20:46:00.000Z%1,8010338,;602
2021-12-16T03:13:00.000Z;Zarrendorf;RE;RE 5;5;33701;8013373;8013373%2021-12-16T03:13:00.000Z%,8011481,8013322,8011707,;602
2021-12-16T03:47:00.000Z;Zarrendorf;RE;RE 5;5;33700;8013373;8013373%2021-12-16T03:47:00.000Z%,8010338,;602
2021-12-16T04:09:00.000Z;Zarrendorf;RE;RE 5;5;33703;8013373;8013373%2021-12-16T04:09:00.000Z%,8011481,8013322,8011707,;602
2021-12-16T04:43:00.000Z;Zarrendorf;RE;RE 5;5;33702;8013373;8013373%2021-12-16T04:43:00.000Z%,8010338,;602
2021-12-16T05:11:00.000Z;Zarrendorf;RE;RE 5;5;33705;8013373;8013373%2021-12-16T05:11:00.000Z%,8011481,8013322,8011707,;602
2021-12-16T05:43:00.000Z;Zarrendorf;RE;RE 5;5;33704;8013373;8013373%2021-12-16T05:43:00.000Z%,8010338,;602
2021-12-16T06:09:00.000Z;Zarrendorf;RE;RE 5;5;33707;8013373;8013373%2021-12-16T06:09:00.000Z%,8011481,8013322,8011707,;602
2021-12-16T06:43:00.000Z;Zarrendorf;RE;RE 5;5;33706;8013373;8013373%2021-12-16T06:43:00.000Z%,8010338,;602
2021-12-16T07:11:00.000Z;Zarrendorf;RE;RE 5;5;33709;8013373;8013373%2021-12-16T07:11:00.000Z%,8011481,8013322,8011707,;602
2021-12-16T07:43:00.000Z;Zarrendorf;RE;RE 5;5;33708;8013373;8013373%2021-12-16T07:43:00.000Z%,8010338,;602
2021-12-16T08:09:00.000Z;Zarrendorf;RE;RE 5;5;33711;8013373;8013373%2021-12-16T08:09:00.000Z%,8011481,8013322,8011707,;602
2021-12-16T08:43:00.000Z;Zarrendorf;RE;RE 5;5;33710;8013373;8013373%2021-12-16T08:43:00.000Z%,8010338,;602
2021-12-16T09:11:00.000Z;Zarrendorf;RE;RE 5;5;33713;8013373;8013373%2021-12-16T09:11:00.000Z%,8011481,8013322,8011707,;602
2021-12-16T09:43:00.000Z;Zarrendorf;RE;RE 5;5;33712;8013373;8013373%2021-12-16T09:43:00.000Z%,8010338,;602
2021-12-16T10:09:00.000Z;Zarrendorf;RE;RE 5;5;33715;8013373;8013373%2021-12-16T10:09:00.000Z%,8011481,8013322,8011707,;602
2021-12-16T10:43:00.000Z;Zarrendorf;RE;RE 5;5;33714;8013373;8013373%2021-12-16T10:43:00.000Z%,8010338,;602
2021-12-16T11:11:00.000Z;Zarrendorf;RE;RE 5;5;33717;8013373;8013373%2021-12-16T11:11:00.000Z%,8011481,8013322,8011707,;602
2021-12-16T11:43:00.000Z;Zarrendorf;RE;RE 5;5;33716;8013373;8013373%2021-12-16T11:43:00.000Z%,8010338,;602
2021-12-16T12:09:00.000Z;Zarrendorf;RE;RE 5;5;33719;8013373;8013373%2021-12-16T12:09:00.000Z%,8011481,8013322,8011707,;602
2021-12-16T12:43:00.000Z;Zarrendorf;RE;RE 5;5;33718;8013373;8013373%2021-12-16T12:43:00.000Z%,8010338,;602
2021-12-16T13:11:00.000Z;Zarrendorf;RE;RE 5;5;33721;8013373;8013373%2021-12-16T13:11:00.000Z%,8011481,8013322,8011707,;602
2021-12-16T13:43:00.000Z;Zarrendorf;RE;RE 5;5;33720;8013373;8013373%2021-12-16T13:43:00.000Z%,8010338,;602
2021-12-16T14:09:00.000Z;Zarrendorf;RE;RE 5;5;33723;8013373;8013373%2021-12-16T14:09:00.000Z%,8011481,8013322,8011707,;602
2021-12-16T14:43:00.000Z;Zarrendorf;RE;RE 5;5;33722;8013373;8013373%2021-12-16T14:43:00.000Z%,8010338,;602
2021-12-16T15:11:00.000Z;Zarrendorf;RE;RE 5;5;33725;8013373;8013373%2021-12-16T15:11:00.000Z%,8011481,8013322,8011707,;602
2021-12-16T15:43:00.000Z;Zarrendorf;RE;RE 5;5;33724;8013373;8013373%2021-12-16T15:43:00.000Z%,8010338,;602
2021-12-16T16:09:00.000Z;Zarrendorf;RE;RE 5;5;33727;8013373;8013373%2021-12-16T16:09:00.000Z%,8011481,8013322,8011707,;602
2021-12-16T16:43:00.000Z;Zarrendorf;RE;RE 5;5;33726;8013373;8013373%2021-12-16T16:43:00.000Z%,8010338,;602
2021-12-16T17:11:00.000Z;Zarrendorf;RE;RE 5;5;33729;8013373;8013373%2021-12-16T17:11:00.000Z%,8011481,8013322,8011707,;602
2021-12-16T17:43:00.000Z;Zarrendorf;RE;RE 5;5;33728;8013373;8013373%2021-12-16T17:43:00.000Z%,8010338,;602
2021-12-16T18:09:00.000Z;Zarrendorf;RE;RE 5;5;33731;8013373;8013373%2021-12-16T18:09:00.000Z%,8011481,8013322,8011707,;602
2021-12-16T18:43:00.000Z;Zarrendorf;RE;RE 5;5;33730;8013373;8013373%2021-12-16T18:43:00.000Z%,8010338,;602
2021-12-16T19:11:00.000Z;Zarrendorf;RE;RE 5;5;33733;8013373;8013373%2021-12-16T19:11:00.000Z%,8011481,8013322,8011707,;602
2021-12-16T19:43:00.000Z;Zarrendorf;RE;RE 5;5;33732;8013373;8013373%2021-12-16T19:43:00.000Z%,8010338,;602
2021-12-16T20:12:00.000Z;Zarrendorf;RE;RE 5;5;33735;8013373;8013373%2021-12-16T20:12:00.000Z%,8011481,8013322,8011707,;602
2021-12-15T20:40:00.000Z;Zerbst/Anhalt;RE;RE 13;13;16133;8013389;8013389%2021-12-15T20:40:00.000Z%0,8012777,8010302,8010077,8011361,8012305,8012707,8011961,8013335,8011699,8010050,8010076,8012478,8010205,;602
2021-12-15T21:28:00.000Z;Zerbst/Anhalt;RE;RE 13;13;16132;8013389;8013389%2021-12-15T21:30:00.000Z%2,8011673,8010047,8010226,8010224,;602
2021-12-15T21:42:00.000Z;Zerbst/Anhalt;RE;RE 13;13;16157;8013389;8013389%2021-12-15T21:42:00.000Z%,8012777,8010302,8010077,8011361,8012707,8011961,8013335,8010050,8012629,8010076,8013428,8012697,8012478,8012200,8012196,8098205,8012186,8012202,8012184,8012187,8012343,8012194,;602
2021-12-15T22:28:00.000Z;Zerbst/Anhalt;RE;RE 13;13;16158;8013389;8013389%2021-12-15T22:28:00.000Z%,8010154,8012263,8012678,8011673,8013205,8012066,8010047,8013455,8010226,8010224,;602
2021-12-15T22:51:00.000Z;Zerbst/Anhalt;RE;RE 13;13;16159;8013389;8013389%2021-12-15T22:51:00.000Z%,8012777,8010302,8010077,;602
2021-12-16T03:11:00.000Z;Zerbst/Anhalt;RE;RE 13;13;16150;8013389;8013389%2021-12-16T03:11:00.000Z%,8010154,8012263,8012678,8011673,8013205,8012066,8010047,8013455,8010226,8010224,;602
2021-12-16T04:04:00.000Z;Zerbst/Anhalt;RE;RE 13;13;16152;8013389;8013389%2021-12-16T04:04:00.000Z%,8010154,8012263,8012678,8011673,8013205,8012066,8010047,8013455,8010226,8010224,;602
2021-12-16T04:05:00.000Z;Zerbst/Anhalt;RE;RE 13;13;16153;8013389;8013389%2021-12-16T04:05:00.000Z%,8012777,8010302,8010077,8011361,8013335,8010050,8012629,8010076,8013428,8012697,8012478,8012200,8012196,8098205,8012186,8012202,8012184,8012187,8012343,8012194,;602
2021-12-16T04:29:00.000Z;Zerbst/Anhalt;RE;RE 13;13;16155;8013389;8013389%2021-12-16T04:29:00.000Z%,8012777,8010302,8010077,8011361,8012305,8012707,8011961,8013335,8011699,8010050,8012788,8011260,8012147,8011905,8010159,;602
2021-12-16T04:46:00.000Z;Zerbst/Anhalt;RE;RE 14;14;16140;8013389;8013389%2021-12-16T04:46:00.000Z%,8011673,8012066,8010047,8013455,8010226,8010224,;602
2021-12-16T04:53:00.000Z;Zerbst/Anhalt;RE;RE 13;13;16101;8013389;8013389%2021-12-16T04:53:00.000Z%,8012777,8010302,8010077,8011361,8013335,8010050,8010076,8012478,8010205,;602
2021-12-16T05:04:00.000Z;Zerbst/Anhalt;RE;RE 13;13;16100;8013389;8013389%2021-12-16T05:04:00.000Z%,8010154,8012263,8012678,8011673,8013205,8012066,8010047,8013455,8010226,8010224,;602
2021-12-16T05:43:00.000Z;Zerbst/Anhalt;RE;RE 13;13;16154;8013389;8013389%2021-12-16T05:43:00.000Z%,8010154,8012263,8012678,8011673,8013205,8012066,8010047,8013455,8010226,8010224,;602
2021-12-16T05:53:00.000Z;Zerbst/Anhalt;RE;RE 13;13;16103;8013389;8013389%2021-12-16T05:53:00.000Z%,8012777,8010302,8010077,8013335,8010050,8010076,8012478,8010205,;602
2021-12-16T06:04:00.000Z;Zerbst/Anhalt;RE;RE 13;13;16102;8013389;8013389%2021-12-16T06:04:00.000Z%,8010154,8012263,8012678,8011673,8013205,8012066,8010047,8013455,8010226,8010224,;602
2021-12-16T06:53:00.000Z;Zerbst/Anhalt;RE;RE 13;13;16105;8013389;8013389%2021-12-16T06:53:00.000Z%,8012777,8010302,8010077,8013335,8010050,8010076,8012478,8010205,;602
2021-12-16T07:04:00.000Z;Zerbst/Anhalt;RE;RE 13;13;16104;8013389;8013389%2021-12-16T07:04:00.000Z%,8010154,8012263,8012678,8011673,8013205,8012066,8010047,8013455,8010226,8010224,;602
2021-12-16T07:53:00.000Z;Zerbst/Anhalt;RE;RE 13;13;16107;8013389;8013389%2021-12-16T07:53:00.000Z%,8012777,8010302,8010077,8013335,8010050,8010076,8012478,8010205,;602
2021-12-16T08:04:00.000Z;Zerbst/Anhalt;RE;RE 13;13;16106;8013389;8013389%2021-12-16T08:04:00.000Z%,8010154,8012263,8012678,8011673,8013205,8012066,8010047,8013455,8010226,8010224,;602
2021-12-16T08:53:00.000Z;Zerbst/Anhalt;RE;RE 13;13;16109;8013389;8013389%2021-12-16T08:53:00.000Z%,8012777,8010302,8010077,8013335,8010050,8010076,8012478,8010205,;602
2021-12-16T09:04:00.000Z;Zerbst/Anhalt;RE;RE 13;13;16108;8013389;8013389%2021-12-16T09:04:00.000Z%,8010154,8012263,8012678,8011673,8013205,8012066,8010047,8013455,8010226,8010224,;602
2021-12-16T09:53:00.000Z;Zerbst/Anhalt;RE;RE 13;13;16111;8013389;8013389%2021-12-16T09:53:00.000Z%,8012777,8010302,8010077,8013335,8010050,8010076,8012478,8010205,;602
2021-12-16T10:04:00.000Z;Zerbst/Anhalt;RE;RE 13;13;16110;8013389;8013389%2021-12-16T10:04:00.000Z%,8010154,8012263,8012678,8011673,8013205,8012066,8010047,8013455,8010226,8010224,;602
2021-12-16T10:53:00.000Z;Zerbst/Anhalt;RE;RE 13;13;16113;8013389;8013389%2021-12-16T10:53:00.000Z%,8012777,8010302,8010077,8013335,8010050,8010076,8012478,8010205,;602
2021-12-16T11:04:00.000Z;Zerbst/Anhalt;RE;RE 13;13;16112;8013389;8013389%2021-12-16T11:04:00.000Z%,8010154,8012263,8012678,8011673,8013205,8012066,8010047,8013455,8010226,8010224,;602
2021-12-16T11:53:00.000Z;Zerbst/Anhalt;RE;RE 13;13;16115;8013389;8013389%2021-12-16T11:53:00.000Z%,8012777,8010302,8010077,8013335,8010050,8010076,8012478,8010205,;602
2021-12-16T12:04:00.000Z;Zerbst/Anhalt;RE;RE 13;13;16114;8013389;8013389%2021-12-16T12:04:00.000Z%,8010154,8012263,8012678,8011673,8013205,8012066,8010047,8013455,8010226,8010224,;602
2021-12-16T12:53:00.000Z;Zerbst/Anhalt;RE;RE 13;13;16117;8013389;8013389%2021-12-16T12:53:00.000Z%,8012777,8010302,8010077,8013335,8010050,8010076,8012478,8010205,;602
2021-12-16T13:04:00.000Z;Zerbst/Anhalt;RE;RE 13;13;16116;8013389;8013389%2021-12-16T13:04:00.000Z%,8010154,8012263,8012678,8011673,8013205,8012066,8010047,8013455,8010226,8010224,;602
2021-12-16T13:17:00.000Z;Zerbst/Anhalt;RE;RE 14;14;16135;8013389;8013389%2021-12-16T13:17:00.000Z%,8012777,8010302,8010077,;602
2021-12-16T13:53:00.000Z;Zerbst/Anhalt;RE;RE 13;13;16119;8013389;8013389%2021-12-16T13:53:00.000Z%,8012777,8010302,8010077,8013335,8010050,8010076,8012478,8010205,;602
2021-12-16T14:04:00.000Z;Zerbst/Anhalt;RE;RE 13;13;16118;8013389;8013389%2021-12-16T14:04:00.000Z%,8010154,8012263,8012678,8011673,8013205,8012066,8010047,8013455,8010226,8010224,;602
2021-12-16T14:43:00.000Z;Zerbst/Anhalt;RE;RE 13;13;16156;8013389;8013389%2021-12-16T14:43:00.000Z%,8010154,8012263,8012678,8011673,8013205,8012066,8010047,8013455,8010226,8010224,;602
2021-12-16T14:53:00.000Z;Zerbst/Anhalt;RE;RE 13;13;16121;8013389;8013389%2021-12-16T14:53:00.000Z%,8012777,8010302,8010077,8013335,8010050,8010076,8012478,8010205,;602
2021-12-16T15:04:00.000Z;Zerbst/Anhalt;RE;RE 13;13;16120;8013389;8013389%2021-12-16T15:04:00.000Z%,8010154,8012263,8012678,8011673,8013205,8012066,8010047,8013455,8010226,8010224,;602
2021-12-16T15:17:00.000Z;Zerbst/Anhalt;RE;RE 14;14;16137;8013389;8013389%2021-12-16T15:17:00.000Z%,8012777,8010302,8010077,;602
2021-12-16T15:53:00.000Z;Zerbst/Anhalt;RE;RE 13;13;16123;8013389;8013389%2021-12-16T15:53:00.000Z%,8012777,8010302,8010077,8013335,8010050,8010076,8012478,8010205,;602
2021-12-16T16:04:00.000Z;Zerbst/Anhalt;RE;RE 13;13;16122;8013389;8013389%2021-12-16T16:04:00.000Z%,8010154,8012263,8012678,8011673,8013205,8012066,8010047,8013455,8010226,8010224,;602
2021-12-16T16:17:00.000Z;Zerbst/Anhalt;RE;RE 14;14;16139;8013389;8013389%2021-12-16T16:17:00.000Z%,8012777,8010302,8010077,;602
2021-12-16T16:53:00.000Z;Zerbst/Anhalt;RE;RE 13;13;16125;8013389;8013389%2021-12-16T16:53:00.000Z%,8012777,8010302,8010077,8013335,8010050,8010076,8012478,8010205,;602
2021-12-16T17:04:00.000Z;Zerbst/Anhalt;RE;RE 13;13;16124;8013389;8013389%2021-12-16T17:04:00.000Z%,8010154,8012263,8012678,8011673,8013205,8012066,8010047,8013455,8010226,8010224,;602
2021-12-16T17:53:00.000Z;Zerbst/Anhalt;RE;RE 13;13;16127;8013389;8013389%2021-12-16T17:53:00.000Z%,8012777,8010302,8010077,8013335,8010050,8010076,8012478,8010205,;602
2021-12-16T18:04:00.000Z;Zerbst/Anhalt;RE;RE 13;13;16126;8013389;8013389%2021-12-16T18:04:00.000Z%,8010154,8012263,8012678,8011673,8013205,8012066,8010047,8013455,8010226,8010224,;602
2021-12-15T20:32:00.000Z;Zerrenthin;RE;RE 4;4;5366;8013393;8013393%2021-12-15T20:33:00.000Z%1,8012610,8010268,8011213,8010339,8012555,8012421,8013017,8010241,;602
2021-12-16T04:32:00.000Z;Zerrenthin;RE;RE 4;4;5350;8013393;8013393%2021-12-16T04:32:00.000Z%,8012610,8010268,8011213,8010339,8012555,8012421,8013017,8010241,8012376,8012758,8010227,8010348,8012436,8010199,8010284,8010153,8010066,8010051,8013186,8010018,8011215,8012651,8010141,8011702,8012902,8012268,8011864,8003774,8000237,;602
2021-12-16T05:23:00.000Z;Zerrenthin;RE;RE 4;4;5351;8013393;8013393%2021-12-16T05:23:00.000Z%,8010213,8011689,5100145,5100057,;602
2021-12-16T06:33:00.000Z;Zerrenthin;RE;RE 4;4;5352;8013393;8013393%2021-12-16T06:33:00.000Z%,8012610,8010268,8011213,8010339,8012555,8012421,8013017,8010241,8012376,8012758,8010227,8010348,8012436,8010199,8010284,8010153,8010066,8010051,8013186,8010018,8011215,8012651,8010141,8011702,8012902,8012268,8011864,8003774,8000237,;602
2021-12-16T07:23:00.000Z;Zerrenthin;RE;RE 4;4;5353;8013393;8013393%2021-12-16T07:23:00.000Z%,8010213,8011689,5100145,5100057,;602
2021-12-16T08:32:00.000Z;Zerrenthin;RE;RE 4;4;5354;8013393;8013393%2021-12-16T08:32:00.000Z%,8012610,8010268,8011213,8010339,8012555,8012421,8013017,8010241,8012376,8012758,8010227,8010348,8012436,8010199,8010284,8010153,8010066,8010051,8013186,8010018,8011215,8012651,8010141,8011702,8012902,8012268,8011864,8003774,8000237,;602
2021-12-16T09:23:00.000Z;Zerrenthin;RE;RE 4;4;5355;8013393;8013393%2021-12-16T09:23:00.000Z%,8010213,8011689,5100145,5100057,;602
2021-12-16T10:32:00.000Z;Zerrenthin;RE;RE 4;4;5356;8013393;8013393%2021-12-16T10:32:00.000Z%,8012610,8010268,8011213,8010339,8012555,8012421,8013017,8010241,8012376,8012758,8010227,8010348,8012436,8010199,8010284,8010153,8010066,8010051,8013186,8010018,8011215,8012651,8010141,8011702,8012902,8012268,8011864,8003774,8000237,;602
2021-12-16T11:23:00.000Z;Zerrenthin;RE;RE 4;4;5357;8013393;8013393%2021-12-16T11:23:00.000Z%,8010213,8011689,5100145,5100057,;602
2021-12-16T12:32:00.000Z;Zerrenthin;RE;RE 4;4;5358;8013393;8013393%2021-12-16T12:32:00.000Z%,8012610,8010268,8011213,8010339,8012555,8012421,8013017,8010241,8012376,8012758,8010227,8010348,8012436,8010199,8010284,8010153,8010066,8010051,8013186,8010018,8011215,8012651,8010141,8011702,8012902,8012268,8011864,8003774,8000237,;602
2021-12-16T13:23:00.000Z;Zerrenthin;RE;RE 4;4;5359;8013393;8013393%2021-12-16T13:23:00.000Z%,8010213,8011689,5100145,5100057,;602
2021-12-16T14:32:00.000Z;Zerrenthin;RE;RE 4;4;5360;8013393;8013393%2021-12-16T14:32:00.000Z%,8012610,8010268,8011213,8010339,8012555,8012421,8013017,8010241,8012376,8012758,8010227,8010348,8012436,8010199,8010284,8010153,8010066,8010051,8013186,8010018,8011215,8012651,8010141,8011702,8012902,8012268,8011864,8003774,8000237,;602
2021-12-16T15:23:00.000Z;Zerrenthin;RE;RE 4;4;5361;8013393;8013393%2021-12-16T15:23:00.000Z%,8010213,8011689,5100145,5100057,;602
2021-12-16T16:32:00.000Z;Zerrenthin;RE;RE 4;4;5362;8013393;8013393%2021-12-16T16:32:00.000Z%,8012610,8010268,8011213,8010339,8012555,8012421,8013017,8010241,8012376,8012758,8010227,8010348,8012436,8010199,8010284,8010153,8010066,8010051,8013186,8010018,8011215,8012651,8010141,8011702,8012902,8012268,8011864,8003774,8000237,;602
2021-12-16T17:23:00.000Z;Zerrenthin;RE;RE 4;4;5363;8013393;8013393%2021-12-16T17:23:00.000Z%,8010213,8011689,5100145,5100057,;602
2021-12-16T18:32:00.000Z;Zerrenthin;RE;RE 4;4;5364;8013393;8013393%2021-12-16T18:32:00.000Z%,8012610,8010268,8011213,8010339,8012555,8012421,8013017,8010241,8012376,8012758,8010227,8010348,8012436,8010199,8010284,8010153,8010066,8010051,8013186,8010018,8012264,8010324,;602
2021-12-16T19:23:00.000Z;Zerrenthin;RE;RE 4;4;5365;8013393;8013393%2021-12-16T19:23:00.000Z%,8010213,8011689,5100145,5100057,;602
2021-12-15T20:51:00.000Z;Zeutsch;RB;RB 25;25;74689;8013398;8013398%2021-12-15T20:51:00.000Z%0,8010264,8011985,8012811,8010133,8011956,8011058,8011958,8012663,8011406,8013474,8010019,8010240,8012199,8010368,8010146,8012212,8012211,8010232,8012867,8010162,8010159,;426
2021-12-15T21:06:00.000Z;Zeutsch;RB;RB 25;25;74684;8013398;8013398%2021-12-15T21:06:00.000Z%0,8013164,8010306,8010307,8010309,;426
2021-12-15T21:51:00.000Z;Zeutsch;RB;RB 25;25;74691;8013398;8013398%2021-12-15T21:51:00.000Z%0,8010264,8011985,8012811,8010133,8011956,8011058,8011958,8012663,8011406,8013474,8010019,8010240,;426
2021-12-15T22:06:00.000Z;Zeutsch;RB;RB 25;25;74686;8013398;8013398%2021-12-15T22:06:00.000Z%0,8013164,8010306,8010307,8010309,;426
2021-12-15T23:06:00.000Z;Zeutsch;RB;RB 25;25;74688;8013398;8013398%2021-12-15T23:06:00.000Z%0,8013164,8010306,8010307,8010309,;426
2021-12-16T03:48:00.000Z;Zeutsch;RB;RB 25;25;74655;8013398;8013398%2021-12-16T03:48:00.000Z%,8010264,8011985,8012811,8010133,8011956,8011058,8011958,8012663,8011406,8013474,8010019,8010240,8012199,8010368,8010146,8012212,8012211,8010232,8012867,8010162,8010159,;426
2021-12-16T04:14:00.000Z;Zeutsch;RB;RB 25;25;74653;8013398;8013398%2021-12-16T04:14:00.000Z%,8010264,8011985,8012811,8010133,8011956,8011058,;426
2021-12-16T04:29:00.000Z;Zeutsch;RE;RE 42;42;4941;8013398;8013398%2021-12-16T04:29:00.000Z%,8013164,8010306,8010307,8010309,8011267,8012000,8013171,8010288,8003770,8005692,8002020,8004881,8005737,8002467,8003446,8004319,8003472,8004979,8002878,8004011,8000228,8005670,8001623,8006634,8001640,8001149,8002542,8000025,8002853,8002024,8001844,8000114,8000284,;602
2021-12-16T04:41:00.000Z;Zeutsch;RE;RE 42;42;4980;8013398;8013398%2021-12-16T04:41:00.000Z%,8010264,8011985,8012811,8010133,8011956,8013474,8010240,8010368,8010205,;602
2021-12-16T05:03:00.000Z;Zeutsch;RB;RB 25;25;74652;8013398;8013398%2021-12-16T05:03:00.000Z%,8013164,8010306,8010307,8010309,;426
2021-12-16T05:13:00.000Z;Zeutsch;RB;RB 25;25;74697;8013398;8013398%2021-12-16T05:13:00.000Z%,8010264,8011985,8012811,8010133,8011956,8011058,8011958,8012663,8011406,8013474,8010019,8010240,;426
2021-12-16T05:51:00.000Z;Zeutsch;RB;RB 25;25;74659;8013398;8013398%2021-12-16T05:51:00.000Z%,8010264,8011985,8012811,8010133,8011956,8011058,8011958,8012663,8011406,8013474,8010019,8010240,8012199,8010368,8010146,8012212,8012211,8010232,8012867,8010162,8010159,;426
2021-12-16T06:06:00.000Z;Zeutsch;RB;RB 25;25;74654;8013398;8013398%2021-12-16T06:06:00.000Z%,8013164,8010306,8010307,8010309,;426
2021-12-16T06:30:00.000Z;Zeutsch;RE;RE 42;42;4983;8013398;8013398%2021-12-16T06:30:00.000Z%,8013164,8010306,8010307,8010309,8011267,8012000,8013171,8010288,8003770,8005692,8002020,8004881,8005737,8002467,8003446,8004319,8003472,8004979,8002878,8004011,8000228,8005670,8001623,8006634,8001149,8000025,8002853,8002024,8001844,8000114,8000284,;602
2021-12-16T06:51:00.000Z;Zeutsch;RB;RB 25;25;74661;8013398;8013398%2021-12-16T06:51:00.000Z%,8010264,8011985,8012811,8010133,8011956,8011058,8011958,8012663,8011406,8013474,8010019,8010240,8012199,8010368,8010146,8012212,8012211,8010232,8012867,8010162,8010159,;426
2021-12-16T07:06:00.000Z;Zeutsch;RB;RB 25;25;74656;8013398;8013398%2021-12-16T07:06:00.000Z%,8013164,8010306,8010307,8010309,;426
2021-12-16T07:51:00.000Z;Zeutsch;RB;RB 25;25;74663;8013398;8013398%2021-12-16T07:51:00.000Z%,8010264,8011985,8012811,8010133,8011956,8011058,8011958,8012663,8011406,8013474,8010019,8010240,8012199,8010368,8010146,8012212,8012211,8010232,8012867,8010162,8010159,;426
2021-12-16T08:06:00.000Z;Zeutsch;RB;RB 25;25;74658;8013398;8013398%2021-12-16T08:06:00.000Z%,8013164,8010306,8010307,8010309,;426
2021-12-16T08:51:00.000Z;Zeutsch;RB;RB 25;25;74665;8013398;8013398%2021-12-16T08:51:00.000Z%,8010264,8011985,8012811,8010133,8011956,8011058,8011958,8012663,8011406,8013474,8010019,8010240,8012199,8010368,8010146,8012212,8012211,8010232,8012867,8010162,8010159,;426
2021-12-16T09:06:00.000Z;Zeutsch;RB;RB 25;25;74660;8013398;8013398%2021-12-16T09:06:00.000Z%,8013164,8010306,8010307,8010309,;426
2021-12-16T09:51:00.000Z;Zeutsch;RB;RB 25;25;74667;8013398;8013398%2021-12-16T09:51:00.000Z%,8010264,8011985,8012811,8010133,8011956,8011058,8011958,8012663,8011406,8013474,8010019,8010240,8012199,8010368,8010146,8012212,8012211,8010232,8012867,8010162,8010159,;426
2021-12-16T10:06:00.000Z;Zeutsch;RB;RB 25;25;74662;8013398;8013398%2021-12-16T10:06:00.000Z%,8013164,8010306,8010307,8010309,;426
2021-12-16T10:51:00.000Z;Zeutsch;RB;RB 25;25;74669;8013398;8013398%2021-12-16T10:51:00.000Z%,8010264,8011985,8012811,8010133,8011956,8011058,8011958,8012663,8011406,8013474,8010019,8010240,8012199,8010368,8010146,8012212,8012211,8010232,8012867,8010162,8010159,;426
2021-12-16T11:06:00.000Z;Zeutsch;RB;RB 25;25;74664;8013398;8013398%2021-12-16T11:06:00.000Z%,8013164,8010306,8010307,8010309,;426
2021-12-16T11:51:00.000Z;Zeutsch;RB;RB 25;25;74671;8013398;8013398%2021-12-16T11:51:00.000Z%,8010264,8011985,8012811,8010133,8011956,8011058,8011958,8012663,8011406,8013474,8010019,8010240,8012199,8010368,8010146,8012212,8012211,8010232,8012867,8010162,8010159,;426
2021-12-16T12:06:00.000Z;Zeutsch;RB;RB 25;25;74666;8013398;8013398%2021-12-16T12:06:00.000Z%,8013164,8010306,8010307,8010309,;426
2021-12-16T12:51:00.000Z;Zeutsch;RB;RB 25;25;74673;8013398;8013398%2021-12-16T12:51:00.000Z%,8010264,8011985,8012811,8010133,8011956,8011058,8011958,8012663,8011406,8013474,8010019,8010240,8012199,8010368,8010146,8012212,8012211,8010232,8012867,8010162,8010159,;426
2021-12-16T13:06:00.000Z;Zeutsch;RB;RB 25;25;74668;8013398;8013398%2021-12-16T13:06:00.000Z%,8013164,8010306,8010307,8010309,;426
2021-12-16T13:51:00.000Z;Zeutsch;RB;RB 25;25;74675;8013398;8013398%2021-12-16T13:51:00.000Z%,8010264,8011985,8012811,8010133,8011956,8011058,8011958,8012663,8011406,8013474,8010019,8010240,8012199,8010368,8010146,8012212,8012211,8010232,8012867,8010162,8010159,;426
2021-12-16T14:06:00.000Z;Zeutsch;RB;RB 25;25;74670;8013398;8013398%2021-12-16T14:06:00.000Z%,8013164,8010306,8010307,8010309,;426
2021-12-16T14:51:00.000Z;Zeutsch;RB;RB 25;25;74677;8013398;8013398%2021-12-16T14:51:00.000Z%,8010264,8011985,8012811,8010133,8011956,8011058,8011958,8012663,8011406,8013474,8010019,8010240,8012199,8010368,8010146,8012212,8012211,8010232,8012867,8010162,8010159,;426
2021-12-16T15:06:00.000Z;Zeutsch;RB;RB 25;25;74672;8013398;8013398%2021-12-16T15:06:00.000Z%,8013164,8010306,8010307,8010309,;426
2021-12-16T15:51:00.000Z;Zeutsch;RB;RB 25;25;74679;8013398;8013398%2021-12-16T15:51:00.000Z%,8010264,8011985,8012811,8010133,8011956,8011058,8011958,8012663,8011406,8013474,8010019,8010240,8012199,8010368,8010146,8012212,8012211,8010232,8012867,8010162,8010159,;426
2021-12-16T16:06:00.000Z;Zeutsch;RB;RB 25;25;74674;8013398;8013398%2021-12-16T16:06:00.000Z%,8013164,8010306,8010307,8010309,;426
2021-12-16T16:51:00.000Z;Zeutsch;RB;RB 25;25;74681;8013398;8013398%2021-12-16T16:51:00.000Z%,8010264,8011985,8012811,8010133,8011956,8011058,8011958,8012663,8011406,8013474,8010019,8010240,8012199,8010368,8010146,8012212,8012211,8010232,8012867,8010162,8010159,;426
2021-12-16T17:06:00.000Z;Zeutsch;RB;RB 25;25;74676;8013398;8013398%2021-12-16T17:06:00.000Z%,8013164,8010306,8010307,8010309,;426
2021-12-16T17:51:00.000Z;Zeutsch;RB;RB 25;25;74683;8013398;8013398%2021-12-16T17:51:00.000Z%,8010264,8011985,8012811,8010133,8011956,8011058,8011958,8012663,8011406,8013474,8010019,8010240,8012199,8010368,8010146,8012212,8012211,8010232,8012867,8010162,8010159,;426
2021-12-16T18:06:00.000Z;Zeutsch;RB;RB 25;25;74678;8013398;8013398%2021-12-16T18:06:00.000Z%,8013164,8010306,8010307,8010309,;426
2021-12-16T18:51:00.000Z;Zeutsch;RB;RB 25;25;74685;8013398;8013398%2021-12-16T18:51:00.000Z%,8010264,8011985,8012811,8010133,8011956,8011058,8011958,8012663,8011406,8013474,8010019,8010240,8012199,8010368,8010146,8012212,8012211,8010232,8012867,8010162,8010159,;426
2021-12-16T19:06:00.000Z;Zeutsch;RB;RB 25;25;74680;8013398;8013398%2021-12-16T19:06:00.000Z%,8013164,8010306,8010307,8010309,;426
2021-12-16T19:51:00.000Z;Zeutsch;RB;RB 25;25;74687;8013398;8013398%2021-12-16T19:51:00.000Z%,8010264,8011985,8012811,8010133,8011956,8011058,8011958,8012663,8011406,8013474,8010019,8010240,8012199,8010368,8010146,8012212,8012211,8010232,8012867,8010162,8010159,;426
2021-12-16T20:06:00.000Z;Zeutsch;RB;RB 25;25;74682;8013398;8013398%2021-12-16T20:06:00.000Z%,8013164,8010306,8010307,8010309,;426
2021-12-15T20:29:00.000Z;Zöberitz;RE;RE 30;30;16336;8013414;8013414%2021-12-15T20:29:00.000Z%0,8012506,8010343,8013259,8011053,8010195,8013357,8012830,8010070,8010084,8013465,8010318,8012287,8013456,8010224,;602
2021-12-15T20:34:00.000Z;Zöberitz;RE;RE 30;30;16337;8013414;8013414%2021-12-15T20:38:00.000Z%4,8010159,;602
2021-12-15T22:04:00.000Z;Zöberitz;RE;RE 30;30;16338;8013414;8013414%2021-12-15T22:04:00.000Z%,8012506,8010343,8013259,8011053,8010195,8013357,8012830,8010070,8010084,8013465,8010318,8012287,8013456,8010224,;602
2021-12-15T22:07:00.000Z;Zöberitz;RE;RE 30;30;16339;8013414;8013414%2021-12-15T22:07:00.000Z%,8010159,;602
2021-12-15T23:07:00.000Z;Zöberitz;RE;RE 30;30;16341;8013414;8013414%2021-12-15T23:07:00.000Z%0,8010159,;602
2021-12-15T23:13:00.000Z;Zöberitz;RE;RE 30;30;16340;8013414;8013414%2021-12-15T23:13:00.000Z%,8012506,8010343,8013259,8011053,8010195,8013357,8012830,8010070,8010084,8013465,8010318,8012287,8013456,8010224,;602
2021-12-16T03:47:00.000Z;Zöberitz;RE;RE 30;30;16302;8013414;8013414%2021-12-16T03:47:00.000Z%,8012506,8010343,8013259,8011053,8010195,8013357,8012830,8010070,8010084,8013465,8010318,8012287,8013456,8010224,8010226,8013344,8013083,8010334,8013039,8012014,8010172,8011277,8011545,8012673,8010310,8000440,8000445,8006402,8005682,8000168,;602
2021-12-16T04:07:00.000Z;Zöberitz;RE;RE 30;30;16303;8013414;8013414%2021-12-16T04:07:00.000Z%,8010159,;602
2021-12-16T04:47:00.000Z;Zöberitz;RE;RE 30;30;16344;8013414;8013414%2021-12-16T04:47:00.000Z%,8012506,8010343,8013259,8011053,8010195,8013357,8012830,8010070,8010084,8013465,8010318,8013485,8013456,8010224,;602
2021-12-16T04:54:00.000Z;Zöberitz;RE;RE 30;30;16305;8013414;8013414%2021-12-16T04:54:00.000Z%,8010159,;602
2021-12-16T05:19:00.000Z;Zöberitz;RE;RE 30;30;16306;8013414;8013414%2021-12-16T05:19:00.000Z%,8012506,8010343,8013259,8011053,8010195,8013357,8012830,8010070,8010084,8013465,8010318,8081270,8012287,8013456,8010224,;602
2021-12-16T05:34:00.000Z;Zöberitz;RE;RE 30;30;16307;8013414;8013414%2021-12-16T05:34:00.000Z%,8010159,;602
2021-12-16T06:19:00.000Z;Zöberitz;RE;RE 30;30;16308;8013414;8013414%2021-12-16T06:19:00.000Z%,8012506,8010343,8013259,8011053,8010195,8013357,8012830,8010070,8010084,8013465,8010318,8012287,8013456,8010224,;602
2021-12-16T06:34:00.000Z;Zöberitz;RE;RE 30;30;16309;8013414;8013414%2021-12-16T06:34:00.000Z%,8010159,;602
2021-12-16T07:19:00.000Z;Zöberitz;RE;RE 30;30;16310;8013414;8013414%2021-12-16T07:19:00.000Z%,8012506,8010343,8013259,8011053,8010195,8013357,8012830,8010070,8010084,8013465,8010318,8012287,8013456,8010224,;602
2021-12-16T07:34:00.000Z;Zöberitz;RE;RE 30;30;16311;8013414;8013414%2021-12-16T07:34:00.000Z%,8010159,;602
2021-12-16T08:19:00.000Z;Zöberitz;RE;RE 30;30;16312;8013414;8013414%2021-12-16T08:19:00.000Z%,8012506,8010343,8013259,8011053,8010195,8013357,8012830,8010070,8010084,8013465,8010318,8012287,8013456,8010224,;602
2021-12-16T08:34:00.000Z;Zöberitz;RE;RE 30;30;16313;8013414;8013414%2021-12-16T08:34:00.000Z%,8010159,;602
2021-12-16T09:19:00.000Z;Zöberitz;RE;RE 30;30;16314;8013414;8013414%2021-12-16T09:19:00.000Z%,8012506,8010343,8013259,8011053,8010195,8013357,8012830,8010070,8010084,8013465,8010318,8012287,8013456,8010224,;602
2021-12-16T09:34:00.000Z;Zöberitz;RE;RE 30;30;16315;8013414;8013414%2021-12-16T09:34:00.000Z%,8010159,;602
2021-12-16T10:19:00.000Z;Zöberitz;RE;RE 30;30;16316;8013414;8013414%2021-12-16T10:19:00.000Z%,8012506,8010343,8013259,8011053,8010195,8013357,8012830,8010070,8010084,8013465,8010318,8012287,8013456,8010224,;602
2021-12-16T10:34:00.000Z;Zöberitz;RE;RE 30;30;16317;8013414;8013414%2021-12-16T10:34:00.000Z%,8010159,;602
2021-12-16T11:19:00.000Z;Zöberitz;RE;RE 30;30;16318;8013414;8013414%2021-12-16T11:19:00.000Z%,8012506,8010343,8013259,8011053,8010195,8013357,8012830,8010070,8010084,8013465,8010318,8012287,8013456,8010224,;602
2021-12-16T11:34:00.000Z;Zöberitz;RE;RE 30;30;16319;8013414;8013414%2021-12-16T11:34:00.000Z%,8010159,;602
2021-12-16T12:19:00.000Z;Zöberitz;RE;RE 30;30;16320;8013414;8013414%2021-12-16T12:19:00.000Z%,8012506,8010343,8013259,8011053,8010195,8013357,8012830,8010070,8010084,8013465,8010318,8012287,8013456,8010224,;602
2021-12-16T12:34:00.000Z;Zöberitz;RE;RE 30;30;16321;8013414;8013414%2021-12-16T12:34:00.000Z%,8010159,;602
2021-12-16T13:19:00.000Z;Zöberitz;RE;RE 30;30;16322;8013414;8013414%2021-12-16T13:19:00.000Z%,8012506,8010343,8013259,8011053,8010195,8013357,8012830,8010070,8010084,8013465,8010318,8012287,8013456,8010224,;602
2021-12-16T13:34:00.000Z;Zöberitz;RE;RE 30;30;16323;8013414;8013414%2021-12-16T13:34:00.000Z%,8010159,;602
2021-12-16T14:19:00.000Z;Zöberitz;RE;RE 30;30;16324;8013414;8013414%2021-12-16T14:19:00.000Z%,8012506,8010343,8013259,8011053,8010195,8013357,8012830,8010070,8010084,8013465,8010318,8012287,8013456,8010224,;602
2021-12-16T14:34:00.000Z;Zöberitz;RE;RE 30;30;16325;8013414;8013414%2021-12-16T14:34:00.000Z%,8010159,;602
2021-12-16T15:19:00.000Z;Zöberitz;RE;RE 30;30;16326;8013414;8013414%2021-12-16T15:19:00.000Z%,8012506,8010343,8013259,8011053,8010195,8013357,8012830,8010070,8010084,8013465,8010318,8012287,8013456,8010224,;602
2021-12-16T15:34:00.000Z;Zöberitz;RE;RE 30;30;16347;8013414;8013414%2021-12-16T15:34:00.000Z%,8010159,;602
2021-12-16T16:19:00.000Z;Zöberitz;RE;RE 30;30;16328;8013414;8013414%2021-12-16T16:19:00.000Z%,8012506,8010343,8013259,8011053,8010195,8013357,8012830,8010070,8010084,8013465,8010318,8012287,8013456,8010224,;602
2021-12-16T16:34:00.000Z;Zöberitz;RE;RE 30;30;16329;8013414;8013414%2021-12-16T16:34:00.000Z%,8010159,;602
2021-12-16T17:19:00.000Z;Zöberitz;RE;RE 30;30;16330;8013414;8013414%2021-12-16T17:19:00.000Z%,8012506,8010343,8013259,8011053,8010195,8013357,8012830,8010070,8010084,8013465,8010318,8012287,8013456,8010224,;602
2021-12-16T17:34:00.000Z;Zöberitz;RE;RE 30;30;16331;8013414;8013414%2021-12-16T17:34:00.000Z%,8010159,;602
2021-12-16T18:19:00.000Z;Zöberitz;RE;RE 30;30;16332;8013414;8013414%2021-12-16T18:19:00.000Z%,8012506,8010343,8013259,8011053,8010195,8013357,8012830,8010070,8010084,8013465,8010318,8012287,8013456,8010224,;602
2021-12-16T18:34:00.000Z;Zöberitz;RE;RE 30;30;16333;8013414;8013414%2021-12-16T18:34:00.000Z%,8010159,;602
2021-12-16T19:19:00.000Z;Zöberitz;RE;RE 30;30;16334;8013414;8013414%2021-12-16T19:19:00.000Z%,8012506,8010343,8013259,8011053,8010195,8013357,8012830,8010070,8010084,8013465,8010318,8012287,8013456,8010224,;602
2021-12-16T19:34:00.000Z;Zöberitz;RE;RE 30;30;16335;8013414;8013414%2021-12-16T19:34:00.000Z%,8010159,;602
2021-12-15T20:45:00.000Z;Zörnigall;RE;RE 3;3;3359;8013418;8013418%2021-12-15T20:45:00.000Z%0,8010222,;602
2021-12-15T22:58:00.000Z;Zörnigall;RE;RE 3;3;3327;8013418;8013418%2021-12-15T22:58:00.000Z%,8010222,;602
2021-12-16T04:08:00.000Z;Zörnigall;RE;RE 3;3;3304;8013418;8013418%2021-12-16T04:08:00.000Z%,8011290,8013371,8011210,8012487,8010182,8012260,8013345,8013137,8013123,8010215,8011041,8011113,8011118,8098160,8011102,8013470,8010093,8010064,8011314,8010004,8013313,8013238,8012968,8010282,8012418,8010268,8010179,8011536,8011438,8011044,8012021,8010396,8011723,8011694,8010139,8012358,8010338,;602
2021-12-16T05:01:00.000Z;Zörnigall;RB;RB 51;51;16163;8013418;8013418%2021-12-16T05:01:00.000Z%,8011290,8013371,8011210,8012487,8010182,;426
2021-12-16T06:05:00.000Z;Zörnigall;RE;RE 3;3;3306;8013418;8013418%2021-12-16T06:05:00.000Z%,8011290,8013371,8011210,8012487,8010182,8012260,8013345,8013137,8013123,8010215,8011041,8011113,8011118,8098160,8011102,8013470,8010093,8010064,8011314,8010004,8013313,8013238,8012968,8010282,8012418,8010268,8010179,8011536,8011438,8011044,8012021,8010396,8011723,8011694,8010139,8012358,8010338,;602
2021-12-16T06:51:00.000Z;Zörnigall;RE;RE 3;3;3341;8013418;8013418%2021-12-16T06:51:00.000Z%,8010222,;602
2021-12-16T08:05:00.000Z;Zörnigall;RE;RE 3;3;3308;8013418;8013418%2021-12-16T08:05:00.000Z%,8011290,8013371,8011210,8012487,8010182,8012260,8013137,8013123,8010215,8011041,8011113,8011118,8098160,8011102,8013470,8010093,8010064,8011314,8010004,8013313,8013238,8012968,8010282,8012418,8010268,8010179,8011536,8011438,8011044,8012021,8010396,8011723,8011694,8010139,8012358,8010338,;602
2021-12-16T08:51:00.000Z;Zörnigall;RE;RE 3;3;3343;8013418;8013418%2021-12-16T08:51:00.000Z%,8010222,;602
2021-12-16T10:05:00.000Z;Zörnigall;RE;RE 3;3;3310;8013418;8013418%2021-12-16T10:05:00.000Z%,8011290,8013371,8011210,8012487,8010182,8012260,8013137,8013123,8010215,8011041,8011113,8011118,8098160,8011102,8013470,8010093,8010064,8011314,8010004,8013313,8013238,8012968,8010282,8012418,8010268,8010179,8011536,8011438,8011044,8012021,8010396,8011723,8011694,8010139,8012358,8010338,;602
2021-12-16T10:51:00.000Z;Zörnigall;RE;RE 3;3;3345;8013418;8013418%2021-12-16T10:51:00.000Z%,8010222,;602
2021-12-16T12:05:00.000Z;Zörnigall;RE;RE 3;3;3312;8013418;8013418%2021-12-16T12:05:00.000Z%,8011290,8013371,8011210,8012487,8010182,8012260,8013137,8013123,8010215,8011041,8011113,8011118,8098160,8011102,8013470,8010093,8010064,8011314,8010004,8013313,8013238,8012968,8010282,8012418,8010268,8010179,8011536,8011438,8011044,8012021,8010396,8011723,8011694,8010139,8012358,8010338,;602
2021-12-16T12:52:00.000Z;Zörnigall;RE;RE 3;3;3347;8013418;8013418%2021-12-16T12:52:00.000Z%,8010222,;602
2021-12-16T14:05:00.000Z;Zörnigall;RE;RE 3;3;3314;8013418;8013418%2021-12-16T14:05:00.000Z%,8011290,8013371,8011210,8012487,8010182,8012260,8013137,8013123,8010215,8011041,8011113,8011118,8098160,8011102,8013470,8010093,8010064,8011314,8010004,8013313,8013238,8012968,8010282,8012418,8010268,8010179,8011536,8011438,8011044,8012021,8010396,8011723,8011694,8010139,8012358,8010338,;602
2021-12-16T14:51:00.000Z;Zörnigall;RE;RE 3;3;3349;8013418;8013418%2021-12-16T14:51:00.000Z%,8010222,;602
2021-12-16T16:05:00.000Z;Zörnigall;RE;RE 3;3;3316;8013418;8013418%2021-12-16T16:05:00.000Z%,8011290,8013371,8011210,8012487,8010182,8012260,8013137,8013123,8010215,8011041,8011113,8011118,8098160,8011102,8013470,8010093,8010064,8011314,8010004,8013313,8013238,8012968,8010282,8012418,8010268,8010179,8011536,8011438,8011044,8012021,8010396,8011723,8011694,8010139,8012358,8010338,;602
2021-12-16T16:51:00.000Z;Zörnigall;RE;RE 3;3;3351;8013418;8013418%2021-12-16T16:51:00.000Z%,8010222,;602
2021-12-16T18:05:00.000Z;Zörnigall;RE;RE 3;3;3318;8013418;8013418%2021-12-16T18:05:00.000Z%,8011290,8013371,8011210,8012487,8010182,8012260,8013137,8013123,8010215,8011041,8011113,8011118,8098160,;602
2021-12-16T18:52:00.000Z;Zörnigall;RE;RE 3;3;3353;8013418;8013418%2021-12-16T18:52:00.000Z%,8010222,;602
2021-12-16T20:05:00.000Z;Zörnigall;RE;RE 3;3;3320;8013418;8013418%2021-12-16T20:05:00.000Z%,8011290,8013371,8011210,8012487,8010182,8012260,8013137,8013123,8010215,8011041,8011113,8011118,8098160,;602
2021-12-15T20:43:00.000Z;Freital-Potschappel;RB;RB 30;30;74073;8013445;8013445%2021-12-15T20:43:00.000Z%0,8013476,8010085,;426
2021-12-15T21:17:00.000Z;Freital-Potschappel;RB;RB 30;30;74078;8013445;8013445%2021-12-15T21:17:00.000Z%0,8011569,8010116,8011570,8013114,8011451,8012044,8012483,8012408,8010115,8012037,8011556,8012550,8011529,8010108,8010253,8013450,8010184,8010185,8011971,8011979,8011980,8011770,8010388,8011904,8010331,8010129,8010130,8012388,8012534,8013433,8010397,;426
2021-12-15T21:43:00.000Z;Freital-Potschappel;RB;RB 30;30;74075;8013445;8013445%2021-12-15T21:43:00.000Z%0,8013476,8010085,;426
2021-12-15T22:13:00.000Z;Freital-Potschappel;RB;RB 45;45;74080;8013445;8013445%2021-12-15T22:13:00.000Z%,8011569,8010116,8011570,8013114,8011451,8012044,8012483,8012408,8010115,8012037,8011556,8012550,8011529,8010108,8010253,8013450,8010184,;426
2021-12-15T22:43:00.000Z;Freital-Potschappel;RB;RB 30;30;74077;8013445;8013445%2021-12-15T22:43:00.000Z%0,8013476,8010085,;426
2021-12-15T23:29:00.000Z;Freital-Potschappel;RB;RB 30;30;74082;8013445;8013445%2021-12-15T23:29:00.000Z%0,8011569,8010116,8011570,8013114,8011451,8012044,8012483,8012408,8010115,;426
2021-12-15T23:41:00.000Z;Freital-Potschappel;RB;RB 30;30;74079;8013445;8013445%2021-12-15T23:41:00.000Z%0,8013476,8010085,;426
2021-12-16T04:14:00.000Z;Freital-Potschappel;RB;RB 30;30;74044;8013445;8013445%2021-12-16T04:14:00.000Z%,8011569,8010116,8011570,8013114,8011451,8012044,8012483,8012408,8010115,8012037,8011556,8012550,8011529,8010108,8010253,8013450,8010184,8010185,8011971,8011979,8011980,8011770,8010388,8011904,8010331,8010129,8010130,8012388,8012534,8013433,8010397,;426
2021-12-16T04:43:00.000Z;Freital-Potschappel;RB;RB 30;30;74041;8013445;8013445%2021-12-16T04:43:00.000Z%,8013476,8010085,;426
2021-12-16T05:13:00.000Z;Freital-Potschappel;RB;RB 30;30;74046;8013445;8013445%2021-12-16T05:13:00.000Z%,8011569,8010116,8011570,8013114,8011451,8012044,8012483,8012408,8010115,8012037,8011556,8012550,8011529,8010108,8010253,8013450,8010184,;426
2021-12-16T05:43:00.000Z;Freital-Potschappel;RB;RB 30;30;74043;8013445;8013445%2021-12-16T05:43:00.000Z%,8013476,8010085,;426
2021-12-16T06:13:00.000Z;Freital-Potschappel;RB;RB 30;30;74048;8013445;8013445%2021-12-16T06:13:00.000Z%,8011569,8010116,8011570,8013114,8011451,8012044,8012483,8012408,8010115,8012037,8011556,8012550,8011529,8010108,8010253,8013450,8010184,;426
2021-12-16T06:43:00.000Z;Freital-Potschappel;RB;RB 30;30;74045;8013445;8013445%2021-12-16T06:43:00.000Z%,8013476,8010085,;426
2021-12-16T07:13:00.000Z;Freital-Potschappel;RB;RB 30;30;74050;8013445;8013445%2021-12-16T07:13:00.000Z%,8011569,8010116,8011570,8013114,8011451,8012044,8012483,8012408,8010115,8012037,8011556,8012550,8011529,8010108,8010253,8013450,8010184,;426
2021-12-16T07:43:00.000Z;Freital-Potschappel;RB;RB 30;30;74047;8013445;8013445%2021-12-16T07:43:00.000Z%,8013476,8010085,;426
2021-12-16T08:13:00.000Z;Freital-Potschappel;RB;RB 30;30;74052;8013445;8013445%2021-12-16T08:13:00.000Z%,8011569,8010116,8011570,8013114,8011451,8012044,8012483,8012408,8010115,8012037,8011556,8012550,8011529,8010108,8010253,8013450,8010184,;426
2021-12-16T08:43:00.000Z;Freital-Potschappel;RB;RB 30;30;74049;8013445;8013445%2021-12-16T08:43:00.000Z%,8013476,8010085,;426
2021-12-16T09:13:00.000Z;Freital-Potschappel;RB;RB 30;30;74054;8013445;8013445%2021-12-16T09:13:00.000Z%,8011569,8010116,8011570,8013114,8011451,8012044,8012483,8012408,8010115,8012037,8011556,8012550,8011529,8010108,8010253,8013450,8010184,;426
2021-12-16T09:43:00.000Z;Freital-Potschappel;RB;RB 30;30;74051;8013445;8013445%2021-12-16T09:43:00.000Z%,8013476,8010085,;426
2021-12-16T10:13:00.000Z;Freital-Potschappel;RB;RB 30;30;74056;8013445;8013445%2021-12-16T10:13:00.000Z%,8011569,8010116,8011570,8013114,8011451,8012044,8012483,8012408,8010115,8012037,8011556,8012550,8011529,8010108,8010253,8013450,8010184,;426
2021-12-16T10:43:00.000Z;Freital-Potschappel;RB;RB 30;30;74053;8013445;8013445%2021-12-16T10:43:00.000Z%,8013476,8010085,;426
2021-12-16T11:13:00.000Z;Freital-Potschappel;RB;RB 30;30;74058;8013445;8013445%2021-12-16T11:13:00.000Z%,8011569,8010116,8011570,8013114,8011451,8012044,8012483,8012408,8010115,8012037,8011556,8012550,8011529,8010108,8010253,8013450,8010184,;426
2021-12-16T11:43:00.000Z;Freital-Potschappel;RB;RB 30;30;74055;8013445;8013445%2021-12-16T11:43:00.000Z%,8013476,8010085,;426
2021-12-16T12:13:00.000Z;Freital-Potschappel;RB;RB 30;30;74060;8013445;8013445%2021-12-16T12:13:00.000Z%,8011569,8010116,8011570,8013114,8011451,8012044,8012483,8012408,8010115,8012037,8011556,8012550,8011529,8010108,8010253,8013450,8010184,8010185,8011971,8011979,8011980,8011770,8010388,8011904,8010331,8010129,8010130,8012388,8012534,8013433,8010397,;426
2021-12-16T12:43:00.000Z;Freital-Potschappel;RB;RB 30;30;74057;8013445;8013445%2021-12-16T12:43:00.000Z%,8013476,8010085,;426
2021-12-16T13:13:00.000Z;Freital-Potschappel;RB;RB 30;30;74062;8013445;8013445%2021-12-16T13:13:00.000Z%,8011569,8010116,8011570,8013114,8011451,8012044,8012483,8012408,8010115,8012037,8011556,8012550,8011529,8010108,8010253,8013450,8010184,8010185,8011971,8011979,8011980,8011770,8010388,8011904,8010331,8010129,8010130,8012388,8012534,8013433,8010397,;426
2021-12-16T13:43:00.000Z;Freital-Potschappel;RB;RB 30;30;74059;8013445;8013445%2021-12-16T13:43:00.000Z%,8013476,8010085,;426
2021-12-16T14:13:00.000Z;Freital-Potschappel;RB;RB 30;30;74064;8013445;8013445%2021-12-16T14:13:00.000Z%,8011569,8010116,8011570,8013114,8011451,8012044,8012483,8012408,8010115,8012037,8011556,8012550,8011529,8010108,8010253,8013450,8010184,8010185,8011971,8011979,8011980,8011770,8010388,8011904,8010331,8010129,8010130,8012388,8012534,8013433,8010397,;426
2021-12-16T14:43:00.000Z;Freital-Potschappel;RB;RB 30;30;74061;8013445;8013445%2021-12-16T14:43:00.000Z%,8013476,8010085,;426
2021-12-16T15:13:00.000Z;Freital-Potschappel;RB;RB 30;30;74066;8013445;8013445%2021-12-16T15:13:00.000Z%,8011569,8010116,8011570,8013114,8011451,8012044,8012483,8012408,8010115,8012037,8011556,8012550,8011529,8010108,8010253,8013450,8010184,8010185,8011971,8011979,8011980,8011770,8010388,8011904,8010331,8010129,8010130,8012388,8012534,8013433,8010397,;426
2021-12-16T15:43:00.000Z;Freital-Potschappel;RB;RB 30;30;74063;8013445;8013445%2021-12-16T15:43:00.000Z%,8013476,8010085,;426
2021-12-15T20:27:00.000Z;Camburg(Saale);RB;RB 25;25;74684;8013474;8013474%2021-12-15T20:27:00.000Z%0,8011406,8012663,8011958,8011058,8011956,8010133,8012811,8011985,8010264,8013398,8013164,8010306,8010307,8010309,;426
2021-12-15T20:32:00.000Z;Camburg(Saale);RB;RB 25;25;74687;8013474;8013474%2021-12-15T20:32:00.000Z%0,8010019,8010240,8012199,8010368,8010146,8012212,8012211,8010232,8012867,8010162,8010159,;426
2021-12-15T21:27:00.000Z;Camburg(Saale);RB;RB 25;25;74686;8013474;8013474%2021-12-15T21:27:00.000Z%0,8011406,8012663,8011958,8011058,8011956,8010133,8012811,8011985,8010264,8013398,8013164,8010306,8010307,8010309,;426
2021-12-15T21:32:00.000Z;Camburg(Saale);RB;RB 25;25;74689;8013474;8013474%2021-12-15T21:32:00.000Z%0,8010019,8010240,8012199,8010368,8010146,8012212,8012211,8010232,8012867,8010162,8010159,;426
2021-12-15T22:27:00.000Z;Camburg(Saale);RB;RB 25;25;74688;8013474;8013474%2021-12-15T22:27:00.000Z%0,8011406,8012663,8011958,8011058,8011956,8010133,8012811,8011985,8010264,8013398,8013164,8010306,8010307,8010309,;426
2021-12-15T22:32:00.000Z;Camburg(Saale);RB;RB 25;25;74691;8013474;8013474%2021-12-15T22:32:00.000Z%0,8010019,8010240,;426
2021-12-15T23:27:00.000Z;Camburg(Saale);RB;RB 25;25;74690;8013474;8013474%2021-12-15T23:27:00.000Z%,8011406,8012663,8011958,8011058,8011956,8010133,;426
2021-12-16T04:14:00.000Z;Camburg(Saale);RE;RE 18;18;16899;8013474;8013474%2021-12-16T04:14:00.000Z%,8011406,8012663,8011958,8011058,8011956,8010133,;602
2021-12-16T04:28:00.000Z;Camburg(Saale);RB;RB 25;25;74655;8013474;8013474%2021-12-16T04:28:00.000Z%,8010019,8010240,8012199,8010368,8010146,8012212,8012211,8010232,8012867,8010162,8010159,;426
2021-12-16T05:11:00.000Z;Camburg(Saale);RE;RE 18;18;16898;8013474;8013474%2021-12-16T05:11:00.000Z%,8010019,8010240,8010368,8010232,8010159,;602
2021-12-16T05:16:00.000Z;Camburg(Saale);RE;RE 42;42;4980;8013474;8013474%2021-12-16T05:16:00.000Z%,8010240,8010368,8010205,;602
2021-12-16T05:27:00.000Z;Camburg(Saale);RB;RB 25;25;74654;8013474;8013474%2021-12-16T05:27:00.000Z%,8011406,8012663,8011958,8011058,8011956,8010133,8012811,8011985,8010264,8013398,8013164,8010306,8010307,8010309,;426
2021-12-16T05:32:00.000Z;Camburg(Saale);RB;RB 25;25;74657;8013474;8013474%2021-12-16T05:32:00.000Z%,8010019,8010240,8012199,8010368,8010146,8012212,8012211,8010232,8012867,8010162,8010159,;426
2021-12-16T05:49:00.000Z;Camburg(Saale);RE;RE 42;42;4983;8013474;8013474%2021-12-16T05:49:00.000Z%,8011406,8012663,8011958,8011058,8011956,8010133,8012811,8011985,8010264,8013398,8013164,8010306,8010307,8010309,8011267,8012000,8013171,8010288,8003770,8005692,8002020,8004881,8005737,8002467,8003446,8004319,8003472,8004979,8002878,8004011,8000228,8005670,8001623,8006634,8001149,8000025,8002853,8002024,8001844,8000114,8000284,;602
2021-12-16T05:52:00.000Z;Camburg(Saale);RB;RB 25;25;74697;8013474;8013474%2021-12-16T05:52:00.000Z%,8010019,8010240,;426
2021-12-16T06:27:00.000Z;Camburg(Saale);RB;RB 25;25;74656;8013474;8013474%2021-12-16T06:27:00.000Z%,8011406,8012663,8011958,8011058,8011956,8010133,8012811,8011985,8010264,8013398,8013164,8010306,8010307,8010309,;426
2021-12-16T06:32:00.000Z;Camburg(Saale);RB;RB 25;25;74659;8013474;8013474%2021-12-16T06:32:00.000Z%,8010019,8010240,8012199,8010368,8010146,8012212,8012211,8010232,8012867,8010162,8010159,;426
2021-12-16T07:27:00.000Z;Camburg(Saale);RB;RB 25;25;74658;8013474;8013474%2021-12-16T07:27:00.000Z%,8011406,8012663,8011958,8011058,8011956,8010133,8012811,8011985,8010264,8013398,8013164,8010306,8010307,8010309,;426
2021-12-16T07:32:00.000Z;Camburg(Saale);RB;RB 25;25;74661;8013474;8013474%2021-12-16T07:32:00.000Z%,8010019,8010240,8012199,8010368,8010146,8012212,8012211,8010232,8012867,8010162,8010159,;426
2021-12-16T08:00:00.000Z;Camburg(Saale);RE;RE 42;42;4982;8013474;8013474%2021-12-16T08:00:00.000Z%,8010240,8010368,8010205,;602
2021-12-16T08:03:00.000Z;Camburg(Saale);RE;RE 42;42;4985;8013474;8013474%2021-12-16T08:03:00.000Z%,8011956,8010133,8011985,8010306,8010307,8010309,8011267,8012000,8013171,8010288,8003770,8005692,8002020,8004881,8005737,8002467,8003446,8004319,8003472,8004979,8002878,8004011,8000228,8005670,8001623,8006634,8001149,8000025,8002853,8002024,8001844,8000114,8000284,;602
2021-12-16T08:27:00.000Z;Camburg(Saale);RB;RB 25;25;74660;8013474;8013474%2021-12-16T08:27:00.000Z%,8011406,8012663,8011958,8011058,8011956,8010133,8012811,8011985,8010264,8013398,8013164,8010306,8010307,8010309,;426
2021-12-16T08:32:00.000Z;Camburg(Saale);RB;RB 25;25;74663;8013474;8013474%2021-12-16T08:32:00.000Z%,8010019,8010240,8012199,8010368,8010146,8012212,8012211,8010232,8012867,8010162,8010159,;426
2021-12-16T09:27:00.000Z;Camburg(Saale);RB;RB 25;25;74662;8013474;8013474%2021-12-16T09:27:00.000Z%,8011406,8012663,8011958,8011058,8011956,8010133,8012811,8011985,8010264,8013398,8013164,8010306,8010307,8010309,;426
2021-12-16T09:32:00.000Z;Camburg(Saale);RB;RB 25;25;74665;8013474;8013474%2021-12-16T09:32:00.000Z%,8010019,8010240,8012199,8010368,8010146,8012212,8012211,8010232,8012867,8010162,8010159,;426
2021-12-16T09:54:00.000Z;Camburg(Saale);RE;RE 42;42;4984;8013474;8013474%2021-12-16T09:54:00.000Z%,8010240,8010368,8010205,;602
2021-12-16T10:03:00.000Z;Camburg(Saale);RE;RE 42;42;4987;8013474;8013474%2021-12-16T10:03:00.000Z%,8011956,8010133,8011985,8010306,8010307,8010309,8011267,8012000,8013171,8010288,8003770,8005692,8002020,8004881,8005737,8002467,8003446,8004319,8003472,8004979,8002878,8004011,8000228,8005670,8001623,8006634,8001149,8000025,8002853,8002024,8001844,8000114,8000284,;602
2021-12-16T10:27:00.000Z;Camburg(Saale);RB;RB 25;25;74664;8013474;8013474%2021-12-16T10:27:00.000Z%,8011406,8012663,8011958,8011058,8011956,8010133,8012811,8011985,8010264,8013398,8013164,8010306,8010307,8010309,;426
2021-12-16T10:32:00.000Z;Camburg(Saale);RB;RB 25;25;74667;8013474;8013474%2021-12-16T10:32:00.000Z%,8010019,8010240,8012199,8010368,8010146,8012212,8012211,8010232,8012867,8010162,8010159,;426
2021-12-16T11:27:00.000Z;Camburg(Saale);RB;RB 25;25;74666;8013474;8013474%2021-12-16T11:27:00.000Z%,8011406,8012663,8011958,8011058,8011956,8010133,8012811,8011985,8010264,8013398,8013164,8010306,8010307,8010309,;426
2021-12-16T11:32:00.000Z;Camburg(Saale);RB;RB 25;25;74669;8013474;8013474%2021-12-16T11:32:00.000Z%,8010019,8010240,8012199,8010368,8010146,8012212,8012211,8010232,8012867,8010162,8010159,;426
2021-12-16T11:54:00.000Z;Camburg(Saale);RE;RE 42;42;4986;8013474;8013474%2021-12-16T11:54:00.000Z%,8010240,8010368,8010205,;602
2021-12-16T12:03:00.000Z;Camburg(Saale);RE;RE 42;42;4989;8013474;8013474%2021-12-16T12:03:00.000Z%,8011956,8010133,8011985,8010306,8010307,8010309,8011267,8012000,8013171,8010288,8003770,8005692,8002020,8004881,8005737,8002467,8003446,8004319,8003472,8004979,8002878,8004011,8000228,8005670,8001623,8006634,8001149,8000025,8002853,8002024,8001844,8000114,8000284,;602
2021-12-16T12:27:00.000Z;Camburg(Saale);RB;RB 25;25;74668;8013474;8013474%2021-12-16T12:27:00.000Z%,8011406,8012663,8011958,8011058,8011956,8010133,8012811,8011985,8010264,8013398,8013164,8010306,8010307,8010309,;426
2021-12-16T12:32:00.000Z;Camburg(Saale);RB;RB 25;25;74671;8013474;8013474%2021-12-16T12:32:00.000Z%,8010019,8010240,8012199,8010368,8010146,8012212,8012211,8010232,8012867,8010162,8010159,;426
2021-12-16T13:27:00.000Z;Camburg(Saale);RB;RB 25;25;74670;8013474;8013474%2021-12-16T13:27:00.000Z%,8011406,8012663,8011958,8011058,8011956,8010133,8012811,8011985,8010264,8013398,8013164,8010306,8010307,8010309,;426
2021-12-16T13:32:00.000Z;Camburg(Saale);RB;RB 25;25;74673;8013474;8013474%2021-12-16T13:32:00.000Z%,8010019,8010240,8012199,8010368,8010146,8012212,8012211,8010232,8012867,8010162,8010159,;426
2021-12-16T14:00:00.000Z;Camburg(Saale);RE;RE 42;42;4988;8013474;8013474%2021-12-16T14:00:00.000Z%,8010240,8010368,8010205,;602
2021-12-16T14:03:00.000Z;Camburg(Saale);RE;RE 42;42;4991;8013474;8013474%2021-12-16T14:03:00.000Z%,8011956,8010133,8011985,8010306,8010307,8010309,8011267,8012000,8013171,8010288,8003770,8005692,8002020,8004881,8005737,8002467,8003446,8004319,8003472,8004979,8002878,8004011,8000228,8005670,8001623,8006634,8001149,8000025,8002853,8002024,8001844,8000114,8000284,;602
2021-12-16T14:27:00.000Z;Camburg(Saale);RB;RB 25;25;74672;8013474;8013474%2021-12-16T14:27:00.000Z%,8011406,8012663,8011958,8011058,8011956,8010133,8012811,8011985,8010264,8013398,8013164,8010306,8010307,8010309,;426
2021-12-16T14:32:00.000Z;Camburg(Saale);RB;RB 25;25;74675;8013474;8013474%2021-12-16T14:32:00.000Z%,8010019,8010240,8012199,8010368,8010146,8012212,8012211,8010232,8012867,8010162,8010159,;426
2021-12-16T15:27:00.000Z;Camburg(Saale);RB;RB 25;25;74674;8013474;8013474%2021-12-16T15:27:00.000Z%,8011406,8012663,8011958,8011058,8011956,8010133,8012811,8011985,8010264,8013398,8013164,8010306,8010307,8010309,;426
2021-12-16T15:32:00.000Z;Camburg(Saale);RB;RB 25;25;74677;8013474;8013474%2021-12-16T15:32:00.000Z%,8010019,8010240,8012199,8010368,8010146,8012212,8012211,8010232,8012867,8010162,8010159,;426
2021-12-16T15:54:00.000Z;Camburg(Saale);RE;RE 42;42;4990;8013474;8013474%2021-12-16T15:54:00.000Z%,8010240,8010368,8010205,;602
2021-12-16T16:03:00.000Z;Camburg(Saale);RE;RE 42;42;4993;8013474;8013474%2021-12-16T16:03:00.000Z%,8011956,8010133,8011985,8010306,8010307,8010309,8011267,8012000,8013171,8010288,8003770,8005692,8002020,8004881,8005737,8002467,8003446,8004319,8003472,8004979,8002878,8004011,8000228,8005670,8001623,8006634,8001149,8000025,8002853,8002024,8001844,8000114,8000284,;602
2021-12-16T16:27:00.000Z;Camburg(Saale);RB;RB 25;25;74676;8013474;8013474%2021-12-16T16:27:00.000Z%,8011406,8012663,8011958,8011058,8011956,8010133,8012811,8011985,8010264,8013398,8013164,8010306,8010307,8010309,;426
2021-12-16T16:32:00.000Z;Camburg(Saale);RB;RB 25;25;74679;8013474;8013474%2021-12-16T16:32:00.000Z%,8010019,8010240,8012199,8010368,8010146,8012212,8012211,8010232,8012867,8010162,8010159,;426
2021-12-16T17:27:00.000Z;Camburg(Saale);RB;RB 25;25;74678;8013474;8013474%2021-12-16T17:27:00.000Z%,8011406,8012663,8011958,8011058,8011956,8010133,8012811,8011985,8010264,8013398,8013164,8010306,8010307,8010309,;426
2021-12-16T17:32:00.000Z;Camburg(Saale);RB;RB 25;25;74681;8013474;8013474%2021-12-16T17:32:00.000Z%,8010019,8010240,8012199,8010368,8010146,8012212,8012211,8010232,8012867,8010162,8010159,;426
2021-12-16T17:54:00.000Z;Camburg(Saale);RE;RE 42;42;4992;8013474;8013474%2021-12-16T17:54:00.000Z%,8010240,8010368,8010205,;602
2021-12-16T18:03:00.000Z;Camburg(Saale);RE;RE 42;42;4995;8013474;8013474%2021-12-16T18:03:00.000Z%,8011956,8010133,8011985,8010306,8010307,8010309,8011267,8012000,8013171,8010288,8003770,8005692,8002020,8004881,8005737,8002467,8003446,8004319,8003472,8004979,8002878,8004011,8000228,;602
2021-12-16T18:27:00.000Z;Camburg(Saale);RB;RB 25;25;74680;8013474;8013474%2021-12-16T18:27:00.000Z%,8011406,8012663,8011958,8011058,8011956,8010133,8012811,8011985,8010264,8013398,8013164,8010306,8010307,8010309,;426
2021-12-16T18:32:00.000Z;Camburg(Saale);RB;RB 25;25;74683;8013474;8013474%2021-12-16T18:32:00.000Z%,8010019,8010240,8012199,8010368,8010146,8012212,8012211,8010232,8012867,8010162,8010159,;426
2021-12-16T19:27:00.000Z;Camburg(Saale);RB;RB 25;25;74682;8013474;8013474%2021-12-16T19:27:00.000Z%,8011406,8012663,8011958,8011058,8011956,8010133,8012811,8011985,8010264,8013398,8013164,8010306,8010307,8010309,;426
2021-12-16T19:32:00.000Z;Camburg(Saale);RB;RB 25;25;74685;8013474;8013474%2021-12-16T19:32:00.000Z%,8010019,8010240,8012199,8010368,8010146,8012212,8012211,8010232,8012867,8010162,8010159,;426
2021-12-16T19:54:00.000Z;Camburg(Saale);RE;RE 42;42;4994;8013474;8013474%2021-12-16T19:54:00.000Z%,8010240,8010368,8010205,;602
2021-12-16T20:03:00.000Z;Camburg(Saale);RE;RE 42;42;4997;8013474;8013474%2021-12-16T20:03:00.000Z%,8011956,8010133,8011985,8010306,8010307,8010309,8011267,8012000,8013171,8010288,8003770,8005692,8002020,8004881,8005737,8002467,8003446,8004319,8003472,8004979,8002878,8004011,8000228,8005670,8001623,8006634,8001640,8001149,8002542,8000025,;602
2021-12-15T20:47:00.000Z;Dresden-Plauen;RB;RB 30;30;74073;8013476;8013476%2021-12-15T20:47:00.000Z%0,8010085,;426
2021-12-15T21:13:00.000Z;Dresden-Plauen;RB;RB 30;30;74078;8013476;8013476%2021-12-15T21:13:00.000Z%0,8013445,8011569,8010116,8011570,8013114,8011451,8012044,8012483,8012408,8010115,8012037,8011556,8012550,8011529,8010108,8010253,8013450,8010184,8010185,8011971,8011979,8011980,8011770,8010388,8011904,8010331,8010129,8010130,8012388,8012534,8013433,8010397,;426
2021-12-15T21:47:00.000Z;Dresden-Plauen;RB;RB 30;30;74075;8013476;8013476%2021-12-15T21:47:00.000Z%0,8010085,;426
2021-12-15T22:09:00.000Z;Dresden-Plauen;RB;RB 45;45;74080;8013476;8013476%2021-12-15T22:09:00.000Z%,8013445,8011569,8010116,8011570,8013114,8011451,8012044,8012483,8012408,8010115,8012037,8011556,8012550,8011529,8010108,8010253,8013450,8010184,;426
2021-12-15T22:47:00.000Z;Dresden-Plauen;RB;RB 30;30;74077;8013476;8013476%2021-12-15T22:47:00.000Z%0,8010085,;426
2021-12-15T23:25:00.000Z;Dresden-Plauen;RB;RB 30;30;74082;8013476;8013476%2021-12-15T23:25:00.000Z%0,8013445,8011569,8010116,8011570,8013114,8011451,8012044,8012483,8012408,8010115,;426
2021-12-15T23:46:00.000Z;Dresden-Plauen;RB;RB 30;30;74079;8013476;8013476%2021-12-15T23:46:00.000Z%0,8010085,;426
2021-12-16T04:10:00.000Z;Dresden-Plauen;RB;RB 30;30;74044;8013476;8013476%2021-12-16T04:10:00.000Z%,8013445,8011569,8010116,8011570,8013114,8011451,8012044,8012483,8012408,8010115,8012037,8011556,8012550,8011529,8010108,8010253,8013450,8010184,8010185,8011971,8011979,8011980,8011770,8010388,8011904,8010331,8010129,8010130,8012388,8012534,8013433,8010397,;426
2021-12-16T04:47:00.000Z;Dresden-Plauen;RB;RB 30;30;74041;8013476;8013476%2021-12-16T04:47:00.000Z%,8010085,;426
2021-12-16T05:09:00.000Z;Dresden-Plauen;RB;RB 30;30;74046;8013476;8013476%2021-12-16T05:09:00.000Z%,8013445,8011569,8010116,8011570,8013114,8011451,8012044,8012483,8012408,8010115,8012037,8011556,8012550,8011529,8010108,8010253,8013450,8010184,;426
2021-12-16T05:47:00.000Z;Dresden-Plauen;RB;RB 30;30;74043;8013476;8013476%2021-12-16T05:47:00.000Z%,8010085,;426
2021-12-16T06:09:00.000Z;Dresden-Plauen;RB;RB 30;30;74048;8013476;8013476%2021-12-16T06:09:00.000Z%,8013445,8011569,8010116,8011570,8013114,8011451,8012044,8012483,8012408,8010115,8012037,8011556,8012550,8011529,8010108,8010253,8013450,8010184,;426
2021-12-15T20:27:00.000Z;Radebeul-Naundorf;RB;RB 31;31;18038;8013490;8013490%2021-12-15T20:50:00.000Z%23,8010072,8013267,8012482,8010285,8011749,8013368,8011563,8012681,8010099,;426
2021-12-15T21:25:00.000Z;Radebeul-Naundorf;RB;RB 31;31;18039;8013490;8013490%2021-12-15T21:25:00.000Z%0,8012503,8011320,8011425,8011421,8011419,8013475,8010085,;426
2021-12-16T04:25:00.000Z;Radebeul-Naundorf;RB;RB 31;31;18001;8013490;8013490%2021-12-16T04:25:00.000Z%,8012503,8011320,8011425,8011421,8011419,8013475,8010085,;426
2021-12-16T04:27:00.000Z;Radebeul-Naundorf;RB;RB 31;31;18002;8013490;8013490%2021-12-16T04:27:00.000Z%,8010072,8013267,8012482,8010285,8011749,8013368,8011563,8012681,8010099,8010100,;426
2021-12-16T04:57:00.000Z;Radebeul-Naundorf;RB;RB 31;31;18004;8013490;8013490%2021-12-16T04:57:00.000Z%,8010072,;426
2021-12-16T05:09:00.000Z;Radebeul-Naundorf;RB;RB 31;31;18003;8013490;8013490%2021-12-16T05:09:00.000Z%,8012503,8011320,8011425,8011421,8011419,8013475,8010085,;426
2021-12-16T05:25:00.000Z;Radebeul-Naundorf;RB;RB 31;31;18005;8013490;8013490%2021-12-16T05:25:00.000Z%,8012503,8011320,8011425,8011421,8011419,8013475,8010085,;426
2021-12-16T05:27:00.000Z;Radebeul-Naundorf;RB;RB 31;31;18006;8013490;8013490%2021-12-16T05:27:00.000Z%,8010072,8013267,8012482,8010285,8011749,8013368,8011563,8012681,8010099,8010100,;426
2021-12-16T05:57:00.000Z;Radebeul-Naundorf;RB;RB 31;31;18008;8013490;8013490%2021-12-16T05:57:00.000Z%,8010072,;426
2021-12-16T06:09:00.000Z;Radebeul-Naundorf;RB;RB 31;31;18007;8013490;8013490%2021-12-16T06:09:00.000Z%,8012503,8011320,8011425,8011421,8011419,8013475,8010085,;426
2021-12-16T06:25:00.000Z;Radebeul-Naundorf;RB;RB 31;31;18009;8013490;8013490%2021-12-16T06:25:00.000Z%,8012503,8011320,8011425,8011421,8011419,8013475,8010085,;426
2021-12-16T06:27:00.000Z;Radebeul-Naundorf;RB;RB 31;31;18010;8013490;8013490%2021-12-16T06:27:00.000Z%,8010072,8013267,8012482,8010285,8011749,8013368,8011563,8012681,8010099,8010100,;426
2021-12-16T07:25:00.000Z;Radebeul-Naundorf;RB;RB 31;31;18011;8013490;8013490%2021-12-16T07:25:00.000Z%,8012503,8011320,8011425,8011421,8011419,8013475,8010085,;426
2021-12-16T08:27:00.000Z;Radebeul-Naundorf;RB;RB 31;31;18014;8013490;8013490%2021-12-16T08:27:00.000Z%,8010072,8013267,8012482,8010285,8011749,8013368,8011563,8012681,8010099,8010100,;426
2021-12-16T09:25:00.000Z;Radebeul-Naundorf;RB;RB 31;31;18015;8013490;8013490%2021-12-16T09:25:00.000Z%,8012503,8011320,8011425,8011421,8011419,8013475,8010085,;426
2021-12-16T10:27:00.000Z;Radebeul-Naundorf;RB;RB 31;31;18018;8013490;8013490%2021-12-16T10:27:00.000Z%,8010072,8013267,8012482,8010285,8011749,8013368,8011563,8012681,8010099,8010100,;426
2021-12-16T11:25:00.000Z;Radebeul-Naundorf;RB;RB 31;31;18019;8013490;8013490%2021-12-16T11:25:00.000Z%,8012503,8011320,8011425,8011421,8011419,8013475,8010085,;426
2021-12-16T12:27:00.000Z;Radebeul-Naundorf;RB;RB 31;31;18022;8013490;8013490%2021-12-16T12:27:00.000Z%,8010072,8013267,8012482,8010285,8011749,8013368,8011563,8012681,8010099,8010100,;426
2021-12-16T13:25:00.000Z;Radebeul-Naundorf;RB;RB 31;31;18023;8013490;8013490%2021-12-16T13:25:00.000Z%,8012503,8011320,8011425,8011421,8011419,8013475,8010085,;426
2021-12-16T13:27:00.000Z;Radebeul-Naundorf;RB;RB 31;31;18024;8013490;8013490%2021-12-16T13:27:00.000Z%,8010072,8013267,8012482,8010285,8011749,;426
2021-12-16T14:25:00.000Z;Radebeul-Naundorf;RB;RB 31;31;18025;8013490;8013490%2021-12-16T14:25:00.000Z%,8012503,8011320,8011425,8011421,8011419,8013475,8010085,;426
2021-12-16T14:27:00.000Z;Radebeul-Naundorf;RB;RB 31;31;18026;8013490;8013490%2021-12-16T14:27:00.000Z%,8010072,8013267,8012482,8010285,8011749,8013368,8011563,8012681,8010099,8010100,;426
2021-12-16T15:25:00.000Z;Radebeul-Naundorf;RB;RB 31;31;18027;8013490;8013490%2021-12-16T15:25:00.000Z%,8012503,8011320,8011425,8011421,8011419,8013475,8010085,;426
2021-12-16T15:27:00.000Z;Radebeul-Naundorf;RB;RB 31;31;18028;8013490;8013490%2021-12-16T15:27:00.000Z%,8010072,8013267,8012482,8010285,8011749,8013368,8011563,8012681,8010099,8010100,;426
2021-12-16T16:25:00.000Z;Radebeul-Naundorf;RB;RB 31;31;18029;8013490;8013490%2021-12-16T16:25:00.000Z%,8012503,8011320,8011425,8011421,8011419,8013475,8010085,;426
2021-12-16T16:27:00.000Z;Radebeul-Naundorf;RB;RB 31;31;18030;8013490;8013490%2021-12-16T16:27:00.000Z%,8010072,8013267,8012482,8010285,8011749,8013368,8011563,8012681,8010099,8010100,;426
2021-12-16T17:25:00.000Z;Radebeul-Naundorf;RB;RB 31;31;18031;8013490;8013490%2021-12-16T17:25:00.000Z%,8012503,8011320,8011425,8011421,8011419,8013475,8010085,;426
2021-12-16T18:27:00.000Z;Radebeul-Naundorf;RB;RB 31;31;18034;8013490;8013490%2021-12-16T18:27:00.000Z%,8010072,8013267,8012482,8010285,8011749,8013368,8011563,8012681,8010099,8010100,;426
2021-12-16T19:25:00.000Z;Radebeul-Naundorf;RB;RB 31;31;18035;8013490;8013490%2021-12-16T19:25:00.000Z%,8012503,8011320,8011425,8011421,8011419,8013475,8010085,;426
2021-12-15T20:52:00.000Z;Untergrainau;RB;RB 60;60;5535;8017042;8017042%2021-12-15T20:53:00.000Z%1,8002188,8002187,;426
2021-12-16T05:14:00.000Z;Untergrainau;RB;RB 60;60;5503;8017042;8017042%2021-12-16T05:14:00.000Z%,8002188,8002187,;426
2021-12-16T05:43:00.000Z;Untergrainau;RB;RB 60;60;5502;8017042;8017042%2021-12-16T05:43:00.000Z%,8017041,8100089,8100552,8100553,8100114,8100550,8101912,8100115,;426
2021-12-16T06:48:00.000Z;Untergrainau;RB;RB 60;60;5505;8017042;8017042%2021-12-16T06:48:00.000Z%,8002188,8002187,;426
2021-12-16T07:10:00.000Z;Untergrainau;RB;RB 60;60;5508;8017042;8017042%2021-12-16T07:10:00.000Z%,8017041,8100089,8100552,8100553,8100114,8101972,8100550,8101912,8100115,8100556,8100555,8100558,8102260,8004807,;426
2021-12-16T07:48:00.000Z;Untergrainau;RB;RB 60;60;5507;8017042;8017042%2021-12-16T07:48:00.000Z%,8002188,8002187,8001961,8004506,8001880,8004662,8004185,8005948,8003024,8000220,8005927,8004158,8098261,;426
2021-12-16T08:10:00.000Z;Untergrainau;RB;RB 60;60;5510;8017042;8017042%2021-12-16T08:10:00.000Z%,8100089,8100552,8100553,8100114,8101972,8100550,8101912,8100115,8100556,8100555,8100558,8102260,8004807,;426
2021-12-16T08:48:00.000Z;Untergrainau;RB;RB 60;60;5511;8017042;8017042%2021-12-16T08:48:00.000Z%,8002188,8002187,8001961,8004506,8001880,8004662,8004185,8005948,8003024,8000220,8005927,8004158,8098261,;426
2021-12-16T09:10:00.000Z;Untergrainau;RB;RB 60;60;5512;8017042;8017042%2021-12-16T09:10:00.000Z%,8017041,8100089,8100552,8100553,8100114,8101972,8100550,8101912,8100115,8100556,8100555,8100558,8102260,8004807,;426
2021-12-16T10:48:00.000Z;Untergrainau;RB;RB 60;60;5513;8017042;8017042%2021-12-16T10:48:00.000Z%,8002188,8002187,;426
2021-12-16T11:10:00.000Z;Untergrainau;RB;RB 60;60;5514;8017042;8017042%2021-12-16T11:10:00.000Z%,8017041,8100089,8100552,8100553,8100114,8101972,8100550,8101912,8100115,8100556,8100555,8100558,8102260,8004807,;426
2021-12-16T11:48:00.000Z;Untergrainau;RB;RB 60;60;5515;8017042;8017042%2021-12-16T11:48:00.000Z%,8002188,8002187,8001961,8004506,8001880,8004662,8004185,8005948,8003024,8000220,8005927,8004158,8098261,;426
2021-12-16T12:10:00.000Z;Untergrainau;RB;RB 60;60;5516;8017042;8017042%2021-12-16T12:10:00.000Z%,8100089,8100552,8100553,8100114,8101972,8100550,8101912,8100115,8100556,8100555,8100558,8102260,8004807,;426
2021-12-16T12:48:00.000Z;Untergrainau;RB;RB 60;60;5517;8017042;8017042%2021-12-16T12:48:00.000Z%,8002188,8002187,8001961,8004506,8001880,8004662,8004185,8005948,8003024,8000220,8005927,8004158,8098261,;426
2021-12-16T13:10:00.000Z;Untergrainau;RB;RB 60;60;5518;8017042;8017042%2021-12-16T13:10:00.000Z%,8017041,8100089,8100552,8100553,8100114,8101972,8100550,8101912,8100115,8100556,8100555,8100558,8102260,8004807,;426
2021-12-16T14:48:00.000Z;Untergrainau;RB;RB 60;60;5521;8017042;8017042%2021-12-16T14:48:00.000Z%,8002188,8002187,;426
2021-12-16T15:10:00.000Z;Untergrainau;RB;RB 60;60;5522;8017042;8017042%2021-12-16T15:10:00.000Z%,8017041,8100089,8100552,8100553,8100114,8101972,8100550,8101912,8100115,8100556,8100555,8100558,8102260,8004807,;426
2021-12-16T15:48:00.000Z;Untergrainau;RB;RB 60;60;5523;8017042;8017042%2021-12-16T15:48:00.000Z%,8002188,8002187,8001961,8004506,8001880,8004662,8004185,8005948,8003024,8000220,8005927,8004158,8098261,;426
2021-12-16T16:10:00.000Z;Untergrainau;RB;RB 60;60;5526;8017042;8017042%2021-12-16T16:10:00.000Z%,8100089,8100552,8100553,8100114,8101972,8100550,8101912,8100115,8100556,8100555,8100558,8102260,8004807,;426
2021-12-16T16:48:00.000Z;Untergrainau;RB;RB 60;60;5527;8017042;8017042%2021-12-16T16:48:00.000Z%,8002188,8002187,8001961,8004506,8001880,8004662,8004185,8005948,8003024,8000220,8005927,8004158,8098261,;426
2021-12-16T17:10:00.000Z;Untergrainau;RB;RB 60;60;5528;8017042;8017042%2021-12-16T17:10:00.000Z%,8017041,8100089,8100552,8100553,8100114,8100550,8101912,8100115,8100556,8100555,8100558,8102260,8004807,;426
2021-12-16T17:48:00.000Z;Untergrainau;RB;RB 60;60;5529;8017042;8017042%2021-12-16T17:48:00.000Z%,8002188,8002187,;426
2021-12-16T18:10:00.000Z;Untergrainau;RB;RB 60;60;5532;8017042;8017042%2021-12-16T18:10:00.000Z%,8100089,8100552,8100553,8100114,8100550,8101912,8100115,8100556,8100555,8100558,8102260,8004807,;426
2021-12-16T18:48:00.000Z;Untergrainau;RB;RB 60;60;5533;8017042;8017042%2021-12-16T18:48:00.000Z%,8002188,8002187,8001961,8004506,8001880,8004662,8004185,8005948,8003024,8000220,8005927,8004158,8098261,;426
2021-12-16T19:10:00.000Z;Untergrainau;RB;RB 60;60;5534;8017042;8017042%2021-12-16T19:10:00.000Z%,8017041,8100089,8100552,8100553,8100114,8100550,8101912,8100115,8100556,8100555,8100558,8102260,8004807,;426
2021-12-16T04:13:00.000Z;Heidenheim Voithwerk;RB;RB 50;50;17388;8070005;8070005%2021-12-16T04:13:00.000Z%,8002689,8002691,8003103,8003378,8004549,8005997,8000002,;426
2021-12-16T05:23:00.000Z;Heidenheim Voithwerk;RE;RE 50;50;3270;8070005;8070005%2021-12-16T05:23:00.000Z%,8002689,8003378,8004549,8000002,;602
2021-12-15T20:44:00.000Z;Marienheide;RB;RB 25;25;10578;8070483;8070483%2021-12-15T21:13:00.000Z%29,8003950,8003297,8002535,8001213,8003782,;426
2021-12-15T21:12:00.000Z;Marienheide;RB;RB 25;25;10587;8070483;8070483%2021-12-15T21:13:00.000Z%1,8002462,8000363,8005218,8001789,8004739,8002988,8002932,8005134,8005143,8003358,8003320,8003368,8000207,8003392,;426
2021-12-15T21:44:00.000Z;Marienheide;RB;RB 25;25;10582;8070483;8070483%2021-12-15T21:45:00.000Z%1,8003950,;426
2021-12-15T22:12:00.000Z;Marienheide;RB;RB 25;25;10591;8070483;8070483%2021-12-15T22:12:00.000Z%,8002462,8000363,;426
2021-12-15T22:44:00.000Z;Marienheide;RB;RB 25;25;10586;8070483;8070483%2021-12-15T22:44:00.000Z%,8003950,;426
2021-12-16T03:44:00.000Z;Marienheide;RB;RB 25;25;10500;8070483;8070483%2021-12-16T03:44:00.000Z%,8003950,8003297,8002535,8001213,8003782,;426
2021-12-16T04:40:00.000Z;Marienheide;RB;RB 25;25;10507;8070483;8070483%2021-12-16T04:40:00.000Z%,8002462,8000363,8005218,8001789,8004739,8002988,8002932,8005134,8005143,8003358,8003320,8003368,8000207,8003392,;426
2021-12-16T04:44:00.000Z;Marienheide;RB;RB 25;25;10502;8070483;8070483%2021-12-16T04:44:00.000Z%,8003950,8003297,8002535,8001213,8003782,;426
2021-12-16T05:12:00.000Z;Marienheide;RB;RB 25;25;10511;8070483;8070483%2021-12-16T05:12:00.000Z%,8002462,8000363,8005218,8001789,8004739,8002932,8005134,8005143,8003358,8003320,8003368,8000207,8003392,;426
2021-12-16T05:44:00.000Z;Marienheide;RB;RB 25;25;10510;8070483;8070483%2021-12-16T05:44:00.000Z%,8003950,8003297,8002535,8001213,8003782,;426
2021-12-16T06:04:00.000Z;Marienheide;RB;RB 25;25;10519;8070483;8070483%2021-12-16T06:04:00.000Z%,8002462,8000363,8005218,8001789,8004739,8002988,8002932,8005134,8005143,8003358,8003320,8003368,8000207,8003392,;426
2021-12-16T06:26:00.000Z;Marienheide;RB;RB 25;25;10523;8070483;8070483%2021-12-16T06:26:00.000Z%,8002462,8000363,8005218,8001789,8004739,8002988,8002932,8005134,8005143,8003358,8003320,8003368,8000207,8003392,;426
2021-12-16T06:44:00.000Z;Marienheide;RB;RB 25;25;10518;8070483;8070483%2021-12-16T06:44:00.000Z%,8003950,8003297,8002535,8001213,8003782,;426
2021-12-16T07:12:00.000Z;Marienheide;RB;RB 25;25;10525;8070483;8070483%2021-12-16T07:12:00.000Z%,8002462,8000363,8005218,8001789,8004739,8002988,8002932,8005134,8005143,8003358,8003320,8003368,8000207,8003392,;426
2021-12-16T07:44:00.000Z;Marienheide;RB;RB 25;25;10524;8070483;8070483%2021-12-16T07:44:00.000Z%,8003950,8003297,8002535,8001213,8003782,;426
2021-12-16T08:12:00.000Z;Marienheide;RB;RB 25;25;10531;8070483;8070483%2021-12-16T08:12:00.000Z%,8002462,8000363,8005218,8001789,8004739,8002988,8002932,8005134,8005143,8003358,8003320,8003368,8000207,8003392,;426
2021-12-16T08:44:00.000Z;Marienheide;RB;RB 25;25;10528;8070483;8070483%2021-12-16T08:44:00.000Z%,8003950,8003297,8002535,8001213,8003782,;426
2021-12-16T09:12:00.000Z;Marienheide;RB;RB 25;25;10535;8070483;8070483%2021-12-16T09:12:00.000Z%,8002462,8000363,8005218,8001789,8004739,8002988,8002932,8005134,8005143,8003358,8003320,8003368,8000207,8003392,;426
2021-12-16T09:44:00.000Z;Marienheide;RB;RB 25;25;10532;8070483;8070483%2021-12-16T09:44:00.000Z%,8003950,8003297,8002535,8001213,8003782,;426
2021-12-16T10:12:00.000Z;Marienheide;RB;RB 25;25;10539;8070483;8070483%2021-12-16T10:12:00.000Z%,8002462,8000363,8005218,8001789,8004739,8002988,8002932,8005134,8005143,8003358,8003320,8003368,8000207,8003392,;426
2021-12-16T10:44:00.000Z;Marienheide;RB;RB 25;25;10536;8070483;8070483%2021-12-16T10:44:00.000Z%,8003950,8003297,8002535,8001213,8003782,;426
2021-12-16T11:12:00.000Z;Marienheide;RB;RB 25;25;10543;8070483;8070483%2021-12-16T11:12:00.000Z%,8002462,8000363,8005218,8001789,8004739,8002988,8002932,8005134,8005143,8003358,8003320,8003368,8000207,8003392,;426
2021-12-16T11:44:00.000Z;Marienheide;RB;RB 25;25;10540;8070483;8070483%2021-12-16T11:44:00.000Z%,8003950,8003297,8002535,8001213,8003782,;426
2021-12-16T12:12:00.000Z;Marienheide;RB;RB 25;25;10547;8070483;8070483%2021-12-16T12:12:00.000Z%,8002462,8000363,8005218,8001789,8004739,8002988,8002932,8005134,8005143,8003358,8003320,8003368,8000207,8003392,;426
2021-12-16T12:44:00.000Z;Marienheide;RB;RB 25;25;10544;8070483;8070483%2021-12-16T12:44:00.000Z%,8003950,8003297,8002535,8001213,8003782,;426
2021-12-16T13:12:00.000Z;Marienheide;RB;RB 25;25;10551;8070483;8070483%2021-12-16T13:12:00.000Z%,8002462,8000363,8005218,8001789,8004739,8002988,8002932,8005134,8005143,8003358,8003320,8003368,8000207,8003392,;426
2021-12-16T13:44:00.000Z;Marienheide;RB;RB 25;25;10548;8070483;8070483%2021-12-16T13:44:00.000Z%,8003950,8003297,8002535,8001213,8003782,;426
2021-12-16T14:12:00.000Z;Marienheide;RB;RB 25;25;10555;8070483;8070483%2021-12-16T14:12:00.000Z%,8002462,8000363,8005218,8001789,8004739,8002988,8002932,8005134,8005143,8003358,8003320,8003368,8000207,8003392,;426
2021-12-16T14:44:00.000Z;Marienheide;RB;RB 25;25;10552;8070483;8070483%2021-12-16T14:44:00.000Z%,8003950,8003297,8002535,8001213,8003782,;426
2021-12-16T15:12:00.000Z;Marienheide;RB;RB 25;25;10561;8070483;8070483%2021-12-16T15:12:00.000Z%,8002462,8000363,8005218,8001789,8004739,8002988,8002932,8005134,8005143,8003358,8003320,8003368,8000207,8003392,;426
2021-12-16T15:44:00.000Z;Marienheide;RB;RB 25;25;10556;8070483;8070483%2021-12-16T15:44:00.000Z%,8003950,8003297,8002535,8001213,8003782,;426
2021-12-16T16:12:00.000Z;Marienheide;RB;RB 25;25;10565;8070483;8070483%2021-12-16T16:12:00.000Z%,8002462,8000363,8005218,8001789,8004739,8002988,8002932,8005134,8005143,8003358,8003320,8003368,8000207,8003392,;426
2021-12-16T16:44:00.000Z;Marienheide;RB;RB 25;25;10560;8070483;8070483%2021-12-16T16:44:00.000Z%,8003950,8003297,8002535,8001213,8003782,;426
2021-12-16T17:12:00.000Z;Marienheide;RB;RB 25;25;10569;8070483;8070483%2021-12-16T17:12:00.000Z%,8002462,8000363,8005218,8001789,8004739,8002988,8002932,8005134,8005143,8003358,8003320,8003368,8000207,8003392,;426
2021-12-16T17:44:00.000Z;Marienheide;RB;RB 25;25;10566;8070483;8070483%2021-12-16T17:44:00.000Z%,8003950,8003297,8002535,8001213,8003782,;426
2021-12-16T18:12:00.000Z;Marienheide;RB;RB 25;25;10573;8070483;8070483%2021-12-16T18:12:00.000Z%,8002462,8000363,8005218,8001789,8004739,8002988,8002932,8005134,8005143,8003358,8003320,8003368,8000207,8003392,;426
2021-12-16T18:44:00.000Z;Marienheide;RB;RB 25;25;10570;8070483;8070483%2021-12-16T18:44:00.000Z%,8003950,8003297,8002535,8001213,8003782,;426
2021-12-16T19:12:00.000Z;Marienheide;RB;RB 25;25;10579;8070483;8070483%2021-12-16T19:12:00.000Z%,8002462,8000363,8005218,8001789,8004739,8002988,8002932,8005134,8005143,8003358,8003320,8003368,8000207,8003392,;426
2021-12-16T19:44:00.000Z;Marienheide;RB;RB 25;25;10574;8070483;8070483%2021-12-16T19:44:00.000Z%,8003950,8003297,8002535,8001213,8003782,;426
2021-12-16T20:12:00.000Z;Marienheide;RB;RB 25;25;10583;8070483;8070483%2021-12-16T20:12:00.000Z%,8002462,8000363,8005218,8001789,8004739,8002988,8002932,8005134,8005143,8003358,8003320,8003368,8000207,8003392,;426
2021-12-16T03:07:00.000Z;Zielitz Ort;RE;RE 20;20;16200;8073410;8073410%2021-12-16T03:07:00.000Z%,8011042,8012295,8013083,8011355,8010334,8013039,8012014,8010172,8011277,8011545,8012673,8010310,8000440,8000445,8006402,8005682,8000168,;602
2021-12-15T20:36:00.000Z;Nohfelden;RB;RB 73;73;76731;8079083;8079083%2021-12-15T20:36:00.000Z%0,8004253,;426
2021-12-15T21:07:00.000Z;Nohfelden;RB;RB 73;73;76744;8079083;8079083%2021-12-15T21:07:00.000Z%0,8000154,8006170,8004199,8002929,8000792,8005659,8004555,8004392,8000875,8006392,8000272,8003516,8000967,8002132,8002117,8005797,8005796,8001570,8003108,8000323,;426
2021-12-16T04:18:00.000Z;Nohfelden;RB;RB 73;73;76741;8079083;8079083%2021-12-16T04:18:00.000Z%,8004253,;426
2021-12-16T04:38:00.000Z;Nohfelden;RB;RB 73;73;76706;8079083;8079083%2021-12-16T04:38:00.000Z%,8000154,8006170,8004199,8002929,8000792,8005659,8004555,8004392,8000875,8006392,8000272,8003516,8000967,8002132,8002117,8005797,8005796,8001570,8003108,8000323,8001990,8004909,8003980,8000378,8005346,8000272,;426
2021-12-16T05:18:00.000Z;Nohfelden;RB;RB 73;73;76701;8079083;8079083%2021-12-16T05:18:00.000Z%,8004253,;426
2021-12-16T05:29:00.000Z;Nohfelden;RB;RB 33;33;29500;8079083;8079083%2021-12-16T05:29:00.000Z%,8000154,8006170,8004199,8002929,8000792,8005659,8000875,8000272,8000323,;426
2021-12-16T06:00:00.000Z;Nohfelden;RB;RB 73;73;76712;8079083;8079083%2021-12-16T06:00:00.000Z%,8000154,8006170,8004199,8002929,8000792,8005659,8004555,8004392,8000875,8000272,8003516,8005796,8001570,8000323,;426
2021-12-16T06:23:00.000Z;Nohfelden;RB;RB 73;73;76703;8079083;8079083%2021-12-16T06:23:00.000Z%,8004253,;426
2021-12-16T07:00:00.000Z;Nohfelden;RB;RB 73;73;76714;8079083;8079083%2021-12-16T07:00:00.000Z%,8000154,8006170,8004199,8002929,8000792,8005659,8004555,8004392,8000875,8006392,8000272,8003516,8000967,8002132,8002117,8005797,8005796,8001570,8003108,8000323,;426
2021-12-16T07:46:00.000Z;Nohfelden;RB;RB 73;73;12841;8079083;8079083%2021-12-16T07:46:00.000Z%,8004253,;426
2021-12-16T08:07:00.000Z;Nohfelden;RB;RB 73;73;12840;8079083;8079083%2021-12-16T08:07:00.000Z%,8000154,8006170,8004199,8002929,8000792,8005659,8004555,8004392,8000875,8006392,8000272,8003516,8000967,8002132,8002117,8005797,8005796,8001570,8003108,8000323,;426
2021-12-16T08:46:00.000Z;Nohfelden;RB;RB 73;73;76707;8079083;8079083%2021-12-16T08:46:00.000Z%,8004253,;426
2021-12-16T09:07:00.000Z;Nohfelden;RB;RB 73;73;76718;8079083;8079083%2021-12-16T09:07:00.000Z%,8000154,8006170,8004199,8002929,8000792,8005659,8004555,8004392,8000875,8006392,8000272,8003516,8000967,8002132,8002117,8005797,8005796,8001570,8003108,8000323,;426
2021-12-16T09:46:00.000Z;Nohfelden;RB;RB 73;73;12843;8079083;8079083%2021-12-16T09:46:00.000Z%,8004253,;426
2021-12-16T10:07:00.000Z;Nohfelden;RB;RB 73;73;12842;8079083;8079083%2021-12-16T10:07:00.000Z%,8000154,8006170,8004199,8002929,8000792,8005659,8004555,8004392,8000875,8006392,8000272,8003516,8000967,8002132,8002117,8005797,8005796,8001570,8003108,8000323,;426
2021-12-16T10:46:00.000Z;Nohfelden;RB;RB 73;73;12845;8079083;8079083%2021-12-16T10:46:00.000Z%,8004253,;426
2021-12-16T11:07:00.000Z;Nohfelden;RB;RB 73;73;12844;8079083;8079083%2021-12-16T11:07:00.000Z%,8000154,8006170,8004199,8002929,8000792,8005659,8004555,8004392,8000875,8006392,8000272,8003516,8000967,8002132,8002117,8005797,8005796,8001570,8003108,8000323,;426
2021-12-16T11:46:00.000Z;Nohfelden;RB;RB 73;73;76713;8079083;8079083%2021-12-16T11:46:00.000Z%,8004253,;426
2021-12-16T12:07:00.000Z;Nohfelden;RB;RB 73;73;76724;8079083;8079083%2021-12-16T12:07:00.000Z%,8000154,8006170,8004199,8002929,8000792,8005659,8004555,8004392,8000875,8006392,8000272,8003516,8000967,8002132,8002117,8005797,8005796,8001570,8003108,8000323,;426
2021-12-16T12:46:00.000Z;Nohfelden;RB;RB 73;73;76715;8079083;8079083%2021-12-16T12:46:00.000Z%,8004253,;426
2021-12-16T13:07:00.000Z;Nohfelden;RB;RB 73;73;76726;8079083;8079083%2021-12-16T13:07:00.000Z%,8000154,8006170,8004199,8002929,8000792,8005659,8004555,8004392,8000875,8006392,8000272,8003516,8000967,8002132,8002117,8005797,8005796,8001570,8003108,8000323,;426
2021-12-16T13:46:00.000Z;Nohfelden;RB;RB 73;73;76717;8079083;8079083%2021-12-16T13:46:00.000Z%,8004253,;426
2021-12-16T14:07:00.000Z;Nohfelden;RB;RB 73;73;76728;8079083;8079083%2021-12-16T14:07:00.000Z%,8000154,8006170,8004199,8002929,8000792,8005659,8004555,8004392,8000875,8006392,8000272,8003516,8000967,8002132,8002117,8005797,8005796,8001570,8003108,8000323,;426
2021-12-16T14:46:00.000Z;Nohfelden;RB;RB 73;73;76719;8079083;8079083%2021-12-16T14:46:00.000Z%,8004253,;426
2021-12-16T15:07:00.000Z;Nohfelden;RB;RB 73;73;76730;8079083;8079083%2021-12-16T15:07:00.000Z%,8000154,8006170,8004199,8002929,8000792,8005659,8004555,8004392,8000875,8006392,8000272,8003516,8000967,8002132,8002117,8005797,8005796,8001570,8003108,8000323,;426
2021-12-16T15:46:00.000Z;Nohfelden;RB;RB 73;73;76721;8079083;8079083%2021-12-16T15:46:00.000Z%,8004253,;426
2021-12-16T16:07:00.000Z;Nohfelden;RB;RB 73;73;76732;8079083;8079083%2021-12-16T16:07:00.000Z%,8000154,8006170,8004199,8002929,8000792,8005659,8004555,8004392,8000875,8006392,8000272,8003516,8000967,8002132,8002117,8005797,8005796,8001570,8003108,8000323,;426
2021-12-16T16:46:00.000Z;Nohfelden;RB;RB 73;73;76723;8079083;8079083%2021-12-16T16:46:00.000Z%,8004253,;426
2021-12-16T17:07:00.000Z;Nohfelden;RB;RB 73;73;76734;8079083;8079083%2021-12-16T17:07:00.000Z%,8000154,8006170,8004199,8002929,8000792,8005659,8004555,8004392,8000875,8006392,8000272,8003516,8000967,8002132,8002117,8005797,8005796,8001570,8003108,8000323,;426
2021-12-16T17:46:00.000Z;Nohfelden;RB;RB 73;73;76725;8079083;8079083%2021-12-16T17:46:00.000Z%,8004253,;426
2021-12-16T18:07:00.000Z;Nohfelden;RB;RB 73;73;76736;8079083;8079083%2021-12-16T18:07:00.000Z%,8000154,8006170,8004199,8002929,8000792,8005659,8004555,8004392,8000875,8006392,8000272,8003516,8000967,8002132,8002117,8005797,8005796,8001570,8003108,8000323,;426
2021-12-16T18:46:00.000Z;Nohfelden;RB;RB 73;73;76727;8079083;8079083%2021-12-16T18:46:00.000Z%,8004253,;426
2021-12-16T19:07:00.000Z;Nohfelden;RB;RB 73;73;76740;8079083;8079083%2021-12-16T19:07:00.000Z%,8000154,8006170,8004199,8002929,8000792,8005659,8004555,8004392,8000875,8006392,8000272,8003516,8000967,8002132,8002117,8005797,8005796,8001570,8003108,8000323,;426
2021-12-16T19:46:00.000Z;Nohfelden;RB;RB 73;73;76729;8079083;8079083%2021-12-16T19:46:00.000Z%,8004253,;426
2021-12-16T20:07:00.000Z;Nohfelden;RB;RB 73;73;76742;8079083;8079083%2021-12-16T20:07:00.000Z%,8000154,8006170,8004199,8002929,8000792,8005659,8004555,8004392,8000875,8006392,8000272,8003516,8000967,8002132,8002117,8005797,8005796,8001570,8003108,8000323,;426
2021-12-15T22:39:00.000Z;Neidenfels;RE;RE 6;6;12044;8079146;8079146%2021-12-15T22:39:00.000Z%,8006261,8002036,8002875,8000189,;602
2021-12-15T20:33:00.000Z;Dreieich-Weibelfeld;RB;RB 61;61;15693;8079151;8079151%2021-12-15T20:33:00.000Z%0,8001554,8002315,8004653,8006031,8000285,8001814,8004171,8000362,;426
2021-12-15T20:44:00.000Z;Dreieich-Weibelfeld;RB;RB 61;61;15694;8079151;8079151%2021-12-15T20:45:00.000Z%1,8005636,8001236,8004246,8000105,;426
2021-12-15T21:33:00.000Z;Dreieich-Weibelfeld;RB;RB 61;61;15697;8079151;8079151%2021-12-15T21:33:00.000Z%,8001554,8002315,8004653,8006031,8000285,8001814,8004171,8000362,;426
2021-12-15T21:44:00.000Z;Dreieich-Weibelfeld;RB;RB 61;61;15696;8079151;8079151%2021-12-15T21:44:00.000Z%,8005636,8001236,8004246,8000105,;426
2021-12-15T22:34:00.000Z;Dreieich-Weibelfeld;RB;RB 61;61;15699;8079151;8079151%2021-12-15T22:34:00.000Z%,8001554,8002315,8004653,8006031,8000285,8001814,8004171,8000362,;426
2021-12-15T22:45:00.000Z;Dreieich-Weibelfeld;RB;RB 61;61;15698;8079151;8079151%2021-12-15T22:45:00.000Z%,8005636,8001236,8004246,8000105,;426
2021-12-15T23:33:00.000Z;Dreieich-Weibelfeld;RB;RB 61;61;15491;8079151;8079151%2021-12-15T23:33:00.000Z%,8001554,8002315,8004653,8006031,8000285,8001814,8004171,8000362,;426
2021-12-16T04:11:00.000Z;Dreieich-Weibelfeld;RB;RB 61;61;15600;8079151;8079151%2021-12-16T04:11:00.000Z%,8005636,8001236,8004246,;426
2021-12-16T04:30:00.000Z;Dreieich-Weibelfeld;RB;RB 61;61;15603;8079151;8079151%2021-12-16T04:30:00.000Z%,8001554,8002315,8004653,8006031,8000285,8001814,8004171,8000362,;426
2021-12-16T04:41:00.000Z;Dreieich-Weibelfeld;RB;RB 61;61;15602;8079151;8079151%2021-12-16T04:41:00.000Z%,8005636,8001236,8000105,;426
2021-12-16T05:00:00.000Z;Dreieich-Weibelfeld;RB;RB 61;61;15605;8079151;8079151%2021-12-16T05:00:00.000Z%,8001554,8002315,8004653,8006031,8000285,;426
2021-12-16T05:11:00.000Z;Dreieich-Weibelfeld;RB;RB 61;61;15606;8079151;8079151%2021-12-16T05:11:00.000Z%,8005636,8001236,8004246,;426
2021-12-16T05:30:00.000Z;Dreieich-Weibelfeld;RB;RB 61;61;15607;8079151;8079151%2021-12-16T05:30:00.000Z%,8001554,8002315,8004653,8006031,8000285,8001814,8004171,8000362,;426
2021-12-16T05:41:00.000Z;Dreieich-Weibelfeld;RB;RB 61;61;15610;8079151;8079151%2021-12-16T05:41:00.000Z%,8005636,8001236,8000105,;426
2021-12-16T05:57:00.000Z;Dreieich-Weibelfeld;RB;RB 61;61;15612;8079151;8079151%2021-12-16T05:57:00.000Z%,8005636,8001236,8004246,8002041,;426
2021-12-16T06:02:00.000Z;Dreieich-Weibelfeld;RB;RB 61;61;15611;8079151;8079151%2021-12-16T06:02:00.000Z%,8001554,8002315,8004653,8006031,8000285,8001814,8004171,8000362,;426
2021-12-16T06:14:00.000Z;Dreieich-Weibelfeld;RB;RB 61;61;15614;8079151;8079151%2021-12-16T06:14:00.000Z%,8005636,8001236,8000105,;426
2021-12-16T06:28:00.000Z;Dreieich-Weibelfeld;RB;RB 61;61;15616;8079151;8079151%2021-12-16T06:28:00.000Z%,8005636,8001236,8004246,;426
2021-12-16T06:35:00.000Z;Dreieich-Weibelfeld;RB;RB 61;61;15615;8079151;8079151%2021-12-16T06:35:00.000Z%,8001554,8002315,8004653,8006031,8000285,8001814,8004171,8000362,;426
2021-12-16T06:46:00.000Z;Dreieich-Weibelfeld;RB;RB 61;61;15618;8079151;8079151%2021-12-16T06:46:00.000Z%,8005636,8001236,8004246,8002041,;426
2021-12-16T07:03:00.000Z;Dreieich-Weibelfeld;RB;RB 61;61;15617;8079151;8079151%2021-12-16T07:03:00.000Z%,8001554,8002315,8004653,8006031,8000285,;426
2021-12-16T07:34:00.000Z;Dreieich-Weibelfeld;RB;RB 61;61;15621;8079151;8079151%2021-12-16T07:34:00.000Z%,8001554,8002315,8004653,8006031,8000285,8001814,8004171,8000362,;426
2021-12-16T07:45:00.000Z;Dreieich-Weibelfeld;RB;RB 61;61;15622;8079151;8079151%2021-12-16T07:45:00.000Z%,8005636,8001236,8000105,;426
2021-12-16T08:03:00.000Z;Dreieich-Weibelfeld;RB;RB 61;61;15623;8079151;8079151%2021-12-16T08:03:00.000Z%,8001554,8002315,8004653,8006031,8000285,;426
2021-12-16T08:14:00.000Z;Dreieich-Weibelfeld;RB;RB 61;61;15670;8079151;8079151%2021-12-16T08:14:00.000Z%,8005636,8001236,8004246,;426
2021-12-16T08:34:00.000Z;Dreieich-Weibelfeld;RB;RB 61;61;15627;8079151;8079151%2021-12-16T08:34:00.000Z%,8001554,8002315,8004653,8006031,8000285,8001814,8004171,8000362,;426
2021-12-16T08:45:00.000Z;Dreieich-Weibelfeld;RB;RB 61;61;15626;8079151;8079151%2021-12-16T08:45:00.000Z%,8005636,8001236,8000105,;426
2021-12-16T09:03:00.000Z;Dreieich-Weibelfeld;RB;RB 61;61;15629;8079151;8079151%2021-12-16T09:03:00.000Z%,8001554,8002315,8004653,8006031,8000285,;426
2021-12-16T09:14:00.000Z;Dreieich-Weibelfeld;RB;RB 61;61;15672;8079151;8079151%2021-12-16T09:14:00.000Z%,8005636,8001236,8004246,;426
2021-12-16T09:34:00.000Z;Dreieich-Weibelfeld;RB;RB 61;61;15633;8079151;8079151%2021-12-16T09:34:00.000Z%,8001554,8002315,8004653,8006031,8000285,8001814,8004171,8000362,;426
2021-12-16T09:45:00.000Z;Dreieich-Weibelfeld;RB;RB 61;61;15630;8079151;8079151%2021-12-16T09:45:00.000Z%,8005636,8001236,8000105,;426
2021-12-16T10:03:00.000Z;Dreieich-Weibelfeld;RB;RB 61;61;15635;8079151;8079151%2021-12-16T10:03:00.000Z%,8001554,8002315,8004653,8006031,8000285,;426
2021-12-16T10:14:00.000Z;Dreieich-Weibelfeld;RB;RB 61;61;15674;8079151;8079151%2021-12-16T10:14:00.000Z%,8005636,8001236,8004246,;426
2021-12-16T10:34:00.000Z;Dreieich-Weibelfeld;RB;RB 61;61;15639;8079151;8079151%2021-12-16T10:34:00.000Z%,8001554,8002315,8004653,8006031,8000285,8001814,8004171,8000362,;426
2021-12-16T10:45:00.000Z;Dreieich-Weibelfeld;RB;RB 61;61;15634;8079151;8079151%2021-12-16T10:45:00.000Z%,8005636,8001236,8000105,;426
2021-12-16T11:03:00.000Z;Dreieich-Weibelfeld;RB;RB 61;61;15641;8079151;8079151%2021-12-16T11:03:00.000Z%,8001554,8002315,8004653,8006031,8000285,;426
2021-12-16T11:14:00.000Z;Dreieich-Weibelfeld;RB;RB 61;61;15676;8079151;8079151%2021-12-16T11:14:00.000Z%,8005636,8001236,8004246,;426
2021-12-16T11:34:00.000Z;Dreieich-Weibelfeld;RB;RB 61;61;15645;8079151;8079151%2021-12-16T11:34:00.000Z%,8001554,8002315,8004653,8006031,8000285,8001814,8004171,8000362,;426
2021-12-16T11:45:00.000Z;Dreieich-Weibelfeld;RB;RB 61;61;15638;8079151;8079151%2021-12-16T11:45:00.000Z%,8005636,8001236,8000105,;426
2021-12-16T12:03:00.000Z;Dreieich-Weibelfeld;RB;RB 61;61;15647;8079151;8079151%2021-12-16T12:03:00.000Z%,8001554,8002315,8004653,8006031,8000285,;426
2021-12-16T12:14:00.000Z;Dreieich-Weibelfeld;RB;RB 61;61;15678;8079151;8079151%2021-12-16T12:14:00.000Z%,8005636,8001236,8004246,;426
2021-12-16T12:34:00.000Z;Dreieich-Weibelfeld;RB;RB 61;61;15651;8079151;8079151%2021-12-16T12:34:00.000Z%,8001554,8002315,8004653,8006031,8000285,8001814,8004171,8000362,;426
2021-12-16T12:45:00.000Z;Dreieich-Weibelfeld;RB;RB 61;61;15642;8079151;8079151%2021-12-16T12:45:00.000Z%,8005636,8001236,8000105,;426
2021-12-16T13:03:00.000Z;Dreieich-Weibelfeld;RB;RB 61;61;15653;8079151;8079151%2021-12-16T13:03:00.000Z%,8001554,8002315,8004653,8006031,8000285,;426
2021-12-16T13:14:00.000Z;Dreieich-Weibelfeld;RB;RB 61;61;15680;8079151;8079151%2021-12-16T13:14:00.000Z%,8005636,8001236,8004246,;426
2021-12-16T13:34:00.000Z;Dreieich-Weibelfeld;RB;RB 61;61;15657;8079151;8079151%2021-12-16T13:34:00.000Z%,8001554,8002315,8004653,8006031,8000285,8001814,8004171,8000362,;426
2021-12-16T13:45:00.000Z;Dreieich-Weibelfeld;RB;RB 61;61;15646;8079151;8079151%2021-12-16T13:45:00.000Z%,8005636,8001236,8000105,;426
2021-12-16T14:03:00.000Z;Dreieich-Weibelfeld;RB;RB 61;61;15659;8079151;8079151%2021-12-16T14:03:00.000Z%,8001554,8002315,8004653,8006031,8000285,;426
2021-12-16T14:14:00.000Z;Dreieich-Weibelfeld;RB;RB 61;61;15682;8079151;8079151%2021-12-16T14:14:00.000Z%,8005636,8001236,8004246,;426
2021-12-16T14:34:00.000Z;Dreieich-Weibelfeld;RB;RB 61;61;15663;8079151;8079151%2021-12-16T14:34:00.000Z%,8001554,8002315,8004653,8006031,8000285,8001814,8004171,8000362,;426
2021-12-16T14:45:00.000Z;Dreieich-Weibelfeld;RB;RB 61;61;15650;8079151;8079151%2021-12-16T14:45:00.000Z%,8005636,8001236,8000105,;426
2021-12-16T15:03:00.000Z;Dreieich-Weibelfeld;RB;RB 61;61;15665;8079151;8079151%2021-12-16T15:03:00.000Z%,8001554,8002315,8004653,8006031,8000285,;426
2021-12-16T15:14:00.000Z;Dreieich-Weibelfeld;RB;RB 61;61;15684;8079151;8079151%2021-12-16T15:14:00.000Z%,8005636,8001236,8002041,;426
2021-12-16T15:34:00.000Z;Dreieich-Weibelfeld;RB;RB 61;61;15669;8079151;8079151%2021-12-16T15:34:00.000Z%,8001554,8002315,8004653,8006031,8000285,8001814,8004171,8000362,;426
2021-12-16T15:45:00.000Z;Dreieich-Weibelfeld;RB;RB 61;61;15654;8079151;8079151%2021-12-16T15:45:00.000Z%,8005636,8001236,8000105,;426
2021-12-16T16:03:00.000Z;Dreieich-Weibelfeld;RB;RB 61;61;15671;8079151;8079151%2021-12-16T16:03:00.000Z%,8001554,8002315,8004653,8006031,8000285,;426
2021-12-16T16:14:00.000Z;Dreieich-Weibelfeld;RB;RB 61;61;15686;8079151;8079151%2021-12-16T16:14:00.000Z%,8005636,8001236,8002041,;426
2021-12-16T16:34:00.000Z;Dreieich-Weibelfeld;RB;RB 61;61;15675;8079151;8079151%2021-12-16T16:34:00.000Z%,8001554,8002315,8004653,8006031,8000285,8001814,8004171,8000362,;426
2021-12-16T16:45:00.000Z;Dreieich-Weibelfeld;RB;RB 61;61;15658;8079151;8079151%2021-12-16T16:45:00.000Z%,8005636,8001236,8000105,;426
2021-12-16T17:03:00.000Z;Dreieich-Weibelfeld;RB;RB 61;61;15677;8079151;8079151%2021-12-16T17:03:00.000Z%,8001554,8002315,8004653,8006031,8000285,;426
2021-12-16T17:14:00.000Z;Dreieich-Weibelfeld;RB;RB 61;61;15688;8079151;8079151%2021-12-16T17:14:00.000Z%,8005636,8001236,8002041,;426
2021-12-16T17:34:00.000Z;Dreieich-Weibelfeld;RB;RB 61;61;15681;8079151;8079151%2021-12-16T17:34:00.000Z%,8001554,8002315,8004653,8006031,8000285,8001814,8004171,8000362,;426
2021-12-16T17:45:00.000Z;Dreieich-Weibelfeld;RB;RB 61;61;15662;8079151;8079151%2021-12-16T17:45:00.000Z%,8005636,8001236,8000105,;426
2021-12-16T18:03:00.000Z;Dreieich-Weibelfeld;RB;RB 61;61;15683;8079151;8079151%2021-12-16T18:03:00.000Z%,8001554,8002315,8004653,8006031,8000285,8001814,8004171,8000362,;426
2021-12-16T18:14:00.000Z;Dreieich-Weibelfeld;RB;RB 61;61;15690;8079151;8079151%2021-12-16T18:14:00.000Z%,8005636,8001236,8004246,;426
2021-12-16T18:34:00.000Z;Dreieich-Weibelfeld;RB;RB 61;61;15687;8079151;8079151%2021-12-16T18:34:00.000Z%,8001554,8002315,8004653,8006031,8000285,8001814,8004171,8000362,;426
2021-12-16T18:45:00.000Z;Dreieich-Weibelfeld;RB;RB 61;61;15666;8079151;8079151%2021-12-16T18:45:00.000Z%,8005636,8001236,8000105,;426
2021-12-16T19:04:00.000Z;Dreieich-Weibelfeld;RB;RB 61;61;15689;8079151;8079151%2021-12-16T19:04:00.000Z%,8001554,8002315,8004653,8006031,8000285,;426
2021-12-16T19:34:00.000Z;Dreieich-Weibelfeld;RB;RB 61;61;15691;8079151;8079151%2021-12-16T19:34:00.000Z%,8001554,8002315,8004653,8006031,8000285,8001814,8004171,8000362,;426
2021-12-16T19:45:00.000Z;Dreieich-Weibelfeld;RB;RB 61;61;15692;8079151;8079151%2021-12-16T19:45:00.000Z%,8005636,8001236,8004246,8000105,;426
2021-12-15T21:32:00.000Z;Tessin West;RB;RB 11;11;13139;8079604;8079604%2021-12-15T21:32:00.000Z%0,8013106,;426
2021-12-16T04:00:00.000Z;Tessin West;RB;RB 11;11;13104;8079604;8079604%2021-12-16T04:00:00.000Z%,8012841,8011729,8011270,8012785,8010304,8079629,8011735,8012609,8011031,8010016,;426
2021-12-16T04:15:00.000Z;Tessin West;RB;RB 11;11;13101;8079604;8079604%2021-12-16T04:15:00.000Z%,8013106,;426
2021-12-16T04:43:00.000Z;Tessin West;RB;RB 11;11;13108;8079604;8079604%2021-12-16T04:43:00.000Z%,8012841,8011729,8011270,8012785,8010304,;426
2021-12-16T04:58:00.000Z;Tessin West;RB;RB 11;11;13103;8079604;8079604%2021-12-16T04:58:00.000Z%,8013106,;426
2021-12-16T05:19:00.000Z;Tessin West;RB;RB 11;11;13110;8079604;8079604%2021-12-16T05:19:00.000Z%,8012841,8011729,8011270,8012785,8010304,8079629,8011735,8012609,8011031,8010016,8012729,8012108,8012840,8012438,8013105,8011797,8013040,8011995,8010176,8010381,;426
2021-12-16T06:16:00.000Z;Tessin West;RB;RB 11;11;13112;8079604;8079604%2021-12-16T06:16:00.000Z%,8012841,8011729,8011270,8012785,8010304,8079629,8011735,8012609,8011031,8010016,8012729,8012108,8012840,8012438,8013105,8011797,8013040,8011995,8010176,8010381,;426
2021-12-16T06:32:00.000Z;Tessin West;RB;RB 11;11;13107;8079604;8079604%2021-12-16T06:32:00.000Z%,8013106,;426
2021-12-16T07:16:00.000Z;Tessin West;RB;RB 11;11;13114;8079604;8079604%2021-12-16T07:16:00.000Z%,8012841,8011729,8011270,8012785,8010304,8079629,8011735,8012609,8011031,8010016,8012729,8012108,8012840,8012438,8013105,8011797,8013040,8011995,8010176,8010381,;426
2021-12-16T07:32:00.000Z;Tessin West;RB;RB 11;11;13111;8079604;8079604%2021-12-16T07:32:00.000Z%,8013106,;426
2021-12-16T08:16:00.000Z;Tessin West;RB;RB 11;11;13116;8079604;8079604%2021-12-16T08:16:00.000Z%,8012841,8011729,8011270,8012785,8010304,8079629,8011735,8012609,8011031,8010016,8012729,8012108,8012840,8012438,8013105,8011797,8013040,8011995,8010176,8010381,;426
2021-12-16T08:32:00.000Z;Tessin West;RB;RB 11;11;13113;8079604;8079604%2021-12-16T08:32:00.000Z%,8013106,;426
2021-12-16T09:16:00.000Z;Tessin West;RB;RB 11;11;13118;8079604;8079604%2021-12-16T09:16:00.000Z%,8012841,8011729,8011270,8012785,8010304,8079629,8011735,8012609,8011031,8010016,8012729,8012108,8012840,8012438,8013105,8011797,8013040,8011995,8010176,8010381,;426
2021-12-16T09:32:00.000Z;Tessin West;RB;RB 11;11;13115;8079604;8079604%2021-12-16T09:32:00.000Z%,8013106,;426
2021-12-16T10:16:00.000Z;Tessin West;RB;RB 11;11;13120;8079604;8079604%2021-12-16T10:16:00.000Z%,8012841,8011729,8011270,8012785,8010304,8079629,8011735,8012609,8011031,8010016,8012729,8012108,8012840,8012438,8013105,8011797,8013040,8011995,8010176,8010381,;426
2021-12-16T10:32:00.000Z;Tessin West;RB;RB 11;11;13117;8079604;8079604%2021-12-16T10:32:00.000Z%,8013106,;426
2021-12-16T11:16:00.000Z;Tessin West;RB;RB 11;11;13122;8079604;8079604%2021-12-16T11:16:00.000Z%,8012841,8011729,8011270,8012785,8010304,8079629,8011735,8012609,8011031,8010016,8012729,8012108,8012840,8012438,8013105,8011797,8013040,8011995,8010176,8010381,;426
2021-12-16T11:32:00.000Z;Tessin West;RB;RB 11;11;13119;8079604;8079604%2021-12-16T11:32:00.000Z%,8013106,;426
2021-12-16T12:16:00.000Z;Tessin West;RB;RB 11;11;13124;8079604;8079604%2021-12-16T12:16:00.000Z%,8012841,8011729,8011270,8012785,8010304,8079629,8011735,8012609,8011031,8010016,8012729,8012108,8012840,8012438,8013105,8011797,8013040,8011995,8010176,8010381,;426
2021-12-16T12:32:00.000Z;Tessin West;RB;RB 11;11;13121;8079604;8079604%2021-12-16T12:32:00.000Z%,8013106,;426
2021-12-16T13:16:00.000Z;Tessin West;RB;RB 11;11;13126;8079604;8079604%2021-12-16T13:16:00.000Z%,8012841,8011729,8011270,8012785,8010304,8079629,8011735,8012609,8011031,8010016,8012729,8012108,8012840,8012438,8013105,8011797,8013040,8011995,8010176,8010381,;426
2021-12-16T13:32:00.000Z;Tessin West;RB;RB 11;11;13123;8079604;8079604%2021-12-16T13:32:00.000Z%,8013106,;426
2021-12-16T14:16:00.000Z;Tessin West;RB;RB 11;11;13128;8079604;8079604%2021-12-16T14:16:00.000Z%,8012841,8011729,8011270,8012785,8010304,8079629,8011735,8012609,8011031,8010016,8012729,8012108,8012840,8012438,8013105,8011797,8013040,8011995,8010176,8010381,;426
2021-12-16T14:32:00.000Z;Tessin West;RB;RB 11;11;13125;8079604;8079604%2021-12-16T14:32:00.000Z%,8013106,;426
2021-12-16T15:16:00.000Z;Tessin West;RB;RB 11;11;13130;8079604;8079604%2021-12-16T15:16:00.000Z%,8012841,8011729,8011270,8012785,8010304,8079629,8011735,8012609,8011031,8010016,8012729,8012108,8012840,8012438,8013105,8011797,8013040,8011995,8010176,8010381,;426
2021-12-16T15:32:00.000Z;Tessin West;RB;RB 11;11;13127;8079604;8079604%2021-12-16T15:32:00.000Z%,8013106,;426
2021-12-16T16:24:00.000Z;Tessin West;RB;RB 11;11;13132;8079604;8079604%2021-12-16T16:24:00.000Z%,8012841,8011729,8011270,8012785,8010304,8079629,8011735,8012609,8011031,8010016,8012729,8012108,8012840,8012438,8013105,8011797,8013040,8011995,8010176,8010381,;426
2021-12-16T16:41:00.000Z;Tessin West;RB;RB 11;11;13129;8079604;8079604%2021-12-16T16:41:00.000Z%,8013106,;426
2021-12-16T17:16:00.000Z;Tessin West;RB;RB 11;11;13134;8079604;8079604%2021-12-16T17:16:00.000Z%,8012841,8011729,8011270,8012785,8010304,8079629,8011735,8012609,8011031,8010016,8012729,8012108,8012840,8012438,8013105,8011797,8013040,8011995,8010176,8010381,;426
2021-12-16T17:32:00.000Z;Tessin West;RB;RB 11;11;13131;8079604;8079604%2021-12-16T17:32:00.000Z%,8013106,;426
2021-12-16T18:16:00.000Z;Tessin West;RB;RB 11;11;13136;8079604;8079604%2021-12-16T18:16:00.000Z%,8012841,8011729,8011270,8012785,8010304,8079629,8011735,8012609,8011031,8010016,8012729,8012108,8012840,8012438,8013105,8011797,8013040,8011995,8010176,8010381,;426
2021-12-16T18:32:00.000Z;Tessin West;RB;RB 11;11;13133;8079604;8079604%2021-12-16T18:32:00.000Z%,8013106,;426
2021-12-16T19:16:00.000Z;Tessin West;RB;RB 11;11;13138;8079604;8079604%2021-12-16T19:16:00.000Z%,8012841,8011729,8011270,8012785,8010304,;426
2021-12-16T19:32:00.000Z;Tessin West;RB;RB 11;11;13135;8079604;8079604%2021-12-16T19:32:00.000Z%,8013106,;426
2021-12-16T20:20:00.000Z;Tessin West;RB;RB 11;11;13140;8079604;8079604%2021-12-16T20:20:00.000Z%,8012841,8011729,8011270,8012785,8010304,;426
2021-12-15T21:29:00.000Z;Singen Industriegebiet;RE;RE 2;2;4744;8079616;8079616%2021-12-15T21:29:00.000Z%,8000073,8005560,8004107,8006321,8001790,8000182,8002214,8000077,8000366,;602
2021-12-16T04:42:00.000Z;Singen Industriegebiet;RE;RE 2;2;4710;8079616;8079616%2021-12-16T04:42:00.000Z%,8000073,8001790,8000182,8000077,8000366,8005644,8005902,8003001,8000333,8000942,8002235,8000290,8000596,8005037,8000412,8001252,8000774,8000306,8000191,;602
2021-12-16T05:57:00.000Z;Singen Industriegebiet;RE;RE 2;2;4703;8079616;8079616%2021-12-16T05:57:00.000Z%,8001059,8000880,8000496,8004997,8003416,8003404,8003401,8003400,;602
2021-12-16T06:38:00.000Z;Singen Industriegebiet;RE;RE 2;2;4705;8079616;8079616%2021-12-16T06:38:00.000Z%,8001059,8000880,8003872,8000496,8002683,8004997,8003416,8003404,8003401,8003400,;602
2021-12-15T20:48:00.000Z;Rostock Thierfelder Str.;RB;RB 11;11;13139;8079629;8079629%2021-12-15T20:48:00.000Z%0,8010304,8012785,8011270,8011729,8012841,8079604,8013106,;426
2021-12-15T21:12:00.000Z;Rostock Thierfelder Str.;RB;RB 11;11;13144;8079629;8079629%2021-12-15T21:13:00.000Z%1,8011735,8012609,8011031,8010016,;426
2021-12-15T21:48:00.000Z;Rostock Thierfelder Str.;RB;RB 11;11;13141;8079629;8079629%2021-12-15T21:48:00.000Z%0,8010304,;426
2021-12-16T03:15:00.000Z;Rostock Thierfelder Str.;RB;RB 11;11;13100;8079629;8079629%2021-12-16T03:15:00.000Z%,8011735,8012609,8011031,8010016,8012729,8012108,8012840,8012438,8013105,8011797,8013040,8011995,8010176,8010381,;426
2021-12-16T04:09:00.000Z;Rostock Thierfelder Str.;RB;RB 11;11;13102;8079629;8079629%2021-12-16T04:09:00.000Z%,8011735,8012609,8011031,8010016,8012729,8012108,8012840,8012438,8013105,8011797,8013040,8011995,8010176,8010381,;426
2021-12-16T04:36:00.000Z;Rostock Thierfelder Str.;RB;RB 12;12;13222;8079629;8079629%2021-12-16T04:36:00.000Z%,8011735,8012609,8011031,8010016,;426
2021-12-16T04:48:00.000Z;Rostock Thierfelder Str.;RB;RB 11;11;13105;8079629;8079629%2021-12-16T04:48:00.000Z%,8010304,;426
2021-12-16T05:09:00.000Z;Rostock Thierfelder Str.;RB;RB 11;11;13106;8079629;8079629%2021-12-16T05:09:00.000Z%,8011735,8012609,8011031,8010016,8012729,8012108,8012840,8012438,8013105,8011797,8013040,8011995,8010176,8010381,;426
2021-12-16T05:18:00.000Z;Rostock Thierfelder Str.;RB;RB 12;12;13225;8079629;8079629%2021-12-16T05:18:00.000Z%,8010304,8012806,8011140,8012377,8010300,8012582,8012584,8012583,;426
2021-12-16T05:36:00.000Z;Rostock Thierfelder Str.;RB;RB 12;12;13224;8079629;8079629%2021-12-16T05:36:00.000Z%,8011735,8012609,8011031,8010016,;426
2021-12-16T05:48:00.000Z;Rostock Thierfelder Str.;RB;RB 11;11;13107;8079629;8079629%2021-12-16T05:48:00.000Z%,8010304,8012785,8011270,8011729,8012841,8079604,8013106,;426
2021-12-16T06:09:00.000Z;Rostock Thierfelder Str.;RB;RB 11;11;13110;8079629;8079629%2021-12-16T06:09:00.000Z%,8011735,8012609,8011031,8010016,8012729,8012108,8012840,8012438,8013105,8011797,8013040,8011995,8010176,8010381,;426
2021-12-16T06:18:00.000Z;Rostock Thierfelder Str.;RB;RB 12;12;13227;8079629;8079629%2021-12-16T06:18:00.000Z%,8010304,8012806,8011140,8012377,8010300,8012582,8012584,8012583,;426
2021-12-16T06:36:00.000Z;Rostock Thierfelder Str.;RB;RB 12;12;13226;8079629;8079629%2021-12-16T06:36:00.000Z%,8011735,8012609,8011031,8010016,;426
2021-12-16T06:48:00.000Z;Rostock Thierfelder Str.;RB;RB 11;11;13111;8079629;8079629%2021-12-16T06:48:00.000Z%,8010304,8012785,8011270,8011729,8012841,8079604,8013106,;426
2021-12-16T07:09:00.000Z;Rostock Thierfelder Str.;RB;RB 11;11;13112;8079629;8079629%2021-12-16T07:09:00.000Z%,8011735,8012609,8011031,8010016,8012729,8012108,8012840,8012438,8013105,8011797,8013040,8011995,8010176,8010381,;426
2021-12-16T07:18:00.000Z;Rostock Thierfelder Str.;RB;RB 12;12;13229;8079629;8079629%2021-12-16T07:18:00.000Z%,8010304,8012806,8011140,8012377,8010300,8012582,8012584,8012583,;426
2021-12-16T07:48:00.000Z;Rostock Thierfelder Str.;RB;RB 11;11;13113;8079629;8079629%2021-12-16T07:48:00.000Z%,8010304,8012785,8011270,8011729,8012841,8079604,8013106,;426
2021-12-16T08:09:00.000Z;Rostock Thierfelder Str.;RB;RB 11;11;13114;8079629;8079629%2021-12-16T08:09:00.000Z%,8011735,8012609,8011031,8010016,8012729,8012108,8012840,8012438,8013105,8011797,8013040,8011995,8010176,8010381,;426
2021-12-16T08:48:00.000Z;Rostock Thierfelder Str.;RB;RB 11;11;13115;8079629;8079629%2021-12-16T08:48:00.000Z%,8010304,8012785,8011270,8011729,8012841,8079604,8013106,;426
2021-12-16T09:09:00.000Z;Rostock Thierfelder Str.;RB;RB 11;11;13116;8079629;8079629%2021-12-16T09:09:00.000Z%,8011735,8012609,8011031,8010016,8012729,8012108,8012840,8012438,8013105,8011797,8013040,8011995,8010176,8010381,;426
2021-12-16T09:48:00.000Z;Rostock Thierfelder Str.;RB;RB 11;11;13117;8079629;8079629%2021-12-16T09:48:00.000Z%,8010304,8012785,8011270,8011729,8012841,8079604,8013106,;426
2021-12-16T10:09:00.000Z;Rostock Thierfelder Str.;RB;RB 11;11;13118;8079629;8079629%2021-12-16T10:09:00.000Z%,8011735,8012609,8011031,8010016,8012729,8012108,8012840,8012438,8013105,8011797,8013040,8011995,8010176,8010381,;426
2021-12-15T21:48:00.000Z;Magdeburg Hasselbachplatz;RB;RB 41;41;80410;8080660;8080660%2021-12-15T21:48:00.000Z%0,8010224,;426
2021-12-15T21:56:00.000Z;Magdeburg Hasselbachplatz;RB;RB 41;41;80413;8080660;8080660%2021-12-15T21:56:00.000Z%0,8013456,8013485,8012291,8012287,8081270,8010318,8081260,8012907,8011455,8011462,8011549,8010332,8012467,8010152,8011632,8012862,8010009,;426
2021-12-16T02:41:00.000Z;Magdeburg Hasselbachplatz;RB;RB 41;41;80391;8080660;8080660%2021-12-16T02:41:00.000Z%,8013456,8013485,8012291,8012287,8081270,8010318,8081260,8012907,8011455,8011462,8011549,8010332,8012467,8010152,;426
2021-12-16T03:17:00.000Z;Magdeburg Hasselbachplatz;RE;RE 30;30;16300;8080660;8080660%2021-12-16T03:17:00.000Z%,8010224,8010226,8012289,8010086,8013344,8073410,8013402,;602
2021-12-15T20:38:00.000Z;Saarmund;RB;RB 22;22;18133;8081220;8081220%2021-12-15T20:39:00.000Z%1,8013481,8010377,8010280,8012666,;426
2021-12-15T21:17:00.000Z;Saarmund;RB;RB 22;22;18136;8081220;8081220%2021-12-15T21:17:00.000Z%0,8012253,8011201,8010193,;426
2021-12-15T21:40:00.000Z;Saarmund;RB;RB 22;22;18135;8081220;8081220%2021-12-15T21:40:00.000Z%,8013481,8010377,8010280,8012666,;426
2021-12-15T22:17:00.000Z;Saarmund;RB;RB 22;22;18138;8081220;8081220%2021-12-15T22:17:00.000Z%,8012253,8011201,8010193,;426
2021-12-15T22:39:00.000Z;Saarmund;RB;RB 22;22;18137;8081220;8081220%2021-12-15T22:39:00.000Z%,8013481,8010377,8010280,8012666,;426
2021-12-15T23:48:00.000Z;Saarmund;RB;RB 22;22;18139;8081220;8081220%2021-12-15T23:48:00.000Z%,8013481,8010377,8010280,8012666,;426
2021-12-16T03:17:00.000Z;Saarmund;RB;RB 22;22;18100;8081220;8081220%2021-12-16T03:17:00.000Z%,8012253,8011201,8010193,;426
2021-12-16T04:17:00.000Z;Saarmund;RB;RB 22;22;18102;8081220;8081220%2021-12-16T04:17:00.000Z%,8012253,8011201,8010193,;426
2021-12-16T04:38:00.000Z;Saarmund;RB;RB 22;22;18101;8081220;8081220%2021-12-16T04:38:00.000Z%,8013481,8010377,8010280,8012666,8011695,;426
2021-12-16T05:17:00.000Z;Saarmund;RB;RB 22;22;18104;8081220;8081220%2021-12-16T05:17:00.000Z%,8012253,8011201,8010193,;426
2021-12-16T05:38:00.000Z;Saarmund;RB;RB 22;22;18103;8081220;8081220%2021-12-16T05:38:00.000Z%,8013481,8010377,8010280,8012666,8011695,8010405,8010406,8011160,8011306,;426
2021-12-16T06:17:00.000Z;Saarmund;RB;RB 22;22;18106;8081220;8081220%2021-12-16T06:17:00.000Z%,8012253,8011201,8010193,;426
2021-12-16T06:38:00.000Z;Saarmund;RB;RB 22;22;18105;8081220;8081220%2021-12-16T06:38:00.000Z%,8013481,8010377,8010280,8012666,8011695,8010405,8010406,8011160,8011306,;426
2021-12-16T07:17:00.000Z;Saarmund;RB;RB 22;22;18108;8081220;8081220%2021-12-16T07:17:00.000Z%,8012253,8011201,8010193,;426
2021-12-16T07:38:00.000Z;Saarmund;RB;RB 22;22;18107;8081220;8081220%2021-12-16T07:38:00.000Z%,8013481,8010377,8010280,8012666,8011695,;426
2021-12-16T08:17:00.000Z;Saarmund;RB;RB 22;22;18110;8081220;8081220%2021-12-16T08:17:00.000Z%,8012253,8011201,8010193,;426
2021-12-16T08:38:00.000Z;Saarmund;RB;RB 22;22;18109;8081220;8081220%2021-12-16T08:38:00.000Z%,8013481,8010377,8010280,8012666,8011695,;426
2021-12-16T09:17:00.000Z;Saarmund;RB;RB 22;22;18112;8081220;8081220%2021-12-16T09:17:00.000Z%,8012253,8011201,8010193,;426
2021-12-16T09:38:00.000Z;Saarmund;RB;RB 22;22;18111;8081220;8081220%2021-12-16T09:38:00.000Z%,8013481,8010377,8010280,8012666,8011695,;426
2021-12-16T10:17:00.000Z;Saarmund;RB;RB 22;22;18114;8081220;8081220%2021-12-16T10:17:00.000Z%,8012253,8011201,8010193,;426
2021-12-16T10:38:00.000Z;Saarmund;RB;RB 22;22;18113;8081220;8081220%2021-12-16T10:38:00.000Z%,8013481,8010377,8010280,8012666,8011695,;426
2021-12-16T11:17:00.000Z;Saarmund;RB;RB 22;22;18116;8081220;8081220%2021-12-16T11:17:00.000Z%,8012253,8011201,8010193,;426
2021-12-16T11:38:00.000Z;Saarmund;RB;RB 22;22;18115;8081220;8081220%2021-12-16T11:38:00.000Z%,8013481,8010377,8010280,8012666,8011695,;426
2021-12-16T12:17:00.000Z;Saarmund;RB;RB 22;22;18118;8081220;8081220%2021-12-16T12:17:00.000Z%,8012253,8011201,8010193,;426
2021-12-16T12:38:00.000Z;Saarmund;RB;RB 22;22;18117;8081220;8081220%2021-12-16T12:38:00.000Z%,8013481,8010377,8010280,8012666,8011695,;426
2021-12-16T13:17:00.000Z;Saarmund;RB;RB 22;22;18120;8081220;8081220%2021-12-16T13:17:00.000Z%,8012253,8011201,8010193,;426
2021-12-16T13:38:00.000Z;Saarmund;RB;RB 22;22;18119;8081220;8081220%2021-12-16T13:38:00.000Z%,8013481,8010377,8010280,8012666,8011695,8010405,8010406,8011160,8011306,;426
2021-12-16T14:17:00.000Z;Saarmund;RB;RB 22;22;18122;8081220;8081220%2021-12-16T14:17:00.000Z%,8012253,8011201,8010193,;426
2021-12-16T14:38:00.000Z;Saarmund;RB;RB 22;22;18121;8081220;8081220%2021-12-16T14:38:00.000Z%,8013481,8010377,8010280,8012666,8011695,8010405,8010406,8011160,8011306,;426
2021-12-16T15:17:00.000Z;Saarmund;RB;RB 22;22;18124;8081220;8081220%2021-12-16T15:17:00.000Z%,8012253,8011201,8010193,;426
2021-12-16T15:38:00.000Z;Saarmund;RB;RB 22;22;18123;8081220;8081220%2021-12-16T15:38:00.000Z%,8013481,8010377,8010280,8012666,8011695,8010405,8010406,8011160,8011306,;426
2021-12-16T16:17:00.000Z;Saarmund;RB;RB 22;22;18126;8081220;8081220%2021-12-16T16:17:00.000Z%,8012253,8011201,8010193,;426
2021-12-16T16:38:00.000Z;Saarmund;RB;RB 22;22;18125;8081220;8081220%2021-12-16T16:38:00.000Z%,8013481,8010377,8010280,8012666,8011695,;426
2021-12-16T17:17:00.000Z;Saarmund;RB;RB 22;22;18128;8081220;8081220%2021-12-16T17:17:00.000Z%,8012253,8011201,8010193,;426
2021-12-16T17:38:00.000Z;Saarmund;RB;RB 22;22;18127;8081220;8081220%2021-12-16T17:38:00.000Z%,8013481,8010377,8010280,8012666,8011695,;426
2021-12-16T18:17:00.000Z;Saarmund;RB;RB 22;22;18130;8081220;8081220%2021-12-16T18:17:00.000Z%,8012253,8011201,8010193,;426
2021-12-16T18:39:00.000Z;Saarmund;RB;RB 22;22;18129;8081220;8081220%2021-12-16T18:39:00.000Z%,8013481,8010377,8010280,8012666,8011695,;426
2021-12-16T19:17:00.000Z;Saarmund;RB;RB 22;22;18132;8081220;8081220%2021-12-16T19:17:00.000Z%,8012253,8011201,8010193,;426
2021-12-16T19:38:00.000Z;Saarmund;RB;RB 22;22;18131;8081220;8081220%2021-12-16T19:38:00.000Z%,8013481,8010377,8010280,8012666,;426
2021-12-16T20:17:00.000Z;Saarmund;RB;RB 22;22;18134;8081220;8081220%2021-12-16T20:17:00.000Z%,8012253,8011201,8010193,;426
2021-12-15T21:34:00.000Z;Schönebeck-Frohse;RB;RB 41;41;80410;8081270;8081270%2021-12-15T21:34:00.000Z%0,8012287,8012291,8013485,8013456,8080660,8010224,;426
2021-12-15T22:12:00.000Z;Schönebeck-Frohse;RB;RB 41;41;80413;8081270;8081270%2021-12-15T22:12:00.000Z%0,8010318,8081260,8012907,8011455,8011462,8011549,8010332,8012467,8010152,8011632,8012862,8010009,;426
2021-12-16T02:57:00.000Z;Schönebeck-Frohse;RB;RB 41;41;80391;8081270;8081270%2021-12-16T02:57:00.000Z%,8010318,8081260,8012907,8011455,8011462,8011549,8010332,8012467,8010152,;426
2021-12-16T03:04:00.000Z;Schönebeck-Frohse;RE;RE 30;30;16300;8081270;8081270%2021-12-16T03:04:00.000Z%,8012287,8012291,8013485,8013456,8080660,8010224,8010226,8012289,8010086,8013344,8073410,8013402,;602
2021-12-16T06:01:00.000Z;Schönebeck-Frohse;RB;RB 48;48;75672;8081270;8081270%2021-12-16T06:01:00.000Z%,8013456,8010224,;426
2021-12-16T06:12:00.000Z;Schönebeck-Frohse;RE;RE 30;30;16306;8081270;8081270%2021-12-16T06:12:00.000Z%,8012287,8013456,8010224,;602
2021-12-15T20:27:00.000Z;Seegefeld;RB;RB 10;10;18533;8081586;8081586%2021-12-15T20:29:00.000Z%2,8080040,8010404,8011167,8098160,8011118,8011113,;426
2021-12-15T20:34:00.000Z;Seegefeld;RB;RB 10;10;18532;8081586;8081586%2021-12-15T20:35:00.000Z%1,8013479,8011541,8013472,8010239,;426
2021-12-15T21:03:00.000Z;Seegefeld;RB;RB 14;14;18634;8081586;8081586%2021-12-15T21:04:00.000Z%1,8013479,8011541,8013472,8010239,;426
2021-12-15T21:27:00.000Z;Seegefeld;RB;RB 10;10;18535;8081586;8081586%2021-12-15T21:27:00.000Z%,8080040,8010404,;426
2021-12-15T21:34:00.000Z;Seegefeld;RB;RB 10;10;18534;8081586;8081586%2021-12-15T21:34:00.000Z%,8013479,8011541,8013472,8010239,;426
2021-12-15T22:03:00.000Z;Seegefeld;RB;RB 14;14;18636;8081586;8081586%2021-12-15T22:03:00.000Z%,8013479,8011541,8013472,8010239,;426
2021-12-15T22:26:00.000Z;Seegefeld;RB;RB 14;14;18639;8081586;8081586%2021-12-15T22:26:00.000Z%,8080040,8010404,8010403,8010406,;426
2021-12-15T22:31:00.000Z;Seegefeld;RE;RE 6;6;3620;8081586;8081586%2021-12-15T22:31:00.000Z%,8013479,8011541,8013483,8013185,8011093,8013183,8012934,8012096,8011125,8010175,8010246,;602
2021-12-15T23:03:00.000Z;Seegefeld;RB;RB 14;14;18638;8081586;8081586%2021-12-15T23:03:00.000Z%,8013479,8011541,8013472,8010239,;426
2021-12-15T23:28:00.000Z;Seegefeld;RB;RB 14;14;18641;8081586;8081586%2021-12-15T23:28:00.000Z%,8080040,8010404,8010403,8010406,;426
2021-12-15T23:33:00.000Z;Seegefeld;RB;RB 14;14;18640;8081586;8081586%2021-12-15T23:33:00.000Z%,8013479,8011541,8013472,8010239,;426
2021-12-16T00:35:00.000Z;Seegefeld;RB;RB 14;14;18642;8081586;8081586%2021-12-16T00:35:00.000Z%,8013479,8011541,8013472,8010239,;426
2021-12-16T01:30:00.000Z;Seegefeld;RB;RB 14;14;18647;8081586;8081586%2021-12-16T01:30:00.000Z%,8080040,8010404,8010403,8010406,8011160,8011306,8011155,8010255,8011162,8011201,;426
2021-12-16T03:41:00.000Z;Seegefeld;RE;RE 2;2;63957;8081586;8081586%2021-12-16T03:41:00.000Z%,8013479,8011541,8013472,8010239,8012614,8011585,8010248,8011258,8011641,8011088,8010382,8011994,8011681,8010216,8012262,8012716,8013073,8010173,8012951,8012940,8010324,8012264,8010018,8012384,8012321,8010381,;602
2021-12-16T03:51:00.000Z;Seegefeld;RB;RB 14;14;18605;8081586;8081586%2021-12-16T03:51:00.000Z%,8080040,8010404,8010403,8010406,8011160,8011306,8011155,8010255,8011162,8011201,;426
2021-12-16T04:27:00.000Z;Seegefeld;RB;RB 10;10;18501;8081586;8081586%2021-12-16T04:27:00.000Z%,8080040,8010404,8011167,8098160,8011118,8011113,;426
2021-12-16T04:32:00.000Z;Seegefeld;RB;RB 10;10;18500;8081586;8081586%2021-12-16T04:32:00.000Z%,8013479,8011541,8013472,8010239,;426
2021-12-16T04:51:00.000Z;Seegefeld;RB;RB 14;14;18607;8081586;8081586%2021-12-16T04:51:00.000Z%,8080040,8010404,8010403,8010406,8011160,8011306,8011155,8010255,8011162,8011201,;426
2021-12-16T05:03:00.000Z;Seegefeld;RB;RB 14;14;18602;8081586;8081586%2021-12-16T05:03:00.000Z%,8013479,8011541,8013472,8010239,;426
2021-12-16T05:09:00.000Z;Seegefeld;RB;RB 2;2;18448;8081586;8081586%2021-12-16T05:09:00.000Z%,8013479,8011541,8013472,8010239,;426
2021-12-16T05:27:00.000Z;Seegefeld;RB;RB 10;10;18503;8081586;8081586%2021-12-16T05:27:00.000Z%,8080040,8010404,8011167,8098160,8011118,8011113,;426
2021-12-16T05:34:00.000Z;Seegefeld;RB;RB 10;10;18502;8081586;8081586%2021-12-16T05:34:00.000Z%,8013479,8011541,8013472,8010239,;426
2021-12-16T05:51:00.000Z;Seegefeld;RB;RB 14;14;18609;8081586;8081586%2021-12-16T05:51:00.000Z%,8080040,8010404,8010403,8010406,8011160,8011306,8011155,8010255,8011162,8011201,;426
2021-12-16T06:03:00.000Z;Seegefeld;RB;RB 14;14;18604;8081586;8081586%2021-12-16T06:03:00.000Z%,8013479,8011541,8013472,8010239,;426
2021-12-16T06:27:00.000Z;Seegefeld;RB;RB 10;10;18505;8081586;8081586%2021-12-16T06:27:00.000Z%,8080040,8010404,8011167,8098160,8011118,8011113,;426
2021-12-16T06:34:00.000Z;Seegefeld;RB;RB 10;10;18504;8081586;8081586%2021-12-16T06:34:00.000Z%,8013479,8011541,8013472,8010239,;426
2021-12-16T06:43:00.000Z;Seegefeld;RB;RB 2;2;18442;8081586;8081586%2021-12-16T06:43:00.000Z%,8080040,8010404,8010406,8011160,8011306,8011155,8011162,;426
2021-12-16T06:51:00.000Z;Seegefeld;RB;RB 14;14;18611;8081586;8081586%2021-12-16T06:51:00.000Z%,8080040,8010404,8010403,8010406,8011160,8011306,8011155,8010255,8011162,8011201,;426
2021-12-16T07:03:00.000Z;Seegefeld;RB;RB 14;14;18606;8081586;8081586%2021-12-16T07:03:00.000Z%,8013479,8011541,8013472,8010239,;426
2021-12-16T07:27:00.000Z;Seegefeld;RB;RB 10;10;18507;8081586;8081586%2021-12-16T07:27:00.000Z%,8080040,8010404,8011167,8098160,8011118,8011113,;426
2021-12-16T07:34:00.000Z;Seegefeld;RB;RB 10;10;18506;8081586;8081586%2021-12-16T07:34:00.000Z%,8013479,8011541,8013472,8010239,;426
2021-12-16T07:51:00.000Z;Seegefeld;RB;RB 14;14;18613;8081586;8081586%2021-12-16T07:51:00.000Z%,8080040,8010404,8010403,8010406,8011160,8011306,8011155,8010255,8011162,8011201,;426
2021-12-16T08:01:00.000Z;Seegefeld;RB;RB 14;14;18608;8081586;8081586%2021-12-16T08:01:00.000Z%,8013479,8011541,8013472,8010239,;426
2021-12-16T08:27:00.000Z;Seegefeld;RB;RB 10;10;18509;8081586;8081586%2021-12-16T08:27:00.000Z%,8080040,8010404,8011167,8098160,8011118,8011113,;426
2021-12-16T08:34:00.000Z;Seegefeld;RB;RB 10;10;18508;8081586;8081586%2021-12-16T08:34:00.000Z%,8013479,8011541,8013472,8010239,;426
2021-12-16T08:47:00.000Z;Seegefeld;RB;RB 14;14;18615;8081586;8081586%2021-12-16T08:47:00.000Z%,8080040,8010404,8010403,8010406,8011160,8011306,8011155,8010255,8011162,8011201,;426
2021-12-16T09:03:00.000Z;Seegefeld;RB;RB 14;14;18610;8081586;8081586%2021-12-16T09:03:00.000Z%,8013479,8011541,8013472,8010239,;426
2021-12-16T09:27:00.000Z;Seegefeld;RB;RB 10;10;18511;8081586;8081586%2021-12-16T09:27:00.000Z%,8080040,8010404,8011167,8098160,8011118,8011113,;426
2021-12-16T09:34:00.000Z;Seegefeld;RB;RB 10;10;18510;8081586;8081586%2021-12-16T09:34:00.000Z%,8013479,8011541,8013472,8010239,;426
2021-12-16T09:51:00.000Z;Seegefeld;RB;RB 14;14;18617;8081586;8081586%2021-12-16T09:51:00.000Z%,8080040,8010404,8010403,8010406,8011160,8011306,8011155,8010255,8011162,8011201,;426
2021-12-16T10:01:00.000Z;Seegefeld;RB;RB 14;14;18612;8081586;8081586%2021-12-16T10:01:00.000Z%,8013479,8011541,8013472,8010239,;426
2021-12-16T10:27:00.000Z;Seegefeld;RB;RB 10;10;18513;8081586;8081586%2021-12-16T10:27:00.000Z%,8080040,8010404,8011167,8098160,8011118,8011113,;426
2021-12-16T10:34:00.000Z;Seegefeld;RB;RB 10;10;18512;8081586;8081586%2021-12-16T10:34:00.000Z%,8013479,8011541,8013472,8010239,;426
2021-12-16T10:47:00.000Z;Seegefeld;RB;RB 14;14;18619;8081586;8081586%2021-12-16T10:47:00.000Z%,8080040,8010404,8010403,8010406,8011160,8011306,8011155,8010255,8011162,8011201,;426
2021-12-16T11:03:00.000Z;Seegefeld;RB;RB 14;14;18614;8081586;8081586%2021-12-16T11:03:00.000Z%,8013479,8011541,8013472,8010239,;426
2021-12-16T11:27:00.000Z;Seegefeld;RB;RB 10;10;18515;8081586;8081586%2021-12-16T11:27:00.000Z%,8080040,8010404,8011167,8098160,8011118,8011113,;426
2021-12-16T11:34:00.000Z;Seegefeld;RB;RB 10;10;18514;8081586;8081586%2021-12-16T11:34:00.000Z%,8013479,8011541,8013472,8010239,;426
2021-12-16T11:51:00.000Z;Seegefeld;RB;RB 14;14;18621;8081586;8081586%2021-12-16T11:51:00.000Z%,8080040,8010404,8010403,8010406,8011160,8011306,8011155,8010255,8011162,8011201,;426
2021-12-16T12:01:00.000Z;Seegefeld;RB;RB 14;14;18616;8081586;8081586%2021-12-16T12:01:00.000Z%,8013479,8011541,8013472,8010239,;426
2021-12-16T12:27:00.000Z;Seegefeld;RB;RB 10;10;18517;8081586;8081586%2021-12-16T12:27:00.000Z%,8080040,8010404,8011167,8098160,8011118,8011113,;426
2021-12-16T12:34:00.000Z;Seegefeld;RB;RB 10;10;18516;8081586;8081586%2021-12-16T12:34:00.000Z%,8013479,8011541,8013472,8010239,;426
2021-12-16T12:47:00.000Z;Seegefeld;RB;RB 14;14;18623;8081586;8081586%2021-12-16T12:47:00.000Z%,8080040,8010404,8010403,8010406,8011160,8011306,8011155,8010255,8011162,8011201,;426
2021-12-16T13:03:00.000Z;Seegefeld;RB;RB 14;14;18618;8081586;8081586%2021-12-16T13:03:00.000Z%,8013479,8011541,8013472,8010239,;426
2021-12-16T13:27:00.000Z;Seegefeld;RB;RB 10;10;18519;8081586;8081586%2021-12-16T13:27:00.000Z%,8080040,8010404,8011167,8098160,8011118,8011113,;426
2021-12-16T13:34:00.000Z;Seegefeld;RB;RB 10;10;18518;8081586;8081586%2021-12-16T13:34:00.000Z%,8013479,8011541,8013472,8010239,;426
2021-12-16T13:51:00.000Z;Seegefeld;RB;RB 14;14;18625;8081586;8081586%2021-12-16T13:51:00.000Z%,8080040,8010404,8010403,8010406,8011160,8011306,8011155,8010255,8011162,8011201,;426
2021-12-16T14:01:00.000Z;Seegefeld;RB;RB 14;14;18620;8081586;8081586%2021-12-16T14:01:00.000Z%,8013479,8011541,8013472,8010239,;426
2021-12-16T14:28:00.000Z;Seegefeld;RB;RB 10;10;18521;8081586;8081586%2021-12-16T14:28:00.000Z%,8080040,8010404,8011167,8098160,8011118,8011113,;426
2021-12-16T14:34:00.000Z;Seegefeld;RB;RB 10;10;18520;8081586;8081586%2021-12-16T14:34:00.000Z%,8013479,8011541,8013472,8010239,;426
2021-12-16T14:47:00.000Z;Seegefeld;RB;RB 14;14;18627;8081586;8081586%2021-12-16T14:47:00.000Z%,8080040,8010404,8010403,8010406,8011160,8011306,8011155,8010255,8011162,8011201,;426
2021-12-16T15:03:00.000Z;Seegefeld;RB;RB 14;14;18622;8081586;8081586%2021-12-16T15:03:00.000Z%,8013479,8011541,8013472,8010239,;426
2021-12-16T15:12:00.000Z;Seegefeld;RB;RB 2;2;18449;8081586;8081586%2021-12-16T15:12:00.000Z%,8013479,8011541,8013472,8010239,;426
2021-12-16T15:27:00.000Z;Seegefeld;RB;RB 10;10;18523;8081586;8081586%2021-12-16T15:27:00.000Z%,8080040,8010404,8011167,8098160,8011118,8011113,;426
2021-12-16T15:34:00.000Z;Seegefeld;RB;RB 10;10;18522;8081586;8081586%2021-12-16T15:34:00.000Z%,8013479,8011541,8013472,8010239,;426
2021-12-16T15:51:00.000Z;Seegefeld;RB;RB 14;14;18629;8081586;8081586%2021-12-16T15:51:00.000Z%,8080040,8010404,8010403,8010406,8011160,8011306,8011155,8010255,8011162,8011201,;426
2021-12-16T15:56:00.000Z;Seegefeld;RB;RB 2;2;18444;8081586;8081586%2021-12-16T15:56:00.000Z%,8080040,8010404,8011167,8098160,8011118,8011113,;426
2021-12-16T16:01:00.000Z;Seegefeld;RB;RB 14;14;18624;8081586;8081586%2021-12-16T16:01:00.000Z%,8013479,8011541,8013472,8010239,;426
2021-12-16T16:27:00.000Z;Seegefeld;RB;RB 10;10;18525;8081586;8081586%2021-12-16T16:27:00.000Z%,8080040,8010404,8011167,8098160,8011118,8011113,;426
2021-12-16T16:34:00.000Z;Seegefeld;RB;RB 10;10;18524;8081586;8081586%2021-12-16T16:34:00.000Z%,8013479,8011541,8013472,8010239,;426
2021-12-16T16:47:00.000Z;Seegefeld;RB;RB 14;14;18631;8081586;8081586%2021-12-16T16:47:00.000Z%,8080040,8010404,8010403,8010406,8011160,8011306,8011155,8010255,8011162,8011201,;426
2021-12-16T17:03:00.000Z;Seegefeld;RB;RB 14;14;18626;8081586;8081586%2021-12-16T17:03:00.000Z%,8013479,8011541,8013472,8010239,;426
2021-12-16T17:13:00.000Z;Seegefeld;RB;RB 2;2;18447;8081586;8081586%2021-12-16T17:13:00.000Z%,8013479,8011541,8013472,8010239,;426
2021-12-16T17:27:00.000Z;Seegefeld;RB;RB 10;10;18527;8081586;8081586%2021-12-16T17:27:00.000Z%,8080040,8010404,8011167,8098160,8011118,8011113,;426
2021-12-16T17:34:00.000Z;Seegefeld;RB;RB 10;10;18526;8081586;8081586%2021-12-16T17:34:00.000Z%,8013479,8011541,8013472,8010239,;426
2021-12-16T17:51:00.000Z;Seegefeld;RB;RB 14;14;18633;8081586;8081586%2021-12-16T17:51:00.000Z%,8080040,8010404,8010403,8010406,8011160,8011306,8011155,8010255,8011162,8011201,;426
2021-12-16T17:56:00.000Z;Seegefeld;RB;RB 2;2;18446;8081586;8081586%2021-12-16T17:56:00.000Z%,8080040,8010404,8011167,8011102,;426
2021-12-16T18:01:00.000Z;Seegefeld;RB;RB 14;14;18628;8081586;8081586%2021-12-16T18:01:00.000Z%,8013479,8011541,8013472,8010239,;426
2021-12-16T18:27:00.000Z;Seegefeld;RB;RB 10;10;18529;8081586;8081586%2021-12-16T18:27:00.000Z%,8080040,8010404,8011167,8098160,8011118,8011113,;426
2021-12-16T18:34:00.000Z;Seegefeld;RB;RB 10;10;18528;8081586;8081586%2021-12-16T18:34:00.000Z%,8013479,8011541,8013472,8010239,;426
2021-12-16T18:47:00.000Z;Seegefeld;RB;RB 14;14;18635;8081586;8081586%2021-12-16T18:47:00.000Z%,8080040,8010404,8010403,8010406,8011160,8011306,8011155,8010255,8011162,8011201,;426
2021-12-16T19:03:00.000Z;Seegefeld;RB;RB 14;14;18630;8081586;8081586%2021-12-16T19:03:00.000Z%,8013479,8011541,8013472,8010239,;426
2021-12-16T19:27:00.000Z;Seegefeld;RB;RB 10;10;18531;8081586;8081586%2021-12-16T19:27:00.000Z%,8080040,8010404,8011167,8098160,8011118,8011113,;426
2021-12-16T19:34:00.000Z;Seegefeld;RB;RB 10;10;18530;8081586;8081586%2021-12-16T19:34:00.000Z%,8013479,8011541,8013472,8010239,;426
2021-12-16T19:51:00.000Z;Seegefeld;RB;RB 14;14;18637;8081586;8081586%2021-12-16T19:51:00.000Z%,8080040,8010404,8010403,8010406,8011160,8011306,8011155,8010255,8011162,8011201,;426
2021-12-16T20:03:00.000Z;Seegefeld;RB;RB 14;14;18632;8081586;8081586%2021-12-16T20:03:00.000Z%,8013479,8011541,8013472,8010239,;426
2021-12-15T20:45:00.000Z;Cottbus-Willmersdorf Nord;RB;RB 11;11;18233;8081688;8081688%2021-12-15T20:45:00.000Z%0,8012341,8011318,8010073,;426
2021-12-15T21:43:00.000Z;Cottbus-Willmersdorf Nord;RE;RE 1;1;3195;8081688;8081688%2021-12-15T21:43:00.000Z%0,8012341,8011318,8010073,;602
2021-12-15T22:16:00.000Z;Cottbus-Willmersdorf Nord;RB;RB 11;11;18234;8081688;8081688%2021-12-15T22:16:00.000Z%,8012445,8012621,8011944,8011945,8012006,8010357,8011319,8013272,8012479,8011471,8013406,8013305,8011540,8012089,8010113,;426
2021-12-15T23:22:00.000Z;Cottbus-Willmersdorf Nord;RE;RE 1;1;3151;8081688;8081688%2021-12-15T23:22:00.000Z%,8012341,8011318,8010073,;602
2021-12-16T03:24:00.000Z;Cottbus-Willmersdorf Nord;RE;RE 1;1;3162;8081688;8081688%2021-12-16T03:24:00.000Z%,8012445,8012621,8011944,8011945,8012006,8010357,8011319,8013272,8012479,8011471,8013406,8013305,8011540,8012089,8010113,8010120,8011818,8011533,8013477,8011162,8010255,8011155,8011306,8011160,8010406,8010403,8010405,8012666,8010280,8010377,8010373,8011725,8011662,8010060,;602
2021-12-16T04:16:00.000Z;Cottbus-Willmersdorf Nord;RB;RB 11;11;18202;8081688;8081688%2021-12-16T04:16:00.000Z%,8012445,8012621,8011944,8011945,8012006,8010357,8011319,8013272,8012479,8011471,8013406,8013305,8011540,8012089,8010113,;426
2021-12-16T04:19:00.000Z;Cottbus-Willmersdorf Nord;RB;RB 11;11;18201;8081688;8081688%2021-12-16T04:19:00.000Z%,8012341,8011318,8010073,;426
2021-12-16T05:16:00.000Z;Cottbus-Willmersdorf Nord;RB;RB 11;11;18204;8081688;8081688%2021-12-16T05:16:00.000Z%,8012445,8012621,8011944,8011945,8012006,8010357,8011319,8013272,8012479,8011471,8013406,8013305,8011540,8012089,8010113,;426
2021-12-16T05:45:00.000Z;Cottbus-Willmersdorf Nord;RB;RB 11;11;18203;8081688;8081688%2021-12-16T05:45:00.000Z%,8012341,8011318,8010073,;426
2021-12-16T06:16:00.000Z;Cottbus-Willmersdorf Nord;RB;RB 11;11;18206;8081688;8081688%2021-12-16T06:16:00.000Z%,8012445,8012621,8011944,8011945,8012006,8010357,8011319,8013272,8012479,8011471,8013406,8013305,8011540,8012089,8010113,;426
2021-12-16T06:45:00.000Z;Cottbus-Willmersdorf Nord;RB;RB 11;11;18205;8081688;8081688%2021-12-16T06:45:00.000Z%,8012341,8011318,8010073,;426
2021-12-16T07:16:00.000Z;Cottbus-Willmersdorf Nord;RB;RB 11;11;18208;8081688;8081688%2021-12-16T07:16:00.000Z%,8012445,8012621,8011944,8011945,8012006,8010357,8011319,8013272,8012479,8011471,8013406,8013305,8011540,8012089,8010113,;426
2021-12-16T07:45:00.000Z;Cottbus-Willmersdorf Nord;RB;RB 11;11;18207;8081688;8081688%2021-12-16T07:45:00.000Z%,8012341,8011318,8010073,;426
2021-12-16T08:16:00.000Z;Cottbus-Willmersdorf Nord;RB;RB 11;11;18210;8081688;8081688%2021-12-16T08:16:00.000Z%,8012445,8012621,8011944,8011945,8012006,8010357,8011319,8013272,8012479,8011471,8013406,8013305,8011540,8012089,8010113,;426
2021-12-16T08:45:00.000Z;Cottbus-Willmersdorf Nord;RB;RB 11;11;18209;8081688;8081688%2021-12-16T08:45:00.000Z%,8012341,8011318,8010073,;426
2021-12-16T09:16:00.000Z;Cottbus-Willmersdorf Nord;RB;RB 11;11;18212;8081688;8081688%2021-12-16T09:16:00.000Z%,8012445,8012621,8011944,8011945,8012006,8010357,8011319,8013272,8012479,8011471,8013406,8013305,8011540,8012089,8010113,;426
2021-12-16T09:45:00.000Z;Cottbus-Willmersdorf Nord;RB;RB 11;11;18211;8081688;8081688%2021-12-16T09:45:00.000Z%,8012341,8011318,8010073,;426
2021-12-16T10:16:00.000Z;Cottbus-Willmersdorf Nord;RB;RB 11;11;18214;8081688;8081688%2021-12-16T10:16:00.000Z%,8012445,8012621,8011944,8011945,8012006,8010357,8011319,8013272,8012479,8011471,8013406,8013305,8011540,8012089,8010113,;426
2021-12-16T10:45:00.000Z;Cottbus-Willmersdorf Nord;RB;RB 11;11;18213;8081688;8081688%2021-12-16T10:45:00.000Z%,8012341,8011318,8010073,;426
2021-12-16T11:16:00.000Z;Cottbus-Willmersdorf Nord;RB;RB 11;11;18216;8081688;8081688%2021-12-16T11:16:00.000Z%,8012445,8012621,8011944,8011945,8012006,8010357,8011319,8013272,8012479,8011471,8013406,8013305,8011540,8012089,8010113,;426
2021-12-16T11:45:00.000Z;Cottbus-Willmersdorf Nord;RB;RB 11;11;18215;8081688;8081688%2021-12-16T11:45:00.000Z%,8012341,8011318,8010073,;426
2021-12-16T12:16:00.000Z;Cottbus-Willmersdorf Nord;RB;RB 11;11;18218;8081688;8081688%2021-12-16T12:16:00.000Z%,8012445,8012621,8011944,8011945,8012006,8010357,8011319,8013272,8012479,8011471,8013406,8013305,8011540,8012089,8010113,;426
2021-12-16T12:45:00.000Z;Cottbus-Willmersdorf Nord;RB;RB 11;11;18217;8081688;8081688%2021-12-16T12:45:00.000Z%,8012341,8011318,8010073,;426
2021-12-16T13:16:00.000Z;Cottbus-Willmersdorf Nord;RB;RB 11;11;18220;8081688;8081688%2021-12-16T13:16:00.000Z%,8012445,8012621,8011944,8011945,8012006,8010357,8011319,8013272,8012479,8011471,8013406,8013305,8011540,8012089,8010113,;426
2021-12-16T13:45:00.000Z;Cottbus-Willmersdorf Nord;RB;RB 11;11;18219;8081688;8081688%2021-12-16T13:45:00.000Z%,8012341,8011318,8010073,;426
2021-12-16T14:16:00.000Z;Cottbus-Willmersdorf Nord;RB;RB 11;11;18222;8081688;8081688%2021-12-16T14:16:00.000Z%,8012445,8012621,8011944,8011945,8012006,8010357,8011319,8013272,8012479,8011471,8013406,8013305,8011540,8012089,8010113,;426
2021-12-16T14:45:00.000Z;Cottbus-Willmersdorf Nord;RB;RB 11;11;18221;8081688;8081688%2021-12-16T14:45:00.000Z%,8012341,8011318,8010073,;426
2021-12-16T15:16:00.000Z;Cottbus-Willmersdorf Nord;RB;RB 11;11;18224;8081688;8081688%2021-12-16T15:16:00.000Z%,8012445,8012621,8011944,8011945,8012006,8010357,8011319,8013272,8012479,8011471,8013406,8013305,8011540,8012089,8010113,;426
2021-12-16T15:45:00.000Z;Cottbus-Willmersdorf Nord;RB;RB 11;11;18223;8081688;8081688%2021-12-16T15:45:00.000Z%,8012341,8011318,8010073,;426
2021-12-16T16:16:00.000Z;Cottbus-Willmersdorf Nord;RB;RB 11;11;18226;8081688;8081688%2021-12-16T16:16:00.000Z%,8012445,8012621,8011944,8011945,8012006,8010357,8011319,8013272,8012479,8011471,8013406,8013305,8011540,8012089,8010113,;426
2021-12-16T16:45:00.000Z;Cottbus-Willmersdorf Nord;RB;RB 11;11;18225;8081688;8081688%2021-12-16T16:45:00.000Z%,8012341,8011318,8010073,;426
2021-12-16T17:16:00.000Z;Cottbus-Willmersdorf Nord;RB;RB 11;11;18228;8081688;8081688%2021-12-16T17:16:00.000Z%,8012445,8012621,8011944,8011945,8012006,8010357,8011319,8013272,8012479,8011471,8013406,8013305,8011540,8012089,8010113,;426
2021-12-16T17:45:00.000Z;Cottbus-Willmersdorf Nord;RB;RB 11;11;18227;8081688;8081688%2021-12-16T17:45:00.000Z%,8012341,8011318,8010073,;426
2021-12-16T18:16:00.000Z;Cottbus-Willmersdorf Nord;RB;RB 11;11;18230;8081688;8081688%2021-12-16T18:16:00.000Z%,8012445,8012621,8011944,8011945,8012006,8010357,8011319,8013272,8012479,8011471,8013406,8013305,8011540,8012089,8010113,;426
2021-12-16T18:45:00.000Z;Cottbus-Willmersdorf Nord;RB;RB 11;11;18229;8081688;8081688%2021-12-16T18:45:00.000Z%,8012341,8011318,8010073,;426
2021-12-16T19:16:00.000Z;Cottbus-Willmersdorf Nord;RB;RB 11;11;18232;8081688;8081688%2021-12-16T19:16:00.000Z%,8012445,8012621,8011944,8011945,8012006,8010357,8011319,8013272,8012479,8011471,8013406,8013305,8011540,8012089,8010113,;426
2021-12-16T19:45:00.000Z;Cottbus-Willmersdorf Nord;RB;RB 11;11;18231;8081688;8081688%2021-12-16T19:45:00.000Z%,8012341,8011318,8010073,;426
2021-12-16T20:19:00.000Z;Cottbus-Willmersdorf Nord;RE;RE 1;1;3198;8081688;8081688%2021-12-16T20:19:00.000Z%,8012445,8012621,8011944,8011945,8012006,8010357,8011319,8013272,8012479,8011471,8013406,8013305,8011540,8012089,8010113,8012636,8011940,8011269,8011154,8010120,8011818,8011533,8013477,8011162,8010255,8011155,8011306,8011160,8010406,8010403,8010405,8012666,8010280,8010377,8010373,8011725,8011662,8010060,;602
2021-12-15T19:57:00.000Z;Köln Messe/Deutz Gl.11-12;IC;IC 2215;30;2215;8073368;8073368%2021-12-15T20:24:00.000Z%27,8001083,8000206,8000240,8070003,8000105,;468
2021-12-15T20:13:00.000Z;Köln Messe/Deutz Gl.11-12;IC;IC 2318;30;2318;8073368;8073368%2021-12-15T20:24:00.000Z%11,8000085,8000086,8000098,8000118,8000263,;468
2021-12-15T20:16:00.000Z;Köln Messe/Deutz Gl.11-12;ICE;ICE 528;41;528;8073368;8073368%2021-12-15T20:28:00.000Z%12,8000085,8000086,8000098,8000041,8000080,;720
2021-12-15T20:26:00.000Z;Köln Messe/Deutz;RB;RB 25;25;10582;8003368;8003368%2021-12-15T20:30:00.000Z%4,8003320,8003358,8005143,8005134,8002932,8002988,8004739,8001789,8005218,8000363,8002462,8070483,8003950,;426
2021-12-15T20:30:00.000Z;Köln Messe/Deutz Gl.11-12;ICE;ICE 544;10;544;8073368;8073368%2021-12-15T20:30:00.000Z%,8003330,8000207,;720
2021-12-15T20:33:00.000Z;Köln Messe/Deutz Gl.11-12;ICE;ICE 1120;2;1120;8073368;8073368%2021-12-15T20:37:00.000Z%4,8000085,;720
2021-12-15T20:34:00.000Z;Köln Messe/Deutz;RB;RB 25;25;10579;8003368;8003368%2021-12-15T20:36:00.000Z%2,8000207,8003392,;426
2021-12-15T20:45:00.000Z;Köln Messe/Deutz Gl.11-12;ICE;ICE 1627;31;1627;8073368;8073368%2021-12-15T20:47:00.000Z%2,8000206,8000240,8070003,8000105,;720
2021-12-15T20:56:00.000Z;Köln Messe/Deutz Gl.11-12;ICE;ICE 617;42;617;8073368;8073368%2021-12-15T21:08:00.000Z%12,8005556,8070003,8000244,8000096,;720
2021-12-15T20:56:00.000Z;Köln Messe/Deutz;RB;RB 25;25;10584;8003368;8003368%2021-12-15T20:57:00.000Z%1,8003320,8003358,8005143,8005134,8002932,8002988,8004739,8001789,8005218,8000363,8002462,;426
2021-12-15T20:59:00.000Z;Köln Messe/Deutz Gl.11-12;RE;RE 6;6;91834;8073368;8073368%2021-12-15T21:00:00.000Z%1,8003330,;602
2021-12-15T21:00:00.000Z;Köln Messe/Deutz Gl.11-12;RE;RE 6;6;91841;8073368;8073368%2021-12-15T21:00:00.000Z%0,8000085,8000082,8000086,8000259,8000098,8006226,8000041,8000080,;602
2021-12-15T21:03:00.000Z;Köln Messe/Deutz;RB;RB 25;25;10581;8003368;8003368%2021-12-15T21:04:00.000Z%1,8000207,8003392,;426
2021-12-15T21:11:00.000Z;Köln Messe/Deutz Gl.11-12;ICE;ICE 1222;31;1222;8073368;8073368%2021-12-15T21:14:00.000Z%3,8000087,8000266,8000142,8000080,;720
2021-12-15T21:12:00.000Z;Köln Messe/Deutz Gl.11-12;ICE;ICE 512;42;512;8073368;8073368%2021-12-15T21:12:00.000Z%0,8000085,8000086,8000098,8000118,8000307,8000263,;720
2021-12-15T21:17:00.000Z;Köln Messe/Deutz Gl.11-12;ICE;ICE 526;41;526;8073368;8073368%2021-12-15T21:17:00.000Z%0,8000085,8000086,8000098,8000041,8000080,;720
2021-12-15T21:26:00.000Z;Köln Messe/Deutz;RB;RB 25;25;10586;8003368;8003368%2021-12-15T21:26:00.000Z%,8003320,8003358,8005143,8005134,8002932,8002988,8004739,8001789,8005218,8000363,8002462,8070483,8003950,;426
2021-12-15T21:33:00.000Z;Köln Messe/Deutz;RB;RB 25;25;10583;8003368;8003368%2021-12-15T21:35:00.000Z%2,8000207,8003392,;426
2021-12-15T21:42:00.000Z;Köln Messe/Deutz Gl.11-12;ICE;ICE 844;10;844;8073368;8073368%2021-12-15T21:42:00.000Z%,8003330,8000207,;720
2021-12-15T21:48:00.000Z;Köln Messe/Deutz Gl.11-12;IC;IC 2307;30;2307;8073368;8073368%2021-12-15T21:52:00.000Z%4,8001083,8000206,;468
2021-12-15T21:55:00.000Z;Köln Messe/Deutz;RB;RB 48;48;32488;8003368;8003368%2021-12-15T21:55:00.000Z%,8000209,8003669,8000853,8003616,8000087,8002490,8000138,8006718,8000266,8006596,8006719,;426
2021-12-15T21:56:00.000Z;Köln Messe/Deutz;RB;RB 25;25;10588;8003368;8003368%2021-12-15T21:56:00.000Z%,8003320,8003358,8005143,8005134,8002932,8002988,8004739,8001789,8005218,8000363,8002462,;426
2021-12-15T21:59:00.000Z;Köln Messe/Deutz Gl.11-12;RE;RE 6;6;91836;8073368;8073368%2021-12-15T21:59:00.000Z%0,8003330,;602
2021-12-15T22:00:00.000Z;Köln Messe/Deutz Gl.11-12;RE;RE 6;6;91843;8073368;8073368%2021-12-15T22:00:00.000Z%,8000085,8000082,8000086,8000259,8000098,8006226,8000041,8000080,;602
2021-12-15T22:02:00.000Z;Köln Messe/Deutz;RB;RB 48;48;32493;8003368;8003368%2021-12-15T22:22:00.000Z%20,8000207,;426
2021-12-15T22:03:00.000Z;Köln Messe/Deutz;RB;RB 25;25;10585;8003368;8003368%2021-12-15T22:04:00.000Z%1,8000207,8003392,;426
2021-12-15T22:09:00.000Z;Köln Messe/Deutz Gl.11-12;ICE;ICE 100;43;100;8073368;8073368%2021-12-15T22:09:00.000Z%0,8000085,8000086,8000098,8000041,8000080,;720
2021-12-15T22:14:00.000Z;Köln Messe/Deutz Gl.11-12;IC;IC 2210;30;2210;8073368;8073368%2021-12-15T22:19:00.000Z%5,8000087,8000266,8000142,8000080,;468
2021-12-15T22:26:00.000Z;Köln Messe/Deutz;RB;RB 25;25;10590;8003368;8003368%2021-12-15T22:26:00.000Z%,8003320,8003358,8005143,8005134,8002932,8002988,8004739,8001789,8005218,8000363,8002462,;426
2021-12-15T22:29:00.000Z;Köln Messe/Deutz;RB;RB 48;48;32490;8003368;8003368%2021-12-15T22:29:00.000Z%0,8000209,8003669,8000853,8003616,8000087,;426
2021-12-15T22:30:00.000Z;Köln Messe/Deutz;RB;RB 48;48;32495;8003368;8003368%2021-12-15T22:30:00.000Z%,8000207,8003363,8003361,8003160,8001215,8005499,8005152,8000044,8001091,8001082,8001085,;426
2021-12-15T22:33:00.000Z;Köln Messe/Deutz Gl.11-12;ICE;ICE 542;10;542;8073368;8073368%2021-12-15T22:33:00.000Z%,8003330,8000207,;720
2021-12-15T22:33:00.000Z;Köln Messe/Deutz;RB;RB 25;25;10587;8003368;8003368%2021-12-15T22:34:00.000Z%1,8000207,8003392,;426
2021-12-15T22:38:00.000Z;Köln Messe/Deutz Gl.11-12;ICE;ICE 524;41;524;8073368;8073368%2021-12-15T22:40:00.000Z%2,8000085,8000086,8000098,8000041,8000080,;720
2021-12-15T22:55:00.000Z;Köln Messe/Deutz;RB;RB 48;48;32492;8003368;8003368%2021-12-15T22:55:00.000Z%,8000209,8003669,8000853,8003616,8000087,8002490,8000138,8006718,8000266,8006596,8006719,;426
2021-12-15T22:56:00.000Z;Köln Messe/Deutz Gl.11-12;ICE;ICE 619;42;619;8073368;8073368%2021-12-15T22:59:00.000Z%3,8005556,8070003,8000105,8000244,8000156,8000096,8000170,8000139,8000013,8004158,8000261,;720
2021-12-15T22:56:00.000Z;Köln Messe/Deutz;RB;RB 25;25;10592;8003368;8003368%2021-12-15T22:56:00.000Z%,8003320,8003358,8005143,8005134,8002932,8002988,8004739,8001789,8005218,8000363,8002462,;426
2021-12-15T22:59:00.000Z;Köln Messe/Deutz Gl.11-12;RE;RE 6;6;91838;8073368;8073368%2021-12-15T22:59:00.000Z%0,8003330,;602
2021-12-15T23:00:00.000Z;Köln Messe/Deutz Gl.11-12;RE;RE 6;6;91803;8073368;8073368%2021-12-15T23:00:00.000Z%,8000085,8000082,8000086,8000259,8000098,8006226,8000041,8000080,;602
2021-12-15T23:02:00.000Z;Köln Messe/Deutz;RB;RB 48;48;32497;8003368;8003368%2021-12-15T23:02:00.000Z%,8000207,;426
2021-12-15T23:03:00.000Z;Köln Messe/Deutz;RB;RB 25;25;10589;8003368;8003368%2021-12-15T23:03:00.000Z%,8000207,8003392,;426
2021-12-15T23:15:00.000Z;Köln Messe/Deutz Gl.11-12;ICE;ICE 22;91;22;8073368;8073368%2021-12-15T23:17:00.000Z%2,8000085,8000086,8000098,8000041,8000080,;720
2021-12-15T23:26:00.000Z;Köln Messe/Deutz;RB;RB 25;25;10594;8003368;8003368%2021-12-15T23:26:00.000Z%,8003320,8003358,8005143,8005134,8002932,8002988,8004739,8001789,8005218,8000363,8002462,;426
2021-12-15T23:48:00.000Z;Köln Messe/Deutz Gl.11-12;ICE;ICE 842;10;842;8073368;8073368%2021-12-15T23:52:00.000Z%4,8003330,8000207,;720
2021-12-16T00:00:00.000Z;Köln Messe/Deutz Gl.11-12;RE;RE 6;6;91801;8073368;8073368%2021-12-16T00:00:00.000Z%,8000085,;602
2021-12-16T00:02:00.000Z;Köln Messe/Deutz;RB;RB 48;48;32501;8003368;8003368%2021-12-16T00:02:00.000Z%,8000207,;426
2021-12-15T21:07:00.000Z;Münchweiler(Alsenz);RB;RB 65;65;12748;8087062;8087062%2021-12-15T21:09:00.000Z%2,8000372,8000189,;426
2021-12-15T21:10:00.000Z;Münchweiler(Alsenz);RB;RB 65;65;12751;8087062;8087062%2021-12-15T21:11:00.000Z%1,8006483,8003070,8005111,8000505,8002879,8000517,8000726,8000021,;426
2021-12-16T04:38:00.000Z;Münchweiler(Alsenz);RB;RB 65;65;12701;8087062;8087062%2021-12-16T04:38:00.000Z%,8006483,8003070,8005111,8000505,8002879,8000517,8000726,8000021,8001177,8000585,8003568,8004172,8000039,;426
2021-12-16T04:49:00.000Z;Münchweiler(Alsenz);RB;RB 65;65;12700;8087062;8087062%2021-12-16T04:49:00.000Z%,8000372,8002875,8000189,;426
2021-12-16T05:11:00.000Z;Münchweiler(Alsenz);RE;RE 15;15;29537;8087062;8087062%2021-12-16T05:11:00.000Z%,8006483,8003070,8005111,8000505,8002879,8000517,8000726,8000021,8000121,8003075,8000240,;602
2021-12-16T05:19:00.000Z;Münchweiler(Alsenz);RB;RB 65;65;12702;8087062;8087062%2021-12-16T05:19:00.000Z%,8000372,8002875,8000189,;426
2021-12-16T05:38:00.000Z;Münchweiler(Alsenz);RB;RB 65;65;12853;8087062;8087062%2021-12-16T05:38:00.000Z%,8006483,8003070,8005111,8000505,8002879,8000517,8000726,8000021,8001177,8000585,8003568,8004172,8000039,;426
2021-12-16T05:49:00.000Z;Münchweiler(Alsenz);RB;RB 65;65;12704;8087062;8087062%2021-12-16T05:49:00.000Z%,8000372,8002875,8000189,;426
2021-12-16T05:57:00.000Z;Münchweiler(Alsenz);RB;RB 65;65;12709;8087062;8087062%2021-12-16T05:57:00.000Z%,8006483,8003070,8005111,8000505,8002879,8000517,8000726,8000021,8001177,8000585,8003568,8004172,8000039,;426
2021-12-16T06:15:00.000Z;Münchweiler(Alsenz);RB;RB 65;65;12728;8087062;8087062%2021-12-16T06:15:00.000Z%,8000372,8000189,;426
2021-12-16T06:32:00.000Z;Münchweiler(Alsenz);RB;RB 65;65;12855;8087062;8087062%2021-12-16T06:32:00.000Z%,8006483,8003070,8005111,8000505,8002879,8000517,8000726,8000021,;426
2021-12-16T06:52:00.000Z;Münchweiler(Alsenz);RB;RB 65;65;12711;8087062;8087062%2021-12-16T06:52:00.000Z%,8006483,8003070,8005111,8000505,8002879,8000517,8000726,8000021,8001177,8000585,8003568,8004172,8000039,;426
2021-12-16T06:53:00.000Z;Münchweiler(Alsenz);RB;RB 65;65;12706;8087062;8087062%2021-12-16T06:53:00.000Z%,8000372,8000189,;426
2021-12-16T07:14:00.000Z;Münchweiler(Alsenz);RB;RB 65;65;12708;8087062;8087062%2021-12-16T07:14:00.000Z%,8000372,8002875,8000189,8003515,8004938,8007482,8005715,8004557,8004396,8002286,8004993,8001727,8005857,8000491,8004929,8003481,;426
2021-12-16T07:48:00.000Z;Münchweiler(Alsenz);RB;RB 65;65;12715;8087062;8087062%2021-12-16T07:48:00.000Z%,8006483,8003070,8005111,8000505,8002879,8000517,8000726,8000021,8001177,8000585,8003568,8004172,8000039,;426
2021-12-16T08:09:00.000Z;Münchweiler(Alsenz);RB;RB 65;65;12710;8087062;8087062%2021-12-16T08:09:00.000Z%,8000372,8000189,;426
2021-12-16T08:48:00.000Z;Münchweiler(Alsenz);RB;RB 65;65;12719;8087062;8087062%2021-12-16T08:48:00.000Z%,8006483,8003070,8005111,8000505,8002879,8000517,8000726,8000021,8001177,8000585,8003568,8004172,8000039,;426
2021-12-16T09:09:00.000Z;Münchweiler(Alsenz);RB;RB 65;65;12714;8087062;8087062%2021-12-16T09:09:00.000Z%,8000372,8000189,;426
2021-12-16T09:48:00.000Z;Münchweiler(Alsenz);RB;RB 65;65;12721;8087062;8087062%2021-12-16T09:48:00.000Z%,8006483,8003070,8005111,8000505,8002879,8000517,8000726,8000021,8001177,8000585,8003568,8004172,8000039,;426
2021-12-16T10:09:00.000Z;Münchweiler(Alsenz);RB;RB 65;65;12716;8087062;8087062%2021-12-16T10:09:00.000Z%,8000372,8000189,;426
2021-12-16T10:48:00.000Z;Münchweiler(Alsenz);RB;RB 65;65;12725;8087062;8087062%2021-12-16T10:48:00.000Z%,8006483,8003070,8005111,8000505,8002879,8000517,8000726,8000021,8001177,8000585,8003568,8004172,8000039,;426
2021-12-16T11:09:00.000Z;Münchweiler(Alsenz);RB;RB 65;65;12718;8087062;8087062%2021-12-16T11:09:00.000Z%,8000372,8000189,;426
2021-12-16T11:48:00.000Z;Münchweiler(Alsenz);RB;RB 65;65;12727;8087062;8087062%2021-12-16T11:48:00.000Z%,8006483,8003070,8005111,8000505,8002879,8000517,8000726,8000021,8001177,8000585,8003568,8004172,8000039,;426
2021-12-16T12:09:00.000Z;Münchweiler(Alsenz);RB;RB 65;65;12720;8087062;8087062%2021-12-16T12:09:00.000Z%,8000372,8000189,;426
2021-12-16T12:17:00.000Z;Münchweiler(Alsenz);RB;RB 65;65;12729;8087062;8087062%2021-12-16T12:17:00.000Z%,8006483,8003070,8005111,8000505,8002879,8000517,8000726,8000021,8001177,8000585,8003568,8004172,8000039,;426
2021-12-16T12:48:00.000Z;Münchweiler(Alsenz);RB;RB 65;65;12722;8087062;8087062%2021-12-16T12:48:00.000Z%,8000372,8002875,8000189,;426
2021-12-16T12:48:00.000Z;Münchweiler(Alsenz);RB;RB 65;65;12731;8087062;8087062%2021-12-16T12:48:00.000Z%,8006483,8003070,8005111,8000505,8002879,8000517,8000726,8000021,8001177,8000585,8003568,8004172,8000039,;426
2021-12-16T13:09:00.000Z;Münchweiler(Alsenz);RB;RB 65;65;12724;8087062;8087062%2021-12-16T13:09:00.000Z%,8000372,8000189,;426
2021-12-16T13:48:00.000Z;Münchweiler(Alsenz);RB;RB 65;65;12733;8087062;8087062%2021-12-16T13:48:00.000Z%,8006483,8003070,8005111,8000505,8002879,8000517,8000726,8000021,8001177,8000585,8003568,8004172,8000039,;426
2021-12-16T14:09:00.000Z;Münchweiler(Alsenz);RB;RB 65;65;12730;8087062;8087062%2021-12-16T14:09:00.000Z%,8000372,8000189,;426
2021-12-16T14:48:00.000Z;Münchweiler(Alsenz);RB;RB 65;65;12735;8087062;8087062%2021-12-16T14:48:00.000Z%,8006483,8003070,8005111,8000505,8002879,8000517,8000726,8000021,8001177,8000585,8003568,8004172,8000039,;426
2021-12-16T15:09:00.000Z;Münchweiler(Alsenz);RB;RB 65;65;12732;8087062;8087062%2021-12-16T15:09:00.000Z%,8000372,8000189,;426
2021-12-16T15:56:00.000Z;Münchweiler(Alsenz);RB;RB 65;65;12741;8087062;8087062%2021-12-16T15:56:00.000Z%,8006483,8003070,8005111,8000505,8002879,8000517,8000726,8000021,8001177,8000585,8003568,8004172,8000039,;426
2021-12-16T16:09:00.000Z;Münchweiler(Alsenz);RB;RB 65;65;12734;8087062;8087062%2021-12-16T16:09:00.000Z%,8000372,8000189,;426
2021-12-16T16:52:00.000Z;Münchweiler(Alsenz);RB;RB 65;65;12743;8087062;8087062%2021-12-16T16:52:00.000Z%,8006483,8003070,8005111,8000505,8002879,8000517,8000726,8000021,8001177,8000585,8003568,8004172,8000039,;426
2021-12-16T17:09:00.000Z;Münchweiler(Alsenz);RB;RB 65;65;12738;8087062;8087062%2021-12-16T17:09:00.000Z%,8000372,8000189,;426
2021-12-16T17:56:00.000Z;Münchweiler(Alsenz);RB;RB 65;65;12745;8087062;8087062%2021-12-16T17:56:00.000Z%,8006483,8003070,8005111,8000505,8002879,8000517,8000726,8000021,8001177,8000585,8003568,8004172,8000039,;426
2021-12-16T18:14:00.000Z;Münchweiler(Alsenz);RB;RB 65;65;12754;8087062;8087062%2021-12-16T18:14:00.000Z%,8000372,8002875,8000189,;426
2021-12-16T18:48:00.000Z;Münchweiler(Alsenz);RB;RB 65;65;12747;8087062;8087062%2021-12-16T18:48:00.000Z%,8006483,8003070,8005111,8000505,8002879,8000517,8000726,8000021,8001177,8000585,8003568,8004172,8000039,;426
2021-12-16T19:09:00.000Z;Münchweiler(Alsenz);RB;RB 65;65;12744;8087062;8087062%2021-12-16T19:09:00.000Z%,8000372,8000189,;426
2021-12-16T19:48:00.000Z;Münchweiler(Alsenz);RB;RB 65;65;12749;8087062;8087062%2021-12-16T19:48:00.000Z%,8006483,8003070,8005111,8000505,8002879,8000517,8000726,8000021,8001177,8000585,8003568,8004172,8000039,;426
2021-12-16T20:12:00.000Z;Münchweiler(Alsenz);RB;RB 65;65;12746;8087062;8087062%2021-12-16T20:12:00.000Z%,8000372,8000189,;426
2021-12-15T20:17:00.000Z;Weingarten Berg;RB;RB 91;91;87597;8087067;8087067%2021-12-15T20:24:00.000Z%7,8004965,8006296,8004605,8003930,8003220,8002120,8003733,8000112,8002110,;426
2021-12-15T21:41:00.000Z;Weingarten Berg;RB;RB 91;91;87600;8087067;8087067%2021-12-15T21:41:00.000Z%,8004363,8004049,8000014,;426
2021-12-15T22:21:00.000Z;Weingarten Berg;RB;RB 91;91;17719;8087067;8087067%2021-12-15T22:21:00.000Z%,8004965,8006296,8004605,8003930,8003220,8002120,8003733,8000112,;426
2021-12-15T23:55:00.000Z;Weingarten Berg;RB;RB 91;91;17344;8087067;8087067%2021-12-15T23:55:00.000Z%,8004363,8004049,8000014,;426
2021-12-16T04:22:00.000Z;Weingarten Berg;RB;RB 91;91;87551;8087067;8087067%2021-12-16T04:22:00.000Z%,8004965,8006296,8004605,8003930,8003220,8002120,8003733,8000112,8002110,;426
2021-12-16T04:24:00.000Z;Weingarten Berg;RB;RB 91;91;87550;8087067;8087067%2021-12-16T04:24:00.000Z%,8004363,8004049,8000014,;426
2021-12-16T05:16:00.000Z;Weingarten Berg;RB;RB 91;91;87555;8087067;8087067%2021-12-16T05:16:00.000Z%,8004965,8006296,8004605,8003930,8003220,8002120,8003733,8000112,8002110,;426
2021-12-16T05:30:00.000Z;Weingarten Berg;RB;RB 91;91;87554;8087067;8087067%2021-12-16T05:30:00.000Z%,8004363,8004049,8000014,;426
2021-12-16T06:16:00.000Z;Weingarten Berg;RB;RB 91;91;87559;8087067;8087067%2021-12-16T06:16:00.000Z%,8004965,8006296,8004605,8003930,8003220,8002120,8003733,8000112,8002110,;426
2021-12-16T06:31:00.000Z;Weingarten Berg;RB;RB 91;91;87558;8087067;8087067%2021-12-16T06:31:00.000Z%,8004363,8004049,8000014,;426
2021-12-16T07:16:00.000Z;Weingarten Berg;RB;RB 91;91;87561;8087067;8087067%2021-12-16T07:16:00.000Z%,8004965,8006296,8004605,8003930,8003220,8002120,8003733,8000112,8002110,;426
2021-12-16T07:41:00.000Z;Weingarten Berg;RB;RB 91;91;87562;8087067;8087067%2021-12-16T07:41:00.000Z%,8004363,8004049,8000014,;426
2021-12-16T08:17:00.000Z;Weingarten Berg;RB;RB 91;91;87565;8087067;8087067%2021-12-16T08:17:00.000Z%,8004965,8006296,8004605,8003930,8003220,8002120,8003733,8000112,8002110,;426
2021-12-16T08:41:00.000Z;Weingarten Berg;RB;RB 91;91;87564;8087067;8087067%2021-12-16T08:41:00.000Z%,8004363,8004049,8000014,;426
2021-12-16T09:17:00.000Z;Weingarten Berg;RB;RB 91;91;87567;8087067;8087067%2021-12-16T09:17:00.000Z%,8004965,8006296,8004605,8003930,8003220,8002120,8003733,8000112,8002110,;426
2021-12-16T09:41:00.000Z;Weingarten Berg;RB;RB 91;91;87566;8087067;8087067%2021-12-16T09:41:00.000Z%,8004363,8004049,8000014,;426
2021-12-16T10:17:00.000Z;Weingarten Berg;RB;RB 91;91;87569;8087067;8087067%2021-12-16T10:17:00.000Z%,8004965,8006296,8004605,8003930,8003220,8002120,8003733,8000112,8002110,;426
2021-12-16T10:41:00.000Z;Weingarten Berg;RB;RB 91;91;87568;8087067;8087067%2021-12-16T10:41:00.000Z%,8004363,8004049,8000014,;426
2021-12-16T11:17:00.000Z;Weingarten Berg;RB;RB 91;91;87571;8087067;8087067%2021-12-16T11:17:00.000Z%,8004965,8006296,8004605,8003930,8003220,8002120,8003733,8000112,8002110,;426
2021-12-16T11:41:00.000Z;Weingarten Berg;RB;RB 91;91;87570;8087067;8087067%2021-12-16T11:41:00.000Z%,8004363,8004049,8000014,;426
2021-12-16T12:22:00.000Z;Weingarten Berg;RB;RB 91;91;87573;8087067;8087067%2021-12-16T12:22:00.000Z%,8004965,8006296,8004605,8003930,8003220,8002120,8003733,8000112,8002110,;426
2021-12-16T12:41:00.000Z;Weingarten Berg;RB;RB 91;91;87603;8087067;8087067%2021-12-16T12:41:00.000Z%,8004363,8004049,8000014,;426
2021-12-16T13:17:00.000Z;Weingarten Berg;RB;RB 91;91;87599;8087067;8087067%2021-12-16T13:17:00.000Z%,8004965,8006296,8004605,8003930,8003220,8002120,8003733,8000112,8002110,;426
2021-12-16T13:41:00.000Z;Weingarten Berg;RB;RB 91;91;87598;8087067;8087067%2021-12-16T13:41:00.000Z%,8004363,8004049,8000014,;426
2021-12-16T14:17:00.000Z;Weingarten Berg;RB;RB 91;91;87579;8087067;8087067%2021-12-16T14:17:00.000Z%,8004965,8006296,8004605,8003930,8003220,8002120,8003733,8000112,8002110,;426
2021-12-16T14:41:00.000Z;Weingarten Berg;RB;RB 91;91;87578;8087067;8087067%2021-12-16T14:41:00.000Z%,8004363,8004049,8000014,;426
2021-12-16T15:17:00.000Z;Weingarten Berg;RB;RB 91;91;87583;8087067;8087067%2021-12-16T15:17:00.000Z%,8004965,8006296,8004605,8003930,8003220,8002120,8003733,8000112,8002110,;426
2021-12-16T15:41:00.000Z;Weingarten Berg;RB;RB 91;91;87582;8087067;8087067%2021-12-16T15:41:00.000Z%,8004363,8004049,8000014,;426
2021-12-16T16:17:00.000Z;Weingarten Berg;RB;RB 91;91;87587;8087067;8087067%2021-12-16T16:17:00.000Z%,8004965,8006296,8004605,8003930,8003220,8002120,8003733,8000112,8002110,;426
2021-12-16T16:41:00.000Z;Weingarten Berg;RB;RB 91;91;87586;8087067;8087067%2021-12-16T16:41:00.000Z%,8004363,8004049,8000014,;426
2021-12-16T17:17:00.000Z;Weingarten Berg;RB;RB 91;91;87591;8087067;8087067%2021-12-16T17:17:00.000Z%,8004965,8006296,8004605,8003930,8003220,8002120,8003733,8000112,8002110,;426
2021-12-16T17:41:00.000Z;Weingarten Berg;RB;RB 91;91;87590;8087067;8087067%2021-12-16T17:41:00.000Z%,8004363,8004049,8000014,;426
2021-12-16T18:17:00.000Z;Weingarten Berg;RB;RB 91;91;87595;8087067;8087067%2021-12-16T18:17:00.000Z%,8004965,8006296,8004605,8003930,8003220,8002120,8003733,8000112,;426
2021-12-16T18:40:00.000Z;Weingarten Berg;RB;RB 91;91;17798;8087067;8087067%2021-12-16T18:40:00.000Z%,8004363,8004049,8000014,8000559,8005301,8002760,8000160,8003969,8005568,8000069,;426
2021-12-16T19:17:00.000Z;Weingarten Berg;RB;RB 91;91;17357;8087067;8087067%2021-12-16T19:17:00.000Z%,8004965,8006296,8004605,8003930,8003220,8002120,8003733,8000112,8002110,;426
2021-12-16T19:41:00.000Z;Weingarten Berg;RB;RB 91;91;87596;8087067;8087067%2021-12-16T19:41:00.000Z%,8004363,8004049,8000014,;426
2021-12-15T20:42:00.000Z;Maulbronn West;RB;RB 17c;17c;19634;8087080;8087080%2021-12-15T20:42:00.000Z%0,8004632,8003332,8001131,8001138,8000053,8070012,8002326,8070011,8002734,8002688,8070010,8070009,8070008,8000055,;426
2021-12-15T21:15:00.000Z;Maulbronn West;RB;RB 17c;17c;19657;8087080;8087080%2021-12-15T21:15:00.000Z%0,8004637,8000339,;426
2021-12-15T21:42:00.000Z;Maulbronn West;RB;RB 17c;17c;19656;8087080;8087080%2021-12-15T21:42:00.000Z%0,8004632,8003332,8001131,8001138,8000053,8070012,8002326,8070011,8002734,8002688,8070010,8070009,8070008,8000055,;426
2021-12-15T22:14:00.000Z;Maulbronn West;RB;RB 17c;17c;19659;8087080;8087080%2021-12-15T22:14:00.000Z%0,8004637,8000339,;426
2021-12-15T22:52:00.000Z;Maulbronn West;RB;RB 17c;17c;19658;8087080;8087080%2021-12-15T22:52:00.000Z%0,8004632,8003332,8001131,8001138,8000053,8070012,8002326,8070011,8002734,8002688,8070010,8070009,8070008,8000055,;426
2021-12-16T04:14:00.000Z;Maulbronn West;RB;RB 17c;17c;19601;8087080;8087080%2021-12-16T04:14:00.000Z%,8004637,8000339,8004103,8003060,8006053,8005540,8005253,8001746,8000038,8000235,8000096,;426
2021-12-16T04:42:00.000Z;Maulbronn West;RB;RB 17c;17c;19625;8087080;8087080%2021-12-16T04:42:00.000Z%,8004637,8000339,;426
2021-12-16T04:47:00.000Z;Maulbronn West;RB;RB 17c;17c;19636;8087080;8087080%2021-12-16T04:47:00.000Z%,8004632,8003332,8001131,8001138,8000053,8070012,8002326,8070011,8002734,8002688,8070010,8070009,8070008,8000055,;426
2021-12-16T05:14:00.000Z;Maulbronn West;RB;RB 17c;17c;19603;8087080;8087080%2021-12-16T05:14:00.000Z%,8004637,8000339,8004103,8003060,8006053,8005540,8005253,8001746,8000038,8000235,8000096,;426
2021-12-16T05:44:00.000Z;Maulbronn West;RB;RB 17c;17c;19638;8087080;8087080%2021-12-16T05:44:00.000Z%,8004632,8003332,8001131,8001138,8000053,8070012,8002326,8070011,8002734,8002688,8070010,8070009,8070008,8000055,;426
2021-12-16T05:46:00.000Z;Maulbronn West;RE;RE 17b;17b;19605;8087080;8087080%2021-12-16T05:46:00.000Z%,8004637,8000339,8004103,8003060,8006053,8005540,8005253,8001746,8000038,8000235,8000096,;602
2021-12-16T06:14:00.000Z;Maulbronn West;RB;RB 17c;17c;19607;8087080;8087080%2021-12-16T06:14:00.000Z%,8004637,8000339,8004103,8003060,8006053,8005540,8005253,8001746,8000038,8000235,8000096,;426
2021-12-16T06:42:00.000Z;Maulbronn West;RB;RB 17c;17c;19602;8087080;8087080%2021-12-16T06:42:00.000Z%,8004632,8003332,8001131,8001138,8000053,8070012,8002326,8070011,8002734,8002688,8070010,8070009,8070008,8000055,;426
2021-12-16T07:15:00.000Z;Maulbronn West;RB;RB 17c;17c;19609;8087080;8087080%2021-12-16T07:15:00.000Z%,8004637,8000339,8004103,8003060,8006053,8005540,8005253,8001746,8000038,8000235,8000096,;426
2021-12-16T07:42:00.000Z;Maulbronn West;RB;RB 17c;17c;19604;8087080;8087080%2021-12-16T07:42:00.000Z%,8004632,8003332,8001131,8001138,8000053,8070012,8002326,8070011,8002734,8002688,8070010,8070009,8070008,8000055,;426
2021-12-16T08:15:00.000Z;Maulbronn West;RB;RB 17c;17c;19611;8087080;8087080%2021-12-16T08:15:00.000Z%,8004637,8000339,8004103,8003060,8006053,8005540,8005253,8001746,8000038,8000235,8000096,;426
2021-12-16T08:42:00.000Z;Maulbronn West;RB;RB 17c;17c;19606;8087080;8087080%2021-12-16T08:42:00.000Z%,8004632,8003332,8001131,8001138,8000053,8070012,8002326,8070011,8002734,8002688,8070010,8070009,8070008,8000055,;426
2021-12-16T09:14:00.000Z;Maulbronn West;RB;RB 17c;17c;19613;8087080;8087080%2021-12-16T09:14:00.000Z%,8004637,8000339,8004103,8003060,8006053,8005540,8005253,8001746,8000038,8000235,8000096,;426
2021-12-16T09:42:00.000Z;Maulbronn West;RB;RB 17c;17c;19608;8087080;8087080%2021-12-16T09:42:00.000Z%,8004632,8003332,8001131,8001138,8000053,8070012,8002326,8070011,8002734,8002688,8070010,8070009,8070008,8000055,;426
2021-12-16T10:15:00.000Z;Maulbronn West;RB;RB 17c;17c;19615;8087080;8087080%2021-12-16T10:15:00.000Z%,8004637,8000339,8004103,8003060,8006053,8005540,8005253,8001746,8000038,8000235,8000096,;426
2021-12-16T10:42:00.000Z;Maulbronn West;RB;RB 17c;17c;19610;8087080;8087080%2021-12-16T10:42:00.000Z%,8004632,8003332,8001131,8001138,8000053,8070012,8002326,8070011,8002734,8002688,8070010,8070009,8070008,8000055,;426
2021-12-16T11:14:00.000Z;Maulbronn West;RB;RB 17c;17c;19617;8087080;8087080%2021-12-16T11:14:00.000Z%,8004637,8000339,8004103,8003060,8006053,8005540,8005253,8001746,8000038,8000235,8000096,;426
2021-12-16T11:42:00.000Z;Maulbronn West;RB;RB 17c;17c;19612;8087080;8087080%2021-12-16T11:42:00.000Z%,8004632,8003332,8001131,8001138,8000053,8070012,8002326,8070011,8002734,8002688,8070010,8070009,8070008,8000055,;426
2021-12-16T12:15:00.000Z;Maulbronn West;RB;RB 17c;17c;19619;8087080;8087080%2021-12-16T12:15:00.000Z%,8004637,8000339,8004103,8003060,8006053,8005540,8005253,8001746,8000038,8000235,8000096,;426
2021-12-16T12:42:00.000Z;Maulbronn West;RB;RB 17c;17c;19614;8087080;8087080%2021-12-16T12:42:00.000Z%,8004632,8003332,8001131,8001138,8000053,8070012,8002326,8070011,8002734,8002688,8070010,8070009,8070008,8000055,;426
2021-12-16T13:14:00.000Z;Maulbronn West;RB;RB 17c;17c;19621;8087080;8087080%2021-12-16T13:14:00.000Z%,8004637,8000339,8004103,8003060,8006053,8005540,8005253,8001746,8000038,8000235,8000096,;426
2021-12-16T13:42:00.000Z;Maulbronn West;RB;RB 17c;17c;19616;8087080;8087080%2021-12-16T13:42:00.000Z%,8004632,8003332,8001131,8001138,8000053,8070012,8002326,8070011,8002734,8002688,8070010,8070009,8070008,8000055,;426
2021-12-16T14:15:00.000Z;Maulbronn West;RB;RB 17c;17c;19623;8087080;8087080%2021-12-16T14:15:00.000Z%,8004637,8000339,8004103,8003060,8006053,8005540,8005253,8001746,8000038,8000235,8000096,;426
2021-12-16T14:42:00.000Z;Maulbronn West;RB;RB 17c;17c;19618;8087080;8087080%2021-12-16T14:42:00.000Z%,8004632,8003332,8001131,8001138,8000053,8070012,8002326,8070011,8002734,8002688,8070010,8070009,8070008,8000055,;426
2021-12-16T15:14:00.000Z;Maulbronn West;RB;RB 17c;17c;19627;8087080;8087080%2021-12-16T15:14:00.000Z%,8004637,8000339,8004103,8003060,8006053,8005540,8005253,8001746,8000038,8000235,8000096,;426
2021-12-16T15:42:00.000Z;Maulbronn West;RB;RB 17c;17c;19620;8087080;8087080%2021-12-16T15:42:00.000Z%,8004632,8003332,8001131,8001138,8000053,8070012,8002326,8070011,8002734,8002688,8070010,8070009,8070008,8000055,;426
2021-12-16T16:11:00.000Z;Maulbronn West;RB;RB 17c;17c;19622;8087080;8087080%2021-12-16T16:11:00.000Z%,8004632,8003332,8001131,8001138,8000053,8070012,8002326,8070011,8002734,8002688,8070010,8070009,8070008,8000055,;426
2021-12-16T16:15:00.000Z;Maulbronn West;RB;RB 17c;17c;19631;8087080;8087080%2021-12-16T16:15:00.000Z%,8004637,8000339,8004103,8003060,8006053,8005540,8005253,8001746,8000038,8000235,8000096,;426
2021-12-16T16:42:00.000Z;Maulbronn West;RB;RB 17c;17c;19624;8087080;8087080%2021-12-16T16:42:00.000Z%,8004632,8003332,8001131,8001138,8000053,8070012,8002326,8070011,8002734,8002688,8070010,8070009,8070008,8000055,;426
2021-12-16T17:11:00.000Z;Maulbronn West;RB;RB 17c;17c;19626;8087080;8087080%2021-12-16T17:11:00.000Z%,8004632,8003332,8001131,8001138,8000053,8070012,8002326,8070011,8002734,8002688,8070010,8070009,8070008,8000055,;426
2021-12-16T17:14:00.000Z;Maulbronn West;RB;RB 17c;17c;19633;8087080;8087080%2021-12-16T17:14:00.000Z%,8004637,8000339,8004103,8003060,8006053,8005540,8005253,8001746,8000038,8000235,8000096,;426
2021-12-16T17:42:00.000Z;Maulbronn West;RB;RB 17c;17c;19628;8087080;8087080%2021-12-16T17:42:00.000Z%,8004632,8003332,8001131,8001138,8000053,8070012,8002326,8070011,8002734,8002688,8070010,8070009,8070008,8000055,;426
2021-12-16T18:15:00.000Z;Maulbronn West;RB;RB 17c;17c;19635;8087080;8087080%2021-12-16T18:15:00.000Z%,8004637,8000339,8004103,8003060,8006053,8005540,8005253,8001746,8000038,8000235,8000096,;426
2021-12-16T18:42:00.000Z;Maulbronn West;RB;RB 17c;17c;19630;8087080;8087080%2021-12-16T18:42:00.000Z%,8004632,8003332,8001131,8001138,8000053,8070012,8002326,8070011,8002734,8002688,8070010,8070009,8070008,8000055,;426
2021-12-16T19:15:00.000Z;Maulbronn West;RB;RB 17c;17c;19653;8087080;8087080%2021-12-16T19:15:00.000Z%,8004637,8000339,;426
2021-12-16T19:42:00.000Z;Maulbronn West;RB;RB 17c;17c;19632;8087080;8087080%2021-12-16T19:42:00.000Z%,8004632,8003332,8001131,8001138,8000053,8070012,8002326,8070011,8002734,8002688,8070010,8070009,8070008,8000055,;426
2021-12-16T20:14:00.000Z;Maulbronn West;RB;RB 17c;17c;19637;8087080;8087080%2021-12-16T20:14:00.000Z%,8004637,8000339,8004103,8003060,8006053,8005540,8005253,8001746,8000038,8000235,8000096,;426
2021-12-15T20:41:00.000Z;Neuenburg(Baden);RB;RB 27;27;17080;8089119;8089119%2021-12-15T20:41:00.000Z%,8004124,;426
2021-12-15T21:41:00.000Z;Neuenburg(Baden);RB;RB 27;27;17082;8089119;8089119%2021-12-15T21:41:00.000Z%,8004124,;426
2021-12-15T22:27:00.000Z;Neuenburg(Baden);RB;RB 27;27;17084;8089119;8089119%2021-12-15T22:27:00.000Z%,8004124,;426
2021-12-16T04:09:00.000Z;Neuenburg(Baden);RB;RB 27;27;17152;8089119;8089119%2021-12-16T04:09:00.000Z%,8004124,8001262,8002727,8000718,8004464,8005317,8001643,8002069,8000107,;426
2021-12-16T05:14:00.000Z;Neuenburg(Baden);RB;RB 27;27;17156;8089119;8089119%2021-12-16T05:14:00.000Z%,8004124,8001262,8002727,8000718,8004464,8005317,8001643,8000107,8002465,8001415,8003398,8001771,8005836,8003374,8005090,8003233,8002763,8005101,8004683,8003494,8002123,8000290,;426
2021-12-16T05:38:00.000Z;Neuenburg(Baden);RB;RB 27;27;17160;8089119;8089119%2021-12-16T05:38:00.000Z%,8004124,8001262,8002727,8000718,8004464,8005317,8001643,8002069,8000107,8002465,8001415,8003398,8001771,8005836,8003374,8005090,8003233,8002763,8005101,8004683,8003494,8002123,8000290,;426
2021-12-16T05:51:00.000Z;Neuenburg(Baden);RB;RB 107;107;87481;8089119;8089119%2021-12-16T05:51:00.000Z%,8004124,;426
2021-12-16T06:08:00.000Z;Neuenburg(Baden);RB;RB 107;107;87480;8089119;8089119%2021-12-16T06:08:00.000Z%,8700329,8700031,;426
2021-12-16T07:10:00.000Z;Neuenburg(Baden);RB;RB 27;27;17164;8089119;8089119%2021-12-16T07:10:00.000Z%,8004124,8001262,8002727,8000718,8004464,8005317,8001643,8000107,8002465,8001415,8003398,8001771,8005836,8003374,8005090,8003233,8002763,8005101,8004683,8003494,8002123,8000290,;426
2021-12-16T07:52:00.000Z;Neuenburg(Baden);RB;RB 107;107;87483;8089119;8089119%2021-12-16T07:52:00.000Z%,8004124,;426
2021-12-16T08:38:00.000Z;Neuenburg(Baden);RB;RB 27;27;17056;8089119;8089119%2021-12-16T08:38:00.000Z%,8004124,;426
2021-12-16T08:50:00.000Z;Neuenburg(Baden);RB;RB 107;107;87484;8089119;8089119%2021-12-16T08:50:00.000Z%,8700329,8700031,;426
2021-12-16T09:41:00.000Z;Neuenburg(Baden);RB;RB 27;27;17058;8089119;8089119%2021-12-16T09:41:00.000Z%,8004124,8001262,8002727,8000718,8004464,8005317,8001643,8002069,8000107,;426
2021-12-16T09:51:00.000Z;Neuenburg(Baden);RB;RB 107;107;87487;8089119;8089119%2021-12-16T09:51:00.000Z%,8004124,;426
2021-12-16T10:08:00.000Z;Neuenburg(Baden);RB;RB 107;107;87486;8089119;8089119%2021-12-16T10:08:00.000Z%,8700329,8700031,;426
2021-12-16T10:38:00.000Z;Neuenburg(Baden);RB;RB 27;27;17060;8089119;8089119%2021-12-16T10:38:00.000Z%,8004124,;426
2021-12-16T11:41:00.000Z;Neuenburg(Baden);RB;RB 27;27;17062;8089119;8089119%2021-12-16T11:41:00.000Z%,8004124,;426
2021-12-16T11:51:00.000Z;Neuenburg(Baden);RB;RB 107;107;87489;8089119;8089119%2021-12-16T11:51:00.000Z%,8004124,;426
2021-12-16T12:08:00.000Z;Neuenburg(Baden);RB;RB 107;107;87488;8089119;8089119%2021-12-16T12:08:00.000Z%,8700329,8700031,;426
2021-12-16T12:41:00.000Z;Neuenburg(Baden);RB;RB 27;27;17064;8089119;8089119%2021-12-16T12:41:00.000Z%,8004124,;426
2021-12-16T13:38:00.000Z;Neuenburg(Baden);RB;RB 27;27;17066;8089119;8089119%2021-12-16T13:38:00.000Z%,8004124,;426
2021-12-16T13:51:00.000Z;Neuenburg(Baden);RB;RB 107;107;87491;8089119;8089119%2021-12-16T13:51:00.000Z%,8004124,;426
2021-12-16T14:08:00.000Z;Neuenburg(Baden);RB;RB 107;107;87490;8089119;8089119%2021-12-16T14:08:00.000Z%,8700329,8700031,;426
2021-12-16T14:41:00.000Z;Neuenburg(Baden);RB;RB 27;27;17068;8089119;8089119%2021-12-16T14:41:00.000Z%,8004124,;426
2021-12-16T15:36:00.000Z;Neuenburg(Baden);RB;RB 27;27;17070;8089119;8089119%2021-12-16T15:36:00.000Z%,8004124,;426
2021-12-16T15:51:00.000Z;Neuenburg(Baden);RB;RB 107;107;87493;8089119;8089119%2021-12-16T15:51:00.000Z%,8004124,;426
2021-12-16T16:08:00.000Z;Neuenburg(Baden);RB;RB 107;107;87492;8089119;8089119%2021-12-16T16:08:00.000Z%,8700329,8700031,;426
2021-12-16T17:17:00.000Z;Neuenburg(Baden);RB;RB 27;27;17188;8089119;8089119%2021-12-16T17:17:00.000Z%,8004124,8001262,8002727,8000718,8004464,8005317,8001643,8000107,;426
2021-12-16T17:51:00.000Z;Neuenburg(Baden);RB;RB 107;107;87497;8089119;8089119%2021-12-16T17:51:00.000Z%,8004124,;426
2021-12-16T18:08:00.000Z;Neuenburg(Baden);RB;RB 107;107;87496;8089119;8089119%2021-12-16T18:08:00.000Z%,8700329,8700031,;426
2021-12-16T18:41:00.000Z;Neuenburg(Baden);RB;RB 27;27;17076;8089119;8089119%2021-12-16T18:41:00.000Z%,8004124,;426
2021-12-16T19:41:00.000Z;Neuenburg(Baden);RB;RB 27;27;17078;8089119;8089119%2021-12-16T19:41:00.000Z%,8004124,8001262,8002727,8000718,8004464,8005317,8001643,8002069,8000107,;426
2021-12-15T20:24:00.000Z;Erkner;RE;RE 1;1;3131;8013477;8013477%2021-12-15T20:26:00.000Z%2,8011533,8011818,8010120,8011154,8011269,8011940,8012636,8010113,;602
2021-12-15T21:10:00.000Z;Erkner;RE;RE 1;1;3196;8013477;8013477%2021-12-15T21:10:00.000Z%0,8011162,8010255,8011155,8011306,8011160,8010406,8010403,8010405,8012666,8010280,8010377,8010373,8011725,8011662,8010060,8012011,8013365,8010123,8010151,8011294,8010226,8010224,;602
2021-12-15T21:24:00.000Z;Erkner;RE;RE 1;1;3133;8013477;8013477%2021-12-15T21:24:00.000Z%0,8011533,8011818,8010120,8011154,8011269,8011940,8012636,8010113,8012089,8011540,8013305,8013406,8011471,8012479,8013272,8011319,8010357,8012006,8011945,8011944,8012621,8012445,8081688,8012341,8011318,8010073,;602
2021-12-15T22:15:00.000Z;Erkner;RE;RE 1;1;3198;8013477;8013477%2021-12-15T22:17:00.000Z%2,8011162,8010255,8011155,8011306,8011160,8010406,8010403,8010405,8012666,8010280,8010377,8010373,8011725,8011662,8010060,;602
2021-12-15T22:26:00.000Z;Erkner;RE;RE 1;1;3135;8013477;8013477%2021-12-15T22:27:00.000Z%1,8011533,8011818,8010120,8011154,8011269,8011940,8012636,8010113,;602
2021-12-15T23:07:00.000Z;Erkner;RE;RE 1;1;3154;8013477;8013477%2021-12-15T23:07:00.000Z%,8011162,8010255,8011155,8011306,8011160,8010406,8010403,8010405,8012666,8010280,8010377,8010373,8011725,8011662,8010060,;602
2021-12-15T23:24:00.000Z;Erkner;RE;RE 1;1;3137;8013477;8013477%2021-12-15T23:24:00.000Z%,8011533,8011818,8010120,8011154,8011269,8011940,8012636,8010113,;602
2021-12-16T00:13:00.000Z;Erkner;RE;RE 1;1;3150;8013477;8013477%2021-12-16T00:13:00.000Z%,8011162,8010255,8011155,8011306,8011160,8010406,;602
2021-12-16T00:25:00.000Z;Erkner;RE;RE 1;1;3153;8013477;8013477%2021-12-16T00:25:00.000Z%,8011533,8011818,8010120,8011154,8011269,8011940,8012636,8010113,;602
2021-12-16T03:38:00.000Z;Erkner;RE;RE 1;1;3104;8013477;8013477%2021-12-16T03:38:00.000Z%,8011162,8010255,8011155,8011306,8011160,8010406,8010403,8010405,8012666,8010373,8010060,8012011,8013365,8010123,8010151,8011294,8010226,8010224,;602
2021-12-16T03:51:00.000Z;Erkner;RE;RE 1;1;3145;8013477;8013477%2021-12-16T03:51:00.000Z%,8011533,8011818,8010120,8011154,8011269,8011940,8012636,8010113,;602
2021-12-16T04:41:00.000Z;Erkner;RE;RE 1;1;3106;8013477;8013477%2021-12-16T04:41:00.000Z%,8011162,8010255,8011155,8011306,8011160,8010406,8010403,8010405,8012666,8010373,8010060,8012011,8013365,8010123,8010151,8011294,8010226,8010224,;602
2021-12-16T04:54:00.000Z;Erkner;RE;RE 1;1;3165;8013477;8013477%2021-12-16T04:54:00.000Z%,8011533,8011818,8010120,8010113,;602
2021-12-16T05:08:00.000Z;Erkner;RE;RE 1;1;3162;8013477;8013477%2021-12-16T05:08:00.000Z%,8011162,8010255,8011155,8011306,8011160,8010406,8010403,8010405,8012666,8010280,8010377,8010373,8011725,8011662,8010060,;602
2021-12-16T05:24:00.000Z;Erkner;RE;RE 1;1;3101;8013477;8013477%2021-12-16T05:24:00.000Z%,8011533,8010120,8011154,8011269,8011940,8012636,8010113,8012089,8011540,8013305,8013406,8011471,;602
2021-12-16T05:38:00.000Z;Erkner;RE;RE 1;1;3108;8013477;8013477%2021-12-16T05:38:00.000Z%,8011162,8010255,8011155,8011306,8011160,8010406,8010403,8010405,8012666,8010373,8010060,8012011,8013365,8010123,8010151,8011294,8010226,8010224,;602
2021-12-16T05:54:00.000Z;Erkner;RE;RE 1;1;3167;8013477;8013477%2021-12-16T05:54:00.000Z%,8011533,8011818,8010120,8010113,;602
2021-12-16T06:08:00.000Z;Erkner;RE;RE 1;1;3164;8013477;8013477%2021-12-16T06:08:00.000Z%,8011162,8010255,8011155,8011306,8011160,8010406,8010403,8010405,8012666,8010280,8010377,8010373,8011725,8011662,8010060,;602
2021-12-16T06:24:00.000Z;Erkner;RE;RE 1;1;3103;8013477;8013477%2021-12-16T06:24:00.000Z%,8011533,8010120,8011154,8011269,8011940,8012636,8010113,8011471,;602
2021-12-16T06:38:00.000Z;Erkner;RE;RE 1;1;3110;8013477;8013477%2021-12-16T06:38:00.000Z%,8011162,8010255,8011155,8011306,8011160,8010406,8010403,8010405,8012666,8010373,8010060,8012011,8013365,8010123,8010151,8011294,8010226,8010224,;602
2021-12-16T06:54:00.000Z;Erkner;RE;RE 1;1;3169;8013477;8013477%2021-12-16T06:54:00.000Z%,8011533,8011818,8010120,8010113,;602
2021-12-16T07:08:00.000Z;Erkner;RE;RE 1;1;3166;8013477;8013477%2021-12-16T07:08:00.000Z%,8011162,8010255,8011155,8011306,8011160,8010406,8010403,8010405,8012666,8010280,8010377,8010373,8011725,8011662,8010060,;602
2021-12-16T07:24:00.000Z;Erkner;RE;RE 1;1;3105;8013477;8013477%2021-12-16T07:24:00.000Z%,8011533,8010120,8011154,8011269,8011940,8012636,8010113,;602
2021-12-16T07:38:00.000Z;Erkner;RE;RE 1;1;3112;8013477;8013477%2021-12-16T07:38:00.000Z%,8011162,8010255,8011155,8011306,8011160,8010406,8010403,8010405,8012666,8010373,8010060,8012011,8013365,8010123,8010151,8011294,8010226,8010224,;602
2021-12-16T07:54:00.000Z;Erkner;RE;RE 1;1;3171;8013477;8013477%2021-12-16T07:54:00.000Z%,8011533,8011818,8010120,8010113,;602
2021-12-16T08:08:00.000Z;Erkner;RE;RE 1;1;3168;8013477;8013477%2021-12-16T08:08:00.000Z%,8011162,8010255,8011155,8011306,8011160,8010406,8010403,8010405,8012666,8010280,8010377,8010373,8011725,8011662,8010060,;602
2021-12-16T08:24:00.000Z;Erkner;RE;RE 1;1;3107;8013477;8013477%2021-12-16T08:24:00.000Z%,8011533,8010120,8011154,8011269,8011940,8012636,8010113,;602
2021-12-16T08:38:00.000Z;Erkner;RE;RE 1;1;3114;8013477;8013477%2021-12-16T08:38:00.000Z%,8011162,8010255,8011155,8011306,8011160,8010406,8010403,8010405,8012666,8010373,8010060,8012011,8013365,8010123,8010151,8011294,8010226,8010224,;602
2021-12-16T08:54:00.000Z;Erkner;RE;RE 1;1;3173;8013477;8013477%2021-12-16T08:54:00.000Z%,8011533,8011818,8010120,8010113,;602
2021-12-16T09:08:00.000Z;Erkner;RE;RE 1;1;3170;8013477;8013477%2021-12-16T09:08:00.000Z%,8011162,8010255,8011155,8011306,8011160,8010406,8010403,8010405,8012666,8010280,8010377,8010373,8011725,8011662,8010060,;602
2021-12-16T09:24:00.000Z;Erkner;RE;RE 1;1;3109;8013477;8013477%2021-12-16T09:24:00.000Z%,8011533,8010120,8011154,8011269,8011940,8012636,8010113,;602
2021-12-16T09:38:00.000Z;Erkner;RE;RE 1;1;3116;8013477;8013477%2021-12-16T09:38:00.000Z%,8011162,8010255,8011155,8011306,8011160,8010406,8010403,8010405,8012666,8010373,8010060,8012011,8013365,8010123,8010151,8011294,8010226,8010224,;602
2021-12-16T09:54:00.000Z;Erkner;RE;RE 1;1;3175;8013477;8013477%2021-12-16T09:54:00.000Z%,8011533,8011818,8010120,8010113,;602
2021-12-16T10:08:00.000Z;Erkner;RE;RE 1;1;3172;8013477;8013477%2021-12-16T10:08:00.000Z%,8011162,8010255,8011155,8011306,8011160,8010406,8010403,8010405,8012666,8010280,8010377,8010373,8011725,8011662,8010060,;602
2021-12-16T10:24:00.000Z;Erkner;RE;RE 1;1;3111;8013477;8013477%2021-12-16T10:24:00.000Z%,8011533,8010120,8011154,8011269,8011940,8012636,8010113,;602
2021-12-16T10:38:00.000Z;Erkner;RE;RE 1;1;3118;8013477;8013477%2021-12-16T10:38:00.000Z%,8011162,8010255,8011155,8011306,8011160,8010406,8010403,8010405,8012666,8010373,8010060,8012011,8013365,8010123,8010151,8011294,8010226,8010224,;602
2021-12-16T10:54:00.000Z;Erkner;RE;RE 1;1;3177;8013477;8013477%2021-12-16T10:54:00.000Z%,8011533,8011818,8010120,8010113,;602
2021-12-16T11:08:00.000Z;Erkner;RE;RE 1;1;3174;8013477;8013477%2021-12-16T11:08:00.000Z%,8011162,8010255,8011155,8011306,8011160,8010406,8010403,8010405,8012666,8010280,8010377,8010373,8011725,8011662,8010060,;602
2021-12-16T11:24:00.000Z;Erkner;RE;RE 1;1;3113;8013477;8013477%2021-12-16T11:24:00.000Z%,8011533,8010120,8011154,8011269,8011940,8012636,8010113,8011471,;602
2021-12-16T11:38:00.000Z;Erkner;RE;RE 1;1;3120;8013477;8013477%2021-12-16T11:38:00.000Z%,8011162,8010255,8011155,8011306,8011160,8010406,8010403,8010405,8012666,8010373,8010060,8012011,8013365,8010123,8010151,8011294,8010226,8010224,;602
2021-12-16T11:54:00.000Z;Erkner;RE;RE 1;1;3179;8013477;8013477%2021-12-16T11:54:00.000Z%,8011533,8011818,8010120,8010113,;602
2021-12-16T12:08:00.000Z;Erkner;RE;RE 1;1;3176;8013477;8013477%2021-12-16T12:08:00.000Z%,8011162,8010255,8011155,8011306,8011160,8010406,8010403,8010405,8012666,8010280,8010377,8010373,8011725,8011662,8010060,;602
2021-12-16T12:24:00.000Z;Erkner;RE;RE 1;1;3115;8013477;8013477%2021-12-16T12:24:00.000Z%,8011533,8010120,8011154,8011269,8011940,8012636,8010113,8011471,;602
2021-12-16T12:38:00.000Z;Erkner;RE;RE 1;1;3122;8013477;8013477%2021-12-16T12:38:00.000Z%,8011162,8010255,8011155,8011306,8011160,8010406,8010403,8010405,8012666,8010373,8010060,8012011,8013365,8010123,8010151,8011294,8010226,8010224,;602
2021-12-16T12:54:00.000Z;Erkner;RE;RE 1;1;3181;8013477;8013477%2021-12-16T12:54:00.000Z%,8011533,8011818,8010120,8010113,;602
2021-12-16T13:08:00.000Z;Erkner;RE;RE 1;1;3178;8013477;8013477%2021-12-16T13:08:00.000Z%,8011162,8010255,8011155,8011306,8011160,8010406,8010403,8010405,8012666,8010280,8010377,8010373,8011725,8011662,8010060,;602
2021-12-15T20:25:00.000Z;Potsdam Hbf;RB;RB 23;23;18174;8012666;8012666%2021-12-15T20:25:00.000Z%0,8010280,8010279,8011308,8012957,8013480,8013492,8010233,;426
2021-12-15T20:25:00.000Z;Potsdam Hbf;RE;RE 1;1;3133;8012666;8012666%2021-12-15T20:26:00.000Z%1,8010405,8010403,8010406,8011160,8011306,8011155,8010255,8011162,8013477,8011533,8011818,8010120,8011154,8011269,8011940,8012636,8010113,8012089,8011540,8013305,8013406,8011471,8012479,8013272,8011319,8010357,8012006,8011945,8011944,8012621,8012445,8081688,8012341,8011318,8010073,;602
2021-12-15T20:47:00.000Z;Potsdam Hbf;RB;RB 21;21;18684;8012666;8012666%2021-12-15T20:47:00.000Z%0,8010280,8010377,8013481,8012315,8013489,;426
2021-12-15T20:47:00.000Z;Potsdam Hbf;RB;RB 22;22;18136;8012666;8012666%2021-12-15T20:47:00.000Z%0,8010280,8010377,8013481,8081220,8012253,8011201,8010193,;426
2021-12-15T21:08:00.000Z;Potsdam Hbf;RE;RE 1;1;3192;8012666;8012666%2021-12-15T21:08:00.000Z%0,8010280,8010377,8010373,8011725,8011662,8010060,8012011,8013365,8010123,;602
2021-12-15T21:25:00.000Z;Potsdam Hbf;RE;RE 1;1;3135;8012666;8012666%2021-12-15T21:32:00.000Z%7,8010405,8010403,8010406,8011160,8011306,8011155,8010255,8011162,8013477,8011533,8011818,8010120,8011154,8011269,8011940,8012636,8010113,;602
2021-12-15T21:47:00.000Z;Potsdam Hbf;RB;RB 22;22;18138;8012666;8012666%2021-12-15T21:47:00.000Z%,8010280,8010377,8013481,8081220,8012253,8011201,8010193,;426
2021-12-15T22:10:00.000Z;Potsdam Hbf;RE;RE 1;1;3196;8012666;8012666%2021-12-15T22:10:00.000Z%0,8010280,8010377,8010373,8011725,8011662,8010060,8012011,8013365,8010123,8010151,8011294,8010226,8010224,;602
2021-12-15T22:25:00.000Z;Potsdam Hbf;RE;RE 1;1;3137;8012666;8012666%2021-12-15T22:25:00.000Z%,8010405,8010403,8010406,8011160,8011306,8011155,8010255,8011162,8013477,8011533,8011818,8010120,8011154,8011269,8011940,8012636,8010113,;602
2021-12-15T23:12:00.000Z;Potsdam Hbf;RE;RE 1;1;3198;8012666;8012666%2021-12-15T23:12:00.000Z%0,8010280,8010377,8010373,8011725,8011662,8010060,;602
2021-12-15T23:47:00.000Z;Potsdam Hbf;RE;RE 1;1;3139;8012666;8012666%2021-12-15T23:47:00.000Z%,8010405,8010403,8010406,;602
2021-12-15T23:48:00.000Z;Potsdam Hbf;ICE;ICE 948;10;948;8012666;8012666%2021-12-15T23:48:00.000Z%,8010060,8010224,8000049,8000152,8000252,8000036,8002461,8000149,8000142,8000266,;720
2021-12-16T00:08:00.000Z;Potsdam Hbf;RE;RE 1;1;3154;8012666;8012666%2021-12-16T00:08:00.000Z%,8010280,8010377,8010373,8011725,8011662,8010060,;602
2021-12-16T02:47:00.000Z;Potsdam Hbf;RB;RB 22;22;18100;8012666;8012666%2021-12-16T02:47:00.000Z%,8010280,8010377,8013481,8081220,8012253,8011201,8010193,;426
2021-12-16T03:42:00.000Z;Potsdam Hbf;RB;RB 23;23;18140;8012666;8012666%2021-12-16T03:42:00.000Z%,8010280,8010279,8011308,8012957,8013480,8013492,8010233,;426
2021-12-16T03:47:00.000Z;Potsdam Hbf;RB;RB 21;21;18650;8012666;8012666%2021-12-16T03:47:00.000Z%,8010280,8010377,8013481,8012315,8013489,8010389,;426
2021-12-16T03:47:00.000Z;Potsdam Hbf;RB;RB 22;22;18102;8012666;8012666%2021-12-16T03:47:00.000Z%,8010280,8010377,8013481,8081220,8012253,8011201,8010193,;426
2021-12-16T03:55:00.000Z;Potsdam Hbf;RE;RE 1;1;3165;8012666;8012666%2021-12-16T03:55:00.000Z%,8010405,8010403,8010406,8011160,8011306,8011155,8010255,8011162,8013477,8011533,8011818,8010120,8010113,;602
2021-12-16T04:00:00.000Z;Potsdam Hbf;RB;RB 20;20;18450;8012666;8012666%2021-12-16T04:00:00.000Z%,8010280,8010377,8013481,8013483,;426
2021-12-16T04:08:00.000Z;Potsdam Hbf;RE;RE 1;1;18540;8012666;8012666%2021-12-16T04:08:00.000Z%,8010280,8010377,8010373,8011725,8011662,8010060,;602
2021-12-15T20:21:00.000Z;Blankenfelde(Teltow-Fläming);RE;RE 7;7;3735;8010053;8010053%2021-12-15T20:28:00.000Z%7,8011201,8011162,8010255,8011155,8011306,8011160,8010406,8010403,8010405,8011430,8012733,8010378,8010233,8013492,8013467,8011238,8011271,8011100,8010031,;602
2021-12-15T20:30:00.000Z;Blankenfelde(Teltow-Fläming);RE;RE 7;7;3734;8010053;8010053%2021-12-15T20:30:00.000Z%0,8011340,8012713,8011334,8010395,8013350,;602
2021-12-15T20:49:00.000Z;Blankenfelde(Teltow-Fläming);RE;RE 5;5;4367;8010053;8010053%2021-12-15T20:49:00.000Z%0,8011340,8012713,8011334,8010395,8013350,8012458,8011116,8012016,8011668,8011409,8010353,8013210,8010079,8012816,8011894,8010099,;602
2021-12-15T21:10:00.000Z;Blankenfelde(Teltow-Fläming);RE;RE 5;5;4368;8010053;8010053%2021-12-15T21:10:00.000Z%0,8011041,8011113,8011118,8098160,8011102,8013487,8011691,8011344,8010399,8010250,8012093,8010361,8010201,8010153,8010304,;602
2021-12-15T21:30:00.000Z;Blankenfelde(Teltow-Fläming);RE;RE 7;7;3736;8010053;8010053%2021-12-15T21:30:00.000Z%0,8011340,8012713,8011334,8010395,8013350,;602
2021-12-15T21:32:00.000Z;Blankenfelde(Teltow-Fläming);RE;RE 7;7;3737;8010053;8010053%2021-12-15T21:32:00.000Z%,8011201,8011162,8010255,8011155,8011306,8011160,8010406,8010403,8010405,8011430,8012733,8010378,8010233,8013492,8013467,8011238,8011271,8011100,8010031,8010376,8012322,8011952,8010302,8010077,;602
2021-12-15T21:47:00.000Z;Blankenfelde(Teltow-Fläming);RE;RE 5;5;3519;8010053;8010053%2021-12-15T21:49:00.000Z%2,8011340,8012713,8011334,8010395,8013350,8012458,8011116,;602
2021-12-15T22:12:00.000Z;Blankenfelde(Teltow-Fläming);RE;RE 5;5;3522;8010053;8010053%2021-12-15T22:12:00.000Z%,8011041,8011113,8011118,8098160,;602
2021-12-15T22:32:00.000Z;Blankenfelde(Teltow-Fläming);RE;RE 7;7;3741;8010053;8010053%2021-12-15T22:32:00.000Z%,8011201,;602
2021-12-15T22:49:00.000Z;Blankenfelde(Teltow-Fläming);RE;RE 5;5;4369;8010053;8010053%2021-12-15T22:49:00.000Z%0,8011340,8012713,8011334,8010395,8013350,;602
2021-12-15T23:10:00.000Z;Blankenfelde(Teltow-Fläming);RE;RE 5;5;3524;8010053;8010053%2021-12-15T23:10:00.000Z%,8011041,8011113,8011118,8098160,;602
2021-12-15T23:35:00.000Z;Blankenfelde(Teltow-Fläming);RE;RE 7;7;3744;8010053;8010053%2021-12-15T23:35:00.000Z%,8011340,8012713,8011334,8010395,8013350,;602
2021-12-16T03:30:00.000Z;Blankenfelde(Teltow-Fläming);RE;RE 7;7;3700;8010053;8010053%2021-12-16T03:30:00.000Z%,8011340,8012713,8011334,8010395,8013350,;602
2021-12-16T03:32:00.000Z;Blankenfelde(Teltow-Fläming);RE;RE 7;7;3701;8010053;8010053%2021-12-16T03:32:00.000Z%,8011201,8011162,8010255,8011155,8011306,8011160,8010406,8010403,8010405,8011430,8012733,8010378,8010233,8013492,8013467,8011238,8011271,8011100,8010031,8010376,8012322,8011952,8010302,8010077,;602
2021-12-16T03:47:00.000Z;Blankenfelde(Teltow-Fläming);RE;RE 5;5;3501;8010053;8010053%2021-12-16T03:47:00.000Z%,8011340,8012713,8011334,8010395,8013350,8011116,8010353,8011542,;602
2021-12-16T04:12:00.000Z;Blankenfelde(Teltow-Fläming);RE;RE 5;5;3504;8010053;8010053%2021-12-16T04:12:00.000Z%,8011041,8011113,8011118,8098160,8011102,8013487,8010214,8011691,8010399,8010250,8011205,8011307,8011293,8010241,8011025,;602
2021-12-16T04:30:00.000Z;Blankenfelde(Teltow-Fläming);RE;RE 7;7;3702;8010053;8010053%2021-12-16T04:30:00.000Z%,8011340,8012713,8011334,8010395,8013350,;602
2021-12-16T04:32:00.000Z;Blankenfelde(Teltow-Fläming);RE;RE 7;7;3703;8010053;8010053%2021-12-16T04:32:00.000Z%,8011201,8011162,8010255,8011155,8011306,8011160,8010406,8010403,8010405,8011430,8012733,8010378,8010233,8013492,8013467,8011238,8011271,8011100,8010031,8010376,8011952,8010302,8010077,;602
2021-12-16T04:49:00.000Z;Blankenfelde(Teltow-Fläming);RE;RE 5;5;4351;8010053;8010053%2021-12-16T04:49:00.000Z%,8011340,8012713,8011334,8010395,8013350,8012458,8011116,8012016,8011668,8011409,8010353,8013210,8010079,8012816,8011894,8010099,;602
2021-12-16T05:10:00.000Z;Blankenfelde(Teltow-Fläming);RE;RE 5;5;4352;8010053;8010053%2021-12-16T05:10:00.000Z%,8011041,8011113,8011118,8098160,8011102,8013487,8011691,8011344,8010399,8010250,8012093,8010361,8010201,8010153,8010304,;602
2021-12-16T05:30:00.000Z;Blankenfelde(Teltow-Fläming);RE;RE 7;7;3704;8010053;8010053%2021-12-16T05:30:00.000Z%,8011340,8012713,8011334,8010395,8013350,;602
2021-12-16T05:32:00.000Z;Blankenfelde(Teltow-Fläming);RE;RE 7;7;3705;8010053;8010053%2021-12-16T05:32:00.000Z%,8011201,8011162,8010255,8011155,8011306,8011160,8010406,8010403,8010405,8011430,8012733,8010378,8010233,8013492,8013467,8011238,8011271,8011100,8010031,8010376,8012322,8011952,8010302,8010077,;602
2021-12-16T05:47:00.000Z;Blankenfelde(Teltow-Fläming);RE;RE 5;5;3503;8010053;8010053%2021-12-16T05:47:00.000Z%,8011340,8012713,8011334,8010395,8013350,8011116,8010353,8011542,;602
2021-12-16T06:12:00.000Z;Blankenfelde(Teltow-Fläming);RE;RE 5;5;3506;8010053;8010053%2021-12-16T06:12:00.000Z%,8011041,8011113,8011118,8098160,8011102,8013487,8010214,8011691,8010399,8010250,8011205,8011307,8011293,8010241,8011025,;602
2021-12-16T06:30:00.000Z;Blankenfelde(Teltow-Fläming);RE;RE 7;7;3706;8010053;8010053%2021-12-16T06:30:00.000Z%,8011340,8012713,8011334,8010395,8013350,;602
2021-12-16T06:32:00.000Z;Blankenfelde(Teltow-Fläming);RE;RE 7;7;3707;8010053;8010053%2021-12-16T06:32:00.000Z%,8011201,8011162,8010255,8011155,8011306,8011160,8010406,8010403,8010405,8011430,8012733,8010378,8010233,8013492,8013467,8011238,8011271,8011100,8010031,8010376,8011952,8010302,8010077,;602
2021-12-16T06:49:00.000Z;Blankenfelde(Teltow-Fläming);RE;RE 5;5;4353;8010053;8010053%2021-12-16T06:49:00.000Z%,8011340,8012713,8011334,8010395,8013350,8012458,8011116,8012016,8011668,8011409,8010353,8013210,8010079,8012816,8011894,8010099,;602
2021-12-16T07:10:00.000Z;Blankenfelde(Teltow-Fläming);RE;RE 5;5;4354;8010053;8010053%2021-12-16T07:10:00.000Z%,8011041,8011113,8011118,8098160,8011102,8013487,8011691,8011344,8010399,8010250,8012093,8010361,8010201,8010153,8010304,;602
2021-12-16T07:30:00.000Z;Blankenfelde(Teltow-Fläming);RE;RE 7;7;3708;8010053;8010053%2021-12-16T07:30:00.000Z%,8011340,8012713,8011334,8010395,8013350,;602
2021-12-16T07:32:00.000Z;Blankenfelde(Teltow-Fläming);RE;RE 7;7;3709;8010053;8010053%2021-12-16T07:32:00.000Z%,8011201,8011162,8010255,8011155,8011306,8011160,8010406,8010403,8010405,8011430,8012733,8010378,8010233,8013492,8013467,8011238,8011271,8011100,8010031,8010376,8012322,8011952,8010302,8010077,;602
2021-12-16T07:47:00.000Z;Blankenfelde(Teltow-Fläming);RE;RE 5;5;3505;8010053;8010053%2021-12-16T07:47:00.000Z%,8011340,8012713,8011334,8010395,8013350,;602
2021-12-16T08:12:00.000Z;Blankenfelde(Teltow-Fläming);RE;RE 5;5;3508;8010053;8010053%2021-12-16T08:12:00.000Z%,8011041,8011113,8011118,8098160,8011102,8013487,8010214,8011691,8010399,8010250,8011205,8011307,8011293,8010241,8011025,;602
2021-12-16T08:30:00.000Z;Blankenfelde(Teltow-Fläming);RE;RE 7;7;3710;8010053;8010053%2021-12-16T08:30:00.000Z%,8011340,8012713,8011334,8010395,8013350,;602
2021-12-16T08:32:00.000Z;Blankenfelde(Teltow-Fläming);RE;RE 7;7;3711;8010053;8010053%2021-12-16T08:32:00.000Z%,8011201,8011162,8010255,8011155,8011306,8011160,8010406,8010403,8010405,8011430,8012733,8010378,8010233,8013492,8013467,8011238,8011271,8011100,8010031,8010376,8011952,8010302,8010077,;602
2021-12-16T08:49:00.000Z;Blankenfelde(Teltow-Fläming);RE;RE 5;5;4355;8010053;8010053%2021-12-16T08:49:00.000Z%,8011340,8012713,8011334,8010395,8013350,8012458,8011116,8012016,8011668,8011409,8010353,8013210,8010079,8012816,8011894,8010099,;602
2021-12-16T09:10:00.000Z;Blankenfelde(Teltow-Fläming);RE;RE 5;5;4356;8010053;8010053%2021-12-16T09:10:00.000Z%,8011041,8011113,8011118,8098160,8011102,8013487,8011691,8011344,8010399,8010250,8012093,8010361,8010201,8010153,8010304,;602
2021-12-16T09:30:00.000Z;Blankenfelde(Teltow-Fläming);RE;RE 7;7;3712;8010053;8010053%2021-12-16T09:30:00.000Z%,8011340,8012713,8011334,8010395,8013350,;602
2021-12-16T09:32:00.000Z;Blankenfelde(Teltow-Fläming);RE;RE 7;7;3713;8010053;8010053%2021-12-16T09:32:00.000Z%,8011201,8011162,8010255,8011155,8011306,8011160,8010406,8010403,8010405,8011430,8012733,8010378,8010233,8013492,8013467,8011238,8011271,8011100,8010031,8010376,8012322,8011952,8010302,8010077,;602
2021-12-16T09:47:00.000Z;Blankenfelde(Teltow-Fläming);RE;RE 5;5;3507;8010053;8010053%2021-12-16T09:47:00.000Z%,8011340,8012713,8011334,8010395,8013350,;602
2021-12-16T10:12:00.000Z;Blankenfelde(Teltow-Fläming);RE;RE 5;5;3510;8010053;8010053%2021-12-16T10:12:00.000Z%,8011041,8011113,8011118,8098160,8011102,8013487,8010214,8011691,8010399,8010250,8011205,8011307,8011293,8010241,8011025,;602
2021-12-16T10:30:00.000Z;Blankenfelde(Teltow-Fläming);RE;RE 7;7;3714;8010053;8010053%2021-12-16T10:30:00.000Z%,8011340,8012713,8011334,8010395,8013350,;602
2021-12-16T10:32:00.000Z;Blankenfelde(Teltow-Fläming);RE;RE 7;7;3715;8010053;8010053%2021-12-16T10:32:00.000Z%,8011201,8011162,8010255,8011155,8011306,8011160,8010406,8010403,8010405,8011430,8012733,8010378,8010233,8013492,8013467,8011238,8011271,8011100,8010031,8010376,8011952,8010302,8010077,;602
2021-12-16T10:49:00.000Z;Blankenfelde(Teltow-Fläming);RE;RE 5;5;4357;8010053;8010053%2021-12-16T10:49:00.000Z%,8011340,8012713,8011334,8010395,8013350,8012458,8011116,8012016,8011668,8011409,8010353,8013210,8010079,8012816,8011894,8010099,;602
2021-12-16T11:10:00.000Z;Blankenfelde(Teltow-Fläming);RE;RE 5;5;4358;8010053;8010053%2021-12-16T11:10:00.000Z%,8011041,8011113,8011118,8098160,8011102,8013487,8011691,8011344,8010399,8010250,8012093,8010361,8010201,8010153,8010304,;602
2021-12-16T11:30:00.000Z;Blankenfelde(Teltow-Fläming);RE;RE 7;7;3716;8010053;8010053%2021-12-16T11:30:00.000Z%,8011340,8012713,8011334,8010395,8013350,;602
2021-12-16T11:32:00.000Z;Blankenfelde(Teltow-Fläming);RE;RE 7;7;3717;8010053;8010053%2021-12-16T11:32:00.000Z%,8011201,8011162,8010255,8011155,8011306,8011160,8010406,8010403,8010405,8011430,8012733,8010378,8010233,8013492,8013467,8011238,8011271,8011100,8010031,8010376,8012322,8011952,8010302,8010077,;602
2021-12-16T11:47:00.000Z;Blankenfelde(Teltow-Fläming);RE;RE 5;5;3509;8010053;8010053%2021-12-16T11:47:00.000Z%,8011340,8012713,8011334,8010395,8013350,;602
2021-12-16T12:12:00.000Z;Blankenfelde(Teltow-Fläming);RE;RE 5;5;3512;8010053;8010053%2021-12-16T12:12:00.000Z%,8011041,8011113,8011118,8098160,8011102,8013487,8010214,8011691,8010399,8010250,8011205,8011307,8011293,8010241,8011025,;602
2021-12-16T12:30:00.000Z;Blankenfelde(Teltow-Fläming);RE;RE 7;7;3718;8010053;8010053%2021-12-16T12:30:00.000Z%,8011340,8012713,8011334,8010395,8013350,;602
2021-12-16T12:32:00.000Z;Blankenfelde(Teltow-Fläming);RE;RE 7;7;3719;8010053;8010053%2021-12-16T12:32:00.000Z%,8011201,8011162,8010255,8011155,8011306,8011160,8010406,8010403,8010405,8011430,8012733,8010378,8010233,8013492,8013467,8011238,8011271,8011100,8010031,8010376,8011952,8010302,8010077,;602
2021-12-16T12:49:00.000Z;Blankenfelde(Teltow-Fläming);RE;RE 5;5;4359;8010053;8010053%2021-12-16T12:49:00.000Z%,8011340,8012713,8011334,8010395,8013350,8012458,8011116,8012016,8011668,8011409,8010353,8013210,8010079,8012816,8011894,8010099,;602
2021-12-16T13:10:00.000Z;Blankenfelde(Teltow-Fläming);RE;RE 5;5;4360;8010053;8010053%2021-12-16T13:10:00.000Z%,8011041,8011113,8011118,8098160,8011102,8013487,8011691,8011344,8010399,8010250,8012093,8010361,8010201,8010153,8010304,;602
2021-12-16T13:30:00.000Z;Blankenfelde(Teltow-Fläming);RE;RE 7;7;3720;8010053;8010053%2021-12-16T13:30:00.000Z%,8011340,8012713,8011334,8010395,8013350,;602
2021-12-16T13:32:00.000Z;Blankenfelde(Teltow-Fläming);RE;RE 7;7;3721;8010053;8010053%2021-12-16T13:32:00.000Z%,8011201,8011162,8010255,8011155,8011306,8011160,8010406,8010403,8010405,8011430,8012733,8010378,8010233,8013492,8013467,8011238,8011271,8011100,8010031,8010376,8012322,8011952,8010302,8010077,;602
2021-12-16T13:47:00.000Z;Blankenfelde(Teltow-Fläming);RE;RE 5;5;3511;8010053;8010053%2021-12-16T13:47:00.000Z%,8011340,8012713,8011334,8010395,8013350,8011116,8010353,8011542,;602
2021-12-16T14:12:00.000Z;Blankenfelde(Teltow-Fläming);RE;RE 5;5;3514;8010053;8010053%2021-12-16T14:12:00.000Z%,8011041,8011113,8011118,8098160,8011102,8013487,8010214,8011691,8010399,8010250,8011205,8011307,8011293,8010241,8011025,;602
2021-12-16T14:30:00.000Z;Blankenfelde(Teltow-Fläming);RE;RE 7;7;3722;8010053;8010053%2021-12-16T14:30:00.000Z%,8011340,8012713,8011334,8010395,8013350,;602
2021-12-16T14:32:00.000Z;Blankenfelde(Teltow-Fläming);RE;RE 7;7;3723;8010053;8010053%2021-12-16T14:32:00.000Z%,8011201,8011162,8010255,8011155,8011306,8011160,8010406,8010403,8010405,8011430,8012733,8010378,8010233,8013492,8013467,8011238,8011271,8011100,8010031,8010376,8011952,8010302,8010077,;602
2021-12-16T14:49:00.000Z;Blankenfelde(Teltow-Fläming);RE;RE 5;5;4361;8010053;8010053%2021-12-16T14:49:00.000Z%,8011340,8012713,8011334,8010395,8013350,8012458,8011116,8012016,8011668,8011409,8010353,8013210,8010079,8012816,8011894,8010099,;602
2021-12-16T15:10:00.000Z;Blankenfelde(Teltow-Fläming);RE;RE 5;5;4362;8010053;8010053%2021-12-16T15:10:00.000Z%,8011041,8011113,8011118,8098160,8011102,8013487,8011691,8011344,8010399,8010250,8012093,8010361,8010201,8010153,8010304,;602
2021-12-16T15:30:00.000Z;Blankenfelde(Teltow-Fläming);RE;RE 7;7;3724;8010053;8010053%2021-12-16T15:30:00.000Z%,8011340,8012713,8011334,8010395,8013350,;602
2021-12-16T15:32:00.000Z;Blankenfelde(Teltow-Fläming);RE;RE 7;7;3725;8010053;8010053%2021-12-16T15:32:00.000Z%,8011201,8011162,8010255,8011155,8011306,8011160,8010406,8010403,8010405,8011430,8012733,8010378,8010233,8013492,8013467,8011238,8011271,8011100,8010031,8010376,8012322,8011952,8010302,8010077,;602
2021-12-16T15:47:00.000Z;Blankenfelde(Teltow-Fläming);RE;RE 5;5;3513;8010053;8010053%2021-12-16T15:47:00.000Z%,8011340,8012713,8011334,8010395,8013350,8011116,8010353,8011542,;602
2021-12-16T16:12:00.000Z;Blankenfelde(Teltow-Fläming);RE;RE 5;5;3516;8010053;8010053%2021-12-16T16:12:00.000Z%,8011041,8011113,8011118,8098160,8011102,8013487,8010214,8011691,8010399,8010250,8011205,8011307,8011293,8010241,8011025,;602
2021-12-16T16:30:00.000Z;Blankenfelde(Teltow-Fläming);RE;RE 7;7;3726;8010053;8010053%2021-12-16T16:30:00.000Z%,8011340,8012713,8011334,8010395,8013350,;602
2021-12-16T16:32:00.000Z;Blankenfelde(Teltow-Fläming);RE;RE 7;7;3727;8010053;8010053%2021-12-16T16:32:00.000Z%,8011201,8011162,8010255,8011155,8011306,8011160,8010406,8010403,8010405,8011430,8012733,8010378,8010233,8013492,8013467,8011238,8011271,8011100,8010031,8010376,8011952,8010302,8010077,;602
2021-12-16T16:49:00.000Z;Blankenfelde(Teltow-Fläming);RE;RE 5;5;4363;8010053;8010053%2021-12-16T16:49:00.000Z%,8011340,8012713,8011334,8010395,8013350,8012458,8011116,8012016,8011668,8011409,8010353,8013210,8010079,8012816,8011894,8010099,;602
2021-12-15T20:58:00.000Z;Strausberg;RB;RB 26;26;5183;8010341;8010341%2021-12-15T20:58:00.000Z%,8011863,8012735,8010236,8012537,8013141,8011014,8011788,8010371,8011672,8011674,8010189,;426
2021-12-15T21:05:00.000Z;Strausberg;RB;RB 26;26;5184;8010341;8010341%2021-12-15T21:05:00.000Z%0,8011343,;426
2021-12-15T21:58:00.000Z;Strausberg;RB;RB 26;26;5185;8010341;8010341%2021-12-15T21:58:00.000Z%,8011863,8012735,8010236,8011788,8010189,;426
2021-12-15T22:05:00.000Z;Strausberg;RB;RB 26;26;5186;8010341;8010341%2021-12-15T22:05:00.000Z%,8011343,8010036,8011162,;426
2021-12-15T22:58:00.000Z;Strausberg;RB;RB 26;26;5187;8010341;8010341%2021-12-15T22:58:00.000Z%,8011863,8012735,8010236,8012537,8013141,8011014,8011788,8010371,8011672,8011674,8010189,;426
2021-12-16T04:05:00.000Z;Strausberg;RB;RB 26;26;5150;8010341;8010341%2021-12-16T04:05:00.000Z%,8011343,8010036,8011162,;426
2021-12-16T04:58:00.000Z;Strausberg;RB;RB 26;26;5151;8010341;8010341%2021-12-16T04:58:00.000Z%,8011863,8012735,8010236,8012537,8013141,8011014,8011788,8010371,8011672,8011674,8010189,;426
2021-12-16T05:05:00.000Z;Strausberg;RB;RB 26;26;5152;8010341;8010341%2021-12-16T05:05:00.000Z%,8011343,8010036,8011162,;426
2021-12-16T05:58:00.000Z;Strausberg;RB;RB 26;26;5153;8010341;8010341%2021-12-16T05:58:00.000Z%,8011863,8012735,8010236,8011788,8010189,;426
2021-12-16T06:05:00.000Z;Strausberg;RB;RB 26;26;5154;8010341;8010341%2021-12-16T06:05:00.000Z%,8011343,8010036,8011162,;426
2021-12-16T06:36:00.000Z;Strausberg;RB;RB 26;26;5190;8010341;8010341%2021-12-16T06:36:00.000Z%,8010036,;426
2021-12-16T06:58:00.000Z;Strausberg;RB;RB 26;26;5155;8010341;8010341%2021-12-16T06:58:00.000Z%,8011863,8012735,8010236,8012537,8013141,8011014,8011788,8010371,8011672,8011674,8010189,;426
2021-12-16T07:05:00.000Z;Strausberg;RB;RB 26;26;5156;8010341;8010341%2021-12-16T07:05:00.000Z%,8011343,8010036,;426
2021-12-16T07:58:00.000Z;Strausberg;RB;RB 26;26;5157;8010341;8010341%2021-12-16T07:58:00.000Z%,8011863,8012735,8010236,8011788,8010189,;426
2021-12-16T08:05:00.000Z;Strausberg;RB;RB 26;26;5158;8010341;8010341%2021-12-16T08:05:00.000Z%,8011343,8010036,8011162,;426
2021-12-16T08:58:00.000Z;Strausberg;RB;RB 26;26;5159;8010341;8010341%2021-12-16T08:58:00.000Z%,8011863,8012735,8010236,8012537,8013141,8011014,8011788,8010371,8011672,8011674,8010189,;426
2021-12-16T09:05:00.000Z;Strausberg;RB;RB 26;26;5160;8010341;8010341%2021-12-16T09:05:00.000Z%,8011343,8010036,;426
2021-12-16T09:58:00.000Z;Strausberg;RB;RB 26;26;5161;8010341;8010341%2021-12-16T09:58:00.000Z%,8011863,8012735,8010236,8011788,8010189,;426
2021-12-16T10:05:00.000Z;Strausberg;RB;RB 26;26;5162;8010341;8010341%2021-12-16T10:05:00.000Z%,8011343,8010036,8011162,;426
2021-12-16T10:58:00.000Z;Strausberg;RB;RB 26;26;5163;8010341;8010341%2021-12-16T10:58:00.000Z%,8011863,8012735,8010236,8012537,8013141,8011014,8011788,8010371,8011672,8011674,8010189,;426
2021-12-16T11:05:00.000Z;Strausberg;RB;RB 26;26;5164;8010341;8010341%2021-12-16T11:05:00.000Z%,8011343,8010036,;426
2021-12-16T11:58:00.000Z;Strausberg;RB;RB 26;26;5165;8010341;8010341%2021-12-16T11:58:00.000Z%,8011863,8012735,8010236,8011788,8010189,;426
2021-12-16T12:05:00.000Z;Strausberg;RB;RB 26;26;5166;8010341;8010341%2021-12-16T12:05:00.000Z%,8011343,8010036,8011162,;426
2021-12-16T12:58:00.000Z;Strausberg;RB;RB 26;26;5167;8010341;8010341%2021-12-16T12:58:00.000Z%,8011863,8012735,8010236,8012537,8013141,8011014,8011788,8010371,8011672,8011674,8010189,;426
2021-12-16T13:05:00.000Z;Strausberg;RB;RB 26;26;5168;8010341;8010341%2021-12-16T13:05:00.000Z%,8011343,8010036,;426
2021-12-16T13:58:00.000Z;Strausberg;RB;RB 26;26;5169;8010341;8010341%2021-12-16T13:58:00.000Z%,8011863,8012735,8010236,8011788,8010189,;426
2021-12-16T14:05:00.000Z;Strausberg;RB;RB 26;26;5170;8010341;8010341%2021-12-16T14:05:00.000Z%,8011343,8010036,8011162,;426
2021-12-16T14:58:00.000Z;Strausberg;RB;RB 26;26;5171;8010341;8010341%2021-12-16T14:58:00.000Z%,8011863,8012735,8010236,8012537,8013141,8011014,8011788,8010371,8011672,8011674,8010189,;426
2021-12-16T15:05:00.000Z;Strausberg;RB;RB 26;26;5172;8010341;8010341%2021-12-16T15:05:00.000Z%,8011343,8010036,;426
2021-12-16T15:58:00.000Z;Strausberg;RB;RB 26;26;5173;8010341;8010341%2021-12-16T15:58:00.000Z%,8011863,8012735,8010236,8011788,8010189,;426
2021-12-16T16:05:00.000Z;Strausberg;RB;RB 26;26;5174;8010341;8010341%2021-12-16T16:05:00.000Z%,8011343,8010036,8011162,;426
2021-12-16T16:58:00.000Z;Strausberg;RB;RB 26;26;5175;8010341;8010341%2021-12-16T16:58:00.000Z%,8011863,8012735,8010236,8012537,8013141,8011014,8011788,8010371,8011672,8011674,8010189,;426
2021-12-16T17:05:00.000Z;Strausberg;RB;RB 26;26;5176;8010341;8010341%2021-12-16T17:05:00.000Z%,8011343,8010036,;426
2021-12-16T17:58:00.000Z;Strausberg;RB;RB 26;26;5177;8010341;8010341%2021-12-16T17:58:00.000Z%,8011863,8012735,8010236,8011788,8010189,;426
2021-12-16T18:05:00.000Z;Strausberg;RB;RB 26;26;5178;8010341;8010341%2021-12-16T18:05:00.000Z%,8011343,8010036,8011162,;426
2021-12-16T18:58:00.000Z;Strausberg;RB;RB 26;26;5179;8010341;8010341%2021-12-16T18:58:00.000Z%,8011863,8012735,8010236,8012537,8013141,8011014,8011788,8010371,8011672,8011674,8010189,;426
2021-12-15T20:38:00.000Z;Flughafen BER - Terminal 1-2;RB;RB 22;22;18134;8011201;8011201%2021-12-15T20:38:00.000Z%0,8010193,;426
2021-12-15T20:42:00.000Z;Flughafen BER - Terminal 1-2;RE;RE 7;7;3735;8011201;8011201%2021-12-15T20:45:00.000Z%3,8011162,8010255,8011155,8011306,8011160,8010406,8010403,8010405,8011430,8012733,8010378,8010233,8013492,8013467,8011238,8011271,8011100,8010031,;602
2021-12-15T20:59:00.000Z;Flughafen BER - Terminal 1-2;RB;RB 14;14;18636;8011201;8011201%2021-12-15T20:59:00.000Z%,8011162,8010255,8011155,8011306,8011160,8010406,8010403,8010404,8080040,8081586,8013479,8011541,8013472,8010239,;426
2021-12-15T21:15:00.000Z;Flughafen BER - Terminal 1-2;RB;RB 22;22;18135;8011201;8011201%2021-12-15T21:15:00.000Z%,8012253,8081220,8013481,8010377,8010280,8012666,;426
2021-12-15T21:22:00.000Z;Flughafen BER - Terminal 1-2;RE;RE 7;7;3736;8011201;8011201%2021-12-15T21:22:00.000Z%0,8010053,8011340,8012713,8011334,8010395,8013350,;602
2021-12-15T21:38:00.000Z;Flughafen BER - Terminal 1-2;RB;RB 22;22;18136;8011201;8011201%2021-12-15T21:40:00.000Z%2,8010193,;426
2021-12-15T21:46:00.000Z;Flughafen BER - Terminal 1-2;RE;RE 7;7;3737;8011201;8011201%2021-12-15T21:46:00.000Z%,8011162,8010255,8011155,8011306,8011160,8010406,8010403,8010405,8011430,8012733,8010378,8010233,8013492,8013467,8011238,8011271,8011100,8010031,8010376,8012322,8011952,8010302,8010077,;602
2021-12-15T21:58:00.000Z;Flughafen BER - Terminal 1-2;RB;RB 14;14;18638;8011201;8011201%2021-12-15T21:58:00.000Z%,8011162,8010255,8011155,8011306,8011160,8010406,8010403,8010404,8080040,8081586,8013479,8011541,8013472,8010239,;426
2021-12-15T22:19:00.000Z;Flughafen BER - Terminal 1-2;RB;RB 22;22;18137;8011201;8011201%2021-12-15T22:19:00.000Z%,8012253,8081220,8013481,8010377,8010280,8012666,;426
2021-12-15T22:39:00.000Z;Flughafen BER - Terminal 1-2;RB;RB 22;22;18138;8011201;8011201%2021-12-15T22:39:00.000Z%,8010193,;426
2021-12-15T23:25:00.000Z;Flughafen BER - Terminal 1-2;RE;RE 7;7;3744;8011201;8011201%2021-12-15T23:25:00.000Z%,8010053,8011340,8012713,8011334,8010395,8013350,;602
2021-12-15T23:28:00.000Z;Flughafen BER - Terminal 1-2;RB;RB 22;22;18139;8011201;8011201%2021-12-15T23:28:00.000Z%,8012253,8081220,8013481,8010377,8010280,8012666,;426
2021-12-16T03:02:00.000Z;Flughafen BER - Terminal 1-2;RB;RB 24;24;18340;8011201;8011201%2021-12-16T03:02:00.000Z%,8010193,8013376,8011173,8013109,8011805,8012549,8011250,8012923,8012257,8010217,8010220,8010069,8012897,8011016,8011756,8010183,8010327,;426
2021-12-16T03:22:00.000Z;Flughafen BER - Terminal 1-2;RE;RE 7;7;3700;8011201;8011201%2021-12-16T03:22:00.000Z%,8010053,8011340,8012713,8011334,8010395,8013350,;602
2021-12-16T03:38:00.000Z;Flughafen BER - Terminal 1-2;RB;RB 22;22;18100;8011201;8011201%2021-12-16T03:38:00.000Z%,8010193,;426
2021-12-16T03:42:00.000Z;Flughafen BER - Terminal 1-2;RE;RE 7;7;3701;8011201;8011201%2021-12-16T03:42:00.000Z%,8011162,8010255,8011155,8011306,8011160,8010406,8010403,8010405,8011430,8012733,8010378,8010233,8013492,8013467,8011238,8011271,8011100,8010031,8010376,8012322,8011952,8010302,8010077,;602
2021-12-16T03:59:00.000Z;Flughafen BER - Terminal 1-2;RB;RB 14;14;18602;8011201;8011201%2021-12-16T03:59:00.000Z%,8011162,8010255,8011155,8011306,8011160,8010406,8010403,8010404,8080040,8081586,8013479,8011541,8013472,8010239,;426
2021-12-16T04:16:00.000Z;Flughafen BER - Terminal 1-2;RB;RB 22;22;18101;8011201;8011201%2021-12-16T04:16:00.000Z%,8012253,8081220,8013481,8010377,8010280,8012666,8011695,;426
2021-12-16T04:22:00.000Z;Flughafen BER - Terminal 1-2;RE;RE 7;7;3702;8011201;8011201%2021-12-16T04:22:00.000Z%,8010053,8011340,8012713,8011334,8010395,8013350,;602
2021-12-16T04:38:00.000Z;Flughafen BER - Terminal 1-2;RB;RB 22;22;18102;8011201;8011201%2021-12-16T04:38:00.000Z%,8010193,;426
2021-12-16T04:42:00.000Z;Flughafen BER - Terminal 1-2;RE;RE 7;7;3703;8011201;8011201%2021-12-16T04:42:00.000Z%,8011162,8010255,8011155,8011306,8011160,8010406,8010403,8010405,8011430,8012733,8010378,8010233,8013492,8013467,8011238,8011271,8011100,8010031,8010376,8011952,8010302,8010077,;602
2021-12-16T04:59:00.000Z;Flughafen BER - Terminal 1-2;RB;RB 14;14;18604;8011201;8011201%2021-12-16T04:59:00.000Z%,8011162,8010255,8011155,8011306,8011160,8010406,8010403,8010404,8080040,8081586,8013479,8011541,8013472,8010239,;426
2021-12-16T05:16:00.000Z;Flughafen BER - Terminal 1-2;RB;RB 22;22;18103;8011201;8011201%2021-12-16T05:16:00.000Z%,8012253,8081220,8013481,8010377,8010280,8012666,8011695,8010405,8010406,8011160,8011306,;426
2021-12-16T05:22:00.000Z;Flughafen BER - Terminal 1-2;RE;RE 7;7;3704;8011201;8011201%2021-12-16T05:22:00.000Z%,8010053,8011340,8012713,8011334,8010395,8013350,;602
2021-12-16T05:38:00.000Z;Flughafen BER - Terminal 1-2;RB;RB 22;22;18104;8011201;8011201%2021-12-16T05:38:00.000Z%,8010193,;426
2021-12-16T05:42:00.000Z;Flughafen BER - Terminal 1-2;RE;RE 7;7;3705;8011201;8011201%2021-12-16T05:42:00.000Z%,8011162,8010255,8011155,8011306,8011160,8010406,8010403,8010405,8011430,8012733,8010378,8010233,8013492,8013467,8011238,8011271,8011100,8010031,8010376,8012322,8011952,8010302,8010077,;602
2021-12-16T05:59:00.000Z;Flughafen BER - Terminal 1-2;RB;RB 14;14;18606;8011201;8011201%2021-12-16T05:59:00.000Z%,8011162,8010255,8011155,8011306,8011160,8010406,8010403,8010404,8080040,8081586,8013479,8011541,8013472,8010239,;426
2021-12-16T06:05:00.000Z;Flughafen BER - Terminal 1-2;RE;RE 17;17;52274;8011201;8011201%2021-12-16T06:05:00.000Z%,8011113,8098160,;602
2021-12-16T06:05:00.000Z;Flughafen BER - Terminal 1-2;IC;IC 2274;17;2274;8011201;8011201%2021-12-16T06:05:00.000Z%,8011113,8098160,8011102,8013487,8010250,8010361,8010304,8013236,;468
2021-12-16T06:16:00.000Z;Flughafen BER - Terminal 1-2;RB;RB 22;22;18105;8011201;8011201%2021-12-16T06:16:00.000Z%,8012253,8081220,8013481,8010377,8010280,8012666,8011695,8010405,8010406,8011160,8011306,;426
2021-12-16T06:22:00.000Z;Flughafen BER - Terminal 1-2;RE;RE 7;7;3706;8011201;8011201%2021-12-16T06:22:00.000Z%,8010053,8011340,8012713,8011334,8010395,8013350,;602
2021-12-16T06:38:00.000Z;Flughafen BER - Terminal 1-2;RB;RB 22;22;18106;8011201;8011201%2021-12-16T06:38:00.000Z%,8010193,;426
2021-12-16T06:42:00.000Z;Flughafen BER - Terminal 1-2;RE;RE 7;7;3707;8011201;8011201%2021-12-16T06:42:00.000Z%,8011162,8010255,8011155,8011306,8011160,8010406,8010403,8010405,8011430,8012733,8010378,8010233,8013492,8013467,8011238,8011271,8011100,8010031,8010376,8011952,8010302,8010077,;602
2021-12-16T06:59:00.000Z;Flughafen BER - Terminal 1-2;RB;RB 14;14;18608;8011201;8011201%2021-12-16T06:59:00.000Z%,8011162,8010255,8011155,8011306,8011160,8010406,8010403,8010404,8080040,8081586,8013479,8011541,8013472,8010239,;426
2021-12-16T07:16:00.000Z;Flughafen BER - Terminal 1-2;RB;RB 22;22;18107;8011201;8011201%2021-12-16T07:16:00.000Z%,8012253,8081220,8013481,8010377,8010280,8012666,8011695,;426
2021-12-16T07:22:00.000Z;Flughafen BER - Terminal 1-2;RE;RE 7;7;3708;8011201;8011201%2021-12-16T07:22:00.000Z%,8010053,8011340,8012713,8011334,8010395,8013350,;602
2021-12-16T07:38:00.000Z;Flughafen BER - Terminal 1-2;RB;RB 22;22;18108;8011201;8011201%2021-12-16T07:38:00.000Z%,8010193,;426
2021-12-16T07:42:00.000Z;Flughafen BER - Terminal 1-2;RE;RE 7;7;3709;8011201;8011201%2021-12-16T07:42:00.000Z%,8011162,8010255,8011155,8011306,8011160,8010406,8010403,8010405,8011430,8012733,8010378,8010233,8013492,8013467,8011238,8011271,8011100,8010031,8010376,8012322,8011952,8010302,8010077,;602
2021-12-16T07:59:00.000Z;Flughafen BER - Terminal 1-2;RB;RB 14;14;18610;8011201;8011201%2021-12-16T07:59:00.000Z%,8011162,8010255,8011155,8011306,8011160,8010406,8010403,8010404,8080040,8081586,8013479,8011541,8013472,8010239,;426
2021-12-16T08:01:00.000Z;Flughafen BER - Terminal 1-2;RE;RE 17;17;52173;8011201;8011201%2021-12-16T08:01:00.000Z%,8010079,8010099,;602
2021-12-16T08:01:00.000Z;Flughafen BER - Terminal 1-2;IC;IC 2173;17;2173;8011201;8011201%2021-12-16T08:01:00.000Z%,8010079,8010099,8010089,8010085,;468
2021-12-16T08:05:00.000Z;Flughafen BER - Terminal 1-2;RE;RE 17;17;52272;8011201;8011201%2021-12-16T08:05:00.000Z%,8011113,8098160,;602
2021-12-16T08:05:00.000Z;Flughafen BER - Terminal 1-2;IC;IC 2272;17;2272;8011201;8011201%2021-12-16T08:05:00.000Z%,8011113,8098160,8011102,8013487,8010250,8010361,8010304,8013236,;468
2021-12-16T08:16:00.000Z;Flughafen BER - Terminal 1-2;RB;RB 22;22;18109;8011201;8011201%2021-12-16T08:16:00.000Z%,8012253,8081220,8013481,8010377,8010280,8012666,8011695,;426
2021-12-16T08:22:00.000Z;Flughafen BER - Terminal 1-2;RE;RE 7;7;3710;8011201;8011201%2021-12-16T08:22:00.000Z%,8010053,8011340,8012713,8011334,8010395,8013350,;602
2021-12-15T20:29:00.000Z;Bernau(b Berlin);RB;RB 24;24;18373;8013470;8013470%2021-12-15T20:29:00.000Z%0,8012819,8011188,8012329,8010093,;426
2021-12-15T20:32:00.000Z;Bernau(b Berlin);RB;RB 24;24;18376;8013470;8013470%2021-12-15T20:32:00.000Z%0,8011901,8010036,;426
2021-12-15T20:55:00.000Z;Bernau(b Berlin);RE;RE 3;3;3370;8013470;8013470%2021-12-15T20:56:00.000Z%1,8012819,8011188,8012329,8010093,8010064,8011314,8010004,8012637,8012944,8012943,;602
2021-12-15T21:07:00.000Z;Bernau(b Berlin);RE;RE 3;3;3357;8013470;8013470%2021-12-15T21:13:00.000Z%6,8011102,8098160,;602
2021-12-15T21:55:00.000Z;Bernau(b Berlin);RE;RE 3;3;3322;8013470;8013470%2021-12-15T21:55:00.000Z%,8012819,8011188,8012329,8010093,8010064,8011314,8010004,8012637,8012944,8012943,;602
2021-12-15T22:12:00.000Z;Bernau(b Berlin);RE;RE 3;3;3319;8013470;8013470%2021-12-15T22:12:00.000Z%0,8011102,8098160,;602
2021-12-15T22:52:00.000Z;Bernau(b Berlin);RE;RE 3;3;3358;8013470;8013470%2021-12-15T22:52:00.000Z%,8012819,8011188,8012329,8010093,;602
2021-12-15T23:07:00.000Z;Bernau(b Berlin);RE;RE 3;3;3361;8013470;8013470%2021-12-15T23:07:00.000Z%,8011102,8098160,;602
2021-12-16T00:22:00.000Z;Bernau(b Berlin);RE;RE 3;3;3364;8013470;8013470%2021-12-16T00:22:00.000Z%,8012819,8011188,8012329,8010093,;602
2021-12-16T03:21:00.000Z;Bernau(b Berlin);RE;RE 3;3;3369;8013470;8013470%2021-12-16T03:21:00.000Z%,8011102,8098160,8011118,8011113,;602
2021-12-16T03:41:00.000Z;Bernau(b Berlin);RE;RE 3;3;3302;8013470;8013470%2021-12-16T03:41:00.000Z%,8012819,8011188,8012329,8010093,8010064,8011314,8010004,8013313,8013238,8012968,8010282,8012418,8010268,8010179,8011536,8011438,8011044,8012021,8010396,8011723,8011694,8010139,8012358,8013352,8010338,;602
2021-12-16T04:09:00.000Z;Bernau(b Berlin);RE;RE 3;3;3301;8013470;8013470%2021-12-16T04:09:00.000Z%,8011102,8098160,8011118,8011113,8011041,8010215,8013123,8013137,8013345,8012260,;602
2021-12-16T04:29:00.000Z;Bernau(b Berlin);RB;RB 24;24;18341;8013470;8013470%2021-12-16T04:29:00.000Z%,8012819,8011188,8012329,8010093,;426
2021-12-16T04:32:00.000Z;Bernau(b Berlin);RB;RB 24;24;18344;8013470;8013470%2021-12-16T04:32:00.000Z%,8011901,8010036,8011162,8010041,8010193,8013376,8011173,8013109,8011805,8012549,8011250,8012923,8012257,8010217,8010220,8010069,8012897,8011016,8011756,8010183,8010327,;426
2021-12-16T04:40:00.000Z;Bernau(b Berlin);RB;RB 60;60;61346;8013470;8013470%2021-12-16T04:40:00.000Z%,8011102,;426
2021-12-16T04:52:00.000Z;Bernau(b Berlin);RE;RE 3;3;3340;8013470;8013470%2021-12-16T04:52:00.000Z%,8010093,8010064,8011314,8010004,8012637,8012944,8012943,;602
2021-12-16T05:07:00.000Z;Bernau(b Berlin);RE;RE 3;3;3341;8013470;8013470%2021-12-16T05:07:00.000Z%,8011102,8098160,8011118,8011113,8011041,8010215,8013123,8013137,8013345,8012260,8010182,8012487,8011210,8013371,8011290,8013418,8010222,;602
2021-12-16T05:29:00.000Z;Bernau(b Berlin);RB;RB 24;24;18343;8013470;8013470%2021-12-16T05:29:00.000Z%,8012819,8011188,8012329,8010093,;426
2021-12-16T05:32:00.000Z;Bernau(b Berlin);RB;RB 24;24;18346;8013470;8013470%2021-12-16T05:32:00.000Z%,8011901,8010036,8011162,8010041,8010193,8013376,8011173,8013109,8011805,8012549,8011250,8012923,8012257,8010217,8010220,8010069,8012897,8011016,8011756,8010183,8010327,;426
2021-12-16T05:44:00.000Z;Bernau(b Berlin);RE;RE 3;3;3331;8013470;8013470%2021-12-16T05:44:00.000Z%,8011102,8098160,8011118,8011113,;602
2021-12-16T05:54:00.000Z;Bernau(b Berlin);RE;RE 3;3;3304;8013470;8013470%2021-12-16T05:54:00.000Z%,8010093,8010064,8011314,8010004,8013313,8013238,8012968,8010282,8012418,8010268,8010179,8011536,8011438,8011044,8012021,8010396,8011723,8011694,8010139,8012358,8010338,;602
2021-12-16T06:07:00.000Z;Bernau(b Berlin);RE;RE 3;3;3303;8013470;8013470%2021-12-16T06:07:00.000Z%,8011102,8098160,8011118,8011113,8011041,8010215,8013123,8013137,8013345,8012260,;602
2021-12-16T06:29:00.000Z;Bernau(b Berlin);RB;RB 24;24;18345;8013470;8013470%2021-12-16T06:29:00.000Z%,8012819,8011188,8012329,8010093,;426
2021-12-16T06:30:00.000Z;Bernau(b Berlin);RB;RB 24;24;18348;8013470;8013470%2021-12-16T06:30:00.000Z%,8011901,8010036,8011162,8010041,8010193,8013376,8011173,8013109,8011805,8012549,8011250,8012923,8012257,8010217,8010220,8010069,8012897,8011016,8011756,8010183,8010327,;426
2021-12-16T06:42:00.000Z;Bernau(b Berlin);RE;RE 66;66;5801;8013470;8013470%2021-12-16T06:42:00.000Z%,8011102,;602
2021-12-16T06:54:00.000Z;Bernau(b Berlin);RE;RE 3;3;3342;8013470;8013470%2021-12-16T06:54:00.000Z%,8010093,8010064,8011314,8010004,8012637,8012944,8012943,;602
2021-12-16T07:07:00.000Z;Bernau(b Berlin);RE;RE 3;3;3343;8013470;8013470%2021-12-16T07:07:00.000Z%,8011102,8098160,8011118,8011113,8011041,8010215,8013123,8013137,8012260,8010182,8012487,8011210,8013371,8011290,8013418,8010222,;602
2021-12-16T07:16:00.000Z;Bernau(b Berlin);RE;RE 66;66;5800;8013470;8013470%2021-12-16T07:16:00.000Z%,8010093,8010004,8013090,5100145,5100057,;602
2021-12-16T07:29:00.000Z;Bernau(b Berlin);RB;RB 24;24;18347;8013470;8013470%2021-12-16T07:29:00.000Z%,8012819,8011188,8012329,8010093,;426
2021-12-16T07:32:00.000Z;Bernau(b Berlin);RB;RB 24;24;18350;8013470;8013470%2021-12-16T07:32:00.000Z%,8011901,8010036,8011162,8010041,8010193,8013376,8011173,8013109,8011805,8012549,8011250,8012923,8012257,8010217,8010220,8010069,8012897,8011016,8011756,8010183,8010327,;426
2021-12-16T07:54:00.000Z;Bernau(b Berlin);RE;RE 3;3;3306;8013470;8013470%2021-12-16T07:54:00.000Z%,8010093,8010064,8011314,8010004,8013313,8013238,8012968,8010282,8012418,8010268,8010179,8011536,8011438,8011044,8012021,8010396,8011723,8011694,8010139,8012358,8010338,;602
2021-12-16T08:07:00.000Z;Bernau(b Berlin);RE;RE 3;3;3305;8013470;8013470%2021-12-16T08:07:00.000Z%,8011102,8098160,8011118,8011113,8011041,8010215,8013123,8013137,8013345,8012260,;602
2021-12-16T08:29:00.000Z;Bernau(b Berlin);RB;RB 24;24;18349;8013470;8013470%2021-12-16T08:29:00.000Z%,8012819,8011188,8012329,8010093,;426
2021-12-16T08:32:00.000Z;Bernau(b Berlin);RB;RB 24;24;18352;8013470;8013470%2021-12-16T08:32:00.000Z%,8011901,8010036,8011162,8010041,8010193,8013376,8011173,8013109,8011805,8012549,8011250,8012923,8012257,8010217,8010220,8010069,8012897,8011016,8011756,8010183,8010327,;426
2021-12-16T08:54:00.000Z;Bernau(b Berlin);RE;RE 3;3;3344;8013470;8013470%2021-12-16T08:54:00.000Z%,8010093,8010064,8011314,8010004,8012637,8012944,8012943,;602
2021-12-16T09:07:00.000Z;Bernau(b Berlin);RE;RE 3;3;3345;8013470;8013470%2021-12-16T09:07:00.000Z%,8011102,8098160,8011118,8011113,8011041,8010215,8013123,8013137,8012260,8010182,8012487,8011210,8013371,8011290,8013418,8010222,;602
2021-12-16T09:29:00.000Z;Bernau(b Berlin);RB;RB 24;24;18351;8013470;8013470%2021-12-16T09:29:00.000Z%,8012819,8011188,8012329,8010093,;426
2021-12-16T09:32:00.000Z;Bernau(b Berlin);RB;RB 24;24;18354;8013470;8013470%2021-12-16T09:32:00.000Z%,8011901,8010036,8011162,8010041,8010193,8013376,8011173,8013109,8011805,8012549,8011250,8012923,8012257,8010217,8010220,8010069,8012897,8011016,8011756,8010183,8010327,;426
2021-12-16T09:54:00.000Z;Bernau(b Berlin);RE;RE 3;3;3308;8013470;8013470%2021-12-16T09:54:00.000Z%,8010093,8010064,8011314,8010004,8013313,8013238,8012968,8010282,8012418,8010268,8010179,8011536,8011438,8011044,8012021,8010396,8011723,8011694,8010139,8012358,8010338,;602
2021-12-15T20:52:00.000Z;Hennigsdorf(b Berlin);RE;RE 6;6;3618;8013483;8013483%2021-12-15T20:52:00.000Z%0,8013185,8012096,8011125,8010175,8010246,;602
2021-12-15T21:10:00.000Z;Hennigsdorf(b Berlin);RE;RE 6;6;3637;8013483;8013483%2021-12-15T21:10:00.000Z%0,8013479,8010404,8011167,8011102,;602
2021-12-15T21:53:00.000Z;Hennigsdorf(b Berlin);RE;RE 6;6;3638;8013483;8013483%2021-12-15T21:53:00.000Z%,8013185,8011093,8013183,8012934,8012096,8011125,8012703,8010175,8010246,;602
2021-12-15T22:11:00.000Z;Hennigsdorf(b Berlin);RE;RE 6;6;3619;8013483;8013483%2021-12-15T22:11:00.000Z%0,8013479,8010404,8011167,8011102,;602
2021-12-15T22:58:00.000Z;Hennigsdorf(b Berlin);RE;RE 6;6;3620;8013483;8013483%2021-12-15T22:58:00.000Z%,8013185,8011093,8013183,8012934,8012096,8011125,8010175,8010246,;602
2021-12-16T03:13:00.000Z;Hennigsdorf(b Berlin);RB;RB 55;55;18550;8013483;8013483%2021-12-16T03:13:00.000Z%,8013185,8011093,8013183,8012934,8012096,;426
2021-12-16T04:10:00.000Z;Hennigsdorf(b Berlin);RE;RE 6;6;3601;8013483;8013483%2021-12-16T04:10:00.000Z%,8013479,8010404,8011167,8011102,;602
2021-12-16T04:13:00.000Z;Hennigsdorf(b Berlin);RB;RB 55;55;18552;8013483;8013483%2021-12-16T04:13:00.000Z%,8013185,8011093,8013183,8012934,8012096,;426
2021-12-16T04:30:00.000Z;Hennigsdorf(b Berlin);RB;RB 55;55;18586;8013483;8013483%2021-12-16T04:30:00.000Z%,8013185,;426
2021-12-16T04:48:00.000Z;Hennigsdorf(b Berlin);RB;RB 20;20;18451;8013483;8013483%2021-12-16T04:48:00.000Z%,8013481,8010377,8010280,8012666,;426
2021-12-16T04:51:00.000Z;Hennigsdorf(b Berlin);RE;RE 6;6;3602;8013483;8013483%2021-12-16T04:51:00.000Z%,8013185,8012096,8011125,8012703,8010175,8010246,8013222,8012428,8011572,8011408,8010384,8012226,8011848,8010287,8011730,8012622,8013258,8010382,;602
2021-12-16T05:10:00.000Z;Hennigsdorf(b Berlin);RE;RE 6;6;3621;8013483;8013483%2021-12-16T05:10:00.000Z%,8013479,8010404,8011167,8011102,;602
2021-12-16T05:13:00.000Z;Hennigsdorf(b Berlin);RB;RB 55;55;18554;8013483;8013483%2021-12-16T05:13:00.000Z%,8013185,8011093,8013183,8012934,8012096,;426
2021-12-16T05:30:00.000Z;Hennigsdorf(b Berlin);RB;RB 55;55;18588;8013483;8013483%2021-12-16T05:30:00.000Z%,8013185,;426
2021-12-16T05:38:00.000Z;Hennigsdorf(b Berlin);RB;RB 20;20;18453;8013483;8013483%2021-12-16T05:38:00.000Z%,8013481,8010377,8010280,8012666,;426
2021-12-16T05:52:00.000Z;Hennigsdorf(b Berlin);RE;RE 6;6;3622;8013483;8013483%2021-12-16T05:52:00.000Z%,8013185,8012096,8011125,8012703,8010175,8010246,8010384,8012226,8011848,8010287,8011730,8012622,8013258,8010382,;602
2021-12-16T06:04:00.000Z;Hennigsdorf(b Berlin);RB;RB 55;55;18590;8013483;8013483%2021-12-16T06:04:00.000Z%,8013185,;426
2021-12-16T06:10:00.000Z;Hennigsdorf(b Berlin);RE;RE 6;6;3603;8013483;8013483%2021-12-16T06:10:00.000Z%,8013479,8010404,8011167,8011102,;602
2021-12-16T06:30:00.000Z;Hennigsdorf(b Berlin);RB;RB 55;55;18556;8013483;8013483%2021-12-16T06:30:00.000Z%,8013185,8011093,8013183,8012934,8012096,;426
2021-12-16T06:48:00.000Z;Hennigsdorf(b Berlin);RB;RB 20;20;18455;8013483;8013483%2021-12-16T06:48:00.000Z%,8013481,8010377,8010280,8012666,;426
2021-12-16T06:52:00.000Z;Hennigsdorf(b Berlin);RE;RE 6;6;3604;8013483;8013483%2021-12-16T06:52:00.000Z%,8013185,8012096,8011125,8010175,8010246,8013222,8012428,8011572,8011408,8010384,8012226,8011848,8010287,8011730,8012622,8013258,8010382,;602
2021-12-16T07:10:00.000Z;Hennigsdorf(b Berlin);RE;RE 6;6;3623;8013483;8013483%2021-12-16T07:10:00.000Z%,8013479,8010404,8011167,8011102,;602
2021-12-16T07:13:00.000Z;Hennigsdorf(b Berlin);RB;RB 55;55;18558;8013483;8013483%2021-12-16T07:13:00.000Z%,8013185,8011093,8013183,8012934,8012096,;426
2021-12-16T07:48:00.000Z;Hennigsdorf(b Berlin);RB;RB 20;20;18457;8013483;8013483%2021-12-16T07:48:00.000Z%,8013481,8010377,8010280,8012666,;426
2021-12-16T07:52:00.000Z;Hennigsdorf(b Berlin);RE;RE 6;6;3624;8013483;8013483%2021-12-16T07:52:00.000Z%,8013185,8012096,8011125,8012703,8010175,8010246,8010384,8012226,8011848,8010287,8011730,8012622,8013258,8010382,;602
2021-12-16T08:10:00.000Z;Hennigsdorf(b Berlin);RE;RE 6;6;3605;8013483;8013483%2021-12-16T08:10:00.000Z%,8013479,8010404,8011167,8011102,;602
2021-12-16T08:13:00.000Z;Hennigsdorf(b Berlin);RB;RB 55;55;18560;8013483;8013483%2021-12-16T08:13:00.000Z%,8013185,8011093,8013183,8012934,8012096,;426
2021-12-16T08:48:00.000Z;Hennigsdorf(b Berlin);RB;RB 20;20;18459;8013483;8013483%2021-12-16T08:48:00.000Z%,8013481,8010377,8010280,8012666,;426
2021-12-16T08:52:00.000Z;Hennigsdorf(b Berlin);RE;RE 6;6;3606;8013483;8013483%2021-12-16T08:52:00.000Z%,8013185,8012096,8011125,8010175,8010246,8013222,8012428,8011572,8011408,8010384,8012226,8011848,8010287,8011730,8012622,8013258,8010382,;602
2021-12-16T09:10:00.000Z;Hennigsdorf(b Berlin);RE;RE 6;6;3625;8013483;8013483%2021-12-16T09:10:00.000Z%,8013479,8010404,8011167,8011102,;602
2021-12-16T09:13:00.000Z;Hennigsdorf(b Berlin);RB;RB 55;55;18562;8013483;8013483%2021-12-16T09:13:00.000Z%,8013185,8011093,8013183,8012934,8012096,;426
2021-12-16T09:48:00.000Z;Hennigsdorf(b Berlin);RB;RB 20;20;18461;8013483;8013483%2021-12-16T09:48:00.000Z%,8013481,8010377,8010280,8012666,;426
2021-12-16T09:52:00.000Z;Hennigsdorf(b Berlin);RE;RE 6;6;3626;8013483;8013483%2021-12-16T09:52:00.000Z%,8013185,8012096,8011125,8012703,8010175,8010246,8010384,8012226,8011848,8010287,8011730,8012622,8013258,8010382,;602
2021-12-16T10:10:00.000Z;Hennigsdorf(b Berlin);RE;RE 6;6;3607;8013483;8013483%2021-12-16T10:10:00.000Z%,8013479,8010404,8011167,8011102,;602
2021-12-16T10:13:00.000Z;Hennigsdorf(b Berlin);RB;RB 55;55;18564;8013483;8013483%2021-12-16T10:13:00.000Z%,8013185,8011093,8013183,8012934,8012096,;426
2021-12-16T10:48:00.000Z;Hennigsdorf(b Berlin);RB;RB 20;20;18463;8013483;8013483%2021-12-16T10:48:00.000Z%,8013481,8010377,8010280,8012666,;426
2021-12-16T10:52:00.000Z;Hennigsdorf(b Berlin);RE;RE 6;6;3608;8013483;8013483%2021-12-16T10:52:00.000Z%,8013185,8012096,8011125,8010175,8010246,8013222,8012428,8011572,8011408,8010384,8012226,8011848,8010287,8011730,8012622,8013258,8010382,;602
2021-12-16T11:10:00.000Z;Hennigsdorf(b Berlin);RE;RE 6;6;3627;8013483;8013483%2021-12-16T11:10:00.000Z%,8013479,8010404,8011167,8011102,;602
2021-12-16T11:13:00.000Z;Hennigsdorf(b Berlin);RB;RB 55;55;18566;8013483;8013483%2021-12-16T11:13:00.000Z%,8013185,8011093,8013183,8012934,8012096,;426
2021-12-16T11:48:00.000Z;Hennigsdorf(b Berlin);RB;RB 20;20;18465;8013483;8013483%2021-12-16T11:48:00.000Z%,8013481,8010377,8010280,8012666,;426
2021-12-16T11:52:00.000Z;Hennigsdorf(b Berlin);RE;RE 6;6;3628;8013483;8013483%2021-12-16T11:52:00.000Z%,8013185,8012096,8011125,8012703,8010175,8010246,8010384,8012226,8011848,8010287,8011730,8012622,8013258,8010382,;602
2021-12-16T12:10:00.000Z;Hennigsdorf(b Berlin);RE;RE 6;6;3609;8013483;8013483%2021-12-16T12:10:00.000Z%,8013479,8010404,8011167,8011102,;602
2021-12-16T12:13:00.000Z;Hennigsdorf(b Berlin);RB;RB 55;55;18568;8013483;8013483%2021-12-16T12:13:00.000Z%,8013185,8011093,8013183,8012934,8012096,;426
2021-12-16T12:48:00.000Z;Hennigsdorf(b Berlin);RB;RB 20;20;18467;8013483;8013483%2021-12-16T12:48:00.000Z%,8013481,8010377,8010280,8012666,;426
2021-12-16T12:52:00.000Z;Hennigsdorf(b Berlin);RE;RE 6;6;3610;8013483;8013483%2021-12-16T12:52:00.000Z%,8013185,8012096,8011125,8010175,8010246,8013222,8012428,8011572,8011408,8010384,8012226,8011848,8010287,8011730,8012622,8013258,8010382,;602
2021-12-16T13:10:00.000Z;Hennigsdorf(b Berlin);RE;RE 6;6;3629;8013483;8013483%2021-12-16T13:10:00.000Z%,8013479,8010404,8011167,8011102,;602
2021-12-16T13:13:00.000Z;Hennigsdorf(b Berlin);RB;RB 55;55;18570;8013483;8013483%2021-12-16T13:13:00.000Z%,8013185,8011093,8013183,8012934,8012096,;426
2021-12-16T13:48:00.000Z;Hennigsdorf(b Berlin);RB;RB 20;20;18469;8013483;8013483%2021-12-16T13:48:00.000Z%,8013481,8010377,8010280,8012666,;426
2021-12-16T13:52:00.000Z;Hennigsdorf(b Berlin);RE;RE 6;6;3630;8013483;8013483%2021-12-16T13:52:00.000Z%,8013185,8012096,8011125,8012703,8010175,8010246,8010384,8012226,8011848,8010287,8011730,8012622,8013258,8010382,;602
2021-12-16T14:10:00.000Z;Hennigsdorf(b Berlin);RE;RE 6;6;3611;8013483;8013483%2021-12-16T14:10:00.000Z%,8013479,8010404,8011167,8011102,;602
2021-12-16T14:13:00.000Z;Hennigsdorf(b Berlin);RB;RB 55;55;18572;8013483;8013483%2021-12-16T14:13:00.000Z%,8013185,8011093,8013183,8012934,8012096,;426
2021-12-16T14:30:00.000Z;Hennigsdorf(b Berlin);RB;RB 55;55;18592;8013483;8013483%2021-12-16T14:30:00.000Z%,8013185,;426
2021-12-16T14:48:00.000Z;Hennigsdorf(b Berlin);RB;RB 20;20;18471;8013483;8013483%2021-12-16T14:48:00.000Z%,8013481,8010377,8010280,8012666,;426
2021-12-16T14:52:00.000Z;Hennigsdorf(b Berlin);RE;RE 6;6;3612;8013483;8013483%2021-12-16T14:52:00.000Z%,8013185,8012096,8011125,8010175,8010246,8013222,8012428,8011572,8011408,8010384,8012226,8011848,8010287,8011730,8012622,8013258,8010382,;602
2021-12-16T15:10:00.000Z;Hennigsdorf(b Berlin);RE;RE 6;6;3631;8013483;8013483%2021-12-16T15:10:00.000Z%,8013479,8010404,8011167,8011102,;602
2021-12-16T15:13:00.000Z;Hennigsdorf(b Berlin);RB;RB 55;55;18574;8013483;8013483%2021-12-16T15:13:00.000Z%,8013185,8011093,8013183,8012934,8012096,;426
2021-12-16T15:30:00.000Z;Hennigsdorf(b Berlin);RB;RB 55;55;18594;8013483;8013483%2021-12-16T15:30:00.000Z%,8013185,;426
2021-12-16T15:48:00.000Z;Hennigsdorf(b Berlin);RB;RB 20;20;18473;8013483;8013483%2021-12-16T15:48:00.000Z%,8013481,8010377,8010280,8012666,;426
2021-12-16T15:52:00.000Z;Hennigsdorf(b Berlin);RE;RE 6;6;3632;8013483;8013483%2021-12-16T15:52:00.000Z%,8013185,8012096,8011125,8012703,8010175,8010246,8010384,8012226,8011848,8010287,8011730,8012622,8013258,8010382,;602
2021-12-15T20:14:00.000Z;Stuttgart Hbf;ICE;ICE 693;11;693;8000096;8000096%2021-12-15T20:44:00.000Z%30,8000170,8000013,8004158,8000261,;720
2021-12-15T20:23:00.000Z;Stuttgart Hbf;RB;RB 18;18;19335;8000096;8000096%2021-12-15T20:26:00.000Z%3,8005769,8001920,8000302,8006331,8004517,8004488,8000865,8004009,8000314,8000141,;426
2021-12-15T20:43:00.000Z;Stuttgart Hbf;RB;RB 18;18;19336;8000096;8000096%2021-12-15T20:43:00.000Z%0,8000235,8000038,8000925,8006171,8003278,8003588,8004458,8000157,8002699,8004220,8004238,8000017,8005989,8002764,8004258,8005566,8006676,8004050,8005151,8005536,8000424,8000295,;426
2021-12-15T20:47:00.000Z;Stuttgart Hbf;RB;RB 17a;17a;19580;8000096;8000096%2021-12-15T20:47:00.000Z%0,8000235,8000038,8001746,8005253,8005540,8006053,8003060,8004103,8000339,8001803,8004425,8001942,8000299,;426
2021-12-15T20:51:00.000Z;Stuttgart Hbf;ICE;ICE 510;42;510;8000096;8000096%2021-12-15T20:53:00.000Z%2,8000244,8070003,8005556,8000207,;720
2021-12-15T20:57:00.000Z;Stuttgart Hbf;RE;RE 90;90;88649;8000096;8000096%2021-12-15T20:57:00.000Z%0,8005769,8000180,8006479,8000016,8004681,8005795,8004188,8002026,8001982,8002168,8000330,;602
2021-12-15T20:59:00.000Z;Stuttgart Hbf;IC;IC 2060;61;2060;8000096;8000096%2021-12-15T21:02:00.000Z%3,8006053,8000339,8000299,8003184,8000191,;468
2021-12-15T21:01:00.000Z;Stuttgart Hbf;RE;RE 5;5;4237;8000096;8000096%2021-12-15T21:01:00.000Z%,8001920,8000302,8000127,8002218,8000170,;602
2021-12-15T21:14:00.000Z;Stuttgart Hbf;ICE;ICE 615;42;615;8000096;8000096%2021-12-15T21:16:00.000Z%2,8000170,8000013,8004158,8000261,;720
2021-12-15T21:15:00.000Z;Stuttgart Hbf;RE;RE 8;8;19088;8000096;8000096%2021-12-15T21:15:00.000Z%0,8000235,8000038,8000925,8006171,8003278,8003588,8004458,8000157,8004220,8000017,8005989,8002764,8004258,8005566,8006676,8004050,8005151,8005536,8000424,8000295,8005168,8001933,8001111,8003381,8000221,;602
2021-12-15T21:17:00.000Z;Stuttgart Hbf;RB;RB 14A;14A;17677;8000096;8000096%2021-12-15T21:17:00.000Z%,8001055,8002785,8002166,8001080,8001833,8000101,8000177,8005791,8004563,8000322,;426
2021-12-15T21:23:00.000Z;Stuttgart Hbf;RB;RB 18;18;19337;8000096;8000096%2021-12-15T21:23:00.000Z%0,8005769,8001920,8000302,8006331,8004517,8004488,8000865,8004009,8000314,8000141,;426
2021-12-15T21:43:00.000Z;Stuttgart Hbf;RB;RB 18;18;19338;8000096;8000096%2021-12-15T21:43:00.000Z%0,8000235,8000038,8000925,8006171,8003278,8003588,8004458,8000157,8002699,8004220,;426
2021-12-15T21:47:00.000Z;Stuttgart Hbf;RB;RB 17a;17a;19582;8000096;8000096%2021-12-15T21:47:00.000Z%0,8000235,8000038,8001746,8005253,8005540,8006053,8003060,8004103,8000339,8001803,8004425,8001942,8000299,;426
2021-12-15T22:05:00.000Z;Stuttgart Hbf;ICE;ICE 990;11;990;8000096;8000096%2021-12-15T22:07:00.000Z%2,8000244,8070003,8000105,;720
2021-12-15T22:19:00.000Z;Stuttgart Hbf;RB;RB 8;8;19090;8000096;8000096%2021-12-15T22:19:00.000Z%0,8000235,8000038,8000925,8006171,8003278,8003588,8004458,8000157,8004220,;426
2021-12-15T22:23:00.000Z;Stuttgart Hbf;RB;RB 18;18;19339;8000096;8000096%2021-12-15T22:23:00.000Z%0,8005769,8001920,8000302,8006331,8004517,8004488,8000865,8004009,8000314,8000141,;426
2021-12-15T22:23:00.000Z;Stuttgart Hbf;RE;RE 5;5;4239;8000096;8000096%2021-12-15T22:23:00.000Z%,8001920,8000302,8000127,8002218,8000577,8006039,8003748,8006373,8000858,8000170,;602
2021-12-15T22:26:00.000Z;Stuttgart Hbf;RE;RE 87;87;52287;8000096;8000096%2021-12-15T22:26:00.000Z%,8001055,8002785,8002166,8001080,8001833,8000101,8000177,8005791,8004563,8000322,;602
2021-12-15T22:26:00.000Z;Stuttgart Hbf;IC;IC 2287;87;2287;8000096;8000096%2021-12-15T22:26:00.000Z%,8001055,8002785,8002166,8001080,8001833,8000101,8000177,8005791,8004563,8000322,;468
2021-12-15T22:27:00.000Z;Stuttgart Hbf;RE;RE 90;90;88651;8000096;8000096%2021-12-15T22:27:00.000Z%,8005769,8000180,8006479,8000016,8004681,8005795,8004188,8002026,8001982,8002168,8000330,8001651,8000067,;602
2021-12-15T20:26:00.000Z;Frankfurt(Main)Hbf;RE;RE 50;50;4532;8000105;8000105%2021-12-15T20:26:00.000Z%0,8002041,8000349,8000150,8003550,8000117,8006132,8005261,8005690,8000891,8002010,8004295,8000115,;602
2021-12-15T20:29:00.000Z;Frankfurt(Main)Hbf;RB;RB 22;22;15288;8000105;8000105%2021-12-15T20:29:00.000Z%0,8000106,8002935,8004400,8003041,8006535,8001322,8004409,8004518,8004364,8003696,8001883,8000229,;426
2021-12-15T20:30:00.000Z;Frankfurt(Main)Hbf;RE;RE 54;54;4633;8000105;8000105%2021-12-15T20:30:00.000Z%0,8002041,8002039,8002048,8000996,8002877,8002574,8002573,8000150,8003143,8001427,8003314,8000010,8002918,8003582,8002696,8006426,8004756,8003740,8003548,8000120,8006349,8003189,8002845,8005049,8005864,8006065,8006586,8000260,;602
2021-12-15T20:34:00.000Z;Frankfurt(Main)Hbf;RE;RE 60;60;4683;8000105;8000105%2021-12-15T20:34:00.000Z%0,8003523,8000068,;602
2021-12-15T20:38:00.000Z;Frankfurt(Main)Hbf;RE;RE 4;4;15597;8000105;8000105%2021-12-15T20:38:00.000Z%0,8000106,8002872,8000240,;602
2021-12-15T20:42:00.000Z;Frankfurt(Main)Hbf;RB;RB 51;51;15534;8000105;8000105%2021-12-15T20:42:00.000Z%0,8002041,8000349,8000150,8006548,8004402,8003550,8004395,8002526,8000117,8002532,8006499,8006132,;426
2021-12-15T20:46:00.000Z;Frankfurt(Main)Hbf;RB;RB 34;34;15746;8000105;8000105%2021-12-15T20:46:00.000Z%0,8002042,8000760,8002382,8004367,8004523,8003255,8001248,8006465,8000158,8001701,8002886,8000538,8003698,8002288,8000347,;426
2021-12-15T20:46:00.000Z;Frankfurt(Main)Hbf;ICE;ICE 22;91;22;8000105;8000105%2021-12-15T20:46:00.000Z%0,8070003,8000240,8000206,8073368,8000085,8000086,8000098,8000041,8000080,;720
2021-12-15T20:50:00.000Z;Frankfurt(Main)Hbf;ICE;ICE 695;11;695;8000105;8000105%2021-12-15T20:52:00.000Z%2,8000244,8000096,;720
2021-12-15T20:51:00.000Z;Frankfurt(Main)Hbf;RB;RB 41;41;15032;8000105;8000105%2021-12-15T20:51:00.000Z%0,8002042,8000111,8000728,8001312,8000124,8002269,8000234,8002100,8002134,8004417,8004420,8003856,8000337,;426
2021-12-15T20:51:00.000Z;Frankfurt(Main)Hbf;RB;RB 40;40;15132;8000105;8000105%2021-12-15T20:51:00.000Z%0,8002042,8000111,8000728,8001312,8000124,8001618,8000383,8000633,8006340,8001694,8003213,8001668,8005577,8000161,8001271,8004405,8000074,;426
2021-12-15T21:06:00.000Z;Frankfurt(Main)Hbf;ICE;ICE 273;20;273;8000105;8000105%2021-12-15T21:06:00.000Z%0,8000244,8000191,;720
2021-12-15T21:06:00.000Z;Frankfurt(Main)Hbf;RB;RB 68;68;15337;8000105;8000105%2021-12-15T21:06:00.000Z%,8003523,8000068,8001377,8001379,8000948,8002498,8006687,8000877,8000031,8002757,8003571,8002748,8000377,8003792,8002430,8003489,8000631,8002687,8000156,;426
2021-12-15T21:06:00.000Z;Frankfurt(Main)Hbf;RB;RB 67;67;15437;8000105;8000105%2021-12-15T21:06:00.000Z%,8003523,8000068,8001377,8001379,8000948,8002498,8006687,8000877,8000031,8002757,8003571,8002748,8000377,8003792,8002430,8003489,8000631,8003841,8000244,;426
2021-12-15T21:08:00.000Z;Frankfurt(Main)Hbf;RE;RE 3;3;29538;8000105;8000105%2021-12-15T21:08:00.000Z%0,8002050,8070004,8005220,8000241,8003816,8000240,8003075,8000021,8000726,8005678,8005583,8003295,8003040,8004253,8000154,8005659,8000875,8000272,8000323,;602
2021-12-15T21:10:00.000Z;Frankfurt(Main)Hbf;ICE;ICE 524;41;524;8000105;8000105%2021-12-15T21:12:00.000Z%2,8070003,8003680,8000667,8005556,8003330,8073368,8000085,8000086,8000098,8000041,8000080,;720
2021-12-15T21:12:00.000Z;Frankfurt(Main)Hbf;RE;RE 70;70;4587;8000105;8000105%2021-12-15T21:12:00.000Z%,8002050,8006175,8004065,8002386,8000126,8005740,8000951,8002249,8002391,8000503,8098360,8003503,8003848,8000244,;602
2021-12-15T21:16:00.000Z;Frankfurt(Main)Hbf;RB;RB 61;61;15697;8000105;8000105%2021-12-15T21:16:00.000Z%,8004246,8001236,8005636,8079151,8001554,8002315,8004653,8006031,8000285,8001814,8004171,8000362,;426
2021-12-15T21:22:00.000Z;Frankfurt(Main)Hbf;ICE;ICE 1021;31;1021;8000105;8000105%2021-12-15T21:34:00.000Z%12,8000150,8000010,8000260,8000284,;720
2021-12-15T21:26:00.000Z;Frankfurt(Main)Hbf;RE;RE 50;50;4534;8000105;8000105%2021-12-15T21:26:00.000Z%,8002041,8000349,8000150,8003550,8000117,8006132,8005261,8005690,8000891,8002010,8004295,8000115,8003016,8001283,8004297,8000020,8002103,8000029,;602
2021-12-15T21:29:00.000Z;Frankfurt(Main)Hbf;RB;RB 22;22;15290;8000105;8000105%2021-12-15T21:29:00.000Z%,8000106,8002935,8004400,8003041,8006535,8001322,8004409,8004518,8004364,8003696,8001883,8000229,;426
2021-12-15T21:30:00.000Z;Frankfurt(Main)Hbf;RE;RE 54;54;4635;8000105;8000105%2021-12-15T21:30:00.000Z%,8002041,8002039,8002048,8000996,8002877,8002574,8002573,8000150,8002400,8002425,8003143,8001427,8005208,8003314,8000010,8002918,8003582,8002696,8006426,8004756,8003740,8003548,8000120,8003189,8005049,8000260,;602
2021-12-15T21:31:00.000Z;Frankfurt(Main)Hbf;RB;RB 41;41;15034;8000105;8000105%2021-12-15T21:31:00.000Z%,8002042,8000760,8000111,8000728,8004712,8001312,8003262,8003520,8002410,8000124,8002269,8000234,8002100,8002134,8004417,8004420,8003856,8000337,;426
2021-12-15T21:31:00.000Z;Frankfurt(Main)Hbf;RB;RB 40;40;15134;8000105;8000105%2021-12-15T21:31:00.000Z%,8002042,8000760,8000111,8000728,8004712,8001312,8003262,8003520,8002410,8000124,8001618,8000383,8000633,8006340,8001694,8003213,8001668,8005577,8000161,8001271,8004405,8000074,;426
2021-12-15T21:34:00.000Z;Frankfurt(Main)Hbf;RE;RE 60;60;15395;8000105;8000105%2021-12-15T21:34:00.000Z%,8003523,8000068,;602
2021-12-15T21:42:00.000Z;Frankfurt(Main)Hbf;RB;RB 51;51;15536;8000105;8000105%2021-12-15T21:42:00.000Z%,8002041,8000349,8000150,8006548,8004402,8003550,8004395,8002526,8000117,8002532,8006499,8006132,;426
2021-12-15T21:46:00.000Z;Frankfurt(Main)Hbf;RB;RB 34;34;15748;8000105;8000105%2021-12-15T21:46:00.000Z%,8002042,8000760,8002382,8004367,8004523,8003255,8001248,8006465,8000158,8001701,8002886,8000538,8003698,8002288,8000347,;426
2021-12-15T20:37:00.000Z;Kassel Hbf;RB;RB 39;39;23119;8000193;8000193%2021-12-15T20:37:00.000Z%0,8003200,8003199,8005039,8000140,8002374,8006546,8000520,8002236,8000368,8006647,8002129,8005968,8003836,8006241,8000764,;426
2021-12-15T20:41:00.000Z;Kassel Hbf;RE;RE 5;5;24295;8000193;8000193%2021-12-15T20:41:00.000Z%0,8003200,8003961,8005182,8000029,8000020,;602
2021-12-15T20:46:00.000Z;Kassel Hbf;RB;RB 83;83;24034;8000193;8000193%2021-12-15T20:46:00.000Z%0,8004415,8003053,8005623,8006707,8002677,8002259,8006524,8000090,8002102,8000128,;426
2021-12-15T21:11:00.000Z;Kassel Hbf;RB;RB 5;5;24249;8000193;8000193%2021-12-15T21:11:00.000Z%0,8003200,8002484,8003961,8000243,8000859,8000553,8002716,8005182,8003711,8000029,8002103,8000020,;426
2021-12-15T21:23:00.000Z;Kassel Hbf;RE;RE 30;30;4169;8000193;8000193%2021-12-15T21:23:00.000Z%,8003200,8002374,8002236,8000368,8001098,8000129,8004328,8005661,8000435,8000065,8000337,8003856,8004417,8002134,8000234,8000124,8002410,8003520,8001312,8000728,8000111,8000760,8002042,8000105,;602
2021-12-15T21:46:00.000Z;Kassel Hbf;RB;RB 83;83;24036;8000193;8000193%2021-12-15T21:46:00.000Z%0,8004415,8003053,8005623,8006707,8002677,8002259,8006524,8000090,8002102,8000128,;426
2021-12-15T22:11:00.000Z;Kassel Hbf;RB;RB 5;5;24251;8000193;8000193%2021-12-15T22:11:00.000Z%0,8003200,8002484,8003961,8000243,8000859,8000553,8002716,8005182,8003711,8000029,8002103,8000020,;426
2021-12-15T22:46:00.000Z;Kassel Hbf;RB;RB 83;83;24038;8000193;8000193%2021-12-15T22:46:00.000Z%0,8004415,8003053,8005623,8006707,8002677,8002259,8006524,8000090,8002102,8000128,;426
2021-12-15T23:11:00.000Z;Kassel Hbf;RB;RB 5;5;24253;8000193;8000193%2021-12-15T23:11:00.000Z%0,8003200,8002484,8003961,8000243,8000859,8000553,8002716,8005182,8003711,8000029,8002103,8000020,;426
2021-12-16T02:55:00.000Z;Kassel Hbf;RB;RB 5;5;24205;8000193;8000193%2021-12-16T02:55:00.000Z%,8003200,8002484,8003961,8000243,8000859,8000553,8002716,8005182,8003711,8000029,8002103,8000020,;426
2021-12-16T03:00:00.000Z;Kassel Hbf;RE;RE 30;30;4171;8000193;8000193%2021-12-16T03:00:00.000Z%,8003200,8000368,8001098,8000129,8004328,8005661,8000435,8000337,8004417,8000234,8000124,8001312,8000728,8000111,8002042,8000105,;602
2021-12-16T03:16:00.000Z;Kassel Hbf;RE;RE 9;9;74747;8000193;8000193%2021-12-16T03:16:00.000Z%,8004415,8003053,8005623,8006707,8002677,8002259,8006524,8000090,8011054,8013159,8011849,8011219,8013315,8011178,8010203,8011172,8013004,8010055,8010385,8010256,8010032,8012796,8011138,8013217,8010312,8012766,8010054,8013336,8012279,8011496,8010299,8011038,8013230,8013110,8013111,8013425,8011043,8080590,8013448,8080570,8010159,;602
2021-12-16T03:59:00.000Z;Kassel Hbf;RB;RB 38;38;23141;8000193;8000193%2021-12-16T03:59:00.000Z%,8003200,8000140,8002374,8006546,8000520,8002236,8000368,8005576,8001098,8006663,8005365,8000129,;426
2021-12-16T04:06:00.000Z;Kassel Hbf;RB;RB 5;5;24207;8000193;8000193%2021-12-16T04:06:00.000Z%,8003200,8002484,8003961,8000243,8000859,8000553,8002716,8005182,8003711,8000029,8002103,8000020,8004297,8001283,8003016,8000115,;426
2021-12-16T04:18:00.000Z;Kassel Hbf;RB;RB 83;83;24050;8000193;8000193%2021-12-16T04:18:00.000Z%,8004415,8003053,8005623,8006707,8002677,8002259,8006524,8000090,8002102,8000128,;426
2021-12-16T04:35:00.000Z;Kassel Hbf;RE;RE 5;5;4538;8000193;8000193%2021-12-16T04:35:00.000Z%,8003200,8003961,8005182,8000029,8000020,8003016,8000115,8000891,8005261,8000150,8002041,8000105,;602
2021-12-16T04:46:00.000Z;Kassel Hbf;RE;RE 9;9;74703;8000193;8000193%2021-12-16T04:46:00.000Z%,8004415,8003053,8005623,8006707,8002677,8002259,8006524,8000090,8011054,8013159,8011849,8011219,8013315,8011178,8010203,8013004,8010055,8010385,8010256,8011860,8011657,8010032,8012796,8011138,8013217,8010312,8010054,8013336,8012279,8010299,8010159,;602
2021-12-16T05:08:00.000Z;Kassel Hbf;RE;RE 30;30;4177;8000193;8000193%2021-12-16T05:08:00.000Z%,8003200,8002374,8002236,8000368,8001098,8006663,8000129,8004328,8005661,8000435,8000337,8000124,8000111,8002042,8000105,;602
2021-12-16T05:11:00.000Z;Kassel Hbf;RB;RB 5;5;24215;8000193;8000193%2021-12-16T05:11:00.000Z%,8003200,8002484,8003961,8000243,8000859,8000553,8002716,8005182,8003711,8000029,8002103,8000020,8004297,8001283,8003016,8000115,;426
2021-12-16T05:16:00.000Z;Kassel Hbf;RB;RB 83;83;24052;8000193;8000193%2021-12-16T05:16:00.000Z%,8004415,8003053,8005623,8006707,8002677,8002259,8006524,8000090,8002102,8000128,;426
2021-12-16T05:33:00.000Z;Kassel Hbf;RB;RB 5;5;24263;8000193;8000193%2021-12-16T05:33:00.000Z%,8003200,8003961,8000243,8000859,8000553,8002716,8005182,8003711,8000029,8002103,8000020,;426
2021-12-16T05:46:00.000Z;Kassel Hbf;RB;RB 83;83;24004;8000193;8000193%2021-12-16T05:46:00.000Z%,8004415,8003053,8005623,8006707,8002677,8002259,8006524,8000090,8002102,8000128,;426
2021-12-16T05:52:00.000Z;Kassel Hbf;RB;RB 2;2;16250;8000193;8000193%2021-12-16T05:52:00.000Z%,8003200,;426
2021-12-16T06:11:00.000Z;Kassel Hbf;RB;RB 5;5;24217;8000193;8000193%2021-12-16T06:11:00.000Z%,8003200,8002484,8003961,8000243,8000859,8000553,8002716,8005182,8003711,8000029,8002103,8000020,8004297,8001283,8003016,8000115,;426
2021-12-15T20:16:00.000Z;Leipzig Hbf;ICE;ICE 594;11;594;8010205;8010205%2021-12-15T20:29:00.000Z%13,8010222,8011113,8098160,8011102,;720
2021-12-15T20:30:00.000Z;Leipzig Hbf;IC;IC 2045;55;2045;8010205;8010205%2021-12-15T20:30:00.000Z%0,8010297,8010089,8010085,;468
2021-12-15T20:33:00.000Z;Leipzig Hbf;ICE;ICE 1550;50;1550;8010205;8010205%2021-12-15T20:33:00.000Z%,8010101,8010136,8010097,8000020,8000115,8000150,8000105,;720
2021-12-15T20:34:00.000Z;Leipzig Hbf;RB;RB 113;113;16695;8010205;8010205%2021-12-15T20:34:00.000Z%,8010208,8011495,8012375,8011913,8012228,8011755,8012526,8011132,8012597,8012178,8011077,8011914,8013095,8010122,;426
2021-12-15T20:48:00.000Z;Leipzig Hbf;ICE;ICE 1607;28;1607;8010205;8010205%2021-12-15T20:50:00.000Z%2,8010101,;720
2021-12-15T20:57:00.000Z;Leipzig Hbf;RB;RB 22;22;80869;8010205;8010205%2021-12-15T20:57:00.000Z%0,8010209,8012192,8013447,8010269,8012682,8010390,8013297,8011312,8010196,8011074,8011619,8010125,8010126,8011623,8013334,8010365,8012493,8010352,8012472,8012468,8012563,8012657,8012107,8012075,8013174,8010309,;426
2021-12-15T21:00:00.000Z;Leipzig Hbf;RE;RE 50;50;16537;8010205;8010205%2021-12-15T21:00:00.000Z%,8011491,8010059,8013361,8012117,8011339,8013461,8010297,8011637,8012523,8010285,8012482,8013267,8010072,8010089,8013444,8010085,;602
2021-12-15T21:06:00.000Z;Leipzig Hbf;RB;RB 110;110;27756;8010205;8010205%2021-12-15T21:06:00.000Z%0,8080930,8010208,8011491,8010059,8010046,8012416,8011763,8011705,8010144,8013087,8012198,8012053,8013295,8010080,;426
2021-12-15T21:16:00.000Z;Leipzig Hbf;ICE;ICE 500;28;500;8010205;8010205%2021-12-15T21:16:00.000Z%0,8010050,8010222,8011113,8098160,8011102,;720
2021-12-15T21:19:00.000Z;Leipzig Hbf;RB;RB 20;20;74638;8010205;8010205%2021-12-15T21:19:00.000Z%0,8012193,8010207,8012817,8012355,8012311,8011753,8012080,8011071,8010146,8010368,8012199,8010240,8010019,8010145,8011085,8012502,8011051,8012567,8010366,8011915,8013192,8010101,;426
2021-12-15T21:20:00.000Z;Leipzig Hbf;RE;RE 6;6;74194;8010205;8010205%2021-12-15T21:20:00.000Z%0,8011077,8010122,8010238,8011297,8010184,;602
2021-12-15T21:31:00.000Z;Leipzig Hbf;ICE;ICE 1657;50;1657;8010205;8010205%2021-12-15T21:31:00.000Z%0,8010297,8010089,8010085,;720
2021-12-15T21:34:00.000Z;Leipzig Hbf;RB;RB 113;113;16697;8010205;8010205%2021-12-15T21:34:00.000Z%,8010208,8011495,8012375,8011913,8012228,8011755,8012526,8011132,8012597,8012178,8011077,8011914,8013095,8010122,;426
2021-12-15T21:55:00.000Z;Leipzig Hbf;ICE;ICE 699;11;699;8010205;8010205%2021-12-15T21:58:00.000Z%3,8010101,8010136,8010097,8000105,8070003,8000244,8000096,8000170,8000139,8000013,8004158,8000261,;720
2021-12-15T22:07:00.000Z;Leipzig Hbf;RE;RE 50;50;16539;8010205;8010205%2021-12-15T22:07:00.000Z%,8011491,8010059,8013361,8012117,8011339,8013461,8010297,8011637,8012523,8010285,8012482,8013267,8010072,8010089,8013444,8010085,;602
2021-12-15T22:09:00.000Z;Leipzig Hbf;RB;RB 22;22;80871;8010205;8010205%2021-12-15T22:09:00.000Z%0,8010209,8012192,8013447,8010269,8012682,8010390,8013297,8011312,8011074,8011619,8010125,8010126,8011623,;426
2021-12-15T22:21:00.000Z;Leipzig Hbf;RB;RB 20;20;74640;8010205;8010205%2021-12-15T22:21:00.000Z%0,8012193,8010207,8012817,8012355,8012311,8011753,8012080,8011071,8010146,8010368,8012199,8010240,8010019,8010145,8011085,8012502,8011051,8012567,8010366,8011915,8013192,8010101,;426
2021-12-15T22:26:00.000Z;Leipzig Hbf;RB;RB 110;110;27758;8010205;8010205%2021-12-15T22:26:00.000Z%0,8080930,8010208,8011491,8010059,8010046,8012416,8011763,8011705,;426
2021-12-15T22:33:00.000Z;Leipzig Hbf;RE;RE 10;10;18399;8010205;8010205%2021-12-15T22:33:00.000Z%,8013093,8010095,8010161,8011387,8012371,8010351,8011131,8010103,8010079,8011542,8010069,8010073,;602
2021-12-15T20:24:00.000Z;München Hbf;RE;RE 3;3;4090;8000261;8000261%2021-12-15T20:24:00.000Z%0,8002078,8004084,8000217,8006537,8001466,8003506,8006181,8000301,8004700,8006086,8000298,;602
2021-12-15T20:28:00.000Z;München Hbf;RB;RB 40;40;27071;8000261;8000261%2021-12-15T20:28:00.000Z%0,8000262,8003879,8002912,8006190,8001499,8005495,8000576,8000258,8005923,8002703,8000555,8003205,8002234,8001288,8001284,;426
2021-12-15T20:28:00.000Z;München Hbf;RB;RB 40;40;27071;8000261;8000261%2021-12-15T20:28:00.000Z%0,8000262,8003879,8002912,8006190,8001499,8005495,8000576,8000258,8005883,8004315,8003883,8003136,8000072,;426
2021-12-15T20:31:00.000Z;München Hbf;RB;RB 16;16;59108;8000261;8000261%2021-12-15T20:31:00.000Z%0,8001354,8004775,8004747,8005008,8004781,8000256,8000678,8000183,8003076,8003074,8002171,8001734,8005828,8000419,8001708,8001495,8005593,8004753,8000122,8006298,8001749,8004835,8004115,8002237,8005995,8005185,8005439,8000284,;426
2021-12-15T20:32:00.000Z;München Hbf Gl.27-36;RB;RB 6;6;59471;8098261;8098261%2021-12-15T20:32:00.000Z%0,8004158,8005927,8000220,8003024,8005948,8004185,8004662,8001880,8004506,8001961,8002187,8003302,8004043,;426
2021-12-15T20:44:00.000Z;München Hbf;RE;RE 50;50;4868;8000261;8000261%2021-12-15T20:44:00.000Z%0,8002078,8004084,8000217,8001835,8000688,8001679,8002506,8003357,8004592,8001298,8000309,;602
2021-12-15T20:51:00.000Z;München Hbf;ICE;ICE 698;11;698;8000261;8000261%2021-12-15T20:51:00.000Z%,8000013,8000139,8000170,8000096,8000244,8070003,8000105,8010097,8010136,8010101,8010366,8010240,8010159,8010050,8011113,8098160,8011102,;720
2021-12-15T21:00:00.000Z;München Hbf;RE;RE 9;9;57070;8000261;8000261%2021-12-15T21:00:00.000Z%,8004158,8004204,8002623,8000545,8003982,8004008,8003299,8000661,8000658,8000013,8000662,8004318,8006378,8001439,8002263,8003483,8001468,8002074,8003123,8001276,8004030,8004654,8000139,8003627,8004239,8006730,8000170,;602
2021-12-15T21:00:00.000Z;München Hbf;RE;RE 87;87;57170;8000261;8000261%2021-12-15T21:00:00.000Z%,8004158,8004204,8002623,8000545,8003982,8004008,8003299,8000661,8000658,8000013,8000662,8002256,8002162,8003560,8002761,8003952,8006363,8004451,8003989,8000778,8000078,;602
2021-12-15T21:20:00.000Z;München Hbf;RE;RE 72;72;78971;8000261;8000261%2021-12-15T21:20:00.000Z%0,8004158,8000119,8000195,8000057,8000144,8004927,8000338,8005725,8005607,8000249,;602
2021-12-15T21:24:00.000Z;München Hbf;RB;RB 16;16;59174;8000261;8000261%2021-12-15T21:24:00.000Z%,8001354,8004775,8004747,8005008,8004781,8000256,8000678,8000183,8003076,;426
2021-12-15T21:28:00.000Z;München Hbf;RB;RB 40;40;27073;8000261;8000261%2021-12-15T21:28:00.000Z%,8000262,8003879,8002912,8005852,8001499,8005495,8000576,8000258,8005145,8000720,8003910,8001677,8001676,8002671,8004786,8000590,8000988,8000828,8003191,8004845,;426
2021-12-15T21:32:00.000Z;München Hbf Gl.27-36;RB;RB 6;6;59473;8098261;8098261%2021-12-15T21:32:00.000Z%,8004158,8005927,8000220,8003024,8005948,8004185,8004662,8001880,8004506,8001961,8002187,8003302,8004043,;426
2021-12-15T20:27:00.000Z;Stolberg(Rheinl)Hbf;RE;RE 9;9;10933;8000348;8000348%2021-12-15T20:28:00.000Z%1,8001886,8003553,8000084,8000178,8000208,8003361,8004869,8000135,8005556,8002753,8001736,8002768,8005356,8000012,8001928,8006501,8004381,8005338,8000034,8000427,8001112,8004406,8001729,8000046,;602
2021-12-15T20:34:00.000Z;Stolberg(Rheinl)Hbf;RE;RE 9;9;10930;8000348;8000348%2021-12-15T20:38:00.000Z%4,8000406,8000001,;602
2021-12-15T20:50:00.000Z;Stolberg(Rheinl)Hbf;RB;RB 20;20;30036;8000348;8000348%2021-12-15T20:50:00.000Z%0,8001712,8000406,8000001,8070704,8000404,8003395,8002806,8002804,8002816,8000507,8000502,8000521,8000527,8000510,8001917,8098349,;426
2021-12-15T20:57:00.000Z;Stolberg(Rheinl)Hbf;RE;RE 1;1;26836;8000348;8000348%2021-12-15T21:00:00.000Z%3,8000406,8000001,;602
2021-12-15T21:01:00.000Z;Stolberg(Rheinl)Hbf;RE;RE 1;1;26841;8000348;8000348%2021-12-15T21:01:00.000Z%0,8001886,8003553,8000084,8000178,8000208,8000207,8000209,8006713,8001584,8000085,8000082,8000086,8000259,8000098,8006226,8000041,8000080,8001515,8001537,8003169,8003168,8004448,8000149,;602
2021-12-15T21:12:00.000Z;Stolberg(Rheinl)Hbf Gl.44;RB;RB 20;20;30041;8098349;8098349%2021-12-15T21:12:00.000Z%,8001917,8000510,8000527,8000521,8000502,8000507,8002816,8002804,8002806,8003395,8000404,8070704,8000001,8000406,8001712,8000348,;426
2021-12-15T21:20:00.000Z;Stolberg(Rheinl)Hbf;RB;RB 20;20;30584;8000348;8000348%2021-12-15T21:20:00.000Z%,8001712,8000406,8000001,;426
2021-12-15T21:33:00.000Z;Stolberg(Rheinl)Hbf;RE;RE 9;9;10932;8000348;8000348%2021-12-15T21:34:00.000Z%1,8000406,8000001,;602
2021-12-15T21:50:00.000Z;Stolberg(Rheinl)Hbf;RB;RB 20;20;30040;8000348;8000348%2021-12-15T21:50:00.000Z%,8001712,8000406,8000001,8070704,8000404,8003395,8002806,8002804,8002816,8000507,8000502,8000521,8000527,8000510,8001917,8098349,;426
2021-12-15T21:57:00.000Z;Stolberg(Rheinl)Hbf;RE;RE 1;1;26838;8000348;8000348%2021-12-15T22:00:00.000Z%3,8000406,8000001,;602
2021-12-15T22:00:00.000Z;Stolberg(Rheinl)Hbf;RE;RE 1;1;26843;8000348;8000348%2021-12-15T22:00:00.000Z%0,8001886,8003553,8000084,8000178,8000208,8000207,8000209,8006713,8001584,8000085,8000082,8000086,8000259,8000098,8006226,8000041,8000080,;602
2021-12-15T22:12:00.000Z;Stolberg(Rheinl)Hbf Gl.44;RB;RB 20;20;30043;8098349;8098349%2021-12-15T22:12:00.000Z%,8001917,8000510,8000527,8000521,8000502,8000507,8002816,8002804,8002806,8003395,8000404,8070704,8000001,8000406,;426
2021-12-15T22:20:00.000Z;Stolberg(Rheinl)Hbf;RB;RB 20;20;30586;8000348;8000348%2021-12-15T22:20:00.000Z%,8001712,8000406,8000001,;426
2021-12-15T22:34:00.000Z;Stolberg(Rheinl)Hbf;RE;RE 1;1;26862;8000348;8000348%2021-12-15T22:34:00.000Z%,8001712,8000406,8000001,;602
2021-12-15T22:53:00.000Z;Stolberg(Rheinl)Hbf;RB;RB 20;20;30042;8000348;8000348%2021-12-15T22:53:00.000Z%,8001712,8000406,8000001,;426
2021-12-15T22:59:00.000Z;Stolberg(Rheinl)Hbf;RE;RE 1;1;26840;8000348;8000348%2021-12-15T22:59:00.000Z%0,8000406,8000001,;602
2021-12-15T23:00:00.000Z;Stolberg(Rheinl)Hbf;RE;RE 1;1;26845;8000348;8000348%2021-12-15T23:00:00.000Z%0,8001886,8003553,8000084,8000178,8000208,8000207,8000209,8006713,8001584,8000085,8000082,8000086,8000259,8000098,8006226,8000041,8000080,8001515,8001537,8003169,8003168,8004448,8000149,;602
2021-12-15T23:33:00.000Z;Stolberg(Rheinl)Hbf;RE;RE 9;9;10936;8000348;8000348%2021-12-15T23:33:00.000Z%,8000406,8000001,;602
2021-12-15T23:57:00.000Z;Stolberg(Rheinl)Hbf;RE;RE 1;1;26842;8000348;8000348%2021-12-15T23:57:00.000Z%0,8000406,8000001,;602
2021-12-16T04:00:00.000Z;Stolberg(Rheinl)Hbf;RE;RE 1;1;26807;8000348;8000348%2021-12-16T04:00:00.000Z%,8001886,8003553,8000084,8000178,8000208,8000207,8000209,8006713,8001584,8000085,8000082,8000086,8000259,8000098,8006226,8000041,8000080,8001537,8003169,8003168,8004448,8000149,;602
2021-12-16T04:11:00.000Z;Stolberg(Rheinl)Hbf Gl.44;RB;RB 20;20;30005;8098349;8098349%2021-12-16T04:11:00.000Z%,8001917,8000510,8000527,8000521,8000502,8000507,8002816,8002804,8002806,8003395,8000404,8070704,8000001,8000406,8001712,8000348,;426
2021-12-16T04:11:00.000Z;Stolberg(Rheinl)Hbf Gl.44;RB;RB 20;20;30055;8098349;8098349%2021-12-16T04:11:00.000Z%,8001917,8000510,8000527,8000521,8000502,8000507,8002816,8002804,8002806,8003395,8000404,8070704,8000001,8000406,8001712,8000348,;426
2021-12-16T04:20:00.000Z;Stolberg(Rheinl)Hbf;RB;RB 20;20;30500;8000348;8000348%2021-12-16T04:20:00.000Z%,8001712,8000406,8000001,8070704,8000404,8003395,8002806,8002804,8002816,8000507,8000502,;426
2021-12-16T04:20:00.000Z;Stolberg(Rheinl)Hbf;RB;RB 20;20;30550;8000348;8000348%2021-12-16T04:20:00.000Z%,8001712,8000406,8000001,8070704,8000404,8003395,8002806,8002804,8002816,8000507,8000502,;426
2021-12-16T04:27:00.000Z;Stolberg(Rheinl)Hbf;RE;RE 9;9;10901;8000348;8000348%2021-12-16T04:27:00.000Z%,8001886,8003553,8000084,8000178,8000208,8003361,8004869,8000135,8005556,8002753,8001736,8002768,8005356,8000012,8006501,8000034,8000427,8001112,8000046,;602
2021-12-16T04:50:00.000Z;Stolberg(Rheinl)Hbf;RB;RB 20;20;30054;8000348;8000348%2021-12-16T04:50:00.000Z%,8001712,8000406,8000001,8070704,8000404,8003395,8002806,8002804,8002816,8000507,8000502,8000521,8000527,8000510,8001917,8098349,;426
2021-12-16T04:57:00.000Z;Stolberg(Rheinl)Hbf;RE;RE 1;1;26804;8000348;8000348%2021-12-16T04:57:00.000Z%,8000406,8000001,;602
2021-12-16T05:00:00.000Z;Stolberg(Rheinl)Hbf;RE;RE 1;1;26809;8000348;8000348%2021-12-16T05:00:00.000Z%,8001886,8003553,8000084,8000178,8000208,8000207,8000209,8006713,8001584,8000085,8000082,8000086,8000259,8000098,8006226,8000041,8000080,8001515,8001537,8003169,8003168,8000149,;602
2021-12-16T05:12:00.000Z;Stolberg(Rheinl)Hbf Gl.44;RB;RB 20;20;30007;8098349;8098349%2021-12-16T05:12:00.000Z%,8001917,8000510,8000527,8000521,8000502,8000507,8002816,8002804,8002806,8003395,8000404,8070704,8000001,8000406,8001712,8000348,;426
2021-12-16T05:12:00.000Z;Stolberg(Rheinl)Hbf Gl.44;RB;RB 20;20;30057;8098349;8098349%2021-12-16T05:12:00.000Z%,8001917,8000510,8000527,8000521,8000502,8000507,8002816,8002804,8002806,8003395,8000404,8070704,8000001,8000406,8001712,8000348,;426
2021-12-16T05:20:00.000Z;Stolberg(Rheinl)Hbf;RB;RB 20;20;30502;8000348;8000348%2021-12-16T05:20:00.000Z%,8001712,8000406,8000001,8070704,8000404,8003395,8002806,8002804,8002816,8000507,8000502,;426
2021-12-16T05:20:00.000Z;Stolberg(Rheinl)Hbf;RB;RB 20;20;30552;8000348;8000348%2021-12-16T05:20:00.000Z%,8001712,8000406,8000001,8070704,8000404,8003395,8002806,8002804,8002816,8000507,8000502,;426
2021-12-16T05:27:00.000Z;Stolberg(Rheinl)Hbf;RE;RE 9;9;10903;8000348;8000348%2021-12-16T05:27:00.000Z%,8001886,8003553,8000084,8000178,8000208,8003361,8004869,8000135,8005556,8002753,8001736,8002768,8005356,8000012,8006501,8000034,8000427,8001112,8000046,;602
2021-12-16T05:33:00.000Z;Stolberg(Rheinl)Hbf;RE;RE 9;9;10900;8000348;8000348%2021-12-16T05:33:00.000Z%,8000406,8000001,;602
2021-12-16T05:39:00.000Z;Stolberg(Rheinl)Hbf;RE;RE 1;1;26851;8000348;8000348%2021-12-16T05:39:00.000Z%,8001886,8003553,8000084,8000178,8000208,8000207,8000209,8006713,8000085,;602
2021-12-16T05:50:00.000Z;Stolberg(Rheinl)Hbf;RB;RB 20;20;30056;8000348;8000348%2021-12-16T05:50:00.000Z%,8001712,8000406,8000001,8070704,8000404,8003395,8002806,8002804,8002816,8000507,8000502,8000521,8000527,8000510,8001917,8098349,;426
2021-12-16T05:57:00.000Z;Stolberg(Rheinl)Hbf;RE;RE 1;1;26806;8000348;8000348%2021-12-16T05:57:00.000Z%,8000406,8000001,;602
2021-12-16T06:00:00.000Z;Stolberg(Rheinl)Hbf;RE;RE 1;1;26811;8000348;8000348%2021-12-16T06:00:00.000Z%,8001886,8003553,8000084,8000178,8000208,8000207,8000209,8006713,8001584,8000085,8000082,8000086,8000259,8000098,8006226,8000041,8000080,8001537,8003169,8003168,8004448,8000149,;602
2021-12-16T06:12:00.000Z;Stolberg(Rheinl)Hbf Gl.44;RB;RB 20;20;30009;8098349;8098349%2021-12-16T06:12:00.000Z%,8001917,8000510,8000527,8000521,8000502,8000507,8002816,8002804,8002806,8003395,8000404,8070704,8000001,8000406,8001712,8000348,;426
2021-12-16T06:12:00.000Z;Stolberg(Rheinl)Hbf Gl.44;RB;RB 20;20;30059;8098349;8098349%2021-12-16T06:12:00.000Z%,8001917,8000510,8000527,8000521,8000502,8000507,8002816,8002804,8002806,8003395,8000404,8070704,8000001,8000406,8001712,8000348,;426
2021-12-16T06:16:00.000Z;Stolberg(Rheinl)Hbf;RE;RE 1;1;26853;8000348;8000348%2021-12-16T06:16:00.000Z%,8000084,8000208,8000207,;602
2021-12-16T06:20:00.000Z;Stolberg(Rheinl)Hbf;RB;RB 20;20;30504;8000348;8000348%2021-12-16T06:20:00.000Z%,8001712,8000406,8000001,8070704,8000404,8003395,8002806,8002804,8002816,8000507,8000502,;426
2021-12-16T06:20:00.000Z;Stolberg(Rheinl)Hbf;RB;RB 20;20;30554;8000348;8000348%2021-12-16T06:20:00.000Z%,8001712,8000406,8000001,8070704,8000404,8003395,8002806,8002804,8002816,8000507,8000502,;426
2021-12-16T06:27:00.000Z;Stolberg(Rheinl)Hbf;RE;RE 9;9;10905;8000348;8000348%2021-12-16T06:27:00.000Z%,8001886,8003553,8000084,8000178,8000208,8003361,8004869,8000135,8005556,8002753,8001736,8002768,8005356,8000012,8006501,8000034,8000427,8001112,8000046,;602
2021-12-16T06:33:00.000Z;Stolberg(Rheinl)Hbf;RE;RE 9;9;10902;8000348;8000348%2021-12-16T06:33:00.000Z%,8000406,8000001,;602
2021-12-16T06:50:00.000Z;Stolberg(Rheinl)Hbf;RB;RB 20;20;30058;8000348;8000348%2021-12-16T06:50:00.000Z%,8001712,8000406,8000001,8070704,8000404,8003395,8002806,8002804,8002816,8000507,8000502,8000521,8000527,8000510,8001917,8098349,;426
2021-12-16T06:57:00.000Z;Stolberg(Rheinl)Hbf;RE;RE 1;1;26808;8000348;8000348%2021-12-16T06:57:00.000Z%,8000406,8000001,;602
2021-12-16T07:00:00.000Z;Stolberg(Rheinl)Hbf;RE;RE 1;1;26813;8000348;8000348%2021-12-16T07:00:00.000Z%,8001886,8003553,8000084,8000178,8000208,8000207,8000209,8006713,8001584,8000085,8000082,8000086,8000259,8000098,8006226,8000041,8000080,8001515,8001537,8003169,8003168,8000149,;602
2021-12-16T07:12:00.000Z;Stolberg(Rheinl)Hbf Gl.44;RB;RB 20;20;30011;8098349;8098349%2021-12-16T07:12:00.000Z%,8001917,8000510,8000527,8000521,8000502,8000507,8002816,8002804,8002806,8003395,8000404,8070704,8000001,8000406,8001712,8000348,;426
2021-12-16T07:12:00.000Z;Stolberg(Rheinl)Hbf Gl.44;RB;RB 20;20;30061;8098349;8098349%2021-12-16T07:12:00.000Z%,8001917,8000510,8000527,8000521,8000502,8000507,8002816,8002804,8002806,8003395,8000404,8070704,8000001,8000406,8001712,8000348,;426
2021-12-16T07:20:00.000Z;Stolberg(Rheinl)Hbf;RB;RB 20;20;30506;8000348;8000348%2021-12-16T07:20:00.000Z%,8001712,8000406,8000001,8070704,8000404,8003395,8002806,8002804,8002816,8000507,8000502,;426
2021-12-16T07:20:00.000Z;Stolberg(Rheinl)Hbf;RB;RB 20;20;30556;8000348;8000348%2021-12-16T07:20:00.000Z%,8001712,8000406,8000001,8070704,8000404,8003395,8002806,8002804,8002816,8000507,8000502,;426
2021-12-16T07:27:00.000Z;Stolberg(Rheinl)Hbf;RE;RE 9;9;10907;8000348;8000348%2021-12-16T07:27:00.000Z%,8001886,8003553,8000084,8000178,8000208,8003361,8004869,8000135,8005556,8002753,8001736,8002768,8005356,8000012,8006501,8000034,8000427,8001112,8000046,;602
2021-12-16T07:33:00.000Z;Stolberg(Rheinl)Hbf;RE;RE 9;9;10904;8000348;8000348%2021-12-16T07:33:00.000Z%,8000406,8000001,;602
2021-12-16T07:50:00.000Z;Stolberg(Rheinl)Hbf;RB;RB 20;20;30010;8000348;8000348%2021-12-16T07:50:00.000Z%,8001712,8000406,8000001,8070704,8000404,8003395,8002806,8002804,8002816,8000507,8000502,8000521,8000527,8000510,8001917,8098349,;426
2021-12-16T07:50:00.000Z;Stolberg(Rheinl)Hbf;RB;RB 20;20;30060;8000348;8000348%2021-12-16T07:50:00.000Z%,8001712,8000406,8000001,8070704,8000404,8003395,8002806,8002804,8002816,8000507,8000502,8000521,8000527,8000510,8001917,8098349,;426
2021-12-16T07:57:00.000Z;Stolberg(Rheinl)Hbf;RE;RE 1;1;26810;8000348;8000348%2021-12-16T07:57:00.000Z%,8000406,8000001,;602
2021-12-16T08:00:00.000Z;Stolberg(Rheinl)Hbf;RE;RE 1;1;26815;8000348;8000348%2021-12-16T08:00:00.000Z%,8001886,8003553,8000084,8000178,8000208,8000207,8000209,8006713,8001584,8000085,8000082,8000086,8000259,8000098,8006226,8000041,8000080,8001537,8003169,8003168,8004448,8000149,;602
2021-12-16T08:12:00.000Z;Stolberg(Rheinl)Hbf Gl.44;RB;RB 20;20;30013;8098349;8098349%2021-12-16T08:12:00.000Z%,8001917,8000510,8000527,8000521,8000502,8000507,8002816,8002804,8002806,8003395,8000404,8070704,8000001,8000406,8001712,8000348,;426
2021-12-16T08:12:00.000Z;Stolberg(Rheinl)Hbf Gl.44;RB;RB 20;20;30063;8098349;8098349%2021-12-16T08:12:00.000Z%,8001917,8000510,8000527,8000521,8000502,8000507,8002816,8002804,8002806,8003395,8000404,8070704,8000001,8000406,8001712,8000348,;426
2021-12-16T08:20:00.000Z;Stolberg(Rheinl)Hbf;RB;RB 20;20;30508;8000348;8000348%2021-12-16T08:20:00.000Z%,8001712,8000406,8000001,8070704,8000404,8003395,8002806,8002804,8002816,8000507,8000502,;426
2021-12-16T08:20:00.000Z;Stolberg(Rheinl)Hbf;RB;RB 20;20;30558;8000348;8000348%2021-12-16T08:20:00.000Z%,8001712,8000406,8000001,8070704,8000404,8003395,8002806,8002804,8002816,8000507,8000502,;426
2021-12-16T08:27:00.000Z;Stolberg(Rheinl)Hbf;RE;RE 9;9;10909;8000348;8000348%2021-12-16T08:27:00.000Z%,8001886,8003553,8000084,8000178,8000208,8003361,8004869,8000135,8005556,8002753,8001736,8002768,8005356,8000012,8006501,8000034,8000427,8001112,8000046,;602
2021-12-16T08:33:00.000Z;Stolberg(Rheinl)Hbf;RE;RE 9;9;10906;8000348;8000348%2021-12-16T08:33:00.000Z%,8000406,8000001,;602
2021-12-16T08:50:00.000Z;Stolberg(Rheinl)Hbf;RB;RB 20;20;30012;8000348;8000348%2021-12-16T08:50:00.000Z%,8001712,8000406,8000001,8070704,8000404,8003395,8002806,8002804,8002816,8000507,8000502,8000521,8000527,8000510,8001917,8098349,;426
2021-12-16T08:50:00.000Z;Stolberg(Rheinl)Hbf;RB;RB 20;20;30062;8000348;8000348%2021-12-16T08:50:00.000Z%,8001712,8000406,8000001,8070704,8000404,8003395,8002806,8002804,8002816,8000507,8000502,8000521,8000527,8000510,8001917,8098349,;426
2021-12-16T08:57:00.000Z;Stolberg(Rheinl)Hbf;RE;RE 1;1;26812;8000348;8000348%2021-12-16T08:57:00.000Z%,8000406,8000001,;602
2021-12-16T09:00:00.000Z;Stolberg(Rheinl)Hbf;RE;RE 1;1;26817;8000348;8000348%2021-12-16T09:00:00.000Z%,8001886,8003553,8000084,8000178,8000208,8000207,8000209,8006713,8001584,8000085,8000082,8000086,8000259,8000098,8006226,8000041,8000080,8001515,8001537,8003169,8003168,8000149,;602
2021-12-16T09:12:00.000Z;Stolberg(Rheinl)Hbf Gl.44;RB;RB 20;20;30015;8098349;8098349%2021-12-16T09:12:00.000Z%,8001917,8000510,8000527,8000521,8000502,8000507,8002816,8002804,8002806,8003395,8000404,8070704,8000001,8000406,8001712,8000348,;426
2021-12-16T09:12:00.000Z;Stolberg(Rheinl)Hbf Gl.44;RB;RB 20;20;30065;8098349;8098349%2021-12-16T09:12:00.000Z%,8001917,8000510,8000527,8000521,8000502,8000507,8002816,8002804,8002806,8003395,8000404,8070704,8000001,8000406,8001712,8000348,;426
2021-12-16T09:20:00.000Z;Stolberg(Rheinl)Hbf;RB;RB 20;20;30510;8000348;8000348%2021-12-16T09:20:00.000Z%,8001712,8000406,8000001,8070704,8000404,8003395,8002806,8002804,8002816,8000507,8000502,;426
2021-12-16T09:20:00.000Z;Stolberg(Rheinl)Hbf;RB;RB 20;20;30560;8000348;8000348%2021-12-16T09:20:00.000Z%,8001712,8000406,8000001,8070704,8000404,8003395,8002806,8002804,8002816,8000507,8000502,;426
2021-12-16T09:27:00.000Z;Stolberg(Rheinl)Hbf;RE;RE 9;9;10911;8000348;8000348%2021-12-16T09:27:00.000Z%,8001886,8003553,8000084,8000178,8000208,8003361,8004869,8000135,8005556,8002753,8001736,8002768,8005356,8000012,8006501,8000034,8000427,8001112,8000046,;602
2021-12-16T09:33:00.000Z;Stolberg(Rheinl)Hbf;RE;RE 9;9;10908;8000348;8000348%2021-12-16T09:33:00.000Z%,8000406,8000001,;602
2021-12-16T09:50:00.000Z;Stolberg(Rheinl)Hbf;RB;RB 20;20;30014;8000348;8000348%2021-12-16T09:50:00.000Z%,8001712,8000406,8000001,8070704,8000404,8003395,8002806,8002804,8002816,8000507,8000502,8000521,8000527,8000510,8001917,8098349,;426
2021-12-16T09:50:00.000Z;Stolberg(Rheinl)Hbf;RB;RB 20;20;30064;8000348;8000348%2021-12-16T09:50:00.000Z%,8001712,8000406,8000001,8070704,8000404,8003395,8002806,8002804,8002816,8000507,8000502,8000521,8000527,8000510,8001917,8098349,;426
2021-12-16T09:57:00.000Z;Stolberg(Rheinl)Hbf;RE;RE 1;1;26814;8000348;8000348%2021-12-16T09:57:00.000Z%,8000406,8000001,;602
2021-12-16T10:00:00.000Z;Stolberg(Rheinl)Hbf;RE;RE 1;1;26819;8000348;8000348%2021-12-16T10:00:00.000Z%,8001886,8003553,8000084,8000178,8000208,8000207,8000209,8006713,8001584,8000085,8000082,8000086,8000259,8000098,8006226,8000041,8000080,8001537,8003169,8003168,8004448,8000149,;602
2021-12-16T10:12:00.000Z;Stolberg(Rheinl)Hbf Gl.44;RB;RB 20;20;30017;8098349;8098349%2021-12-16T10:12:00.000Z%,8001917,8000510,8000527,8000521,8000502,8000507,8002816,8002804,8002806,8003395,8000404,8070704,8000001,8000406,8001712,8000348,;426
2021-12-16T10:12:00.000Z;Stolberg(Rheinl)Hbf Gl.44;RB;RB 20;20;30067;8098349;8098349%2021-12-16T10:12:00.000Z%,8001917,8000510,8000527,8000521,8000502,8000507,8002816,8002804,8002806,8003395,8000404,8070704,8000001,8000406,8001712,8000348,;426
2021-12-16T10:20:00.000Z;Stolberg(Rheinl)Hbf;RB;RB 20;20;30512;8000348;8000348%2021-12-16T10:20:00.000Z%,8001712,8000406,8000001,8070704,8000404,8003395,8002806,8002804,8002816,8000507,8000502,;426
2021-12-16T10:20:00.000Z;Stolberg(Rheinl)Hbf;RB;RB 20;20;30562;8000348;8000348%2021-12-16T10:20:00.000Z%,8001712,8000406,8000001,8070704,8000404,8003395,8002806,8002804,8002816,8000507,8000502,;426
2021-12-16T10:27:00.000Z;Stolberg(Rheinl)Hbf;RE;RE 9;9;10913;8000348;8000348%2021-12-16T10:27:00.000Z%,8001886,8003553,8000084,8000178,8000208,8003361,8004869,8000135,8005556,8002753,8001736,8002768,8005356,8000012,8006501,8000034,8000427,8001112,8000046,;602
2021-12-16T10:33:00.000Z;Stolberg(Rheinl)Hbf;RE;RE 9;9;10910;8000348;8000348%2021-12-16T10:33:00.000Z%,8000406,8000001,;602
2021-12-16T10:50:00.000Z;Stolberg(Rheinl)Hbf;RB;RB 20;20;30016;8000348;8000348%2021-12-16T10:50:00.000Z%,8001712,8000406,8000001,8070704,8000404,8003395,8002806,8002804,8002816,8000507,8000502,8000521,8000527,8000510,8001917,8098349,;426
2021-12-16T10:50:00.000Z;Stolberg(Rheinl)Hbf;RB;RB 20;20;30066;8000348;8000348%2021-12-16T10:50:00.000Z%,8001712,8000406,8000001,8070704,8000404,8003395,8002806,8002804,8002816,8000507,8000502,8000521,8000527,8000510,8001917,8098349,;426
2021-12-16T10:57:00.000Z;Stolberg(Rheinl)Hbf;RE;RE 1;1;26816;8000348;8000348%2021-12-16T10:57:00.000Z%,8000406,8000001,;602
2021-12-16T11:00:00.000Z;Stolberg(Rheinl)Hbf;RE;RE 1;1;26821;8000348;8000348%2021-12-16T11:00:00.000Z%,8001886,8003553,8000084,8000178,8000208,8000207,8000209,8006713,8001584,8000085,8000082,8000086,8000259,8000098,8006226,8000041,8000080,8001515,8001537,8003169,8003168,8000149,;602
2021-12-16T11:12:00.000Z;Stolberg(Rheinl)Hbf Gl.44;RB;RB 20;20;30019;8098349;8098349%2021-12-16T11:12:00.000Z%,8001917,8000510,8000527,8000521,8000502,8000507,8002816,8002804,8002806,8003395,8000404,8070704,8000001,8000406,8001712,8000348,;426
2021-12-16T11:12:00.000Z;Stolberg(Rheinl)Hbf Gl.44;RB;RB 20;20;30069;8098349;8098349%2021-12-16T11:12:00.000Z%,8001917,8000510,8000527,8000521,8000502,8000507,8002816,8002804,8002806,8003395,8000404,8070704,8000001,8000406,8001712,8000348,;426
2021-12-16T11:20:00.000Z;Stolberg(Rheinl)Hbf;RB;RB 20;20;30514;8000348;8000348%2021-12-16T11:20:00.000Z%,8001712,8000406,8000001,8070704,8000404,8003395,8002806,8002804,8002816,8000507,8000502,;426
2021-12-16T11:20:00.000Z;Stolberg(Rheinl)Hbf;RB;RB 20;20;30564;8000348;8000348%2021-12-16T11:20:00.000Z%,8001712,8000406,8000001,8070704,8000404,8003395,8002806,8002804,8002816,8000507,8000502,;426
2021-12-16T11:27:00.000Z;Stolberg(Rheinl)Hbf;RE;RE 9;9;10915;8000348;8000348%2021-12-16T11:27:00.000Z%,8001886,8003553,8000084,8000178,8000208,8003361,8004869,8000135,8005556,8002753,8001736,8002768,8005356,8000012,8006501,8000034,8000427,8001112,8000046,;602
2021-12-16T11:33:00.000Z;Stolberg(Rheinl)Hbf;RE;RE 9;9;10912;8000348;8000348%2021-12-16T11:33:00.000Z%,8000406,8000001,;602
2021-12-16T11:50:00.000Z;Stolberg(Rheinl)Hbf;RB;RB 20;20;30018;8000348;8000348%2021-12-16T11:50:00.000Z%,8001712,8000406,8000001,8070704,8000404,8003395,8002806,8002804,8002816,8000507,8000502,8000521,8000527,8000510,8001917,8098349,;426
2021-12-16T11:50:00.000Z;Stolberg(Rheinl)Hbf;RB;RB 20;20;30068;8000348;8000348%2021-12-16T11:50:00.000Z%,8001712,8000406,8000001,8070704,8000404,8003395,8002806,8002804,8002816,8000507,8000502,8000521,8000527,8000510,8001917,8098349,;426
2021-12-16T11:57:00.000Z;Stolberg(Rheinl)Hbf;RE;RE 1;1;26818;8000348;8000348%2021-12-16T11:57:00.000Z%,8000406,8000001,;602
2021-12-16T12:00:00.000Z;Stolberg(Rheinl)Hbf;RE;RE 1;1;26823;8000348;8000348%2021-12-16T12:00:00.000Z%,8001886,8003553,8000084,8000178,8000208,8000207,8000209,8006713,8001584,8000085,8000082,8000086,8000259,8000098,8006226,8000041,8000080,8001537,8003169,8003168,8004448,8000149,;602
2021-12-16T12:12:00.000Z;Stolberg(Rheinl)Hbf Gl.44;RB;RB 20;20;30021;8098349;8098349%2021-12-16T12:12:00.000Z%,8001917,8000510,8000527,8000521,8000502,8000507,8002816,8002804,8002806,8003395,8000404,8070704,8000001,8000406,8001712,8000348,;426
2021-12-16T12:12:00.000Z;Stolberg(Rheinl)Hbf Gl.44;RB;RB 20;20;30071;8098349;8098349%2021-12-16T12:12:00.000Z%,8001917,8000510,8000527,8000521,8000502,8000507,8002816,8002804,8002806,8003395,8000404,8070704,8000001,8000406,8001712,8000348,;426
2021-12-16T12:20:00.000Z;Stolberg(Rheinl)Hbf;RB;RB 20;20;30516;8000348;8000348%2021-12-16T12:20:00.000Z%,8001712,8000406,8000001,8070704,8000404,8003395,8002806,8002804,8002816,8000507,8000502,;426
2021-12-16T12:20:00.000Z;Stolberg(Rheinl)Hbf;RB;RB 20;20;30566;8000348;8000348%2021-12-16T12:20:00.000Z%,8001712,8000406,8000001,8070704,8000404,8003395,8002806,8002804,8002816,8000507,8000502,;426
2021-12-16T12:27:00.000Z;Stolberg(Rheinl)Hbf;RE;RE 9;9;10917;8000348;8000348%2021-12-16T12:27:00.000Z%,8001886,8003553,8000084,8000178,8000208,8003361,8004869,8000135,8005556,8002753,8001736,8002768,8005356,8000012,8006501,8000034,8000427,8001112,8000046,;602
2021-12-16T12:33:00.000Z;Stolberg(Rheinl)Hbf;RE;RE 9;9;10914;8000348;8000348%2021-12-16T12:33:00.000Z%,8000406,8000001,;602
2021-12-16T12:50:00.000Z;Stolberg(Rheinl)Hbf;RB;RB 20;20;30020;8000348;8000348%2021-12-16T12:50:00.000Z%,8001712,8000406,8000001,8070704,8000404,8003395,8002806,8002804,8002816,8000507,8000502,8000521,8000527,8000510,8001917,8098349,;426
2021-12-16T12:50:00.000Z;Stolberg(Rheinl)Hbf;RB;RB 20;20;30070;8000348;8000348%2021-12-16T12:50:00.000Z%,8001712,8000406,8000001,8070704,8000404,8003395,8002806,8002804,8002816,8000507,8000502,8000521,8000527,8000510,8001917,8098349,;426
2021-12-16T12:57:00.000Z;Stolberg(Rheinl)Hbf;RE;RE 1;1;26820;8000348;8000348%2021-12-16T12:57:00.000Z%,8000406,8000001,;602
2021-12-16T13:00:00.000Z;Stolberg(Rheinl)Hbf;RE;RE 1;1;26825;8000348;8000348%2021-12-16T13:00:00.000Z%,8001886,8003553,8000084,8000178,8000208,8000207,8000209,8006713,8001584,8000085,8000082,8000086,8000259,8000098,8006226,8000041,8000080,8001515,8001537,8003169,8003168,8000149,;602
2021-12-16T13:12:00.000Z;Stolberg(Rheinl)Hbf Gl.44;RB;RB 20;20;30023;8098349;8098349%2021-12-16T13:12:00.000Z%,8001917,8000510,8000527,8000521,8000502,8000507,8002816,8002804,8002806,8003395,8000404,8070704,8000001,8000406,8001712,8000348,;426
2021-12-16T13:12:00.000Z;Stolberg(Rheinl)Hbf Gl.44;RB;RB 20;20;30073;8098349;8098349%2021-12-16T13:12:00.000Z%,8001917,8000510,8000527,8000521,8000502,8000507,8002816,8002804,8002806,8003395,8000404,8070704,8000001,8000406,8001712,8000348,;426
2021-12-16T13:20:00.000Z;Stolberg(Rheinl)Hbf;RB;RB 20;20;30518;8000348;8000348%2021-12-16T13:20:00.000Z%,8001712,8000406,8000001,8070704,8000404,8003395,8002806,8002804,8002816,8000507,8000502,;426
2021-12-16T13:20:00.000Z;Stolberg(Rheinl)Hbf;RB;RB 20;20;30568;8000348;8000348%2021-12-16T13:20:00.000Z%,8001712,8000406,8000001,8070704,8000404,8003395,8002806,8002804,8002816,8000507,8000502,;426
2021-12-16T13:27:00.000Z;Stolberg(Rheinl)Hbf;RE;RE 9;9;10919;8000348;8000348%2021-12-16T13:27:00.000Z%,8001886,8003553,8000084,8000178,8000208,8003361,8004869,8000135,8005556,8002753,8001736,8002768,8005356,8000012,8006501,8000034,8000427,8001112,8000046,;602
2021-12-16T13:33:00.000Z;Stolberg(Rheinl)Hbf;RE;RE 9;9;10916;8000348;8000348%2021-12-16T13:33:00.000Z%,8000406,8000001,;602
2021-12-16T13:50:00.000Z;Stolberg(Rheinl)Hbf;RB;RB 20;20;30022;8000348;8000348%2021-12-16T13:50:00.000Z%,8001712,8000406,8000001,8070704,8000404,8003395,8002806,8002804,8002816,8000507,8000502,8000521,8000527,8000510,8001917,8098349,;426
2021-12-16T13:50:00.000Z;Stolberg(Rheinl)Hbf;RB;RB 20;20;30072;8000348;8000348%2021-12-16T13:50:00.000Z%,8001712,8000406,8000001,8070704,8000404,8003395,8002806,8002804,8002816,8000507,8000502,8000521,8000527,8000510,8001917,8098349,;426
2021-12-16T13:57:00.000Z;Stolberg(Rheinl)Hbf;RE;RE 1;1;26822;8000348;8000348%2021-12-16T13:57:00.000Z%,8000406,8000001,;602
2021-12-16T14:00:00.000Z;Stolberg(Rheinl)Hbf;RE;RE 1;1;26827;8000348;8000348%2021-12-16T14:00:00.000Z%,8001886,8003553,8000084,8000178,8000208,8000207,8000209,8006713,8001584,8000085,8000082,8000086,8000259,8000098,8006226,8000041,8000080,8001537,8003169,8003168,8004448,8000149,;602
2021-12-16T14:12:00.000Z;Stolberg(Rheinl)Hbf Gl.44;RB;RB 20;20;30025;8098349;8098349%2021-12-16T14:12:00.000Z%,8001917,8000510,8000527,8000521,8000502,8000507,8002816,8002804,8002806,8003395,8000404,8070704,8000001,8000406,8001712,8000348,;426
2021-12-16T14:12:00.000Z;Stolberg(Rheinl)Hbf Gl.44;RB;RB 20;20;30075;8098349;8098349%2021-12-16T14:12:00.000Z%,8001917,8000510,8000527,8000521,8000502,8000507,8002816,8002804,8002806,8003395,8000404,8070704,8000001,8000406,8001712,8000348,;426
2021-12-16T14:20:00.000Z;Stolberg(Rheinl)Hbf;RB;RB 20;20;30520;8000348;8000348%2021-12-16T14:20:00.000Z%,8001712,8000406,8000001,8070704,8000404,8003395,8002806,8002804,8002816,8000507,8000502,;426
2021-12-16T14:20:00.000Z;Stolberg(Rheinl)Hbf;RB;RB 20;20;30570;8000348;8000348%2021-12-16T14:20:00.000Z%,8001712,8000406,8000001,8070704,8000404,8003395,8002806,8002804,8002816,8000507,8000502,;426
2021-12-16T14:27:00.000Z;Stolberg(Rheinl)Hbf;RE;RE 9;9;10921;8000348;8000348%2021-12-16T14:27:00.000Z%,8001886,8003553,8000084,8000178,8000208,8003361,8004869,8000135,8005556,8002753,8001736,8002768,8005356,8000012,8006501,8000034,8000427,8001112,8000046,;602
2021-12-16T14:33:00.000Z;Stolberg(Rheinl)Hbf;RE;RE 9;9;10918;8000348;8000348%2021-12-16T14:33:00.000Z%,8000406,8000001,;602
2021-12-16T14:50:00.000Z;Stolberg(Rheinl)Hbf;RB;RB 20;20;30024;8000348;8000348%2021-12-16T14:50:00.000Z%,8001712,8000406,8000001,8070704,8000404,8003395,8002806,8002804,8002816,8000507,8000502,8000521,8000527,8000510,8001917,8098349,;426
2021-12-16T14:50:00.000Z;Stolberg(Rheinl)Hbf;RB;RB 20;20;30074;8000348;8000348%2021-12-16T14:50:00.000Z%,8001712,8000406,8000001,8070704,8000404,8003395,8002806,8002804,8002816,8000507,8000502,8000521,8000527,8000510,8001917,8098349,;426
2021-12-16T14:57:00.000Z;Stolberg(Rheinl)Hbf;RE;RE 1;1;26824;8000348;8000348%2021-12-16T14:57:00.000Z%,8000406,8000001,;602
2021-12-16T15:00:00.000Z;Stolberg(Rheinl)Hbf;RE;RE 1;1;26829;8000348;8000348%2021-12-16T15:00:00.000Z%,8001886,8003553,8000084,8000178,8000208,8000207,8000209,8006713,8001584,8000085,8000082,8000086,8000259,8000098,8006226,8000041,8000080,8001515,8001537,8003169,8003168,8000149,;602
2021-12-16T15:12:00.000Z;Stolberg(Rheinl)Hbf Gl.44;RB;RB 20;20;30027;8098349;8098349%2021-12-16T15:12:00.000Z%,8001917,8000510,8000527,8000521,8000502,8000507,8002816,8002804,8002806,8003395,8000404,8070704,8000001,8000406,8001712,8000348,;426
2021-12-16T15:12:00.000Z;Stolberg(Rheinl)Hbf Gl.44;RB;RB 20;20;30077;8098349;8098349%2021-12-16T15:12:00.000Z%,8001917,8000510,8000527,8000521,8000502,8000507,8002816,8002804,8002806,8003395,8000404,8070704,8000001,8000406,8001712,8000348,;426
2021-12-16T15:20:00.000Z;Stolberg(Rheinl)Hbf;RB;RB 20;20;30522;8000348;8000348%2021-12-16T15:20:00.000Z%,8001712,8000406,8000001,8070704,8000404,8003395,8002806,8002804,8002816,8000507,8000502,;426
2021-12-16T15:20:00.000Z;Stolberg(Rheinl)Hbf;RB;RB 20;20;30572;8000348;8000348%2021-12-16T15:20:00.000Z%,8001712,8000406,8000001,8070704,8000404,8003395,8002806,8002804,8002816,8000507,8000502,;426
2021-12-16T15:27:00.000Z;Stolberg(Rheinl)Hbf;RE;RE 9;9;10923;8000348;8000348%2021-12-16T15:27:00.000Z%,8001886,8003553,8000084,8000178,8000208,8003361,8004869,8000135,8005556,8002753,8001736,8002768,8005356,8000012,8006501,8000034,8000427,8001112,8000046,;602
2021-12-16T15:33:00.000Z;Stolberg(Rheinl)Hbf;RE;RE 9;9;10920;8000348;8000348%2021-12-16T15:33:00.000Z%,8000406,8000001,;602
2021-12-16T15:43:00.000Z;Stolberg(Rheinl)Hbf;RE;RE 1;1;26854;8000348;8000348%2021-12-16T15:43:00.000Z%,8000001,;602
2021-12-16T15:50:00.000Z;Stolberg(Rheinl)Hbf;RB;RB 20;20;30026;8000348;8000348%2021-12-16T15:50:00.000Z%,8001712,8000406,8000001,8070704,8000404,8003395,8002806,8002804,8002816,8000507,8000502,8000521,8000527,8000510,8001917,8098349,;426
2021-12-16T15:50:00.000Z;Stolberg(Rheinl)Hbf;RB;RB 20;20;30076;8000348;8000348%2021-12-16T15:50:00.000Z%,8001712,8000406,8000001,8070704,8000404,8003395,8002806,8002804,8002816,8000507,8000502,8000521,8000527,8000510,8001917,8098349,;426
2021-12-16T15:57:00.000Z;Stolberg(Rheinl)Hbf;RE;RE 1;1;26826;8000348;8000348%2021-12-16T15:57:00.000Z%,8000406,8000001,;602
2021-12-16T16:00:00.000Z;Stolberg(Rheinl)Hbf;RE;RE 1;1;26831;8000348;8000348%2021-12-16T16:00:00.000Z%,8001886,8003553,8000084,8000178,8000208,8000207,8000209,8006713,8001584,8000085,8000082,8000086,8000259,8000098,8006226,8000041,8000080,8001537,8003169,8003168,8004448,8000149,;602
2021-12-16T16:12:00.000Z;Stolberg(Rheinl)Hbf Gl.44;RB;RB 20;20;30029;8098349;8098349%2021-12-16T16:12:00.000Z%,8001917,8000510,8000527,8000521,8000502,8000507,8002816,8002804,8002806,8003395,8000404,8070704,8000001,8000406,8001712,8000348,;426
2021-12-16T16:12:00.000Z;Stolberg(Rheinl)Hbf Gl.44;RB;RB 20;20;30079;8098349;8098349%2021-12-16T16:12:00.000Z%,8001917,8000510,8000527,8000521,8000502,8000507,8002816,8002804,8002806,8003395,8000404,8070704,8000001,8000406,8001712,8000348,;426
2021-12-16T16:20:00.000Z;Stolberg(Rheinl)Hbf;RB;RB 20;20;30524;8000348;8000348%2021-12-16T16:20:00.000Z%,8001712,8000406,8000001,8070704,8000404,8003395,8002806,8002804,8002816,8000507,8000502,;426
2021-12-16T16:20:00.000Z;Stolberg(Rheinl)Hbf;RB;RB 20;20;30574;8000348;8000348%2021-12-16T16:20:00.000Z%,8001712,8000406,8000001,8070704,8000404,8003395,8002806,8002804,8002816,8000507,8000502,;426
2021-12-16T16:27:00.000Z;Stolberg(Rheinl)Hbf;RE;RE 9;9;10925;8000348;8000348%2021-12-16T16:27:00.000Z%,8001886,8003553,8000084,8000178,8000208,8003361,8004869,8000135,8005556,8002753,8001736,8002768,8005356,8000012,8006501,8000034,8000427,8001112,8000046,;602
2021-12-16T16:33:00.000Z;Stolberg(Rheinl)Hbf;RE;RE 9;9;10922;8000348;8000348%2021-12-16T16:33:00.000Z%,8000406,8000001,;602
2021-12-16T16:50:00.000Z;Stolberg(Rheinl)Hbf;RB;RB 20;20;30028;8000348;8000348%2021-12-16T16:50:00.000Z%,8001712,8000406,8000001,8070704,8000404,8003395,8002806,8002804,8002816,8000507,8000502,8000521,8000527,8000510,8001917,8098349,;426
2021-12-16T16:50:00.000Z;Stolberg(Rheinl)Hbf;RB;RB 20;20;30078;8000348;8000348%2021-12-16T16:50:00.000Z%,8001712,8000406,8000001,8070704,8000404,8003395,8002806,8002804,8002816,8000507,8000502,8000521,8000527,8000510,8001917,8098349,;426
2021-12-16T16:57:00.000Z;Stolberg(Rheinl)Hbf;RE;RE 1;1;26828;8000348;8000348%2021-12-16T16:57:00.000Z%,8000406,8000001,;602
2021-12-16T17:00:00.000Z;Stolberg(Rheinl)Hbf;RE;RE 1;1;26833;8000348;8000348%2021-12-16T17:00:00.000Z%,8001886,8003553,8000084,8000178,8000208,8000207,8000209,8006713,8001584,8000085,8000082,8000086,8000259,8000098,8006226,8000041,8000080,8001515,8001537,8003169,8003168,8000149,;602
2021-12-16T17:12:00.000Z;Stolberg(Rheinl)Hbf Gl.44;RB;RB 20;20;30031;8098349;8098349%2021-12-16T17:12:00.000Z%,8001917,8000510,8000527,8000521,8000502,8000507,8002816,8002804,8002806,8003395,8000404,8070704,8000001,8000406,8001712,8000348,;426
2021-12-16T17:12:00.000Z;Stolberg(Rheinl)Hbf Gl.44;RB;RB 20;20;30081;8098349;8098349%2021-12-16T17:12:00.000Z%,8001917,8000510,8000527,8000521,8000502,8000507,8002816,8002804,8002806,8003395,8000404,8070704,8000001,8000406,8001712,8000348,;426
2021-12-16T17:20:00.000Z;Stolberg(Rheinl)Hbf;RB;RB 20;20;30526;8000348;8000348%2021-12-16T17:20:00.000Z%,8001712,8000406,8000001,8070704,8000404,8003395,8002806,8002804,8002816,8000507,8000502,;426
2021-12-16T17:20:00.000Z;Stolberg(Rheinl)Hbf;RB;RB 20;20;30576;8000348;8000348%2021-12-16T17:20:00.000Z%,8001712,8000406,8000001,8070704,8000404,8003395,8002806,8002804,8002816,8000507,8000502,;426
2021-12-16T17:27:00.000Z;Stolberg(Rheinl)Hbf;RE;RE 9;9;10927;8000348;8000348%2021-12-16T17:27:00.000Z%,8001886,8003553,8000084,8000178,8000208,8003361,8004869,8000135,8005556,8002753,8001736,8002768,8005356,8000012,8006501,8000034,8000427,8001112,8000046,;602
2021-12-16T17:33:00.000Z;Stolberg(Rheinl)Hbf;RE;RE 9;9;10924;8000348;8000348%2021-12-16T17:33:00.000Z%,8000406,8000001,;602
2021-12-16T17:50:00.000Z;Stolberg(Rheinl)Hbf;RB;RB 20;20;30030;8000348;8000348%2021-12-16T17:50:00.000Z%,8001712,8000406,8000001,8070704,8000404,8003395,8002806,8002804,8002816,8000507,8000502,8000521,8000527,8000510,8001917,8098349,;426
2021-12-16T17:50:00.000Z;Stolberg(Rheinl)Hbf;RB;RB 20;20;30080;8000348;8000348%2021-12-16T17:50:00.000Z%,8001712,8000406,8000001,8070704,8000404,8003395,8002806,8002804,8002816,8000507,8000502,8000521,8000527,8000510,8001917,8098349,;426
2021-12-16T17:57:00.000Z;Stolberg(Rheinl)Hbf;RE;RE 1;1;26830;8000348;8000348%2021-12-16T17:57:00.000Z%,8000406,8000001,;602
2021-12-16T18:00:00.000Z;Stolberg(Rheinl)Hbf;RE;RE 1;1;26835;8000348;8000348%2021-12-16T18:00:00.000Z%,8001886,8003553,8000084,8000178,8000208,8000207,8000209,8006713,8001584,8000085,8000082,8000086,8000259,8000098,8006226,8000041,8000080,8001537,8003169,8003168,8004448,8000149,;602
2021-12-16T18:12:00.000Z;Stolberg(Rheinl)Hbf Gl.44;RB;RB 20;20;30033;8098349;8098349%2021-12-16T18:12:00.000Z%,8001917,8000510,8000527,8000521,8000502,8000507,8002816,8002804,8002806,8003395,8000404,8070704,8000001,8000406,8001712,8000348,;426
2021-12-16T18:12:00.000Z;Stolberg(Rheinl)Hbf Gl.44;RB;RB 20;20;30083;8098349;8098349%2021-12-16T18:12:00.000Z%,8001917,8000510,8000527,8000521,8000502,8000507,8002816,8002804,8002806,8003395,8000404,8070704,8000001,8000406,8001712,8000348,;426
2021-12-16T18:20:00.000Z;Stolberg(Rheinl)Hbf;RB;RB 20;20;30528;8000348;8000348%2021-12-16T18:20:00.000Z%,8001712,8000406,8000001,;426
2021-12-16T18:20:00.000Z;Stolberg(Rheinl)Hbf;RB;RB 20;20;30578;8000348;8000348%2021-12-16T18:20:00.000Z%,8001712,8000406,8000001,8070704,8000404,8003395,8002806,8002804,8002816,8000507,8000502,;426
2021-12-16T18:27:00.000Z;Stolberg(Rheinl)Hbf;RE;RE 9;9;10929;8000348;8000348%2021-12-16T18:27:00.000Z%,8001886,8003553,8000084,8000178,8000208,8003361,8004869,8000135,8005556,8002753,8001736,8002768,8005356,8000012,8006501,8000034,8000427,8001112,8000046,;602
2021-12-16T18:33:00.000Z;Stolberg(Rheinl)Hbf;RE;RE 9;9;10926;8000348;8000348%2021-12-16T18:33:00.000Z%,8000406,8000001,;602
2021-12-15T20:35:00.000Z;Hamburg-Altona;ICE;ICE 905;18;905;8002553;8002553%2021-12-15T20:35:00.000Z%,8000058,8010216,8010382,8010404,8098160,8011113,;720
2021-12-15T20:40:00.000Z;Hamburg-Altona;RE;RE 6;6;11034;8002553;8002553%2021-12-15T20:40:00.000Z%0,8000092,8002293,8003102,8006460,8001273,8005655,8003954,8000155,8003798,8002115,8000181,8001139,8003544,8004343,8003303,8004093,8003222,8006369,;602
2021-12-15T21:11:00.000Z;Hamburg-Altona;ICE;ICE 1689;24;1689;8002553;8002553%2021-12-15T21:11:00.000Z%,8000238,8000168,8000064,8000152,8000128,8000260,8000284,8000183,8000261,;720
2021-12-15T21:29:00.000Z;Hamburg-Altona;ICE;ICE 921;31;921;8002553;8002553%2021-12-15T21:29:00.000Z%,8000050,8000294,8000263,8000149,8000080,8000041,8000098,8000086,8000082,8000085,8073368,8000206,8000039,8000240,8070003,8000105,;720
2021-12-15T21:45:00.000Z;Hamburg-Altona;RE;RE 6;6;11036;8002553;8002553%2021-12-15T21:45:00.000Z%,8000092,8002293,8003102,8006460,8001273,8005655,8003954,8000155,8003798,8002115,8000181,;602
2021-12-15T21:51:00.000Z;Hamburg-Altona;RE;RE 7;7;21046;8002553;8002553%2021-12-15T21:51:00.000Z%,8004819,8000092,8000271,8004466,8000312,8004741,8005362,8000334,8005825,8000103,;602
