current_station_departure_time;current_station_name;type;name;line;number;current_station;stops;max_capacity
2021-12-24T21:05:00.000Z;Bayreuth Hbf;RE;RE 38;38;59298;8000028;8000028%2021-12-24T21:05:00.000Z%,8000974,8004936,8002605,8005895,8000267,8003763,8006017,8003476,8003813,8001289,8002878,8000228,;602
2021-12-24T21:27:00.000Z;Bayreuth Hbf;RE;RE 30;30;3094;8000028;8000028%2021-12-24T21:28:00.000Z%1,8001348,8000328,8004759,8004284,8002794,8000284,;602
2021-12-24T22:57:00.000Z;Bayreuth Hbf;RE;RE 30;30;3099;8000028;8000028%2021-12-24T22:57:00.000Z%,8000974,8002605,8005895,8003887,8005674,8004126,8005466,8000287,8002924,;602
2021-12-25T04:00:00.000Z;Bayreuth Hbf;RE;RE 30;30;3400;8000028;8000028%2021-12-25T04:00:00.000Z%,8001348,8004759,8004284,8002794,8000284,;602
2021-12-25T04:45:00.000Z;Bayreuth Hbf;RE;RE 38;38;59318;8000028;8000028%2021-12-25T04:45:00.000Z%,8000974,8004936,8002605,8005895,8000267,8006017,8003476,8003813,8001289,8002878,8000228,;602
2021-12-25T05:05:00.000Z;Bayreuth Hbf;RE;RE 30;30;3452;8000028;8000028%2021-12-25T05:05:00.000Z%,8001348,8000328,8004759,8004284,8002794,8000284,;602
2021-12-25T06:01:00.000Z;Bayreuth Hbf;RE;RE 32;32;59300;8000028;8000028%2021-12-25T06:01:00.000Z%,8005895,8000267,8006017,8003476,8001289,8000228,;602
2021-12-25T06:12:00.000Z;Bayreuth Hbf;RE;RE 30;30;3404;8000028;8000028%2021-12-25T06:12:00.000Z%,8001348,8004759,8004284,8002794,8000284,;602
2021-12-25T06:32:00.000Z;Bayreuth Hbf;RE;RE 30;30;3097;8000028;8000028%2021-12-25T06:32:00.000Z%,8004126,8002924,;602
2021-12-25T07:00:00.000Z;Bayreuth Hbf;RE;RE 32;32;3446;8000028;8000028%2021-12-25T07:00:00.000Z%,8001348,8004759,8002794,8000284,;602
2021-12-25T07:02:00.000Z;Bayreuth Hbf;RE;RE 32;32;3481;8000028;8000028%2021-12-25T07:02:00.000Z%,8000267,8003476,8001289,8002878,8000228,;602
2021-12-25T08:02:00.000Z;Bayreuth Hbf;RE;RE 38;38;59302;8000028;8000028%2021-12-25T08:02:00.000Z%,8005895,8000267,8006017,8003476,8001289,8002878,8000228,;602
2021-12-25T08:15:00.000Z;Bayreuth Hbf;RE;RE 30;30;3406;8000028;8000028%2021-12-25T08:15:00.000Z%,8001348,8000328,8004759,8004284,8000284,;602
2021-12-25T08:32:00.000Z;Bayreuth Hbf;RE;RE 30;30;3083;8000028;8000028%2021-12-25T08:32:00.000Z%,8004126,8002924,;602
2021-12-25T09:01:00.000Z;Bayreuth Hbf;RE;RE 32;32;3448;8000028;8000028%2021-12-25T09:01:00.000Z%,8001348,8004759,8002794,8000284,;602
2021-12-25T09:02:00.000Z;Bayreuth Hbf;RE;RE 32;32;3483;8000028;8000028%2021-12-25T09:02:00.000Z%,8000267,8003476,8001289,8002878,8000228,;602
2021-12-25T09:29:00.000Z;Bayreuth Hbf;RE;RE 30;30;3082;8000028;8000028%2021-12-25T09:29:00.000Z%,8004759,8004284,8000284,;602
2021-12-25T10:02:00.000Z;Bayreuth Hbf;RE;RE 38;38;59304;8000028;8000028%2021-12-25T10:02:00.000Z%,8005895,8000267,8006017,8003476,8001289,8000228,;602
2021-12-25T10:15:00.000Z;Bayreuth Hbf;RE;RE 30;30;3408;8000028;8000028%2021-12-25T10:15:00.000Z%,8001348,8000328,8004759,8004284,8000284,;602
2021-12-25T10:32:00.000Z;Bayreuth Hbf;RE;RE 30;30;3085;8000028;8000028%2021-12-25T10:32:00.000Z%,8004126,8002924,;602
2021-12-25T11:01:00.000Z;Bayreuth Hbf;RE;RE 32;32;3470;8000028;8000028%2021-12-25T11:01:00.000Z%,8001348,8004759,8002794,8000284,;602
2021-12-25T11:02:00.000Z;Bayreuth Hbf;RE;RE 32;32;3485;8000028;8000028%2021-12-25T11:02:00.000Z%,8005895,8000267,8003476,8001289,8002878,8000228,;602
2021-12-25T11:29:00.000Z;Bayreuth Hbf;RE;RE 30;30;3084;8000028;8000028%2021-12-25T11:29:00.000Z%,8004759,8004284,8000284,;602
2021-12-25T12:02:00.000Z;Bayreuth Hbf;RE;RE 38;38;59306;8000028;8000028%2021-12-25T12:02:00.000Z%,8005895,8000267,8003476,8001289,8002878,8000228,;602
2021-12-25T12:15:00.000Z;Bayreuth Hbf;RE;RE 30;30;3410;8000028;8000028%2021-12-25T12:15:00.000Z%,8001348,8000328,8004759,8002794,8000284,;602
2021-12-25T12:32:00.000Z;Bayreuth Hbf;RE;RE 30;30;3087;8000028;8000028%2021-12-25T12:32:00.000Z%,8004126,8002924,;602
2021-12-25T13:01:00.000Z;Bayreuth Hbf;RE;RE 32;32;3472;8000028;8000028%2021-12-25T13:01:00.000Z%,8001348,8004759,8002794,8000284,;602
2021-12-25T13:02:00.000Z;Bayreuth Hbf;RE;RE 32;32;3487;8000028;8000028%2021-12-25T13:02:00.000Z%,8005895,8000267,8003476,8001289,8002878,8000228,;602
2021-12-25T13:29:00.000Z;Bayreuth Hbf;RE;RE 30;30;3086;8000028;8000028%2021-12-25T13:29:00.000Z%,8004759,8004284,8000284,;602
2021-12-25T14:02:00.000Z;Bayreuth Hbf;RE;RE 38;38;59308;8000028;8000028%2021-12-25T14:02:00.000Z%,8005895,8000267,8006017,8003476,8001289,8000228,;602
2021-12-25T14:15:00.000Z;Bayreuth Hbf;RE;RE 30;30;3412;8000028;8000028%2021-12-25T14:15:00.000Z%,8001348,8000328,8004759,8004284,8000284,;602
2021-12-25T14:32:00.000Z;Bayreuth Hbf;RE;RE 30;30;3089;8000028;8000028%2021-12-25T14:32:00.000Z%,8004126,8002924,;602
2021-12-25T15:01:00.000Z;Bayreuth Hbf;RE;RE 32;32;3474;8000028;8000028%2021-12-25T15:01:00.000Z%,8001348,8004759,8002794,8000284,;602
2021-12-25T15:02:00.000Z;Bayreuth Hbf;RE;RE 32;32;3489;8000028;8000028%2021-12-25T15:02:00.000Z%,8005895,8000267,8003476,8001289,8002878,8000228,;602
2021-12-25T15:29:00.000Z;Bayreuth Hbf;RE;RE 30;30;3088;8000028;8000028%2021-12-25T15:29:00.000Z%,8004759,8004284,8000284,;602
2021-12-25T16:02:00.000Z;Bayreuth Hbf;RE;RE 38;38;59310;8000028;8000028%2021-12-25T16:02:00.000Z%,8005895,8000267,8006017,8003476,8001289,8000228,;602
2021-12-25T16:15:00.000Z;Bayreuth Hbf;RE;RE 30;30;3414;8000028;8000028%2021-12-25T16:15:00.000Z%,8001348,8000328,8004759,8004284,8000284,;602
2021-12-25T16:32:00.000Z;Bayreuth Hbf;RE;RE 30;30;3091;8000028;8000028%2021-12-25T16:32:00.000Z%,8004126,8002924,;602
2021-12-25T17:01:00.000Z;Bayreuth Hbf;RE;RE 32;32;3476;8000028;8000028%2021-12-25T17:01:00.000Z%,8001348,8004759,8002794,8000284,;602
2021-12-25T17:03:00.000Z;Bayreuth Hbf;RE;RE 32;32;59312;8000028;8000028%2021-12-25T17:03:00.000Z%,8005895,8000267,8003476,8003813,8001289,8000228,;602
2021-12-25T17:30:00.000Z;Bayreuth Hbf;RE;RE 30;30;3090;8000028;8000028%2021-12-25T17:30:00.000Z%,8004759,8004284,8000284,;602
2021-12-24T20:18:00.000Z;Bielefeld-Brackwede;RB;RB 67;67;79319;8000048;8000048%2021-12-24T20:19:00.000Z%1,8002461,8000315,8002801,8001335,8000846,8006206,8006207,8005834,8000263,;426
2021-12-24T20:27:00.000Z;Bielefeld-Brackwede;RB;RB 69;69;89995;8000048;8000048%2021-12-24T20:28:00.000Z%1,8000036,;426
2021-12-24T20:30:00.000Z;Bielefeld-Brackwede;RB;RB 69;69;90090;8000048;8000048%2021-12-24T20:30:00.000Z%0,8003096,8002461,8000315,8004626,8004251,8000441,8002680,8000149,8001045,8003986,8001558,8005102,8002841,8000263,;426
2021-12-24T20:44:00.000Z;Bielefeld-Brackwede;RB;RB 67;67;79314;8000048;8000048%2021-12-24T20:44:00.000Z%0,8000036,;426
2021-12-24T21:18:00.000Z;Bielefeld-Brackwede;RB;RB 67;67;79321;8000048;8000048%2021-12-24T21:18:00.000Z%,8002461,8000315,8002801,8001335,8000846,8006206,8006207,8005834,8000263,;426
2021-12-24T21:28:00.000Z;Bielefeld-Brackwede;RB;RB 69;69;90085;8000048;8000048%2021-12-24T21:28:00.000Z%0,8000036,;426
2021-12-24T21:44:00.000Z;Bielefeld-Brackwede;RB;RB 67;67;79316;8000048;8000048%2021-12-24T21:44:00.000Z%0,8000036,;426
2021-12-24T22:44:00.000Z;Bielefeld-Brackwede;RB;RB 67;67;79318;8000048;8000048%2021-12-24T22:44:00.000Z%,8000036,;426
2021-12-24T22:57:00.000Z;Bielefeld-Brackwede;RE;RE 6;6;89739;8000048;8000048%2021-12-24T22:57:00.000Z%0,8000036,;602
2021-12-24T23:10:00.000Z;Bielefeld-Brackwede;RB;RB 69;69;89996;8000048;8000048%2021-12-24T23:10:00.000Z%,8003096,8002461,8000315,8004626,8004251,8000441,8002680,8000149,;426
2021-12-25T00:18:00.000Z;Bielefeld-Brackwede;RB;RB 69;69;89998;8000048;8000048%2021-12-25T00:18:00.000Z%,8003096,8002461,8000315,8004626,8004251,8000441,8002680,8000149,;426
2021-12-25T00:46:00.000Z;Bielefeld-Brackwede;RB;RB 69;69;89997;8000048;8000048%2021-12-25T00:46:00.000Z%,8000036,;426
2021-12-25T01:46:00.000Z;Bielefeld-Brackwede;RB;RB 69;69;89999;8000048;8000048%2021-12-25T01:46:00.000Z%,8000036,;426
2021-12-25T07:18:00.000Z;Bielefeld-Brackwede;RB;RB 67;67;79291;8000048;8000048%2021-12-25T07:18:00.000Z%,8002461,8000315,8002801,8001335,8000846,8006206,8006207,8005834,8000263,;426
2021-12-25T08:27:00.000Z;Bielefeld-Brackwede;RB;RB 89;89;89971;8000048;8000048%2021-12-25T08:27:00.000Z%,8000036,;426
2021-12-25T08:30:00.000Z;Bielefeld-Brackwede;RB;RB 69;69;89972;8000048;8000048%2021-12-25T08:30:00.000Z%,8003096,8002461,8000315,8004626,8004251,8000441,8002680,8000149,8001045,8003986,8001558,8005102,8002841,8000263,;426
2021-12-25T08:44:00.000Z;Bielefeld-Brackwede;RB;RB 67;67;79286;8000048;8000048%2021-12-25T08:44:00.000Z%,8000036,;426
2021-12-25T09:18:00.000Z;Bielefeld-Brackwede;RB;RB 67;67;79295;8000048;8000048%2021-12-25T09:18:00.000Z%,8002461,8000315,8002801,8001335,8000846,8006206,8006207,8005834,8000263,;426
2021-12-25T09:27:00.000Z;Bielefeld-Brackwede;RB;RB 69;69;89973;8000048;8000048%2021-12-25T09:27:00.000Z%,8000036,;426
2021-12-25T09:30:00.000Z;Bielefeld-Brackwede;RB;RB 69;69;89974;8000048;8000048%2021-12-25T09:30:00.000Z%,8003096,8002461,8000315,8004626,8004251,8000441,8002680,8000149,8001045,8003986,8001558,8005102,8002841,8000263,;426
2021-12-25T09:44:00.000Z;Bielefeld-Brackwede;RB;RB 67;67;79288;8000048;8000048%2021-12-25T09:44:00.000Z%,8000036,;426
2021-12-25T10:15:00.000Z;Bielefeld-Brackwede;RB;RB 67;67;79297;8000048;8000048%2021-12-25T10:15:00.000Z%,8002461,8000315,8002801,8001335,8000846,8006206,8006207,8005834,8000263,;426
2021-12-25T10:27:00.000Z;Bielefeld-Brackwede;RB;RB 69;69;89975;8000048;8000048%2021-12-25T10:27:00.000Z%,8000036,;426
2021-12-25T10:30:00.000Z;Bielefeld-Brackwede;RB;RB 69;69;89976;8000048;8000048%2021-12-25T10:30:00.000Z%,8003096,8002461,8000315,8004626,8004251,8000441,8002680,8000149,8001045,8003986,8001558,8005102,8002841,8000263,;426
2021-12-25T10:44:00.000Z;Bielefeld-Brackwede;RB;RB 67;67;79290;8000048;8000048%2021-12-25T10:44:00.000Z%,8000036,;426
2021-12-25T11:17:00.000Z;Bielefeld-Brackwede;RB;RB 67;67;79299;8000048;8000048%2021-12-25T11:17:00.000Z%,8002461,8000315,8002801,8001335,8000846,8006206,8006207,8005834,8000263,;426
2021-12-25T11:27:00.000Z;Bielefeld-Brackwede;RB;RB 69;69;89977;8000048;8000048%2021-12-25T11:27:00.000Z%,8000036,;426
2021-12-25T11:30:00.000Z;Bielefeld-Brackwede;RB;RB 69;69;89978;8000048;8000048%2021-12-25T11:30:00.000Z%,8003096,8002461,8000315,8004626,8004251,8000441,8002680,8000149,8001045,8003986,8001558,8005102,8002841,8000263,;426
2021-12-25T11:44:00.000Z;Bielefeld-Brackwede;RB;RB 67;67;79292;8000048;8000048%2021-12-25T11:44:00.000Z%,8000036,;426
2021-12-25T12:15:00.000Z;Bielefeld-Brackwede;RB;RB 67;67;79303;8000048;8000048%2021-12-25T12:15:00.000Z%,8002461,8000315,8002801,8001335,8000846,8006206,8006207,8005834,8000263,;426
2021-12-25T12:27:00.000Z;Bielefeld-Brackwede;RB;RB 69;69;89979;8000048;8000048%2021-12-25T12:27:00.000Z%,8000036,;426
2021-12-25T12:30:00.000Z;Bielefeld-Brackwede;RB;RB 69;69;89980;8000048;8000048%2021-12-25T12:30:00.000Z%,8003096,8002461,8000315,8004626,8004251,8000441,8002680,8000149,8001045,8003986,8001558,8005102,8002841,8000263,;426
2021-12-25T12:44:00.000Z;Bielefeld-Brackwede;RB;RB 67;67;79294;8000048;8000048%2021-12-25T12:44:00.000Z%,8000036,;426
2021-12-25T13:17:00.000Z;Bielefeld-Brackwede;RB;RB 67;67;79305;8000048;8000048%2021-12-25T13:17:00.000Z%,8002461,8000315,8002801,8001335,8000846,8006206,8006207,8005834,8000263,;426
2021-12-25T13:27:00.000Z;Bielefeld-Brackwede;RB;RB 69;69;89981;8000048;8000048%2021-12-25T13:27:00.000Z%,8000036,;426
2021-12-25T13:30:00.000Z;Bielefeld-Brackwede;RB;RB 69;69;89982;8000048;8000048%2021-12-25T13:30:00.000Z%,8003096,8002461,8000315,8004626,8004251,8000441,8002680,8000149,8001045,8003986,8001558,8005102,8002841,8000263,;426
2021-12-25T13:44:00.000Z;Bielefeld-Brackwede;RB;RB 67;67;79298;8000048;8000048%2021-12-25T13:44:00.000Z%,8000036,;426
2021-12-25T14:15:00.000Z;Bielefeld-Brackwede;RB;RB 67;67;79307;8000048;8000048%2021-12-25T14:15:00.000Z%,8002461,8000315,8002801,8001335,8000846,8006206,8006207,8005834,8000263,;426
2021-12-25T14:27:00.000Z;Bielefeld-Brackwede;RB;RB 89;89;89983;8000048;8000048%2021-12-25T14:27:00.000Z%,8000036,;426
2021-12-25T14:30:00.000Z;Bielefeld-Brackwede;RB;RB 69;69;89984;8000048;8000048%2021-12-25T14:30:00.000Z%,8003096,8002461,8000315,8004626,8004251,8000441,8002680,8000149,8001045,8003986,8001558,8005102,8002841,8000263,;426
2021-12-25T14:44:00.000Z;Bielefeld-Brackwede;RB;RB 67;67;79302;8000048;8000048%2021-12-25T14:44:00.000Z%,8000036,;426
2021-12-25T15:18:00.000Z;Bielefeld-Brackwede;RB;RB 67;67;79309;8000048;8000048%2021-12-25T15:18:00.000Z%,8002461,8000315,8002801,8001335,8000846,8006206,8006207,8005834,8000263,;426
2021-12-25T15:27:00.000Z;Bielefeld-Brackwede;RB;RB 69;69;89985;8000048;8000048%2021-12-25T15:27:00.000Z%,8000036,;426
2021-12-25T15:30:00.000Z;Bielefeld-Brackwede;RB;RB 69;69;89986;8000048;8000048%2021-12-25T15:30:00.000Z%,8003096,8002461,8000315,8004626,8004251,8000441,8002680,8000149,8001045,8003986,8001558,8005102,8002841,8000263,;426
2021-12-25T15:44:00.000Z;Bielefeld-Brackwede;RB;RB 67;67;79304;8000048;8000048%2021-12-25T15:44:00.000Z%,8000036,;426
2021-12-24T20:15:00.000Z;Kaufering;RB;RB 74;74;57398;8000195;8000195%2021-12-24T20:22:00.000Z%7,8000057,;426
2021-12-24T20:57:00.000Z;Kaufering;RE;RE 70;70;3894;8000195;8000195%2021-12-24T20:58:00.000Z%1,8000057,8000194,8000962,8002458,8000197,8003901,8003065,8004584,8005138,8002710,8000387,8000230,;602
2021-12-24T21:02:00.000Z;Kaufering;RE;RE 70;70;3895;8000195;8000195%2021-12-24T21:04:00.000Z%2,8000119,8004158,8098261,;602
2021-12-24T21:02:00.000Z;Kaufering;RE;RE 76;76;7895;8000195;8000195%2021-12-24T21:04:00.000Z%2,8000119,8004158,8098261,;602
2021-12-24T21:56:00.000Z;Kaufering;RE;RE 72;72;78971;8000195;8000195%2021-12-24T21:56:00.000Z%0,8000057,8000144,8004927,8000338,8005725,8005607,8000249,;602
2021-12-24T22:03:00.000Z;Kaufering;RE;RE 72;72;78960;8000195;8000195%2021-12-24T22:03:00.000Z%0,8000119,8004158,8000261,;602
2021-12-24T22:57:00.000Z;Kaufering;RE;RE 70;70;3896;8000195;8000195%2021-12-24T22:57:00.000Z%,8000057,8000194,8000962,8002458,8000197,;602
2021-12-24T23:01:00.000Z;Kaufering;RE;RE 70;70;3897;8000195;8000195%2021-12-24T23:01:00.000Z%,8000119,8004158,8098261,;602
2021-12-24T23:01:00.000Z;Kaufering;RE;RE 76;76;57665;8000195;8000195%2021-12-24T23:01:00.000Z%,8000119,8004158,8098261,;602
2021-12-24T23:56:00.000Z;Kaufering;RE;RE 72;72;78973;8000195;8000195%2021-12-24T23:56:00.000Z%0,8000057,;602
2021-12-25T04:40:00.000Z;Kaufering;RB;RB 74;74;57363;8000195;8000195%2021-12-25T04:40:00.000Z%,8000119,8002141,8004158,8098261,;426
2021-12-25T05:02:00.000Z;Kaufering;RE;RE 70;70;3873;8000195;8000195%2021-12-25T05:02:00.000Z%,8000119,8004158,8098261,;602
2021-12-25T05:15:00.000Z;Kaufering;RB;RB 74;74;57360;8000195;8000195%2021-12-25T05:15:00.000Z%,8000057,;426
2021-12-25T05:44:00.000Z;Kaufering;RB;RB 74;74;57367;8000195;8000195%2021-12-25T05:44:00.000Z%,8000119,8002141,8004158,8098261,;426
2021-12-25T05:56:00.000Z;Kaufering;RE;RE 72;72;78915;8000195;8000195%2021-12-25T05:56:00.000Z%,8000057,8000144,8004927,8000338,8005725,8005607,8000249,;602
2021-12-25T06:03:00.000Z;Kaufering;RE;RE 72;72;78968;8000195;8000195%2021-12-25T06:03:00.000Z%,8000119,8004158,8000261,;602
2021-12-25T06:15:00.000Z;Kaufering;RB;RB 74;74;57362;8000195;8000195%2021-12-25T06:15:00.000Z%,8000057,;426
2021-12-25T06:44:00.000Z;Kaufering;RB;RB 74;74;57371;8000195;8000195%2021-12-25T06:44:00.000Z%,8000119,8002141,8004158,8098261,;426
2021-12-25T06:57:00.000Z;Kaufering;RE;RE 70;70;3874;8000195;8000195%2021-12-25T06:57:00.000Z%,8000057,8000194,8000197,8003065,8004584,8005138,8002710,8000387,8003693,;602
2021-12-25T06:57:00.000Z;Kaufering;RE;RE 76;76;7874;8000195;8000195%2021-12-25T06:57:00.000Z%,8000057,8000194,8000197,8003065,8001004,8005609,8001995,8004585,;602
2021-12-25T07:02:00.000Z;Kaufering;RE;RE 70;70;3875;8000195;8000195%2021-12-25T07:02:00.000Z%,8000119,8004158,8098261,;602
2021-12-25T07:15:00.000Z;Kaufering;RB;RB 74;74;57366;8000195;8000195%2021-12-25T07:15:00.000Z%,8000057,;426
2021-12-25T07:57:00.000Z;Kaufering;RE;RE 72;72;78921;8000195;8000195%2021-12-25T07:57:00.000Z%,8000057,8000144,8004927,8000338,8005725,8005607,8000249,;602
2021-12-25T08:03:00.000Z;Kaufering;RE;RE 72;72;78972;8000195;8000195%2021-12-25T08:03:00.000Z%,8000119,8004158,8000261,;602
2021-12-25T08:15:00.000Z;Kaufering;RB;RB 74;74;57368;8000195;8000195%2021-12-25T08:15:00.000Z%,8000057,;426
2021-12-25T08:44:00.000Z;Kaufering;RB;RB 74;74;57379;8000195;8000195%2021-12-25T08:44:00.000Z%,8000119,8002141,8004158,8098261,;426
2021-12-25T08:56:00.000Z;Kaufering;RE;RE 70;70;3876;8000195;8000195%2021-12-25T08:56:00.000Z%,8000057,8000194,8000197,8003065,8004584,8005138,8002710,8000387,8003693,;602
2021-12-25T08:56:00.000Z;Kaufering;RE;RE 76;76;7878;8000195;8000195%2021-12-25T08:56:00.000Z%,8000057,8000194,8000197,8003065,8001004,8005609,8001995,8004585,;602
2021-12-25T09:03:00.000Z;Kaufering;RE;RE 70;70;3877;8000195;8000195%2021-12-25T09:03:00.000Z%,8000119,8004158,8098261,;602
2021-12-25T09:03:00.000Z;Kaufering;RE;RE 76;76;7897;8000195;8000195%2021-12-25T09:03:00.000Z%,8000119,8004158,8098261,;602
2021-12-25T09:44:00.000Z;Kaufering;RB;RB 74;74;57381;8000195;8000195%2021-12-25T09:44:00.000Z%,8000119,8002141,8004158,8098261,;426
2021-12-25T09:56:00.000Z;Kaufering;RE;RE 72;72;78927;8000195;8000195%2021-12-25T09:56:00.000Z%,8000057,8000144,8004927,8000338,8005725,8005607,8000249,;602
2021-12-25T10:03:00.000Z;Kaufering;RE;RE 72;72;78918;8000195;8000195%2021-12-25T10:03:00.000Z%,8000119,8004158,8000261,;602
2021-12-25T10:15:00.000Z;Kaufering;RB;RB 74;74;57370;8000195;8000195%2021-12-25T10:15:00.000Z%,8000057,;426
2021-12-25T10:44:00.000Z;Kaufering;RB;RB 74;74;57383;8000195;8000195%2021-12-25T10:44:00.000Z%,8000119,8002141,8004158,8098261,;426
2021-12-25T10:57:00.000Z;Kaufering;RE;RE 70;70;3880;8000195;8000195%2021-12-25T10:57:00.000Z%,8000057,8000194,8000197,8003065,8004584,8005138,8002710,8000387,8003693,;602
2021-12-25T10:57:00.000Z;Kaufering;RE;RE 76;76;7882;8000195;8000195%2021-12-25T10:57:00.000Z%,8000057,8000194,8000197,8003065,8001004,8005609,8000561,8001995,8003551,8004585,;602
2021-12-25T11:03:00.000Z;Kaufering;RE;RE 70;70;3879;8000195;8000195%2021-12-25T11:03:00.000Z%,8000119,8004158,8098261,;602
2021-12-25T11:03:00.000Z;Kaufering;RE;RE 76;76;7879;8000195;8000195%2021-12-25T11:03:00.000Z%,8000119,8004158,8098261,;602
2021-12-25T11:15:00.000Z;Kaufering;RB;RB 74;74;57372;8000195;8000195%2021-12-25T11:15:00.000Z%,8000057,;426
2021-12-25T11:44:00.000Z;Kaufering;RB;RB 74;74;57385;8000195;8000195%2021-12-25T11:44:00.000Z%,8000119,8002141,8004158,8098261,;426
2021-12-25T11:56:00.000Z;Kaufering;RE;RE 72;72;78933;8000195;8000195%2021-12-25T11:56:00.000Z%,8000057,8000144,8004927,8000338,8005725,8005607,8000249,;602
2021-12-25T12:03:00.000Z;Kaufering;RE;RE 72;72;78924;8000195;8000195%2021-12-25T12:03:00.000Z%,8000119,8004158,8000261,;602
2021-12-25T12:15:00.000Z;Kaufering;RB;RB 74;74;57374;8000195;8000195%2021-12-25T12:15:00.000Z%,8000057,;426
2021-12-25T12:57:00.000Z;Kaufering;RE;RE 70;70;3884;8000195;8000195%2021-12-25T12:57:00.000Z%,8000057,8000194,8000197,8003065,8004584,8005138,8002710,8000387,8003693,;602
2021-12-25T12:57:00.000Z;Kaufering;RE;RE 76;76;7886;8000195;8000195%2021-12-25T12:57:00.000Z%,8000057,8000194,8000197,8003065,8001004,8005609,8000561,8001995,8003551,8004585,;602
2021-12-25T13:03:00.000Z;Kaufering;RE;RE 70;70;3881;8000195;8000195%2021-12-25T13:03:00.000Z%,8000119,8004158,8098261,;602
2021-12-25T13:03:00.000Z;Kaufering;RE;RE 76;76;7883;8000195;8000195%2021-12-25T13:03:00.000Z%,8000119,8004158,8098261,;602
2021-12-25T13:15:00.000Z;Kaufering;RB;RB 74;74;57378;8000195;8000195%2021-12-25T13:15:00.000Z%,8000057,;426
2021-12-25T13:44:00.000Z;Kaufering;RB;RB 74;74;57387;8000195;8000195%2021-12-25T13:44:00.000Z%,8000119,8002141,8004158,8098261,;426
2021-12-25T13:56:00.000Z;Kaufering;RE;RE 72;72;78941;8000195;8000195%2021-12-25T13:56:00.000Z%,8000057,8000144,8004927,8000338,8005725,8005607,8000249,;602
2021-12-25T14:03:00.000Z;Kaufering;RE;RE 72;72;78932;8000195;8000195%2021-12-25T14:03:00.000Z%,8000119,8004158,8000261,;602
2021-12-25T14:44:00.000Z;Kaufering;RB;RB 74;74;57389;8000195;8000195%2021-12-25T14:44:00.000Z%,8000119,8002141,8004158,8098261,;426
2021-12-25T14:57:00.000Z;Kaufering;RE;RE 70;70;3888;8000195;8000195%2021-12-25T14:57:00.000Z%,8000057,8000194,8000197,8003065,8004584,8005138,8002710,8000387,8003693,;602
2021-12-25T14:57:00.000Z;Kaufering;RE;RE 76;76;7888;8000195;8000195%2021-12-25T14:57:00.000Z%,8000057,8000194,8000197,8003065,8001004,8005609,8001995,8004585,;602
2021-12-25T15:03:00.000Z;Kaufering;RE;RE 70;70;3885;8000195;8000195%2021-12-25T15:03:00.000Z%,8000119,8004158,8098261,;602
2021-12-25T15:03:00.000Z;Kaufering;RE;RE 76;76;7887;8000195;8000195%2021-12-25T15:03:00.000Z%,8000119,8004158,8098261,;602
2021-12-25T15:15:00.000Z;Kaufering;RB;RB 74;74;57382;8000195;8000195%2021-12-25T15:15:00.000Z%,8000057,;426
2021-12-25T15:44:00.000Z;Kaufering;RB;RB 74;74;57391;8000195;8000195%2021-12-25T15:44:00.000Z%,8000119,8002141,8004158,8098261,;426
2021-12-25T15:56:00.000Z;Kaufering;RE;RE 72;72;78949;8000195;8000195%2021-12-25T15:56:00.000Z%,8000057,8000144,8004927,8000338,8005725,8005607,8000249,;602
2021-12-25T16:03:00.000Z;Kaufering;RE;RE 72;72;78938;8000195;8000195%2021-12-25T16:03:00.000Z%,8000119,8004158,8000261,;602
2021-12-25T16:15:00.000Z;Kaufering;RB;RB 74;74;57386;8000195;8000195%2021-12-25T16:15:00.000Z%,8000057,;426
2021-12-25T16:44:00.000Z;Kaufering;RB;RB 74;74;57393;8000195;8000195%2021-12-25T16:44:00.000Z%,8000119,8002141,8004158,8098261,;426
2021-12-25T16:57:00.000Z;Kaufering;RE;RE 70;70;3890;8000195;8000195%2021-12-25T16:57:00.000Z%,8000057,8000194,8000197,8003065,8004584,8005138,8002710,8000387,8003693,;602
2021-12-25T16:57:00.000Z;Kaufering;RE;RE 76;76;7890;8000195;8000195%2021-12-25T16:57:00.000Z%,8000057,8000194,8000197,8003065,8001004,8005609,8001995,8004585,;602
2021-12-25T17:03:00.000Z;Kaufering;RE;RE 70;70;3889;8000195;8000195%2021-12-25T17:03:00.000Z%,8000119,8004158,8098261,;602
2021-12-25T17:03:00.000Z;Kaufering;RE;RE 76;76;7891;8000195;8000195%2021-12-25T17:03:00.000Z%,8000119,8004158,8098261,;602
2021-12-25T17:15:00.000Z;Kaufering;RB;RB 74;74;57390;8000195;8000195%2021-12-25T17:15:00.000Z%,8000057,;426
2021-12-25T17:56:00.000Z;Kaufering;RE;RE 72;72;78959;8000195;8000195%2021-12-25T17:56:00.000Z%,8000057,8000144,8004927,8000338,8005725,8005607,8000249,;602
2021-12-25T18:03:00.000Z;Kaufering;RE;RE 72;72;78948;8000195;8000195%2021-12-25T18:03:00.000Z%,8000119,8004158,8000261,;602
2021-12-25T18:15:00.000Z;Kaufering;RB;RB 74;74;57394;8000195;8000195%2021-12-25T18:15:00.000Z%,8000057,;426
2021-12-25T18:44:00.000Z;Kaufering;RB;RB 74;74;57395;8000195;8000195%2021-12-25T18:44:00.000Z%,8000119,8002141,8004158,8098261,;426
2021-12-25T18:57:00.000Z;Kaufering;RE;RE 70;70;3892;8000195;8000195%2021-12-25T18:57:00.000Z%,8000057,8000194,8000197,8003901,8003065,8004584,8005138,8002710,8000387,8003693,;602
2021-12-25T18:57:00.000Z;Kaufering;RE;RE 76;76;7892;8000195;8000195%2021-12-25T18:57:00.000Z%,8000057,8000194,8000197,8003901,8003065,8001004,8005609,8000561,8001995,8003551,8004585,;602
2021-12-25T19:02:00.000Z;Kaufering;RE;RE 70;70;3893;8000195;8000195%2021-12-25T19:02:00.000Z%,8000119,8004158,8098261,;602
2021-12-25T19:02:00.000Z;Kaufering;RE;RE 76;76;7893;8000195;8000195%2021-12-25T19:02:00.000Z%,8000119,8004158,8098261,;602
2021-12-25T19:44:00.000Z;Kaufering;RB;RB 74;74;57397;8000195;8000195%2021-12-25T19:44:00.000Z%,8000119,8002141,8004158,8098261,;426
2021-12-25T19:56:00.000Z;Kaufering;RE;RE 72;72;78965;8000195;8000195%2021-12-25T19:56:00.000Z%,8000057,8000144,8004927,8000338,8005725,8005607,8000249,;602
2021-12-25T20:03:00.000Z;Kaufering;RE;RE 72;72;78954;8000195;8000195%2021-12-25T20:03:00.000Z%,8000119,8004158,8000261,;602
2021-12-24T21:15:00.000Z;Weiden(Oberpf);RE;RE 41;41;3034;8000204;8000204%2021-12-24T21:15:00.000Z%0,8006266,8002076,8006085,8000269,8001929,8002612,8002794,8000284,;602
2021-12-24T23:09:00.000Z;Weiden(Oberpf);RE;RE 41;41;3039;8000204;8000204%2021-12-24T23:09:00.000Z%,8000540,8004332,;602
2021-12-25T04:06:00.000Z;Weiden(Oberpf);RE;RE 41;41;3000;8000204;8000204%2021-12-25T04:06:00.000Z%,8006266,8002076,8006085,8000269,8001929,8002612,8002794,8000284,;602
2021-12-25T05:10:00.000Z;Weiden(Oberpf);RE;RE 41;41;3002;8000204;8000204%2021-12-25T05:10:00.000Z%,8006266,8002076,8006085,8000269,8001929,8002612,8002794,8000284,;602
2021-12-25T05:57:00.000Z;Weiden(Oberpf);RE;RE 41;41;3004;8000204;8000204%2021-12-25T05:57:00.000Z%,8006266,8002076,8006085,8000269,8001929,8002612,8002794,8000284,;602
2021-12-25T07:06:00.000Z;Weiden(Oberpf);RE;RE 41;41;3006;8000204;8000204%2021-12-25T07:06:00.000Z%,8006266,8002076,8006085,8000269,8001929,8002612,8002794,8000284,;602
2021-12-25T07:56:00.000Z;Weiden(Oberpf);RE;RE 41;41;3009;8000204;8000204%2021-12-25T07:56:00.000Z%,8000540,8004332,;602
2021-12-25T08:06:00.000Z;Weiden(Oberpf);RE;RE 41;41;3008;8000204;8000204%2021-12-25T08:06:00.000Z%,8006266,8002076,8006085,8000269,8001929,8002612,8002794,8000284,;602
2021-12-25T08:56:00.000Z;Weiden(Oberpf);RE;RE 41;41;3011;8000204;8000204%2021-12-25T08:56:00.000Z%,8000540,8004332,;602
2021-12-25T09:06:00.000Z;Weiden(Oberpf);RE;RE 41;41;3010;8000204;8000204%2021-12-25T09:06:00.000Z%,8006266,8002076,8006085,8000269,8001929,8002612,8002794,8000284,;602
2021-12-25T09:56:00.000Z;Weiden(Oberpf);RE;RE 41;41;3013;8000204;8000204%2021-12-25T09:56:00.000Z%,8000540,8004332,;602
2021-12-25T10:06:00.000Z;Weiden(Oberpf);RE;RE 41;41;3012;8000204;8000204%2021-12-25T10:06:00.000Z%,8006266,8002076,8006085,8000269,8001929,8002612,8002794,8000284,;602
2021-12-25T10:56:00.000Z;Weiden(Oberpf);RE;RE 41;41;3015;8000204;8000204%2021-12-25T10:56:00.000Z%,8000540,8004332,;602
2021-12-25T11:06:00.000Z;Weiden(Oberpf);RE;RE 41;41;3014;8000204;8000204%2021-12-25T11:06:00.000Z%,8006266,8002076,8006085,8000269,8001929,8002612,8002794,8000284,;602
2021-12-25T11:56:00.000Z;Weiden(Oberpf);RE;RE 41;41;3005;8000204;8000204%2021-12-25T11:56:00.000Z%,8000540,8004332,;602
2021-12-25T12:06:00.000Z;Weiden(Oberpf);RE;RE 41;41;3016;8000204;8000204%2021-12-25T12:06:00.000Z%,8006266,8002076,8006085,8000269,8001929,8002612,8002794,8000284,;602
2021-12-25T12:57:00.000Z;Weiden(Oberpf);RE;RE 41;41;3019;8000204;8000204%2021-12-25T12:57:00.000Z%,8000540,8004332,;602
2021-12-25T13:06:00.000Z;Weiden(Oberpf);RE;RE 41;41;3018;8000204;8000204%2021-12-25T13:06:00.000Z%,8006266,8002076,8006085,8000269,8001929,8002612,8002794,8000284,;602
2021-12-25T13:56:00.000Z;Weiden(Oberpf);RE;RE 41;41;3021;8000204;8000204%2021-12-25T13:56:00.000Z%,8000540,8004332,;602
2021-12-25T14:06:00.000Z;Weiden(Oberpf);RE;RE 41;41;3020;8000204;8000204%2021-12-25T14:06:00.000Z%,8006266,8002076,8006085,8000269,8001929,8002612,8002794,8000284,;602
2021-12-25T14:56:00.000Z;Weiden(Oberpf);RE;RE 41;41;3023;8000204;8000204%2021-12-25T14:56:00.000Z%,8000540,8004332,;602
2021-12-25T15:04:00.000Z;Weiden(Oberpf);RE;RE 41;41;3022;8000204;8000204%2021-12-25T15:04:00.000Z%,8006266,8005855,8002076,8006085,8000269,8001929,8002612,8002794,8000284,;602
2021-12-25T15:56:00.000Z;Weiden(Oberpf);RE;RE 41;41;3025;8000204;8000204%2021-12-25T15:56:00.000Z%,8000540,8004332,;602
2021-12-25T16:04:00.000Z;Weiden(Oberpf);RE;RE 41;41;3024;8000204;8000204%2021-12-25T16:04:00.000Z%,8006266,8005139,8002076,8006085,8000269,8001929,8002612,8002794,8000284,;602
2021-12-25T16:56:00.000Z;Weiden(Oberpf);RE;RE 41;41;3027;8000204;8000204%2021-12-25T16:56:00.000Z%,8000540,8004332,;602
2021-12-25T17:04:00.000Z;Weiden(Oberpf);RE;RE 41;41;3026;8000204;8000204%2021-12-25T17:04:00.000Z%,8006266,8005855,8002076,8006085,8000269,8001929,8002612,8002794,8000284,;602
2021-12-25T17:56:00.000Z;Weiden(Oberpf);RE;RE 41;41;3029;8000204;8000204%2021-12-25T17:56:00.000Z%,8000540,8004332,;602
2021-12-25T18:06:00.000Z;Weiden(Oberpf);RE;RE 41;41;3028;8000204;8000204%2021-12-25T18:06:00.000Z%,8006266,8002076,8006085,8000269,8001929,8002612,8002794,8000284,;602
2021-12-25T18:53:00.000Z;Weiden(Oberpf);RE;RE 41;41;3031;8000204;8000204%2021-12-25T18:53:00.000Z%,8000540,8004332,;602
2021-12-25T19:03:00.000Z;Weiden(Oberpf);RE;RE 41;41;3030;8000204;8000204%2021-12-25T19:03:00.000Z%,8001932,8006266,8002076,8006085,8000269,8001929,8002612,8002794,8000284,;602
2021-12-25T20:06:00.000Z;Weiden(Oberpf);RE;RE 41;41;3033;8000204;8000204%2021-12-25T20:06:00.000Z%,8000540,8004332,;602
2021-12-24T20:48:00.000Z;Landshut(Bay)Hbf;RE;RE 3;3;4087;8000217;8000217%2021-12-24T20:48:00.000Z%0,8004084,8002078,8000261,;602
2021-12-24T20:59:00.000Z;Landshut(Bay)Hbf;RE;RE 22;22;57937;8000217;8000217%2021-12-24T21:00:00.000Z%1,8004084,8002078,8004168,;602
2021-12-24T21:02:00.000Z;Landshut(Bay)Hbf;RE;RE 22;22;57938;8000217;8000217%2021-12-24T21:02:00.000Z%0,8000688,8001679,8002506,8003357,8004592,8000309,;602
2021-12-24T21:11:00.000Z;Landshut(Bay)Hbf;RB;RB 33;33;59269;8000217;8000217%2021-12-24T21:11:00.000Z%,8002457,8001203,8004084,8003528,8003905,8002078,;426
2021-12-24T21:15:00.000Z;Landshut(Bay)Hbf;RE;RE 3;3;4090;8000217;8000217%2021-12-24T21:15:00.000Z%0,8006537,8001466,8003506,8006181,8000301,8004700,8006086,8000298,;602
2021-12-24T21:30:00.000Z;Landshut(Bay)Hbf;RE;RE 50;50;4868;8000217;8000217%2021-12-24T21:32:00.000Z%2,8001835,8000688,8001679,8002506,8003357,8004592,8001298,8000309,;602
2021-12-24T21:48:00.000Z;Landshut(Bay)Hbf;RE;RE 3;3;4089;8000217;8000217%2021-12-24T21:49:00.000Z%1,8004084,8002078,8000261,;602
2021-12-24T21:59:00.000Z;Landshut(Bay)Hbf;RE;RE 22;22;57939;8000217;8000217%2021-12-24T21:59:00.000Z%,8004084,8002078,8004168,;602
2021-12-24T22:02:00.000Z;Landshut(Bay)Hbf;RE;RE 22;22;57940;8000217;8000217%2021-12-24T22:02:00.000Z%,8001835,8001679,8002506,8003357,8004592,8000309,;602
2021-12-24T22:35:00.000Z;Landshut(Bay)Hbf;RE;RE 50;50;4869;8000217;8000217%2021-12-24T22:52:00.000Z%17,8004084,8002078,8000261,;602
2021-12-24T23:03:00.000Z;Landshut(Bay)Hbf;RE;RE 22;22;57942;8000217;8000217%2021-12-24T23:03:00.000Z%,8000688,8001679,8002506,8003357,8004592,8000309,;602
2021-12-24T23:13:00.000Z;Landshut(Bay)Hbf;RE;RE 3;3;4092;8000217;8000217%2021-12-24T23:13:00.000Z%,8006537,8001466,8003506,8006181,8000301,8004700,8006086,8000298,;602
2021-12-25T00:03:00.000Z;Landshut(Bay)Hbf;RE;RE 22;22;57944;8000217;8000217%2021-12-25T00:03:00.000Z%,8000688,8001679,8002506,8003357,8004592,8000309,;602
2021-12-25T02:17:00.000Z;Landshut(Bay)Hbf;RE;RE 22;22;57949;8000217;8000217%2021-12-25T02:17:00.000Z%,8004084,8002078,8004167,8004168,;602
2021-12-25T02:58:00.000Z;Landshut(Bay)Hbf;RE;RE 22;22;57901;8000217;8000217%2021-12-25T02:58:00.000Z%,8004084,8002078,8004168,;602
2021-12-25T03:59:00.000Z;Landshut(Bay)Hbf;RE;RE 22;22;57903;8000217;8000217%2021-12-25T03:59:00.000Z%,8004084,8002078,8004168,;602
2021-12-25T04:37:00.000Z;Landshut(Bay)Hbf;RB;RB 33;33;59233;8000217;8000217%2021-12-25T04:37:00.000Z%,8002457,8001203,8004084,8003528,8003905,8002078,8004147,8004155,8000261,;426
2021-12-25T04:58:00.000Z;Landshut(Bay)Hbf;RE;RE 22;22;57905;8000217;8000217%2021-12-25T04:58:00.000Z%,8004084,8002078,8004168,;602
2021-12-25T05:06:00.000Z;Landshut(Bay)Hbf;RE;RE 22;22;57900;8000217;8000217%2021-12-25T05:06:00.000Z%,8001835,8000688,8001679,8002506,8003357,8004592,8001298,8000309,;602
2021-12-25T05:31:00.000Z;Landshut(Bay)Hbf;RE;RE 50;50;4850;8000217;8000217%2021-12-25T05:31:00.000Z%,8001835,8000688,8001679,8000309,8000882,8004755,8004305,8000284,;602
2021-12-25T05:37:00.000Z;Landshut(Bay)Hbf;RB;RB 45;45;27107;8000217;8000217%2021-12-25T05:37:00.000Z%,8003514,8002211,8006084,8000720,8000258,8005923,8002184,8003263,8003584,8000108,8102045,8102052,8100002,;426
2021-12-25T05:44:00.000Z;Landshut(Bay)Hbf;RE;RE 3;3;4053;8000217;8000217%2021-12-25T05:44:00.000Z%,8004084,8002078,8000261,;602
2021-12-25T05:59:00.000Z;Landshut(Bay)Hbf;RE;RE 22;22;57907;8000217;8000217%2021-12-25T05:59:00.000Z%,8004084,8002078,8004168,;602
2021-12-25T06:02:00.000Z;Landshut(Bay)Hbf;RE;RE 22;22;57906;8000217;8000217%2021-12-25T06:02:00.000Z%,8000688,8001679,8002506,8003357,8004592,8000309,;602
2021-12-25T06:15:00.000Z;Landshut(Bay)Hbf;RE;RE 3;3;4058;8000217;8000217%2021-12-25T06:15:00.000Z%,8006537,8001466,8003506,8006181,8000301,8004700,8006086,8000298,;602
2021-12-25T06:38:00.000Z;Landshut(Bay)Hbf;RB;RB 44;44;27109;8000217;8000217%2021-12-25T06:38:00.000Z%,8003514,8002211,8006084,8000720,8000258,8006164,8003122,8002189,8005614,8006220,8004928,8005194,8005327,8005173,8000320,;426
2021-12-25T06:47:00.000Z;Landshut(Bay)Hbf;RE;RE 3;3;4057;8000217;8000217%2021-12-25T06:47:00.000Z%,8004084,8002078,8000261,;602
2021-12-25T06:59:00.000Z;Landshut(Bay)Hbf;RE;RE 22;22;57909;8000217;8000217%2021-12-25T06:59:00.000Z%,8004084,8002078,8004168,;602
2021-12-25T07:02:00.000Z;Landshut(Bay)Hbf;RE;RE 22;22;57910;8000217;8000217%2021-12-25T07:02:00.000Z%,8000688,8001679,8002506,8003357,8004592,8000309,;602
2021-12-25T07:12:00.000Z;Landshut(Bay)Hbf;RB;RB 33;33;59241;8000217;8000217%2021-12-25T07:12:00.000Z%,8002457,8001203,8004084,8003528,8003905,8002078,;426
2021-12-25T07:15:00.000Z;Landshut(Bay)Hbf;RE;RE 3;3;4060;8000217;8000217%2021-12-25T07:15:00.000Z%,8006537,8001466,8003506,8006181,8000301,8004700,8006086,8000298,;602
2021-12-25T07:30:00.000Z;Landshut(Bay)Hbf;RE;RE 50;50;4852;8000217;8000217%2021-12-25T07:30:00.000Z%,8001835,8000688,8001679,8000309,8000882,8004755,8004305,8000284,;602
2021-12-25T07:37:00.000Z;Landshut(Bay)Hbf;RB;RB 44;44;27111;8000217;8000217%2021-12-25T07:37:00.000Z%,8003514,8002211,8006084,8000451,8001678,8000720,8000258,8005923,8002184,8084066,8006422,8003263,8003584,8000108,8102045,8102052,8100002,;426
2021-12-25T07:48:00.000Z;Landshut(Bay)Hbf;RE;RE 3;3;4061;8000217;8000217%2021-12-25T07:48:00.000Z%,8004084,8002078,8000261,;602
2021-12-25T07:59:00.000Z;Landshut(Bay)Hbf;RE;RE 22;22;57911;8000217;8000217%2021-12-25T07:59:00.000Z%,8004084,8002078,8004168,;602
2021-12-25T08:02:00.000Z;Landshut(Bay)Hbf;RE;RE 22;22;57912;8000217;8000217%2021-12-25T08:02:00.000Z%,8001835,8001679,8002506,8003357,8004592,8000309,;602
2021-12-25T08:15:00.000Z;Landshut(Bay)Hbf;RE;RE 3;3;4062;8000217;8000217%2021-12-25T08:15:00.000Z%,8006537,8001466,8003506,8006181,8000301,8004700,8006086,8000298,;602
2021-12-25T08:29:00.000Z;Landshut(Bay)Hbf;RE;RE 50;50;4855;8000217;8000217%2021-12-25T08:29:00.000Z%,8004084,8002078,8000261,;602
2021-12-25T08:36:00.000Z;Landshut(Bay)Hbf;RB;RB 44;44;27113;8000217;8000217%2021-12-25T08:36:00.000Z%,8003514,8002211,8006084,8000720,8000258,8006164,8003122,8002189,8005614,8006220,8004928,8005194,8005327,8005173,8000320,;426
2021-12-25T08:48:00.000Z;Landshut(Bay)Hbf;RE;RE 3;3;4063;8000217;8000217%2021-12-25T08:48:00.000Z%,8004084,8002078,8000261,;602
2021-12-25T08:59:00.000Z;Landshut(Bay)Hbf;RE;RE 22;22;57913;8000217;8000217%2021-12-25T08:59:00.000Z%,8004084,8002078,8004168,;602
2021-12-25T09:02:00.000Z;Landshut(Bay)Hbf;RE;RE 22;22;57914;8000217;8000217%2021-12-25T09:02:00.000Z%,8000688,8001679,8002506,8003357,8004592,8000309,;602
2021-12-25T09:11:00.000Z;Landshut(Bay)Hbf;RB;RB 33;33;59245;8000217;8000217%2021-12-25T09:11:00.000Z%,8002457,8001203,8004084,8003528,8003905,8002078,;426
2021-12-25T09:15:00.000Z;Landshut(Bay)Hbf;RE;RE 3;3;4064;8000217;8000217%2021-12-25T09:15:00.000Z%,8006537,8001466,8003506,8006181,8000301,8004700,8006086,8000298,;602
2021-12-25T09:30:00.000Z;Landshut(Bay)Hbf;RE;RE 50;50;4854;8000217;8000217%2021-12-25T09:30:00.000Z%,8001835,8000688,8001679,8000309,8000882,8004755,8004305,8000284,;602
2021-12-25T09:37:00.000Z;Landshut(Bay)Hbf;RB;RB 45;45;27115;8000217;8000217%2021-12-25T09:37:00.000Z%,8003514,8002211,8006084,8000451,8001678,8000720,8000258,8005923,8002184,8084066,8006422,8003263,8003584,8000108,8102045,8102052,8100002,;426
2021-12-25T09:48:00.000Z;Landshut(Bay)Hbf;RE;RE 3;3;4065;8000217;8000217%2021-12-25T09:48:00.000Z%,8004084,8002078,8000261,;602
2021-12-25T09:59:00.000Z;Landshut(Bay)Hbf;RE;RE 22;22;57915;8000217;8000217%2021-12-25T09:59:00.000Z%,8004084,8002078,8004168,;602
2021-12-25T10:02:00.000Z;Landshut(Bay)Hbf;RE;RE 22;22;57916;8000217;8000217%2021-12-25T10:02:00.000Z%,8001835,8001679,8002506,8003357,8004592,8000309,;602
2021-12-25T10:15:00.000Z;Landshut(Bay)Hbf;RE;RE 3;3;4066;8000217;8000217%2021-12-25T10:15:00.000Z%,8006537,8001466,8003506,8006181,8000301,8004700,8006086,8000298,;602
2021-12-25T10:29:00.000Z;Landshut(Bay)Hbf;RE;RE 50;50;4857;8000217;8000217%2021-12-25T10:29:00.000Z%,8004084,8002078,8000261,;602
2021-12-25T10:36:00.000Z;Landshut(Bay)Hbf;RB;RB 44;44;27117;8000217;8000217%2021-12-25T10:36:00.000Z%,8003514,8002211,8006084,8000720,8000258,8006164,8003122,8002189,8005614,8006220,8004928,8005194,8005327,8005173,8000320,;426
2021-12-25T10:48:00.000Z;Landshut(Bay)Hbf;RE;RE 3;3;4067;8000217;8000217%2021-12-25T10:48:00.000Z%,8004084,8002078,8000261,;602
2021-12-25T10:59:00.000Z;Landshut(Bay)Hbf;RE;RE 22;22;57917;8000217;8000217%2021-12-25T10:59:00.000Z%,8004084,8002078,8004168,;602
2021-12-25T11:02:00.000Z;Landshut(Bay)Hbf;RE;RE 22;22;57918;8000217;8000217%2021-12-25T11:02:00.000Z%,8000688,8001679,8002506,8003357,8004592,8000309,;602
2021-12-25T11:11:00.000Z;Landshut(Bay)Hbf;RB;RB 33;33;59247;8000217;8000217%2021-12-25T11:11:00.000Z%,8002457,8001203,8004084,8003528,8003905,8002078,;426
2021-12-25T11:15:00.000Z;Landshut(Bay)Hbf;RE;RE 3;3;4068;8000217;8000217%2021-12-25T11:15:00.000Z%,8006537,8001466,8003506,8006181,8000301,8004700,8006086,8000298,;602
2021-12-25T11:30:00.000Z;Landshut(Bay)Hbf;RE;RE 50;50;4856;8000217;8000217%2021-12-25T11:30:00.000Z%,8001835,8000688,8001679,8000309,8000882,8004755,8004305,8000284,;602
2021-12-25T11:37:00.000Z;Landshut(Bay)Hbf;RB;RB 45;45;27119;8000217;8000217%2021-12-25T11:37:00.000Z%,8003514,8002211,8006084,8000451,8001678,8000720,8000258,8005923,8002184,8084066,8006422,8003263,8003584,8000108,8102045,8102052,8100002,;426
2021-12-25T11:48:00.000Z;Landshut(Bay)Hbf;RE;RE 3;3;4069;8000217;8000217%2021-12-25T11:48:00.000Z%,8004084,8002078,8000261,;602
2021-12-25T11:59:00.000Z;Landshut(Bay)Hbf;RE;RE 22;22;57919;8000217;8000217%2021-12-25T11:59:00.000Z%,8004084,8002078,8004168,;602
2021-12-25T12:02:00.000Z;Landshut(Bay)Hbf;RE;RE 22;22;57920;8000217;8000217%2021-12-25T12:02:00.000Z%,8001835,8001679,8002506,8003357,8004592,8000309,;602
2021-12-25T12:15:00.000Z;Landshut(Bay)Hbf;RE;RE 3;3;4070;8000217;8000217%2021-12-25T12:15:00.000Z%,8006537,8001466,8003506,8006181,8000301,8004700,8006086,8000298,;602
2021-12-25T12:29:00.000Z;Landshut(Bay)Hbf;RE;RE 50;50;4859;8000217;8000217%2021-12-25T12:29:00.000Z%,8004084,8002078,8000261,;602
2021-12-25T12:37:00.000Z;Landshut(Bay)Hbf;RB;RB 45;45;27121;8000217;8000217%2021-12-25T12:37:00.000Z%,8003514,8002211,8006084,8000451,8001678,8000720,8000258,;426
2021-12-25T12:48:00.000Z;Landshut(Bay)Hbf;RE;RE 3;3;4071;8000217;8000217%2021-12-25T12:48:00.000Z%,8004084,8002078,8000261,;602
2021-12-25T12:59:00.000Z;Landshut(Bay)Hbf;RE;RE 22;22;57921;8000217;8000217%2021-12-25T12:59:00.000Z%,8004084,8002078,8004168,;602
2021-12-25T13:02:00.000Z;Landshut(Bay)Hbf;RE;RE 22;22;57922;8000217;8000217%2021-12-25T13:02:00.000Z%,8000688,8001679,8002506,8003357,8004592,8000309,;602
2021-12-25T13:16:00.000Z;Landshut(Bay)Hbf;RE;RE 3;3;4072;8000217;8000217%2021-12-25T13:16:00.000Z%,8006537,8001466,8003506,8006181,8000301,8004700,8006086,8000298,;602
2021-12-25T13:30:00.000Z;Landshut(Bay)Hbf;RE;RE 50;50;4858;8000217;8000217%2021-12-25T13:30:00.000Z%,8001835,8000688,8001679,8000309,8000882,8004755,8004305,8000284,;602
2021-12-25T13:37:00.000Z;Landshut(Bay)Hbf;RB;RB 33;33;59253;8000217;8000217%2021-12-25T13:37:00.000Z%,8002457,8001203,8004084,8003528,8003905,8002078,;426
2021-12-25T13:37:00.000Z;Landshut(Bay)Hbf;RB;RB 45;45;27123;8000217;8000217%2021-12-25T13:37:00.000Z%,8003514,8002211,8006084,8000451,8001678,8000720,8000258,8005923,8002184,8084066,8006422,8003263,8003584,8000108,8102045,8102052,8100002,;426
2021-12-25T13:48:00.000Z;Landshut(Bay)Hbf;RE;RE 3;3;4073;8000217;8000217%2021-12-25T13:48:00.000Z%,8004084,8002078,8000261,;602
2021-12-25T13:59:00.000Z;Landshut(Bay)Hbf;RE;RE 22;22;57923;8000217;8000217%2021-12-25T13:59:00.000Z%,8004084,8002078,8004168,;602
2021-12-25T14:02:00.000Z;Landshut(Bay)Hbf;RE;RE 22;22;57924;8000217;8000217%2021-12-25T14:02:00.000Z%,8001835,8001679,8002506,8003357,8004592,8000309,;602
2021-12-25T14:15:00.000Z;Landshut(Bay)Hbf;RE;RE 3;3;4074;8000217;8000217%2021-12-25T14:15:00.000Z%,8006537,8001466,8003506,8006181,8000301,8004700,8006086,8000298,;602
2021-12-25T14:29:00.000Z;Landshut(Bay)Hbf;RE;RE 50;50;4861;8000217;8000217%2021-12-25T14:29:00.000Z%,8004084,8002078,8000261,;602
2021-12-25T14:36:00.000Z;Landshut(Bay)Hbf;RB;RB 44;44;27125;8000217;8000217%2021-12-25T14:36:00.000Z%,8003514,8002211,8006084,8000451,8001678,8000720,8000258,8006164,8003122,8002189,8005614,8006220,8004928,8005194,8005327,8005173,8000320,;426
2021-12-25T14:48:00.000Z;Landshut(Bay)Hbf;RE;RE 3;3;4075;8000217;8000217%2021-12-25T14:48:00.000Z%,8004084,8002078,8000261,;602
2021-12-25T14:59:00.000Z;Landshut(Bay)Hbf;RE;RE 22;22;57925;8000217;8000217%2021-12-25T14:59:00.000Z%,8004084,8002078,8004168,;602
2021-12-25T15:02:00.000Z;Landshut(Bay)Hbf;RE;RE 22;22;57926;8000217;8000217%2021-12-25T15:02:00.000Z%,8000688,8001679,8002506,8003357,8004592,8000309,;602
2021-12-25T15:11:00.000Z;Landshut(Bay)Hbf;RB;RB 33;33;59257;8000217;8000217%2021-12-25T15:11:00.000Z%,8002457,8001203,8004084,8003528,8003905,8002078,;426
2021-12-25T15:15:00.000Z;Landshut(Bay)Hbf;RE;RE 3;3;4076;8000217;8000217%2021-12-25T15:15:00.000Z%,8006537,8001466,8003506,8006181,8000301,8004700,8006086,8000298,;602
2021-12-25T15:30:00.000Z;Landshut(Bay)Hbf;RE;RE 50;50;4860;8000217;8000217%2021-12-25T15:30:00.000Z%,8001835,8000688,8001679,8000309,8005966,8000882,8004755,8004305,8000284,;602
2021-12-25T15:37:00.000Z;Landshut(Bay)Hbf;RB;RB 45;45;27127;8000217;8000217%2021-12-25T15:37:00.000Z%,8003514,8002211,8006084,8000451,8001678,8000720,8000258,8005923,8002184,8084066,8006422,8003263,8003584,8000108,8102045,8102052,8100002,;426
2021-12-25T15:48:00.000Z;Landshut(Bay)Hbf;RE;RE 3;3;4077;8000217;8000217%2021-12-25T15:48:00.000Z%,8004084,8002078,8000261,;602
2021-12-25T15:58:00.000Z;Landshut(Bay)Hbf;RE;RE 22;22;57927;8000217;8000217%2021-12-25T15:58:00.000Z%,8004084,8002078,8004168,;602
2021-12-25T16:02:00.000Z;Landshut(Bay)Hbf;RE;RE 22;22;57928;8000217;8000217%2021-12-25T16:02:00.000Z%,8001835,8001679,8002506,8003357,8004592,8000309,;602
2021-12-24T20:41:00.000Z;Löhne(Westf);RE;RE 78;78;52289;8000233;8000233%2021-12-24T20:41:00.000Z%,8000732,8004868,8000252,;602
2021-12-24T20:44:00.000Z;Löhne(Westf);RE;RE 6;6;89740;8000233;8000233%2021-12-24T20:44:00.000Z%0,8000162,8000036,8002461,8000315,8004626,8004251,8000441,8002680,8000149,8003168,8000080,8000041,8006226,8000098,8000259,8000086,8000082,8000085,;602
2021-12-24T20:45:00.000Z;Löhne(Westf);RB;RB 77;77;14587;8000233;8000233%2021-12-24T20:45:00.000Z%0,8000733,8006091,8005104,8002812,8000148,8001342,8006104,8004709,8000093,8000282,8001775,8000169,;426
2021-12-24T21:14:00.000Z;Löhne(Westf);RE;RE 6;6;89735;8000233;8000233%2021-12-24T21:14:00.000Z%0,8000732,8004868,8000252,;602
2021-12-24T21:19:00.000Z;Löhne(Westf);RE;RE 78;78;52290;8000233;8000233%2021-12-24T21:19:00.000Z%0,8000162,8000036,;602
2021-12-24T21:44:00.000Z;Löhne(Westf);RE;RE 6;6;89742;8000233;8000233%2021-12-24T21:44:00.000Z%,8000162,8000036,8002461,8000315,8004626,8004251,8000441,8002680,8000149,8003168,8000080,8000041,8006226,8000098,8000259,8000086,8000082,8000085,;602
2021-12-24T21:45:00.000Z;Löhne(Westf);RB;RB 77;77;14589;8000233;8000233%2021-12-24T21:45:00.000Z%0,8000733,8006091,8005104,8002812,8000148,;426
2021-12-24T22:15:00.000Z;Löhne(Westf);RE;RE 6;6;89737;8000233;8000233%2021-12-24T22:15:00.000Z%0,8000732,8004868,8000252,;602
2021-12-24T22:44:00.000Z;Löhne(Westf);RE;RE 78;78;52291;8000233;8000233%2021-12-24T22:44:00.000Z%,8000732,8004868,8000252,;602
2021-12-24T23:47:00.000Z;Löhne(Westf);RE;RE 78;78;52292;8000233;8000233%2021-12-24T23:47:00.000Z%,8000162,8001118,8000036,;602
2021-12-24T23:49:00.000Z;Löhne(Westf);RE;RE 78;78;52293;8000233;8000233%2021-12-24T23:49:00.000Z%,8000732,8004868,8000252,;602
2021-12-25T00:47:00.000Z;Löhne(Westf);RE;RE 78;78;52294;8000233;8000233%2021-12-25T00:47:00.000Z%,8000162,8001118,8000036,;602
2021-12-25T01:17:00.000Z;Löhne(Westf);RE;RE 78;78;52295;8000233;8000233%2021-12-25T01:17:00.000Z%,8000732,8004868,8000252,;602
2021-12-25T05:44:00.000Z;Löhne(Westf);RE;RE 6;6;89710;8000233;8000233%2021-12-25T05:44:00.000Z%,8000162,8000036,8002461,8000315,8004626,8004251,8000441,8002680,8000149,8003168,8000080,8000041,8006226,8000098,8000259,8000086,8000082,8000085,8000207,;602
2021-12-25T06:42:00.000Z;Löhne(Westf);RE;RE 78;78;52275;8000233;8000233%2021-12-25T06:42:00.000Z%,8000732,8004868,8000252,8004777,8000335,8000279,;602
2021-12-25T06:45:00.000Z;Löhne(Westf);RB;RB 77;77;14557;8000233;8000233%2021-12-25T06:45:00.000Z%,8000733,8006091,8005104,8002812,8000148,8001342,8006104,8004709,8000093,8000282,8001775,8000169,8002830,8002405,8006358,8000759,8000740,8001048,;426
2021-12-25T07:14:00.000Z;Löhne(Westf);RE;RE 6;6;89749;8000233;8000233%2021-12-25T07:14:00.000Z%,8000732,8004868,8000252,;602
2021-12-25T07:44:00.000Z;Löhne(Westf);RE;RE 6;6;89714;8000233;8000233%2021-12-25T07:44:00.000Z%,8000162,8000036,8002461,8000315,8004626,8004251,8000441,8002680,8000149,8003168,8000080,8000041,8006226,8000098,8000259,8000086,8000082,8000085,8000207,;602
2021-12-25T07:45:00.000Z;Löhne(Westf);RB;RB 77;77;14559;8000233;8000233%2021-12-25T07:45:00.000Z%,8000733,8006091,8005104,8002812,8000148,8001342,8006104,8004709,8000093,8000282,8001775,8000169,8002830,8002405,8006358,8000759,8000740,8001048,;426
2021-12-25T08:14:00.000Z;Löhne(Westf);RE;RE 6;6;89709;8000233;8000233%2021-12-25T08:14:00.000Z%,8000732,8004868,8000252,;602
2021-12-25T08:41:00.000Z;Löhne(Westf);RE;RE 78;78;52277;8000233;8000233%2021-12-25T08:41:00.000Z%,8000732,8004868,8000252,8004777,8000335,8000279,;602
2021-12-25T08:44:00.000Z;Löhne(Westf);RE;RE 6;6;89716;8000233;8000233%2021-12-25T08:44:00.000Z%,8000162,8000036,8002461,8000315,8004626,8004251,8000441,8002680,8000149,8003168,8000080,8000041,8006226,8000098,8000259,8000086,8000082,8000085,8000207,;602
2021-12-25T08:45:00.000Z;Löhne(Westf);RB;RB 77;77;14561;8000233;8000233%2021-12-25T08:45:00.000Z%,8000733,8006091,8005104,8002812,8000148,8001342,8006104,8004709,8000093,8000282,8001775,8000169,8002830,8002405,8006358,8000759,8000740,8001048,;426
2021-12-25T09:14:00.000Z;Löhne(Westf);RE;RE 6;6;89711;8000233;8000233%2021-12-25T09:14:00.000Z%,8000732,8004868,8000252,;602
2021-12-25T09:19:00.000Z;Löhne(Westf);RE;RE 78;78;52278;8000233;8000233%2021-12-25T09:19:00.000Z%,8000162,8000036,;602
2021-12-25T09:44:00.000Z;Löhne(Westf);RE;RE 6;6;89718;8000233;8000233%2021-12-25T09:44:00.000Z%,8000162,8000036,8002461,8000315,8004626,8004251,8000441,8002680,8000149,8003168,8000080,8000041,8006226,8000098,8000259,8000086,8000082,8000085,8000207,;602
2021-12-25T09:45:00.000Z;Löhne(Westf);RB;RB 77;77;14563;8000233;8000233%2021-12-25T09:45:00.000Z%,8000733,8006091,8005104,8002812,8000148,8001342,8006104,8004709,8000093,8000282,8001775,8000169,8002830,8002405,8006358,8000759,8000740,8001048,;426
2021-12-25T10:14:00.000Z;Löhne(Westf);RE;RE 6;6;89713;8000233;8000233%2021-12-25T10:14:00.000Z%,8000732,8004868,8000252,;602
2021-12-25T10:41:00.000Z;Löhne(Westf);RE;RE 78;78;52279;8000233;8000233%2021-12-25T10:41:00.000Z%,8000732,8004868,8000252,8004777,8000335,8000279,;602
2021-12-25T10:44:00.000Z;Löhne(Westf);RE;RE 6;6;89720;8000233;8000233%2021-12-25T10:44:00.000Z%,8000162,8000036,8002461,8000315,8004626,8004251,8000441,8002680,8000149,8003168,8000080,8000041,8006226,8000098,8000259,8000086,8000082,8000085,8000207,;602
2021-12-25T10:45:00.000Z;Löhne(Westf);RB;RB 77;77;14565;8000233;8000233%2021-12-25T10:45:00.000Z%,8000733,8006091,8005104,8002812,8000148,8001342,8006104,8004709,8000093,8000282,8001775,8000169,8002830,8002405,8006358,8000759,8000740,8001048,;426
2021-12-25T11:14:00.000Z;Löhne(Westf);RE;RE 6;6;89715;8000233;8000233%2021-12-25T11:14:00.000Z%,8000732,8004868,8000252,;602
2021-12-25T11:19:00.000Z;Löhne(Westf);RE;RE 78;78;52280;8000233;8000233%2021-12-25T11:19:00.000Z%,8000162,8000036,;602
2021-12-25T11:44:00.000Z;Löhne(Westf);RE;RE 6;6;89722;8000233;8000233%2021-12-25T11:44:00.000Z%,8000162,8000036,8002461,8000315,8004626,8004251,8000441,8002680,8000149,8003168,8000080,8000041,8006226,8000098,8000259,8000086,8000082,8000085,8000207,;602
2021-12-25T11:45:00.000Z;Löhne(Westf);RB;RB 77;77;14567;8000233;8000233%2021-12-25T11:45:00.000Z%,8000733,8006091,8005104,8002812,8000148,8001342,8006104,8004709,8000093,8000282,8001775,8000169,8002830,8002405,8006358,8000759,8000740,8001048,;426
2021-12-25T12:14:00.000Z;Löhne(Westf);RE;RE 6;6;89717;8000233;8000233%2021-12-25T12:14:00.000Z%,8000732,8004868,8000252,;602
2021-12-25T12:41:00.000Z;Löhne(Westf);RE;RE 78;78;52281;8000233;8000233%2021-12-25T12:41:00.000Z%,8000732,8004868,8000252,8004777,8000335,8000279,;602
2021-12-25T12:44:00.000Z;Löhne(Westf);RE;RE 6;6;89724;8000233;8000233%2021-12-25T12:44:00.000Z%,8000162,8000036,8002461,8000315,8004626,8004251,8000441,8002680,8000149,8003168,8000080,8000041,8006226,8000098,8000259,8000086,8000082,8000085,8000207,;602
2021-12-25T12:45:00.000Z;Löhne(Westf);RB;RB 77;77;14571;8000233;8000233%2021-12-25T12:45:00.000Z%,8000733,8006091,8005104,8002812,8000148,8001342,8006104,8004709,8000093,8000282,8001775,8000169,8002830,8002405,8006358,8000759,8000740,8001048,;426
2021-12-25T13:14:00.000Z;Löhne(Westf);RE;RE 6;6;89719;8000233;8000233%2021-12-25T13:14:00.000Z%,8000732,8004868,8000252,;602
2021-12-25T13:19:00.000Z;Löhne(Westf);RE;RE 78;78;52282;8000233;8000233%2021-12-25T13:19:00.000Z%,8000162,8000036,;602
2021-12-25T13:44:00.000Z;Löhne(Westf);RE;RE 6;6;89726;8000233;8000233%2021-12-25T13:44:00.000Z%,8000162,8000036,8002461,8000315,8004626,8004251,8000441,8002680,8000149,8003168,8000080,8000041,8006226,8000098,8000259,8000086,8000082,8000085,8000207,;602
2021-12-25T13:45:00.000Z;Löhne(Westf);RB;RB 77;77;14573;8000233;8000233%2021-12-25T13:45:00.000Z%,8000733,8006091,8005104,8002812,8000148,8001342,8006104,8004709,8000093,8000282,8001775,8000169,8002830,8002405,8006358,8000759,8000740,8001048,;426
2021-12-25T14:14:00.000Z;Löhne(Westf);RE;RE 6;6;89721;8000233;8000233%2021-12-25T14:14:00.000Z%,8000732,8004868,8000252,;602
2021-12-25T14:41:00.000Z;Löhne(Westf);RE;RE 78;78;52283;8000233;8000233%2021-12-25T14:41:00.000Z%,8000732,8004868,8000252,8004777,8000335,8000279,;602
2021-12-25T14:44:00.000Z;Löhne(Westf);RE;RE 6;6;89728;8000233;8000233%2021-12-25T14:44:00.000Z%,8000162,8000036,8002461,8000315,8004626,8004251,8000441,8002680,8000149,8003168,8000080,8000041,8006226,8000098,8000259,8000086,8000082,8000085,8000207,;602
2021-12-25T14:45:00.000Z;Löhne(Westf);RB;RB 77;77;14575;8000233;8000233%2021-12-25T14:45:00.000Z%,8000733,8006091,8005104,8002812,8000148,8001342,8006104,8004709,8000093,8000282,8001775,8000169,8002830,8002405,8006358,8000759,8000740,8001048,;426
2021-12-25T15:14:00.000Z;Löhne(Westf);RE;RE 6;6;89723;8000233;8000233%2021-12-25T15:14:00.000Z%,8000732,8004868,8000252,;602
2021-12-25T15:19:00.000Z;Löhne(Westf);RE;RE 78;78;52284;8000233;8000233%2021-12-25T15:19:00.000Z%,8000162,8000036,;602
2021-12-25T15:44:00.000Z;Löhne(Westf);RE;RE 6;6;89730;8000233;8000233%2021-12-25T15:44:00.000Z%,8000162,8000036,8002461,8000315,8004626,8004251,8000441,8002680,8000149,8003168,8000080,8000041,8006226,8000098,8000259,8000086,8000082,8000085,8000207,;602
2021-12-25T15:45:00.000Z;Löhne(Westf);RB;RB 77;77;14577;8000233;8000233%2021-12-25T15:45:00.000Z%,8000733,8006091,8005104,8002812,8000148,8001342,8006104,8004709,8000093,8000282,8001775,8000169,8002830,8002405,8006358,8000759,8000740,8001048,;426
2021-12-25T16:14:00.000Z;Löhne(Westf);RE;RE 6;6;89725;8000233;8000233%2021-12-25T16:14:00.000Z%,8000732,8004868,8000252,;602
2021-12-25T16:41:00.000Z;Löhne(Westf);RE;RE 78;78;52285;8000233;8000233%2021-12-25T16:41:00.000Z%,8000732,8004868,8000252,8004777,8000335,8000279,;602
2021-12-25T16:44:00.000Z;Löhne(Westf);RE;RE 6;6;89732;8000233;8000233%2021-12-25T16:44:00.000Z%,8000162,8000036,8002461,8000315,8004626,8004251,8000441,8002680,8000149,8003168,8000080,8000041,8006226,8000098,8000259,8000086,8000082,8000085,8000207,;602
2021-12-25T16:45:00.000Z;Löhne(Westf);RB;RB 77;77;14579;8000233;8000233%2021-12-25T16:45:00.000Z%,8000733,8006091,8005104,8002812,8000148,8001342,8006104,8004709,8000093,8000282,8001775,8000169,;426
2021-12-25T17:14:00.000Z;Löhne(Westf);RE;RE 6;6;89727;8000233;8000233%2021-12-25T17:14:00.000Z%,8000732,8004868,8000252,;602
2021-12-25T17:19:00.000Z;Löhne(Westf);RE;RE 78;78;52286;8000233;8000233%2021-12-25T17:19:00.000Z%,8000162,8000036,;602
2021-12-25T17:44:00.000Z;Löhne(Westf);RE;RE 6;6;89734;8000233;8000233%2021-12-25T17:44:00.000Z%,8000162,8000036,8002461,8000315,8004626,8004251,8000441,8002680,8000149,8003168,8000080,8000041,8006226,8000098,8000259,8000086,8000082,8000085,8000207,;602
2021-12-25T17:45:00.000Z;Löhne(Westf);RB;RB 77;77;14581;8000233;8000233%2021-12-25T17:45:00.000Z%,8000733,8006091,8005104,8002812,8000148,8001342,8006104,8004709,8000093,8000282,8001775,8000169,;426
2021-12-25T18:14:00.000Z;Löhne(Westf);RE;RE 6;6;89729;8000233;8000233%2021-12-25T18:14:00.000Z%,8000732,8004868,8000252,;602
2021-12-25T18:41:00.000Z;Löhne(Westf);RE;RE 78;78;52287;8000233;8000233%2021-12-25T18:41:00.000Z%,8000732,8004868,8000252,8004777,8000335,8000279,;602
2021-12-25T18:44:00.000Z;Löhne(Westf);RE;RE 6;6;89736;8000233;8000233%2021-12-25T18:44:00.000Z%,8000162,8000036,8002461,8000315,8004626,8004251,8000441,8002680,8000149,8003168,8000080,8000041,8006226,8000098,8000259,8000086,8000082,8000085,8000207,;602
2021-12-25T18:45:00.000Z;Löhne(Westf);RB;RB 77;77;14583;8000233;8000233%2021-12-25T18:45:00.000Z%,8000733,8006091,8005104,8002812,8000148,8001342,8006104,8004709,8000093,8000282,8001775,8000169,;426
2021-12-25T19:14:00.000Z;Löhne(Westf);RE;RE 6;6;89731;8000233;8000233%2021-12-25T19:14:00.000Z%,8000732,8004868,8000252,;602
2021-12-25T19:19:00.000Z;Löhne(Westf);RE;RE 78;78;52288;8000233;8000233%2021-12-25T19:19:00.000Z%,8000162,8000036,;602
2021-12-25T19:44:00.000Z;Löhne(Westf);RE;RE 6;6;89738;8000233;8000233%2021-12-25T19:44:00.000Z%,8000162,8000036,8002461,8000315,8004626,8004251,8000441,8002680,8000149,8003168,8000080,8000041,8006226,8000098,8000259,8000086,8000082,8000085,8000207,;602
2021-12-25T19:45:00.000Z;Löhne(Westf);RB;RB 77;77;14585;8000233;8000233%2021-12-25T19:45:00.000Z%,8000733,8006091,8005104,8002812,8000148,8001342,8006104,8004709,8000093,8000282,8001775,8000169,8002830,8002405,8006358,8000759,8000740,8001048,;426
2021-12-25T20:14:00.000Z;Löhne(Westf);RE;RE 6;6;89733;8000233;8000233%2021-12-25T20:14:00.000Z%,8000732,8004868,8000252,;602
2021-12-24T20:24:00.000Z;Schnega;RE;RE 20;20;16211;8000440;8000440%2021-12-24T20:25:00.000Z%1,8010310,8012673,8011545,8011277,8010172,8012014,8013039,8010334,8013083,8013344,8010226,8010224,8013456,8012287,8010318,8013465,8010084,8010070,8012830,8013357,8010195,8011053,8013259,8010343,8012506,8013414,8010159,;602
2021-12-24T21:24:00.000Z;Schnega;RE;RE 20;20;16206;8000440;8000440%2021-12-24T21:25:00.000Z%1,8000445,8006402,8005682,8000168,;602
2021-12-24T22:24:00.000Z;Schnega;RE;RE 20;20;16213;8000440;8000440%2021-12-24T22:24:00.000Z%,8010310,8010172,8010334,8013083,8013344,8010226,8010224,8080660,8013456,8013485,8012291,8012287,8081270,8010318,8013465,8010084,8010070,8012830,8013357,8010195,;602
2021-12-25T06:23:00.000Z;Schnega;RE;RE 20;20;16204;8000440;8000440%2021-12-25T06:23:00.000Z%,8000445,8006402,8005682,8000168,;602
2021-12-25T07:24:00.000Z;Schnega;RE;RE 20;20;4831;8000440;8000440%2021-12-25T07:24:00.000Z%,8010310,8010172,8010334,8013083,8013344,8010226,8010224,;602
2021-12-25T07:24:00.000Z;Schnega;RE;RE 20;20;4830;8000440;8000440%2021-12-25T07:24:00.000Z%,8000445,8006402,8005682,8000168,;602
2021-12-25T08:24:00.000Z;Schnega;RE;RE 20;20;4833;8000440;8000440%2021-12-25T08:24:00.000Z%,8010310,8010172,8010334,8013083,8013344,8010226,8010224,;602
2021-12-25T09:23:00.000Z;Schnega;RE;RE 20;20;4832;8000440;8000440%2021-12-25T09:23:00.000Z%,8000445,8006402,8005682,8000168,;602
2021-12-25T10:24:00.000Z;Schnega;RE;RE 20;20;4835;8000440;8000440%2021-12-25T10:24:00.000Z%,8010310,8010172,8010334,8013083,8013344,8010226,8010224,;602
2021-12-25T11:23:00.000Z;Schnega;RE;RE 20;20;4834;8000440;8000440%2021-12-25T11:23:00.000Z%,8000445,8006402,8005682,8000168,;602
2021-12-25T12:24:00.000Z;Schnega;RE;RE 20;20;4837;8000440;8000440%2021-12-25T12:24:00.000Z%,8010310,8010172,8010334,8013083,8013344,8010226,8010224,;602
2021-12-25T13:24:00.000Z;Schnega;RE;RE 20;20;4838;8000440;8000440%2021-12-25T13:24:00.000Z%,8000445,8006402,8005682,8000168,;602
2021-12-25T14:24:00.000Z;Schnega;RE;RE 20;20;4840;8000440;8000440%2021-12-25T14:24:00.000Z%,8000445,8006402,8005682,8000168,;602
2021-12-25T14:24:00.000Z;Schnega;RE;RE 20;20;4841;8000440;8000440%2021-12-25T14:24:00.000Z%,8010310,8010172,8010334,8013083,8013344,8010226,8010224,;602
2021-12-25T15:24:00.000Z;Schnega;RE;RE 20;20;4842;8000440;8000440%2021-12-25T15:24:00.000Z%,8000445,8006402,8005682,8000168,;602
2021-12-25T15:24:00.000Z;Schnega;RE;RE 20;20;4843;8000440;8000440%2021-12-25T15:24:00.000Z%,8010310,8010172,8010334,8013083,8013344,8010226,8010224,;602
2021-12-25T16:24:00.000Z;Schnega;RE;RE 20;20;4844;8000440;8000440%2021-12-25T16:24:00.000Z%,8000445,8006402,8005682,8000168,;602
2021-12-25T16:24:00.000Z;Schnega;RE;RE 20;20;4845;8000440;8000440%2021-12-25T16:24:00.000Z%,8010310,8010172,8010334,8013083,8013344,8010226,8010224,;602
2021-12-25T17:24:00.000Z;Schnega;RE;RE 20;20;4846;8000440;8000440%2021-12-25T17:24:00.000Z%,8000445,8006402,8005682,8000168,;602
2021-12-25T17:24:00.000Z;Schnega;RE;RE 20;20;4847;8000440;8000440%2021-12-25T17:24:00.000Z%,8010310,8012673,8011545,8011277,8010172,8012014,8013039,8010334,8013083,8013344,8010226,8010224,;602
2021-12-25T18:24:00.000Z;Schnega;RE;RE 20;20;4849;8000440;8000440%2021-12-25T18:24:00.000Z%,8010310,8010172,8010334,8013083,8013344,8010226,8010224,;602
2021-12-25T19:23:00.000Z;Schnega;RE;RE 20;20;4848;8000440;8000440%2021-12-25T19:23:00.000Z%,8000445,8006402,8005682,8000168,;602
2021-12-24T20:25:00.000Z;Amberg;RE;RE 40;40;3572;8000566;8000566%2021-12-24T20:26:00.000Z%1,8005800,8000269,8001929,8002612,8002794,8000284,;602
2021-12-24T20:50:00.000Z;Amberg;RE;RE 40;40;3575;8000566;8000566%2021-12-24T20:51:00.000Z%1,8000027,;602
2021-12-24T21:26:00.000Z;Amberg;RE;RE 40;40;3574;8000566;8000566%2021-12-24T21:26:00.000Z%0,8005800,8000269,8001929,8002612,8002794,8000284,;602
2021-12-24T21:59:00.000Z;Amberg;RE;RE 40;40;3577;8000566;8000566%2021-12-24T21:59:00.000Z%,8000027,8003922,8004987,8000309,;602
2021-12-24T22:48:00.000Z;Amberg;RE;RE 40;40;3579;8000566;8000566%2021-12-24T22:48:00.000Z%,8000027,;602
2021-12-24T23:26:00.000Z;Amberg;RE;RE 40;40;3580;8000566;8000566%2021-12-24T23:26:00.000Z%,8005800,8000269,;602
2021-12-25T00:12:00.000Z;Amberg;RE;RE 40;40;3599;8000566;8000566%2021-12-25T00:12:00.000Z%,8000027,;602
2021-12-25T04:32:00.000Z;Amberg;RE;RE 40;40;3038;8000566;8000566%2021-12-25T04:32:00.000Z%,8005800,8000269,8001929,8002612,8002794,8000284,;602
2021-12-25T05:26:00.000Z;Amberg;RE;RE 40;40;3542;8000566;8000566%2021-12-25T05:26:00.000Z%,8005800,8000269,8001929,8002612,8002794,8000284,;602
2021-12-25T05:27:00.000Z;Amberg;RE;RE 40;40;3543;8000566;8000566%2021-12-25T05:27:00.000Z%,8003086,8000027,;602
2021-12-25T06:25:00.000Z;Amberg;RE;RE 47;47;3594;8000566;8000566%2021-12-25T06:25:00.000Z%,8005800,8000269,8001929,8002612,8002794,8000284,;602
2021-12-25T06:31:00.000Z;Amberg;RE;RE 40;40;3597;8000566;8000566%2021-12-25T06:31:00.000Z%,8000027,;602
2021-12-25T07:22:00.000Z;Amberg;RE;RE 40;40;3546;8000566;8000566%2021-12-25T07:22:00.000Z%,8005800,8000269,8001929,8002612,8002794,8000284,;602
2021-12-25T07:33:00.000Z;Amberg;RE;RE 40;40;3549;8000566;8000566%2021-12-25T07:33:00.000Z%,8000027,;602
2021-12-25T08:21:00.000Z;Amberg;RE;RE 40;40;3548;8000566;8000566%2021-12-25T08:21:00.000Z%,8005800,8000269,8001929,8002612,8002794,8000284,;602
2021-12-25T08:35:00.000Z;Amberg;RE;RE 40;40;3551;8000566;8000566%2021-12-25T08:35:00.000Z%,8000027,8003922,8004987,8000309,;602
2021-12-25T09:21:00.000Z;Amberg;RE;RE 40;40;3550;8000566;8000566%2021-12-25T09:21:00.000Z%,8005800,8000269,8001929,8002612,8002794,8000284,;602
2021-12-25T09:33:00.000Z;Amberg;RE;RE 40;40;3553;8000566;8000566%2021-12-25T09:33:00.000Z%,8000027,;602
2021-12-25T10:21:00.000Z;Amberg;RE;RE 40;40;3552;8000566;8000566%2021-12-25T10:21:00.000Z%,8005800,8000269,8001929,8002612,8002794,8000284,;602
2021-12-25T10:33:00.000Z;Amberg;RE;RE 40;40;3555;8000566;8000566%2021-12-25T10:33:00.000Z%,8000027,8003922,8004987,8000309,;602
2021-12-25T11:21:00.000Z;Amberg;RE;RE 40;40;3554;8000566;8000566%2021-12-25T11:21:00.000Z%,8005800,8000269,8001929,8002612,8002794,8000284,;602
2021-12-25T11:33:00.000Z;Amberg;RE;RE 40;40;3557;8000566;8000566%2021-12-25T11:33:00.000Z%,8000027,;602
2021-12-25T12:21:00.000Z;Amberg;RE;RE 40;40;3556;8000566;8000566%2021-12-25T12:21:00.000Z%,8005800,8000269,8001929,8002612,8002794,8000284,;602
2021-12-25T12:33:00.000Z;Amberg;RE;RE 40;40;3559;8000566;8000566%2021-12-25T12:33:00.000Z%,8002075,8000027,8003922,8004987,8000309,;602
2021-12-25T13:21:00.000Z;Amberg;RE;RE 40;40;3558;8000566;8000566%2021-12-25T13:21:00.000Z%,8005800,8000269,8001929,8002612,8002794,8000284,;602
2021-12-25T13:33:00.000Z;Amberg;RE;RE 40;40;3561;8000566;8000566%2021-12-25T13:33:00.000Z%,8000027,;602
2021-12-25T14:21:00.000Z;Amberg;RE;RE 40;40;3560;8000566;8000566%2021-12-25T14:21:00.000Z%,8005800,8000269,8001929,8002612,8002794,8000284,;602
2021-12-25T14:33:00.000Z;Amberg;RE;RE 40;40;3563;8000566;8000566%2021-12-25T14:33:00.000Z%,8000027,8003922,8004987,8000309,;602
2021-12-25T15:21:00.000Z;Amberg;RE;RE 40;40;3562;8000566;8000566%2021-12-25T15:21:00.000Z%,8005800,8000269,8001929,8002612,8002794,8000284,;602
2021-12-25T15:32:00.000Z;Amberg;RE;RE 40;40;3565;8000566;8000566%2021-12-25T15:32:00.000Z%,8002075,8000027,8003922,8004987,8000309,;602
2021-12-25T16:21:00.000Z;Amberg;RE;RE 40;40;3564;8000566;8000566%2021-12-25T16:21:00.000Z%,8005800,8000269,8001929,8002612,8002794,8000284,;602
2021-12-25T16:36:00.000Z;Amberg;RE;RE 40;40;3567;8000566;8000566%2021-12-25T16:36:00.000Z%,8000027,8003922,8004987,8000309,;602
2021-12-25T17:21:00.000Z;Amberg;RE;RE 40;40;3566;8000566;8000566%2021-12-25T17:21:00.000Z%,8005800,8000269,8001929,8002612,8002794,8000284,;602
2021-12-25T17:33:00.000Z;Amberg;RE;RE 40;40;3569;8000566;8000566%2021-12-25T17:33:00.000Z%,8000027,;602
2021-12-25T18:22:00.000Z;Amberg;RE;RE 40;40;3568;8000566;8000566%2021-12-25T18:22:00.000Z%,8005800,8000269,8001929,8002612,8002794,8000284,;602
2021-12-25T18:33:00.000Z;Amberg;RE;RE 40;40;3571;8000566;8000566%2021-12-25T18:33:00.000Z%,8000027,8003922,8004987,8000309,;602
2021-12-25T19:21:00.000Z;Amberg;RE;RE 40;40;3570;8000566;8000566%2021-12-25T19:21:00.000Z%,8005800,8000269,8001929,8002612,8002794,8000284,;602
2021-12-25T19:36:00.000Z;Amberg;RE;RE 47;47;3573;8000566;8000566%2021-12-25T19:36:00.000Z%,8000027,8001054,8004250,8005121,8004849,8001330,8003413,8006264,8000606,8002159,;602
2021-12-24T20:59:00.000Z;Aschaffenburg Süd;RB;RB 88;88;23336;8000619;8000619%2021-12-24T20:59:00.000Z%0,8000618,8000010,;426
2021-12-24T20:59:00.000Z;Aschaffenburg Süd;RB;RB 88;88;23395;8000619;8000619%2021-12-24T20:59:00.000Z%,8004558,8005794,8003334,8004560,8002287,8001848,8006538,8003337,8003573,8003324,8000640,8002089,8005028,8001503,8005666,8001964,8002622,8006354,8000231,;426
2021-12-24T21:53:00.000Z;Aschaffenburg Süd;RE;RE 87;87;4398;8000619;8000619%2021-12-24T21:54:00.000Z%1,8000618,8000010,;602
2021-12-24T22:07:00.000Z;Aschaffenburg Süd;RB;RB 88;88;23333;8000619;8000619%2021-12-24T22:07:00.000Z%,8004558,8005794,8003334,8004560,8002287,8001848,8006538,8003337,8003573,8003324,8000640,;426
2021-12-24T23:03:00.000Z;Aschaffenburg Süd;RB;RB 88;88;23335;8000619;8000619%2021-12-24T23:03:00.000Z%,8004558,8005794,8003334,8004560,8002287,8001848,8006538,8003337,8003573,8003324,8000640,;426
2021-12-25T00:04:00.000Z;Aschaffenburg Süd;RB;RB 88;88;23337;8000619;8000619%2021-12-25T00:04:00.000Z%,8004558,8005794,8003334,8004560,8002287,8001848,8006538,8003337,8003573,8003324,8000640,;426
2021-12-25T05:47:00.000Z;Aschaffenburg Süd;RB;RB 88;88;23304;8000619;8000619%2021-12-25T05:47:00.000Z%,8000618,8000010,;426
2021-12-25T06:22:00.000Z;Aschaffenburg Süd;RE;RE 87;87;4385;8000619;8000619%2021-12-25T06:22:00.000Z%,8004558,8005794,8003334,8004560,8001848,8006538,8003337,8003573,8003324,8000640,8002089,8005028,8001503,8005666,8001964,8002622,8006354,8000231,8005011,8001193,8002177,8004437,8002871,8005827,8000221,8003381,8000724,8003045,8003873,8001754,8006269,8003572,8004412,8005433,8001014,8005179,8006145,8005297,8000067,;602
2021-12-25T06:54:00.000Z;Aschaffenburg Süd;RB;RB 88;88;23308;8000619;8000619%2021-12-25T06:54:00.000Z%,8000618,8000010,;426
2021-12-25T07:29:00.000Z;Aschaffenburg Süd;RE;RE 87;87;23396;8000619;8000619%2021-12-25T07:29:00.000Z%,8000010,;602
2021-12-25T07:59:00.000Z;Aschaffenburg Süd;RB;RB 88;88;23307;8000619;8000619%2021-12-25T07:59:00.000Z%,8004558,8005794,8003334,8004560,8002287,8001848,8006538,8003337,8003573,8003324,8000640,;426
2021-12-25T08:00:00.000Z;Aschaffenburg Süd;RB;RB 88;88;23310;8000619;8000619%2021-12-25T08:00:00.000Z%,8000618,8000010,;426
2021-12-25T08:59:00.000Z;Aschaffenburg Süd;RB;RB 88;88;23309;8000619;8000619%2021-12-25T08:59:00.000Z%,8004558,8005794,8003334,8004560,8002287,8001848,8006538,8003337,8003573,8003324,8000640,;426
2021-12-25T09:00:00.000Z;Aschaffenburg Süd;RB;RB 88;88;23312;8000619;8000619%2021-12-25T09:00:00.000Z%,8000618,8000010,;426
2021-12-25T09:59:00.000Z;Aschaffenburg Süd;RB;RB 88;88;23311;8000619;8000619%2021-12-25T09:59:00.000Z%,8004558,8005794,8003334,8004560,8002287,8001848,8006538,8003337,8003573,8003324,8000640,;426
2021-12-25T10:00:00.000Z;Aschaffenburg Süd;RB;RB 88;88;23314;8000619;8000619%2021-12-25T10:00:00.000Z%,8000618,8000010,;426
2021-12-25T10:59:00.000Z;Aschaffenburg Süd;RB;RB 88;88;23313;8000619;8000619%2021-12-25T10:59:00.000Z%,8004558,8005794,8003334,8004560,8002287,8001848,8006538,8003337,8003573,8003324,8000640,;426
2021-12-25T11:00:00.000Z;Aschaffenburg Süd;RB;RB 88;88;23316;8000619;8000619%2021-12-25T11:00:00.000Z%,8000618,8000010,;426
2021-12-25T11:59:00.000Z;Aschaffenburg Süd;RB;RB 88;88;23315;8000619;8000619%2021-12-25T11:59:00.000Z%,8004558,8005794,8003334,8004560,8002287,8001848,8006538,8003337,8003573,8003324,8000640,;426
2021-12-25T12:00:00.000Z;Aschaffenburg Süd;RB;RB 88;88;23318;8000619;8000619%2021-12-25T12:00:00.000Z%,8000618,8000010,;426
2021-12-25T12:59:00.000Z;Aschaffenburg Süd;RB;RB 88;88;23317;8000619;8000619%2021-12-25T12:59:00.000Z%,8004558,8005794,8003334,8004560,8002287,8001848,8006538,8003337,8003573,8003324,8000640,;426
2021-12-25T13:00:00.000Z;Aschaffenburg Süd;RB;RB 88;88;23320;8000619;8000619%2021-12-25T13:00:00.000Z%,8000618,8000010,;426
2021-12-25T13:59:00.000Z;Aschaffenburg Süd;RB;RB 88;88;23319;8000619;8000619%2021-12-25T13:59:00.000Z%,8004558,8005794,8003334,8004560,8002287,8001848,8006538,8003337,8003573,8003324,8000640,;426
2021-12-25T14:00:00.000Z;Aschaffenburg Süd;RB;RB 88;88;23322;8000619;8000619%2021-12-25T14:00:00.000Z%,8000618,8000010,;426
2021-12-25T14:59:00.000Z;Aschaffenburg Süd;RB;RB 88;88;23321;8000619;8000619%2021-12-25T14:59:00.000Z%,8004558,8005794,8003334,8004560,8002287,8001848,8006538,8003337,8003573,8003324,8000640,;426
2021-12-25T15:00:00.000Z;Aschaffenburg Süd;RB;RB 88;88;23324;8000619;8000619%2021-12-25T15:00:00.000Z%,8000618,8000010,;426
2021-12-25T15:59:00.000Z;Aschaffenburg Süd;RB;RB 88;88;23323;8000619;8000619%2021-12-25T15:59:00.000Z%,8004558,8005794,8003334,8004560,8002287,8001848,8006538,8003337,8003573,8003324,8000640,;426
2021-12-25T16:00:00.000Z;Aschaffenburg Süd;RB;RB 88;88;23326;8000619;8000619%2021-12-25T16:00:00.000Z%,8000618,8000010,;426
2021-12-25T16:59:00.000Z;Aschaffenburg Süd;RB;RB 88;88;23325;8000619;8000619%2021-12-25T16:59:00.000Z%,8004558,8005794,8003334,8004560,8002287,8001848,8006538,8003337,8003573,8003324,8000640,;426
2021-12-25T17:00:00.000Z;Aschaffenburg Süd;RB;RB 88;88;23328;8000619;8000619%2021-12-25T17:00:00.000Z%,8000618,8000010,;426
2021-12-25T17:59:00.000Z;Aschaffenburg Süd;RB;RB 88;88;23327;8000619;8000619%2021-12-25T17:59:00.000Z%,8004558,8005794,8003334,8004560,8002287,8001848,8006538,8003337,8003573,8003324,8000640,;426
2021-12-25T18:00:00.000Z;Aschaffenburg Süd;RB;RB 88;88;23330;8000619;8000619%2021-12-25T18:00:00.000Z%,8000618,8000010,;426
2021-12-25T18:59:00.000Z;Aschaffenburg Süd;RB;RB 88;88;23329;8000619;8000619%2021-12-25T18:59:00.000Z%,8004558,8005794,8003334,8004560,8002287,8001848,8006538,8003337,8003573,8003324,8000640,;426
2021-12-25T19:59:00.000Z;Aschaffenburg Süd;RB;RB 88;88;23331;8000619;8000619%2021-12-25T19:59:00.000Z%,8004558,8005794,8003334,8004560,8002287,8001848,8006538,8003337,8003573,8003324,8000640,8001148,8006274,8000575,;426
2021-12-25T20:00:00.000Z;Aschaffenburg Süd;RB;RB 88;88;23334;8000619;8000619%2021-12-25T20:00:00.000Z%,8000618,8000010,;426
2021-12-24T20:46:00.000Z;Bohmte;RE;RE 9;9;14068;8001071;8001071%2021-12-24T20:46:00.000Z%0,8003632,8001443,8000807,8005929,8000354,8005809,8003292,8000050,;602
2021-12-24T21:11:00.000Z;Bohmte;RE;RE 9;9;4467;8001071;8001071%2021-12-24T21:14:00.000Z%3,8000294,;602
2021-12-24T21:46:00.000Z;Bohmte;RE;RE 9;9;14070;8001071;8001071%2021-12-24T21:46:00.000Z%,8003632,8001443,8000807,8005929,8000354,8005809,8003292,8000050,;602
2021-12-24T22:11:00.000Z;Bohmte;RE;RE 9;9;14071;8001071;8001071%2021-12-24T22:11:00.000Z%,8000294,;602
2021-12-24T22:46:00.000Z;Bohmte;RE;RE 9;9;14072;8001071;8001071%2021-12-24T22:46:00.000Z%,8003632,8001443,8000807,8005929,8000354,8005809,8003292,8000050,;602
2021-12-24T23:19:00.000Z;Bohmte;RE;RE 9;9;14073;8001071;8001071%2021-12-24T23:19:00.000Z%,8000294,;602
2021-12-25T05:46:00.000Z;Bohmte;RE;RE 9;9;14052;8001071;8001071%2021-12-25T05:46:00.000Z%,8003632,8001443,8000807,8005929,8000354,8005809,8003292,8000050,;602
2021-12-25T06:11:00.000Z;Bohmte;RE;RE 9;9;14055;8001071;8001071%2021-12-25T06:11:00.000Z%,8000294,;602
2021-12-25T06:46:00.000Z;Bohmte;RE;RE 9;9;4452;8001071;8001071%2021-12-25T06:46:00.000Z%,8003632,8001443,8000807,8005929,8000354,8005809,8003292,8000050,8004702,8000051,8001168,;602
2021-12-25T07:11:00.000Z;Bohmte;RE;RE 9;9;4453;8001071;8001071%2021-12-25T07:11:00.000Z%,8000294,;602
2021-12-25T07:46:00.000Z;Bohmte;RE;RE 9;9;14054;8001071;8001071%2021-12-25T07:46:00.000Z%,8003632,8001443,8000807,8005929,8000354,8005809,8003292,8000050,;602
2021-12-25T08:11:00.000Z;Bohmte;RE;RE 9;9;14057;8001071;8001071%2021-12-25T08:11:00.000Z%,8000294,;602
2021-12-25T08:46:00.000Z;Bohmte;RE;RE 9;9;4454;8001071;8001071%2021-12-25T08:46:00.000Z%,8003632,8001443,8000807,8005929,8000354,8005809,8003292,8000050,8004702,8000051,8001168,;602
2021-12-25T09:11:00.000Z;Bohmte;RE;RE 9;9;4455;8001071;8001071%2021-12-25T09:11:00.000Z%,8000294,;602
2021-12-25T09:46:00.000Z;Bohmte;RE;RE 9;9;14056;8001071;8001071%2021-12-25T09:46:00.000Z%,8003632,8001443,8000807,8005929,8000354,8005809,8003292,8000050,;602
2021-12-25T10:11:00.000Z;Bohmte;RE;RE 9;9;14059;8001071;8001071%2021-12-25T10:11:00.000Z%,8000294,;602
2021-12-25T10:46:00.000Z;Bohmte;RE;RE 9;9;4456;8001071;8001071%2021-12-25T10:46:00.000Z%,8003632,8001443,8000807,8005929,8000354,8005809,8003292,8000050,8004702,8000051,8001168,;602
2021-12-25T11:11:00.000Z;Bohmte;RE;RE 9;9;4457;8001071;8001071%2021-12-25T11:11:00.000Z%,8000294,;602
2021-12-25T11:46:00.000Z;Bohmte;RE;RE 9;9;14058;8001071;8001071%2021-12-25T11:46:00.000Z%,8003632,8001443,8000807,8005929,8000354,8005809,8003292,8000050,;602
2021-12-25T12:11:00.000Z;Bohmte;RE;RE 9;9;14061;8001071;8001071%2021-12-25T12:11:00.000Z%,8000294,;602
2021-12-25T12:46:00.000Z;Bohmte;RE;RE 9;9;4458;8001071;8001071%2021-12-25T12:46:00.000Z%,8003632,8001443,8000807,8005929,8000354,8005809,8003292,8000050,8004702,8000051,8001168,;602
2021-12-25T13:11:00.000Z;Bohmte;RE;RE 9;9;4459;8001071;8001071%2021-12-25T13:11:00.000Z%,8000294,;602
2021-12-25T13:46:00.000Z;Bohmte;RE;RE 9;9;14060;8001071;8001071%2021-12-25T13:46:00.000Z%,8003632,8001443,8000807,8005929,8000354,8005809,8003292,8000050,;602
2021-12-25T14:11:00.000Z;Bohmte;RE;RE 9;9;14063;8001071;8001071%2021-12-25T14:11:00.000Z%,8000294,;602
2021-12-25T14:46:00.000Z;Bohmte;RE;RE 9;9;4460;8001071;8001071%2021-12-25T14:46:00.000Z%,8003632,8001443,8000807,8005929,8000354,8005809,8003292,8000050,8004702,8000051,8001168,;602
2021-12-25T15:11:00.000Z;Bohmte;RE;RE 9;9;4461;8001071;8001071%2021-12-25T15:11:00.000Z%,8000294,;602
2021-12-25T15:46:00.000Z;Bohmte;RE;RE 9;9;14062;8001071;8001071%2021-12-25T15:46:00.000Z%,8003632,8001443,8000807,8005929,8000354,8005809,8003292,8000050,;602
2021-12-25T16:11:00.000Z;Bohmte;RE;RE 9;9;14065;8001071;8001071%2021-12-25T16:11:00.000Z%,8000294,;602
2021-12-25T16:46:00.000Z;Bohmte;RE;RE 9;9;4462;8001071;8001071%2021-12-25T16:46:00.000Z%,8003632,8001443,8000807,8005929,8000354,8005809,8003292,8000050,8004702,8000051,8001168,;602
2021-12-25T17:11:00.000Z;Bohmte;RE;RE 9;9;4463;8001071;8001071%2021-12-25T17:11:00.000Z%,8000294,;602
2021-12-25T17:46:00.000Z;Bohmte;RE;RE 9;9;14064;8001071;8001071%2021-12-25T17:46:00.000Z%,8003632,8001443,8000807,8005929,8000354,8005809,8003292,8000050,;602
2021-12-25T18:11:00.000Z;Bohmte;RE;RE 9;9;14067;8001071;8001071%2021-12-25T18:11:00.000Z%,8000294,;602
2021-12-25T18:46:00.000Z;Bohmte;RE;RE 9;9;4464;8001071;8001071%2021-12-25T18:46:00.000Z%,8003632,8001443,8000807,8005929,8000354,8005809,8003292,8000050,8004702,8000051,8001168,;602
2021-12-25T19:11:00.000Z;Bohmte;RE;RE 9;9;4465;8001071;8001071%2021-12-25T19:11:00.000Z%,8000294,;602
2021-12-25T19:46:00.000Z;Bohmte;RE;RE 9;9;14066;8001071;8001071%2021-12-25T19:46:00.000Z%,8003632,8001443,8000807,8005929,8000354,8005809,8003292,8000050,;602
2021-12-25T20:11:00.000Z;Bohmte;RE;RE 9;9;14069;8001071;8001071%2021-12-25T20:11:00.000Z%,8000294,;602
2021-12-24T20:28:00.000Z;Bonn UN Campus;RB;RB 26;26;25438;8001091;8001091%2021-12-24T20:28:00.000Z%0,8000044,8005152,8005499,8001215,8003160,8003361,8003363,8000207,8003368,;426
2021-12-24T20:30:00.000Z;Bonn UN Campus;RB;RB 26;26;25441;8001091;8001091%2021-12-24T20:30:00.000Z%0,8001082,8001085,8005153,8004604,8000310,8005580,8000694,8001186,8004200,8000331,8006303,8006035,8003352,8003341,8000206,8005070,8005622,8000045,8000742,8002861,8005645,8004601,8000683,8004379,8005896,8000039,;426
2021-12-24T20:50:00.000Z;Bonn UN Campus;RB;RB 48;48;32486;8001091;8001091%2021-12-24T20:50:00.000Z%0,8000044,8005152,8005499,8001215,8003160,8003361,8003363,8000207,8003368,8000209,8003669,8000853,8003616,8000087,;426
2021-12-24T20:51:00.000Z;Bonn UN Campus;RB;RB 30;30;10880;8001091;8001091%2021-12-24T20:51:00.000Z%0,8001082,8001085,8004604,8000310,;426
2021-12-24T20:59:00.000Z;Bonn UN Campus;RE;RE 5;5;28533;8001091;8001091%2021-12-24T20:59:00.000Z%0,8001082,8004604,8000310,8005580,8000694,8000331,8003341,8000206,;602
2021-12-24T20:59:00.000Z;Bonn UN Campus;RE;RE 5;5;28536;8001091;8001091%2021-12-24T20:59:00.000Z%0,8000044,8001215,8003361,8000207,8003368,8000209,8006713,8001584,8000085,8000082,8000086,;602
2021-12-24T21:11:00.000Z;Bonn UN Campus;RB;RB 48;48;32487;8001091;8001091%2021-12-24T21:11:00.000Z%0,8001082,8001085,;426
2021-12-24T21:28:00.000Z;Bonn UN Campus;RB;RB 26;26;25440;8001091;8001091%2021-12-24T21:28:00.000Z%0,8000044,8005152,8005499,8001215,8003160,8003361,8003363,8000207,8003368,;426
2021-12-24T21:30:00.000Z;Bonn UN Campus;RB;RB 26;26;25443;8001091;8001091%2021-12-24T21:30:00.000Z%0,8001082,8001085,8005153,8004604,8000310,8005580,8000694,8001186,8004200,8000331,8006303,8006035,8003352,8003341,8000206,8005070,8005622,8000045,8000742,8002861,8005645,8004601,8000683,8004379,8005896,8000039,;426
2021-12-24T21:50:00.000Z;Bonn UN Campus;RB;RB 48;48;32490;8001091;8001091%2021-12-24T21:50:00.000Z%,8000044,8005152,8005499,8001215,8003160,8003361,8003363,8000207,8003368,8000209,8003669,8000853,8003616,8000087,;426
2021-12-24T21:59:00.000Z;Bonn UN Campus;RE;RE 5;5;28535;8001091;8001091%2021-12-24T21:59:00.000Z%0,8001082,8004604,8000310,8005580,8000694,8000331,8003341,8000206,;602
2021-12-24T21:59:00.000Z;Bonn UN Campus;RE;RE 5;5;28538;8001091;8001091%2021-12-24T21:59:00.000Z%0,8000044,8001215,8003361,8000207,8003368,;602
2021-12-24T22:10:00.000Z;Bonn UN Campus;RB;RB 48;48;32491;8001091;8001091%2021-12-24T22:10:00.000Z%0,8001082,8001085,;426
2021-12-24T22:28:00.000Z;Bonn UN Campus;RB;RB 26;26;25442;8001091;8001091%2021-12-24T22:28:00.000Z%0,8000044,8005152,8005499,8001215,8003160,8003361,8003363,8000207,8003368,8003330,;426
2021-12-24T22:30:00.000Z;Bonn UN Campus;RB;RB 26;26;25445;8001091;8001091%2021-12-24T22:30:00.000Z%0,8001082,8001085,8005153,8004604,8000310,8005580,8000694,8001186,8004200,8000331,8006303,8006035,8003352,8003341,8000206,;426
2021-12-24T22:50:00.000Z;Bonn UN Campus;RB;RB 48;48;32494;8001091;8001091%2021-12-24T22:50:00.000Z%,8000044,8005152,8005499,8001215,8003160,8003361,8003363,8000207,;426
2021-12-24T23:11:00.000Z;Bonn UN Campus;RB;RB 48;48;32495;8001091;8001091%2021-12-24T23:11:00.000Z%,8001082,8001085,;426
2021-12-24T23:28:00.000Z;Bonn UN Campus;RB;RB 26;26;25444;8001091;8001091%2021-12-24T23:28:00.000Z%0,8000044,8005152,8005499,8001215,8003160,8003361,8003363,8000207,8003368,8003330,;426
2021-12-24T23:30:00.000Z;Bonn UN Campus;RB;RB 26;26;25447;8001091;8001091%2021-12-24T23:30:00.000Z%0,8001082,8001085,8005153,8004604,8000310,8005580,8000694,8001186,8004200,8000331,8006303,8006035,8003352,8003341,8000206,;426
2021-12-24T23:50:00.000Z;Bonn UN Campus;RB;RB 48;48;32498;8001091;8001091%2021-12-24T23:50:00.000Z%,8000044,8005152,8005499,8001215,8003160,8003361,8003363,8000207,;426
2021-12-25T00:11:00.000Z;Bonn UN Campus;RB;RB 48;48;32499;8001091;8001091%2021-12-25T00:11:00.000Z%,8001082,8001085,;426
2021-12-25T00:28:00.000Z;Bonn UN Campus;RB;RB 26;26;25446;8001091;8001091%2021-12-25T00:28:00.000Z%0,8000044,8005152,8005499,8001215,8003160,8003361,8003363,8000207,8003368,8003330,;426
2021-12-25T00:29:00.000Z;Bonn UN Campus;RB;RB 26;26;25401;8001091;8001091%2021-12-25T00:30:00.000Z%1,8001082,8001085,8005153,8004604,8000310,8005580,8000694,8001186,8004200,8000331,8006303,8006035,8003352,8003341,8000206,;426
2021-12-25T00:50:00.000Z;Bonn UN Campus;RB;RB 48;48;32502;8001091;8001091%2021-12-25T00:50:00.000Z%,8000044,8005152,8005499,8001215,8003160,8003361,8003363,8000207,;426
2021-12-25T01:11:00.000Z;Bonn UN Campus;RB;RB 48;48;32503;8001091;8001091%2021-12-25T01:11:00.000Z%,8001082,8001085,;426
2021-12-25T04:30:00.000Z;Bonn UN Campus;RB;RB 26;26;25399;8001091;8001091%2021-12-25T04:30:00.000Z%,8001082,8001085,8005153,8004604,8000310,8005580,8000694,8001186,8004200,8000331,8006303,8006035,8003352,8003341,8000206,8005070,8005622,8000045,8000742,8002861,8005645,8004601,8000683,8004379,8005896,8000039,8000976,8000975,8000375,8003075,8002692,8005950,8001237,8003821,8000240,;426
2021-12-25T05:28:00.000Z;Bonn UN Campus;RB;RB 26;26;25408;8001091;8001091%2021-12-25T05:28:00.000Z%,8000044,8005152,8005499,8001215,8003160,8003361,8003363,8000207,8003368,;426
2021-12-25T05:30:00.000Z;Bonn UN Campus;RB;RB 26;26;25351;8001091;8001091%2021-12-25T05:30:00.000Z%,8001082,8001085,8005153,8004604,8000310,8005580,8000694,8001186,8004200,8000331,8006303,8006035,8003352,8003341,8000206,8005070,8005622,8000045,8000742,8002861,8005645,8004601,8000683,8004379,8005896,8000039,8000976,8000975,8000375,8003075,8002692,8005950,8001237,8003821,8000240,;426
2021-12-25T06:28:00.000Z;Bonn UN Campus;RB;RB 26;26;25410;8001091;8001091%2021-12-25T06:28:00.000Z%,8000044,8005152,8005499,8001215,8003160,8003361,8003363,8000207,8003368,;426
2021-12-25T06:30:00.000Z;Bonn UN Campus;RB;RB 26;26;25353;8001091;8001091%2021-12-25T06:30:00.000Z%,8001082,8001085,8005153,8004604,8000310,8005580,8000694,8001186,8004200,8000331,8006303,8006035,8003352,8003341,8000206,8005070,8005622,8000045,8000742,8002861,8005645,8004601,8000683,8004379,8005896,8000039,8000976,8000975,8000375,8003075,8002692,8005950,8001237,8003821,8000240,;426
2021-12-25T06:50:00.000Z;Bonn UN Campus;RB;RB 48;48;32422;8001091;8001091%2021-12-25T06:50:00.000Z%,8000044,8005152,8005499,8001215,8003160,8003361,8003363,8000207,;426
2021-12-25T06:59:00.000Z;Bonn UN Campus;RE;RE 5;5;28508;8001091;8001091%2021-12-25T06:59:00.000Z%,8000044,8001215,8003361,8000207,8003368,8000209,8006713,8001584,8000085,8000082,8000086,8000286,8004542,8001469,8006098,8000242,;602
2021-12-25T06:59:00.000Z;Bonn UN Campus;RE;RE 5;5;28539;8001091;8001091%2021-12-25T06:59:00.000Z%,8001082,8004604,8000310,8005580,8000694,8000331,8003341,8000206,;602
2021-12-25T07:09:00.000Z;Bonn UN Campus;RB;RB 30;30;10855;8001091;8001091%2021-12-25T07:09:00.000Z%,8000044,;426
2021-12-25T07:11:00.000Z;Bonn UN Campus;RB;RB 48;48;32419;8001091;8001091%2021-12-25T07:11:00.000Z%,8001082,8001085,;426
2021-12-25T07:28:00.000Z;Bonn UN Campus;RB;RB 26;26;25412;8001091;8001091%2021-12-25T07:28:00.000Z%,8000044,8005152,8005499,8001215,8003160,8003361,8003363,8000207,8003368,;426
2021-12-25T07:30:00.000Z;Bonn UN Campus;RB;RB 26;26;25415;8001091;8001091%2021-12-25T07:30:00.000Z%,8001082,8001085,8005153,8004604,8000310,8005580,8000694,8001186,8004200,8000331,8006303,8006035,8003352,8003341,8000206,8005070,8005622,8000045,8000742,8002861,8005645,8004601,8000683,8004379,8005896,8000039,8000976,8000975,8000375,8003075,8002692,8005950,8001237,8003821,8000240,;426
2021-12-25T07:50:00.000Z;Bonn UN Campus;RB;RB 48;48;32428;8001091;8001091%2021-12-25T07:50:00.000Z%,8000044,8005152,8005499,8001215,8003160,8003361,8003363,8000207,;426
2021-12-25T07:51:00.000Z;Bonn UN Campus;RB;RB 30;30;10854;8001091;8001091%2021-12-25T07:51:00.000Z%,8001082,8001085,8004604,8000310,8001049,8002711,8000729,8000448,8000449,8006191,;426
2021-12-25T07:59:00.000Z;Bonn UN Campus;RE;RE 5;5;28507;8001091;8001091%2021-12-25T07:59:00.000Z%,8001082,8004604,8000310,8005580,8000694,8000331,8003341,8000206,;602
2021-12-25T07:59:00.000Z;Bonn UN Campus;RE;RE 5;5;28510;8001091;8001091%2021-12-25T07:59:00.000Z%,8000044,8001215,8003361,8000207,8003368,8000209,8006713,8001584,8000085,8000082,8000086,8000286,8004542,8004540,8001469,8006098,8002109,8000242,;602
2021-12-25T08:09:00.000Z;Bonn UN Campus;RB;RB 30;30;10857;8001091;8001091%2021-12-25T08:09:00.000Z%,8000044,;426
2021-12-25T08:11:00.000Z;Bonn UN Campus;RB;RB 48;48;32425;8001091;8001091%2021-12-25T08:11:00.000Z%,8001082,8001085,;426
2021-12-25T08:28:00.000Z;Bonn UN Campus;RB;RB 26;26;25414;8001091;8001091%2021-12-25T08:28:00.000Z%,8000044,8005152,8005499,8001215,8003160,8003361,8003363,8000207,8003368,;426
2021-12-25T08:30:00.000Z;Bonn UN Campus;RB;RB 26;26;25417;8001091;8001091%2021-12-25T08:30:00.000Z%,8001082,8001085,8005153,8004604,8000310,8005580,8000694,8001186,8004200,8000331,8006303,8006035,8003352,8003341,8000206,8005070,8005622,8000045,8000742,8002861,8005645,8004601,8000683,8004379,8005896,8000039,8000976,8000975,8000375,8003075,8002692,8005950,8001237,8003821,8000240,;426
2021-12-25T08:50:00.000Z;Bonn UN Campus;RB;RB 48;48;32434;8001091;8001091%2021-12-25T08:50:00.000Z%,8000044,8005152,8005499,8001215,8003160,8003361,8003363,8000207,;426
2021-12-25T08:51:00.000Z;Bonn UN Campus;RB;RB 30;30;10856;8001091;8001091%2021-12-25T08:51:00.000Z%,8001082,8001085,8004604,8000310,8001049,8002711,8000729,8000448,8000449,8006191,;426
2021-12-25T08:59:00.000Z;Bonn UN Campus;RE;RE 5;5;28509;8001091;8001091%2021-12-25T08:59:00.000Z%,8001082,8004604,8000310,8005580,8000694,8000331,8003341,8000206,;602
2021-12-25T08:59:00.000Z;Bonn UN Campus;RE;RE 5;5;28512;8001091;8001091%2021-12-25T08:59:00.000Z%,8000044,8001215,8003361,8000207,8003368,8000209,8006713,8001584,8000085,8000082,8000086,8000286,8004542,8001469,8006098,8000242,;602
2021-12-25T09:09:00.000Z;Bonn UN Campus;RB;RB 30;30;10859;8001091;8001091%2021-12-25T09:09:00.000Z%,8000044,;426
2021-12-25T09:11:00.000Z;Bonn UN Campus;RB;RB 48;48;32431;8001091;8001091%2021-12-25T09:11:00.000Z%,8001082,8001085,;426
2021-12-25T09:30:00.000Z;Bonn UN Campus;RB;RB 26;26;25419;8001091;8001091%2021-12-25T09:30:00.000Z%,8001082,8001085,8005153,8004604,8000310,8005580,8000694,8001186,8004200,8000331,8006303,8006035,8003352,8003341,8000206,8005070,8005622,8000045,8000742,8002861,8005645,8004601,8000683,8004379,8005896,8000039,8000976,8000975,8000375,8003075,8002692,8005950,8001237,8003821,8000240,;426
2021-12-25T09:31:00.000Z;Bonn UN Campus;RB;RB 26;26;25416;8001091;8001091%2021-12-25T09:31:00.000Z%,8000044,8005152,8005499,8001215,8003160,8003361,8003363,8000207,8003368,;426
2021-12-25T09:50:00.000Z;Bonn UN Campus;RB;RB 48;48;32440;8001091;8001091%2021-12-25T09:50:00.000Z%,8000044,8005152,8005499,8001215,8003160,8003361,8003363,8000207,;426
2021-12-25T09:51:00.000Z;Bonn UN Campus;RB;RB 30;30;10858;8001091;8001091%2021-12-25T09:51:00.000Z%,8001082,8001085,8004604,8000310,8001049,8002711,8000729,8000448,8000449,8006191,;426
2021-12-25T09:59:00.000Z;Bonn UN Campus;RE;RE 5;5;28511;8001091;8001091%2021-12-25T09:59:00.000Z%,8001082,8004604,8000310,8005580,8000694,8000331,8003341,8000206,;602
2021-12-25T09:59:00.000Z;Bonn UN Campus;RE;RE 5;5;28514;8001091;8001091%2021-12-25T09:59:00.000Z%,8000044,8001215,8003361,8000207,8003368,8000209,8006713,8001584,8000085,8000082,8000086,8000286,8004542,8004540,8001469,8006098,8002109,8000242,;602
2021-12-25T10:09:00.000Z;Bonn UN Campus;RB;RB 30;30;10861;8001091;8001091%2021-12-25T10:09:00.000Z%,8000044,;426
2021-12-25T10:11:00.000Z;Bonn UN Campus;RB;RB 48;48;32437;8001091;8001091%2021-12-25T10:11:00.000Z%,8001082,8001085,;426
2021-12-25T10:28:00.000Z;Bonn UN Campus;RB;RB 26;26;25418;8001091;8001091%2021-12-25T10:28:00.000Z%,8000044,8005152,8005499,8001215,8003160,8003361,8003363,8000207,8003368,;426
2021-12-25T10:30:00.000Z;Bonn UN Campus;RB;RB 26;26;25421;8001091;8001091%2021-12-25T10:30:00.000Z%,8001082,8001085,8005153,8004604,8000310,8005580,8000694,8001186,8004200,8000331,8006303,8006035,8003352,8003341,8000206,8005070,8005622,8000045,8000742,8002861,8005645,8004601,8000683,8004379,8005896,8000039,8000976,8000975,8000375,8003075,8002692,8005950,8001237,8003821,8000240,;426
2021-12-25T10:50:00.000Z;Bonn UN Campus;RB;RB 48;48;32446;8001091;8001091%2021-12-25T10:50:00.000Z%,8000044,8005152,8005499,8001215,8003160,8003361,8003363,8000207,;426
2021-12-25T10:51:00.000Z;Bonn UN Campus;RB;RB 30;30;10860;8001091;8001091%2021-12-25T10:51:00.000Z%,8001082,8001085,8004604,8000310,8001049,8002711,8000729,8000448,8000449,8006191,;426
2021-12-25T10:59:00.000Z;Bonn UN Campus;RE;RE 5;5;28513;8001091;8001091%2021-12-25T10:59:00.000Z%,8001082,8004604,8000310,8005580,8000694,8000331,8003341,8000206,;602
2021-12-25T10:59:00.000Z;Bonn UN Campus;RE;RE 5;5;28516;8001091;8001091%2021-12-25T10:59:00.000Z%,8000044,8001215,8003361,8000207,8003368,8000209,8006713,8001584,8000085,8000082,8000086,8000286,8004542,8001469,8006098,8000242,;602
2021-12-25T11:09:00.000Z;Bonn UN Campus;RB;RB 30;30;10863;8001091;8001091%2021-12-25T11:09:00.000Z%,8000044,;426
2021-12-25T11:11:00.000Z;Bonn UN Campus;RB;RB 48;48;32443;8001091;8001091%2021-12-25T11:11:00.000Z%,8001082,8001085,;426
2021-12-25T11:28:00.000Z;Bonn UN Campus;RB;RB 26;26;25420;8001091;8001091%2021-12-25T11:28:00.000Z%,8000044,8005152,8005499,8001215,8003160,8003361,8003363,8000207,8003368,;426
2021-12-25T11:30:00.000Z;Bonn UN Campus;RB;RB 26;26;25423;8001091;8001091%2021-12-25T11:30:00.000Z%,8001082,8001085,8005153,8004604,8000310,8005580,8000694,8001186,8004200,8000331,8006303,8006035,8003352,8003341,8000206,8005070,8005622,8000045,8000742,8002861,8005645,8004601,8000683,8004379,8005896,8000039,8000976,8000975,8000375,8003075,8002692,8005950,8001237,8003821,8000240,;426
2021-12-25T11:50:00.000Z;Bonn UN Campus;RB;RB 48;48;32450;8001091;8001091%2021-12-25T11:50:00.000Z%,8000044,8005152,8005499,8001215,8003160,8003361,8003363,8000207,8003368,8000209,8003669,8000853,8003616,8000087,8002490,8000138,8006718,8000266,8006596,8006719,;426
2021-12-25T11:51:00.000Z;Bonn UN Campus;RB;RB 30;30;10862;8001091;8001091%2021-12-25T11:51:00.000Z%,8001082,8001085,8004604,8000310,8001049,8002711,8000729,8000448,8000449,8006191,;426
2021-12-25T11:59:00.000Z;Bonn UN Campus;RE;RE 5;5;28515;8001091;8001091%2021-12-25T11:59:00.000Z%,8001082,8004604,8000310,8005580,8000694,8000331,8003341,8000206,;602
2021-12-25T11:59:00.000Z;Bonn UN Campus;RE;RE 5;5;28518;8001091;8001091%2021-12-25T11:59:00.000Z%,8000044,8001215,8003361,8000207,8003368,8000209,8006713,8001584,8000085,8000082,8000086,8000286,8004542,8004540,8001469,8006098,8002109,8000242,;602
2021-12-25T12:09:00.000Z;Bonn UN Campus;RB;RB 30;30;10865;8001091;8001091%2021-12-25T12:09:00.000Z%,8000044,;426
2021-12-25T12:11:00.000Z;Bonn UN Campus;RB;RB 48;48;32449;8001091;8001091%2021-12-25T12:11:00.000Z%,8001082,8001085,;426
2021-12-25T12:28:00.000Z;Bonn UN Campus;RB;RB 26;26;25422;8001091;8001091%2021-12-25T12:28:00.000Z%,8000044,8005152,8005499,8001215,8003160,8003361,8003363,8000207,8003368,;426
2021-12-25T12:31:00.000Z;Bonn UN Campus;RB;RB 26;26;25425;8001091;8001091%2021-12-25T12:31:00.000Z%,8001082,8001085,8005153,8004604,8000310,8005580,8000694,8001186,8004200,8000331,8006303,8006035,8003352,8003341,8000206,8005070,8005622,8000045,8000742,8002861,8005645,8004601,8000683,8004379,8005896,8000039,8000976,8000975,8000375,8003075,8002692,8005950,8001237,8003821,8000240,;426
2021-12-25T12:50:00.000Z;Bonn UN Campus;RB;RB 48;48;32454;8001091;8001091%2021-12-25T12:50:00.000Z%,8000044,8005152,8005499,8001215,8003160,8003361,8003363,8000207,8003368,8000209,8003669,8000853,8003616,8000087,8002490,8000138,8006718,8000266,8006596,8006719,;426
2021-12-25T12:51:00.000Z;Bonn UN Campus;RB;RB 30;30;10864;8001091;8001091%2021-12-25T12:51:00.000Z%,8001082,8001085,8004604,8000310,8001049,8002711,8000729,8000448,8000449,8006191,;426
2021-12-25T12:59:00.000Z;Bonn UN Campus;RE;RE 5;5;28520;8001091;8001091%2021-12-25T12:59:00.000Z%,8000044,8001215,8003361,8000207,8003368,8000209,8006713,8001584,8000085,8000082,8000086,8000286,8004542,8001469,8006098,8000242,;602
2021-12-25T12:59:00.000Z;Bonn UN Campus;RE;RE 5;5;28517;8001091;8001091%2021-12-25T12:59:00.000Z%,8001082,8004604,8000310,8005580,8000694,8000331,8003341,8000206,;602
2021-12-25T13:09:00.000Z;Bonn UN Campus;RB;RB 30;30;10867;8001091;8001091%2021-12-25T13:09:00.000Z%,8000044,;426
2021-12-25T13:11:00.000Z;Bonn UN Campus;RB;RB 48;48;32455;8001091;8001091%2021-12-25T13:11:00.000Z%,8001082,8001085,;426
2021-12-25T13:29:00.000Z;Bonn UN Campus;RB;RB 26;26;25424;8001091;8001091%2021-12-25T13:29:00.000Z%,8000044,8005152,8005499,8001215,8003160,8003361,8003363,8000207,8003368,;426
2021-12-25T13:30:00.000Z;Bonn UN Campus;RB;RB 26;26;25427;8001091;8001091%2021-12-25T13:30:00.000Z%,8001082,8001085,8005153,8004604,8000310,8005580,8000694,8001186,8004200,8000331,8006303,8006035,8003352,8003341,8000206,8005070,8005622,8000045,8000742,8002861,8005645,8004601,8000683,8004379,8005896,8000039,8000976,8000975,8000375,8003075,8002692,8005950,8001237,8003821,8000240,;426
2021-12-25T13:50:00.000Z;Bonn UN Campus;RB;RB 48;48;32458;8001091;8001091%2021-12-25T13:50:00.000Z%,8000044,8005152,8005499,8001215,8003160,8003361,8003363,8000207,8003368,8000209,8003669,8000853,8003616,8000087,8002490,8000138,8006718,8000266,8006596,8006719,;426
2021-12-25T13:51:00.000Z;Bonn UN Campus;RB;RB 30;30;10866;8001091;8001091%2021-12-25T13:51:00.000Z%,8001082,8001085,8004604,8000310,8001049,8002711,8000729,8000448,8000449,8006191,;426
2021-12-25T13:59:00.000Z;Bonn UN Campus;RE;RE 5;5;28519;8001091;8001091%2021-12-25T13:59:00.000Z%,8001082,8004604,8000310,8005580,8000694,8000331,8003341,8000206,;602
2021-12-25T13:59:00.000Z;Bonn UN Campus;RE;RE 5;5;28522;8001091;8001091%2021-12-25T13:59:00.000Z%,8000044,8001215,8003361,8000207,8003368,8000209,8006713,8001584,8000085,8000082,8000086,8000286,8004542,8004540,8001469,8006098,8002109,8000242,;602
2021-12-24T22:18:00.000Z;Bremen-Sebaldsbrück;RE;RE 1;1;4439;8001164;8001164%2021-12-24T22:20:00.000Z%2,8001160,8000413,8000773,8001924,8000586,8006076,8001489,8001949,8000279,8004322,8000268,8000152,;602
2021-12-24T22:42:00.000Z;Bremen-Sebaldsbrück;RE;RE 8;8;4442;8001164;8001164%2021-12-24T22:42:00.000Z%,8000050,;602
2021-12-24T23:18:00.000Z;Bremen-Sebaldsbrück;RE;RE 8;8;4445;8001164;8001164%2021-12-24T23:18:00.000Z%,8001160,8000413,8000773,8001924,8000586,8006076,8001489,8001949,8000279,8004322,8000268,8000152,;602
2021-12-24T23:42:00.000Z;Bremen-Sebaldsbrück;RE;RE 1;1;4444;8001164;8001164%2021-12-24T23:42:00.000Z%,8000050,;602
2021-12-25T00:42:00.000Z;Bremen-Sebaldsbrück;RE;RE 8;8;4440;8001164;8001164%2021-12-25T00:42:00.000Z%,8000050,;602
2021-12-25T01:13:00.000Z;Bremen-Sebaldsbrück;RE;RE 8;8;4447;8001164;8001164%2021-12-25T01:13:00.000Z%,8001160,8000413,8000773,8001924,8000586,8006076,8001489,8001949,8000279,8003705,8002507,8001713,8004322,8004851,8000268,8000152,;602
2021-12-25T02:45:00.000Z;Bremen-Sebaldsbrück;RE;RE 8;8;4446;8001164;8001164%2021-12-25T02:45:00.000Z%,8000050,;602
2021-12-25T03:13:00.000Z;Bremen-Sebaldsbrück;RE;RE 8;8;4441;8001164;8001164%2021-12-25T03:13:00.000Z%,8001160,8000413,8000773,8001924,8000586,8006076,8001489,8001949,8000279,8004322,8000268,8000152,;602
2021-12-24T20:23:00.000Z;Bremerhaven-Lehe;RE;RE 8;8;4437;8001168;8001168%2021-12-24T20:23:00.000Z%0,8000051,8004702,8000050,8001160,8000413,8006076,8001489,8001949,8000279,8004322,8000268,8000152,;602
2021-12-25T06:23:00.000Z;Bremerhaven-Lehe;RE;RE 8;8;4409;8001168;8001168%2021-12-25T06:23:00.000Z%,8000051,8004702,8000050,8001160,8000413,8006076,8001489,8001949,8000279,8004322,8000268,8000152,;602
2021-12-25T07:23:00.000Z;Bremerhaven-Lehe;RE;RE 9;9;4455;8001168;8001168%2021-12-25T07:23:00.000Z%,8000051,8004702,8000050,8003292,8005809,8000354,8005929,8000807,8001443,8003632,8001071,8000294,;602
2021-12-25T08:23:00.000Z;Bremerhaven-Lehe;RE;RE 8;8;4413;8001168;8001168%2021-12-25T08:23:00.000Z%,8000051,8004702,8000050,8001160,8000413,8006076,8001489,8001949,8000279,8004322,8000268,8000152,;602
2021-12-25T09:04:00.000Z;Bremerhaven-Lehe;IC;IC 2201;35;2201;8001168;8001168%2021-12-25T09:04:00.000Z%,8000051,8004702,8000050,8000294,8000263,8000307,8000192,8000118,8000286,8000086,8000085,8000207,;468
2021-12-25T09:23:00.000Z;Bremerhaven-Lehe;RE;RE 9;9;4457;8001168;8001168%2021-12-25T09:23:00.000Z%,8000051,8004702,8000050,8003292,8005809,8000354,8005929,8000807,8001443,8003632,8001071,8000294,;602
2021-12-25T10:23:00.000Z;Bremerhaven-Lehe;RE;RE 8;8;4417;8001168;8001168%2021-12-25T10:23:00.000Z%,8000051,8004702,8000050,8001160,8000413,8006076,8001489,8001949,8000279,8004322,8000268,8000152,;602
2021-12-25T11:23:00.000Z;Bremerhaven-Lehe;RE;RE 9;9;4459;8001168;8001168%2021-12-25T11:23:00.000Z%,8000051,8004702,8000050,8003292,8005809,8000354,8005929,8000807,8001443,8003632,8001071,8000294,;602
2021-12-25T12:23:00.000Z;Bremerhaven-Lehe;RE;RE 8;8;4421;8001168;8001168%2021-12-25T12:23:00.000Z%,8000051,8004702,8000050,8001160,8000413,8006076,8001489,8001949,8000279,8004322,8000268,8000152,;602
2021-12-25T13:23:00.000Z;Bremerhaven-Lehe;RE;RE 9;9;4461;8001168;8001168%2021-12-25T13:23:00.000Z%,8000051,8004702,8000050,8001157,8003292,8005809,8000354,8005929,8000807,8001443,8003632,8001071,8000294,;602
2021-12-25T14:23:00.000Z;Bremerhaven-Lehe;RE;RE 8;8;4425;8001168;8001168%2021-12-25T14:23:00.000Z%,8000051,8004702,8000050,8001160,8000413,8006076,8001489,8001949,8000279,8004322,8000268,8000152,;602
2021-12-25T15:23:00.000Z;Bremerhaven-Lehe;RE;RE 9;9;4463;8001168;8001168%2021-12-25T15:23:00.000Z%,8000051,8004702,8000050,8003292,8005809,8000354,8005929,8000807,8001443,8003632,8001071,8000294,;602
2021-12-25T16:23:00.000Z;Bremerhaven-Lehe;RE;RE 8;8;4429;8001168;8001168%2021-12-25T16:23:00.000Z%,8000051,8004702,8000050,8001160,8000413,8006076,8001489,8001949,8000279,8004322,8000268,8000152,;602
2021-12-25T17:23:00.000Z;Bremerhaven-Lehe;RE;RE 9;9;4465;8001168;8001168%2021-12-25T17:23:00.000Z%,8000051,8004702,8000050,8003292,8005809,8000354,8005929,8000807,8001443,8003632,8001071,8000294,;602
2021-12-25T18:23:00.000Z;Bremerhaven-Lehe;RE;RE 8;8;4433;8001168;8001168%2021-12-25T18:23:00.000Z%,8000051,8004702,8000050,8001160,8000413,8006076,8001489,8001949,8000279,8004322,8000268,8000152,;602
2021-12-25T19:23:00.000Z;Bremerhaven-Lehe;RE;RE 9;9;4467;8001168;8001168%2021-12-25T19:23:00.000Z%,8000051,8004702,8000050,8003292,8005809,8000354,8005929,8000807,8001443,8003632,8001071,8000294,;602
2021-12-24T21:41:00.000Z;Creidlitz;RE;RE 49;49;59379;8001347;8001347%2021-12-24T21:41:00.000Z%,8002434,8001636,8005391,8000228,;602
2021-12-24T22:31:00.000Z;Creidlitz;RE;RE 49;49;4936;8001347;8001347%2021-12-24T22:32:00.000Z%1,8001338,8001334,8001484,8004633,8005122,8004064,8004325,8013008,;602
2021-12-24T23:21:00.000Z;Creidlitz;RE;RE 49;49;4938;8001347;8001347%2021-12-24T23:21:00.000Z%,8001338,;602
2021-12-25T03:51:00.000Z;Creidlitz;RE;RE 49;49;4939;8001347;8001347%2021-12-25T03:51:00.000Z%,8002434,8001636,8005391,8000228,8005670,8001623,8006634,8001640,8001149,8002542,8000025,8002853,8002024,8001844,8000114,8000284,;602
2021-12-25T04:44:00.000Z;Creidlitz;RE;RE 49;49;59393;8001347;8001347%2021-12-25T04:44:00.000Z%,8002434,8001636,8005391,8000228,8005670,8001623,8006634,8001640,8001149,8002542,8000025,;602
2021-12-25T06:20:00.000Z;Creidlitz;RE;RE 49;49;59396;8001347;8001347%2021-12-25T06:20:00.000Z%,8001338,;602
2021-12-25T06:35:00.000Z;Creidlitz;RE;RE 49;49;59397;8001347;8001347%2021-12-25T06:35:00.000Z%,8002434,8001636,8005391,8000228,8002878,8001289,8003476,8000267,8003887,8005674,8004126,8005466,8002924,;602
2021-12-25T07:18:00.000Z;Creidlitz;RE;RE 49;49;4948;8001347;8001347%2021-12-25T07:18:00.000Z%,8001338,8001334,8001484,8004633,8005122,8004064,8004325,8013008,;602
2021-12-25T12:36:00.000Z;Creidlitz;RE;RE 49;49;4929;8001347;8001347%2021-12-25T12:36:00.000Z%,8002434,8001636,8005391,8000228,8005670,8001149,8000025,8002853,8002024,8001844,8000114,8000284,;602
2021-12-25T13:21:00.000Z;Creidlitz;RE;RE 49;49;4928;8001347;8001347%2021-12-25T13:21:00.000Z%,8001338,8001334,8001484,8004633,8005122,8004064,8004325,8013008,;602
2021-12-24T20:22:00.000Z;Dülken;RE;RE 13;13;20097;8001571;8001571%2021-12-24T20:22:00.000Z%0,8000174,8000253,8000274,8000085,;602
2021-12-24T20:38:00.000Z;Dülken;RE;RE 13;13;20092;8001571;8001571%2021-12-24T20:38:00.000Z%0,8001072,8001180,8000190,8400644,;602
2021-12-24T21:22:00.000Z;Dülken;RE;RE 13;13;20099;8001571;8001571%2021-12-24T21:22:00.000Z%0,8000174,8000253,;602
2021-12-24T21:38:00.000Z;Dülken;RE;RE 13;13;20094;8001571;8001571%2021-12-24T21:38:00.000Z%,8001072,8001180,8000190,8400644,;602
2021-12-25T06:22:00.000Z;Dülken;RE;RE 13;13;20069;8001571;8001571%2021-12-25T06:22:00.000Z%,8000174,8000253,8000274,8000085,8006718,8000266,8006596,8006719,8000033,8001795,8000142,8000037,8000392,8000171,8001061,8000149,;602
2021-12-25T06:38:00.000Z;Dülken;RE;RE 13;13;20064;8001571;8001571%2021-12-25T06:38:00.000Z%,8001072,8001180,8000190,8400644,;602
2021-12-25T07:22:00.000Z;Dülken;RE;RE 13;13;20071;8001571;8001571%2021-12-25T07:22:00.000Z%,8000174,8000253,8000274,8000085,8006718,8000266,8006596,8006719,8000033,8001795,8000142,8000037,8000392,8000171,8001061,8000149,;602
2021-12-25T07:38:00.000Z;Dülken;RE;RE 13;13;20066;8001571;8001571%2021-12-25T07:38:00.000Z%,8001072,8001180,8000190,8400644,;602
2021-12-25T08:22:00.000Z;Dülken;RE;RE 13;13;20073;8001571;8001571%2021-12-25T08:22:00.000Z%,8000174,8000253,8000274,8000085,8006718,8000266,8006596,8006719,8000033,8001795,8000142,8000037,8000392,8000171,8001061,8000149,;602
2021-12-25T08:38:00.000Z;Dülken;RE;RE 13;13;20068;8001571;8001571%2021-12-25T08:38:00.000Z%,8001072,8001180,8000190,8400644,;602
2021-12-25T09:22:00.000Z;Dülken;RE;RE 13;13;20075;8001571;8001571%2021-12-25T09:22:00.000Z%,8000174,8000253,8000274,8000085,8006718,8000266,8006596,8006719,8000033,8001795,8000142,8000037,8000392,8000171,8001061,8000149,;602
2021-12-25T09:38:00.000Z;Dülken;RE;RE 13;13;20070;8001571;8001571%2021-12-25T09:38:00.000Z%,8001072,8001180,8000190,8400644,;602
2021-12-25T10:22:00.000Z;Dülken;RE;RE 13;13;20077;8001571;8001571%2021-12-25T10:22:00.000Z%,8000174,8000253,8000274,8000085,8006718,8000266,8006596,8006719,8000033,8001795,8000142,8000037,8000392,8000171,8001061,8000149,;602
2021-12-25T10:38:00.000Z;Dülken;RE;RE 13;13;20072;8001571;8001571%2021-12-25T10:38:00.000Z%,8001072,8001180,8000190,8400644,;602
2021-12-25T11:22:00.000Z;Dülken;RE;RE 13;13;20079;8001571;8001571%2021-12-25T11:22:00.000Z%,8000174,8000253,8000274,8000085,8006718,8000266,8006596,8006719,8000033,8001795,8000142,8000037,8000392,8000171,8001061,8000149,;602
2021-12-25T11:38:00.000Z;Dülken;RE;RE 13;13;20074;8001571;8001571%2021-12-25T11:38:00.000Z%,8001072,8001180,8000190,8400644,;602
2021-12-25T12:22:00.000Z;Dülken;RE;RE 13;13;20081;8001571;8001571%2021-12-25T12:22:00.000Z%,8000174,8000253,8000274,8000085,8006718,8000266,8006596,8006719,8000033,8001795,8000142,8000037,8000392,8000171,8001061,8000149,;602
2021-12-25T12:38:00.000Z;Dülken;RE;RE 13;13;20076;8001571;8001571%2021-12-25T12:38:00.000Z%,8001072,8001180,8000190,8400644,;602
2021-12-25T13:22:00.000Z;Dülken;RE;RE 13;13;20083;8001571;8001571%2021-12-25T13:22:00.000Z%,8000174,8000253,8000274,8000085,8006718,8000266,8006596,8006719,8000033,8001795,8000142,8000037,8000392,8000171,8001061,8000149,;602
2021-12-25T13:38:00.000Z;Dülken;RE;RE 13;13;20078;8001571;8001571%2021-12-25T13:38:00.000Z%,8001072,8001180,8000190,8400644,;602
2021-12-25T14:22:00.000Z;Dülken;RE;RE 13;13;20085;8001571;8001571%2021-12-25T14:22:00.000Z%,8000174,8000253,8000274,8000085,8006718,8000266,8006596,8006719,8000033,8001795,8000142,8000037,8000392,8000171,8001061,8000149,;602
2021-12-25T14:38:00.000Z;Dülken;RE;RE 13;13;20080;8001571;8001571%2021-12-25T14:38:00.000Z%,8001072,8001180,8000190,8400644,;602
2021-12-25T15:22:00.000Z;Dülken;RE;RE 13;13;20087;8001571;8001571%2021-12-25T15:22:00.000Z%,8000174,8000253,8000274,8000085,8006718,8000266,8006596,8006719,8000033,8001795,8000142,8000037,8000392,8000171,8001061,8000149,;602
2021-12-25T15:38:00.000Z;Dülken;RE;RE 13;13;20082;8001571;8001571%2021-12-25T15:38:00.000Z%,8001072,8001180,8000190,8400644,;602
2021-12-25T16:22:00.000Z;Dülken;RE;RE 13;13;20089;8001571;8001571%2021-12-25T16:22:00.000Z%,8000174,8000253,8000274,8000085,8006718,8000266,8006596,8006719,8000033,8001795,8000142,8000037,8000392,8000171,8001061,8000149,;602
2021-12-25T16:38:00.000Z;Dülken;RE;RE 13;13;20084;8001571;8001571%2021-12-25T16:38:00.000Z%,8001072,8001180,8000190,8400644,;602
2021-12-25T17:22:00.000Z;Dülken;RE;RE 13;13;20091;8001571;8001571%2021-12-25T17:22:00.000Z%,8000174,8000253,8000274,8000085,8006718,8000266,8006596,8006719,8000033,8001795,8000142,8000037,8000392,8000171,8001061,8000149,;602
2021-12-25T17:38:00.000Z;Dülken;RE;RE 13;13;20086;8001571;8001571%2021-12-25T17:38:00.000Z%,8001072,8001180,8000190,8400644,;602
2021-12-25T18:22:00.000Z;Dülken;RE;RE 13;13;20093;8001571;8001571%2021-12-25T18:22:00.000Z%,8000174,8000253,8000274,8000085,8006718,8000266,8006596,8006719,8000033,8001795,8000142,;602
2021-12-25T18:38:00.000Z;Dülken;RE;RE 13;13;20088;8001571;8001571%2021-12-25T18:38:00.000Z%,8001072,8001180,8000190,8400644,;602
2021-12-25T19:22:00.000Z;Dülken;RE;RE 13;13;20095;8001571;8001571%2021-12-25T19:22:00.000Z%,8000174,8000253,8000274,8000085,;602
2021-12-25T19:38:00.000Z;Dülken;RE;RE 13;13;20090;8001571;8001571%2021-12-25T19:38:00.000Z%,8001072,8001180,8000190,8400644,;602
2021-12-24T20:20:00.000Z;Echem;RE;RE 83;83;11833;8001646;8001646%2021-12-24T20:20:00.000Z%0,8000238,;602
2021-12-24T20:46:00.000Z;Echem;RE;RE 83;83;11836;8001646;8001646%2021-12-24T20:46:00.000Z%0,8003577,8000058,8004057,8004952,8003781,8003785,8000237,;602
2021-12-24T21:15:00.000Z;Echem;RE;RE 83;83;11835;8001646;8001646%2021-12-24T21:15:00.000Z%0,8000238,;602
2021-12-25T05:38:00.000Z;Echem;RE;RE 83;83;11806;8001646;8001646%2021-12-25T05:38:00.000Z%,8003577,8000058,8004057,8004952,8003781,8003785,8000237,8000749,8001941,8003829,8004841,8004879,8004924,8000199,;602
2021-12-25T06:08:00.000Z;Echem;RE;RE 83;83;11805;8001646;8001646%2021-12-25T06:08:00.000Z%,8000238,;602
2021-12-25T06:53:00.000Z;Echem;RE;RE 83;83;11808;8001646;8001646%2021-12-25T06:53:00.000Z%,8003577,8000058,8004057,8004952,8003781,8003785,8000237,8000749,8001941,8003829,8004841,8004879,8004924,8000199,;602
2021-12-25T07:05:00.000Z;Echem;RE;RE 83;83;11807;8001646;8001646%2021-12-25T07:05:00.000Z%,8000238,;602
2021-12-25T07:38:00.000Z;Echem;RE;RE 83;83;11810;8001646;8001646%2021-12-25T07:38:00.000Z%,8003577,8000058,8004057,8004952,8003781,8003785,8000237,8000749,8001941,8003829,8004841,8004879,8004924,8000199,;602
2021-12-25T08:12:00.000Z;Echem;RE;RE 83;83;11809;8001646;8001646%2021-12-25T08:12:00.000Z%,8000238,;602
2021-12-25T08:53:00.000Z;Echem;RE;RE 83;83;11812;8001646;8001646%2021-12-25T08:53:00.000Z%,8003577,8000058,8004057,8004952,8003781,8003785,8000237,8000749,8001941,8003829,8004841,8004879,8004924,8000199,;602
2021-12-25T09:05:00.000Z;Echem;RE;RE 83;83;11811;8001646;8001646%2021-12-25T09:05:00.000Z%,8000238,;602
2021-12-25T09:38:00.000Z;Echem;RE;RE 83;83;11814;8001646;8001646%2021-12-25T09:38:00.000Z%,8003577,8000058,8004057,8004952,8003781,8003785,8000237,8000749,8001941,8003829,8004841,8004879,8004924,8000199,;602
2021-12-25T10:20:00.000Z;Echem;RE;RE 83;83;11813;8001646;8001646%2021-12-25T10:20:00.000Z%,8000238,;602
2021-12-25T10:53:00.000Z;Echem;RE;RE 83;83;11816;8001646;8001646%2021-12-25T10:53:00.000Z%,8003577,8000058,8004057,8004952,8003781,8003785,8000237,8000749,8001941,8003829,8004841,8004879,8004924,8000199,;602
2021-12-25T11:05:00.000Z;Echem;RE;RE 83;83;11815;8001646;8001646%2021-12-25T11:05:00.000Z%,8000238,;602
2021-12-25T11:38:00.000Z;Echem;RE;RE 83;83;11818;8001646;8001646%2021-12-25T11:38:00.000Z%,8003577,8000058,8004057,8004952,8003781,8003785,8000237,8000749,8001941,8003829,8004841,8004879,8004924,8000199,;602
2021-12-25T12:20:00.000Z;Echem;RE;RE 83;83;11817;8001646;8001646%2021-12-25T12:20:00.000Z%,8000238,;602
2021-12-25T12:53:00.000Z;Echem;RE;RE 83;83;11820;8001646;8001646%2021-12-25T12:53:00.000Z%,8003577,8000058,8004057,8004952,8003781,8003785,8000237,8000749,8001941,8003829,8004841,8004879,8004924,8000199,;602
2021-12-25T13:05:00.000Z;Echem;RE;RE 83;83;11819;8001646;8001646%2021-12-25T13:05:00.000Z%,8000238,;602
2021-12-25T13:38:00.000Z;Echem;RE;RE 83;83;11822;8001646;8001646%2021-12-25T13:38:00.000Z%,8003577,8000058,8004057,8004952,8003781,8003785,8000237,8000749,8001941,8003829,8004841,8004879,8004924,8000199,;602
2021-12-25T14:20:00.000Z;Echem;RE;RE 83;83;11821;8001646;8001646%2021-12-25T14:20:00.000Z%,8000238,;602
2021-12-25T14:53:00.000Z;Echem;RE;RE 83;83;11824;8001646;8001646%2021-12-25T14:53:00.000Z%,8003577,8000058,8004057,8004952,8003781,8003785,8000237,8000749,8001941,8003829,8004841,8004879,8004924,8000199,;602
2021-12-25T15:05:00.000Z;Echem;RE;RE 83;83;11823;8001646;8001646%2021-12-25T15:05:00.000Z%,8000238,;602
2021-12-25T15:38:00.000Z;Echem;RE;RE 83;83;11826;8001646;8001646%2021-12-25T15:38:00.000Z%,8003577,8000058,8004057,8004952,8003781,8003785,8000237,8000749,8001941,8003829,8004841,8004879,8004924,8000199,;602
2021-12-25T16:20:00.000Z;Echem;RE;RE 83;83;11825;8001646;8001646%2021-12-25T16:20:00.000Z%,8000238,;602
2021-12-25T16:53:00.000Z;Echem;RE;RE 83;83;11828;8001646;8001646%2021-12-25T16:53:00.000Z%,8003577,8000058,8004057,8004952,8003781,8003785,8000237,8000749,8001941,8003829,8004841,8004879,8004924,8000199,;602
2021-12-25T17:05:00.000Z;Echem;RE;RE 83;83;11827;8001646;8001646%2021-12-25T17:05:00.000Z%,8000238,;602
2021-12-25T17:38:00.000Z;Echem;RE;RE 83;83;11830;8001646;8001646%2021-12-25T17:38:00.000Z%,8003577,8000058,8004057,8004952,8003781,8003785,8000237,8000749,8001941,8003829,8004841,8004879,8004924,8000199,;602
2021-12-25T18:20:00.000Z;Echem;RE;RE 83;83;11829;8001646;8001646%2021-12-25T18:20:00.000Z%,8000238,;602
2021-12-25T18:53:00.000Z;Echem;RE;RE 83;83;11832;8001646;8001646%2021-12-25T18:53:00.000Z%,8003577,8000058,8004057,8004952,8003781,8003785,8000237,8000749,8004848,8001941,8003829,8004841,8000011,8004879,8004924,8000199,;602
2021-12-25T19:05:00.000Z;Echem;RE;RE 83;83;11831;8001646;8001646%2021-12-25T19:05:00.000Z%,8000238,;602
2021-12-25T19:38:00.000Z;Echem;RE;RE 83;83;11834;8001646;8001646%2021-12-25T19:38:00.000Z%,8003577,8000058,8004057,8004952,8003781,8003785,8000237,8000749,8004750,8004848,8001941,8003829,8004841,8000011,8004879,8004924,8003477,8000199,;602
2021-12-24T20:19:00.000Z;Einfeld;RE;RE 7;7;21137;8001718;8001718%2021-12-24T20:39:00.000Z%20,8000271,8000092,8004819,8002548,8002549,;602
2021-12-24T20:39:00.000Z;Einfeld;RE;RE 7;7;21132;8001718;8001718%2021-12-24T20:40:00.000Z%1,8001092,8002011,8000199,;602
2021-12-24T21:22:00.000Z;Einfeld;RE;RE 7;7;21139;8001718;8001718%2021-12-24T21:22:00.000Z%,8000271,8001190,8006572,8000092,8004819,8002548,8002549,;602
2021-12-24T21:45:00.000Z;Einfeld;RE;RE 7;7;21134;8001718;8001718%2021-12-24T21:45:00.000Z%0,8001092,8002011,8000199,;602
2021-12-25T00:22:00.000Z;Einfeld;RE;RE 7;7;21145;8001718;8001718%2021-12-25T00:22:00.000Z%,8000271,8006572,8000092,8004819,8002548,8002549,;602
2021-12-25T00:47:00.000Z;Einfeld;RE;RE 7;7;21140;8001718;8001718%2021-12-25T00:47:00.000Z%,8001092,8002011,8000199,;602
2021-12-25T02:40:00.000Z;Einfeld;RE;RE 7;7;21144;8001718;8001718%2021-12-25T02:40:00.000Z%,8001092,8002011,8000199,;602
2021-12-25T03:20:00.000Z;Einfeld;RE;RE 7;7;21103;8001718;8001718%2021-12-25T03:20:00.000Z%,8000271,8006572,8000092,8004819,8002548,8002549,;602
2021-12-25T04:19:00.000Z;Einfeld;RE;RE 7;7;21149;8001718;8001718%2021-12-25T04:19:00.000Z%,8000271,8000092,8002548,8002549,;602
2021-12-25T05:20:00.000Z;Einfeld;RE;RE 7;7;21191;8001718;8001718%2021-12-25T05:20:00.000Z%,8000271,8000092,8002548,8002549,;602
2021-12-25T05:37:00.000Z;Einfeld;RE;RE 7;7;21102;8001718;8001718%2021-12-25T05:37:00.000Z%,8001092,8002011,8000199,;602
2021-12-25T06:19:00.000Z;Einfeld;RE;RE 7;7;21109;8001718;8001718%2021-12-25T06:19:00.000Z%,8000271,8000092,8002548,8002549,;602
2021-12-25T06:39:00.000Z;Einfeld;RE;RE 7;7;21194;8001718;8001718%2021-12-25T06:39:00.000Z%,8001092,8002011,8000199,;602
2021-12-25T07:19:00.000Z;Einfeld;RE;RE 7;7;21111;8001718;8001718%2021-12-25T07:19:00.000Z%,8000271,8000092,8002548,8002549,;602
2021-12-25T07:39:00.000Z;Einfeld;RE;RE 7;7;21196;8001718;8001718%2021-12-25T07:39:00.000Z%,8001092,8002011,8000199,;602
2021-12-25T08:19:00.000Z;Einfeld;RE;RE 7;7;21113;8001718;8001718%2021-12-25T08:19:00.000Z%,8000271,8000092,8002548,8002549,;602
2021-12-25T08:39:00.000Z;Einfeld;RE;RE 7;7;21108;8001718;8001718%2021-12-25T08:39:00.000Z%,8001092,8002011,8000199,;602
2021-12-25T09:19:00.000Z;Einfeld;RE;RE 7;7;21115;8001718;8001718%2021-12-25T09:19:00.000Z%,8000271,8000092,8002548,8002549,;602
2021-12-25T09:39:00.000Z;Einfeld;RE;RE 7;7;21110;8001718;8001718%2021-12-25T09:39:00.000Z%,8001092,8002011,8000199,;602
2021-12-25T10:19:00.000Z;Einfeld;RE;RE 7;7;21117;8001718;8001718%2021-12-25T10:19:00.000Z%,8000271,8000092,8002548,8002549,;602
2021-12-25T10:39:00.000Z;Einfeld;RE;RE 7;7;21112;8001718;8001718%2021-12-25T10:39:00.000Z%,8001092,8002011,8000199,;602
2021-12-25T11:19:00.000Z;Einfeld;RE;RE 7;7;21119;8001718;8001718%2021-12-25T11:19:00.000Z%,8000271,8000092,8002548,8002549,;602
2021-12-25T11:39:00.000Z;Einfeld;RE;RE 7;7;21114;8001718;8001718%2021-12-25T11:39:00.000Z%,8001092,8002011,8000199,;602
2021-12-25T12:19:00.000Z;Einfeld;RE;RE 7;7;21121;8001718;8001718%2021-12-25T12:19:00.000Z%,8000271,8000092,8002548,8002549,;602
2021-12-25T12:39:00.000Z;Einfeld;RE;RE 7;7;21116;8001718;8001718%2021-12-25T12:39:00.000Z%,8001092,8002011,8000199,;602
2021-12-25T13:19:00.000Z;Einfeld;RE;RE 7;7;21123;8001718;8001718%2021-12-25T13:19:00.000Z%,8000271,8000092,8002548,8002549,;602
2021-12-25T13:39:00.000Z;Einfeld;RE;RE 7;7;21118;8001718;8001718%2021-12-25T13:39:00.000Z%,8001092,8002011,8000199,;602
2021-12-25T14:19:00.000Z;Einfeld;RE;RE 7;7;21125;8001718;8001718%2021-12-25T14:19:00.000Z%,8000271,8000092,8002548,8002549,;602
2021-12-25T14:39:00.000Z;Einfeld;RE;RE 7;7;21120;8001718;8001718%2021-12-25T14:39:00.000Z%,8001092,8002011,8000199,;602
2021-12-25T15:19:00.000Z;Einfeld;RE;RE 7;7;21127;8001718;8001718%2021-12-25T15:19:00.000Z%,8000271,8000092,8004819,8002548,8002549,;602
2021-12-25T15:39:00.000Z;Einfeld;RE;RE 7;7;21122;8001718;8001718%2021-12-25T15:39:00.000Z%,8001092,8002011,8000199,;602
2021-12-25T16:19:00.000Z;Einfeld;RE;RE 7;7;21129;8001718;8001718%2021-12-25T16:19:00.000Z%,8000271,8000092,8004819,8002548,8002549,;602
2021-12-25T16:39:00.000Z;Einfeld;RE;RE 7;7;21124;8001718;8001718%2021-12-25T16:39:00.000Z%,8001092,8002011,8000199,;602
2021-12-25T17:19:00.000Z;Einfeld;RE;RE 7;7;21131;8001718;8001718%2021-12-25T17:19:00.000Z%,8000271,8000092,8004819,8002548,8002549,;602
2021-12-25T17:39:00.000Z;Einfeld;RE;RE 7;7;21126;8001718;8001718%2021-12-25T17:39:00.000Z%,8001092,8002011,8000199,;602
2021-12-25T18:19:00.000Z;Einfeld;RE;RE 7;7;21133;8001718;8001718%2021-12-25T18:19:00.000Z%,8000271,8000092,8004819,8002548,8002549,;602
2021-12-25T18:39:00.000Z;Einfeld;RE;RE 7;7;21128;8001718;8001718%2021-12-25T18:39:00.000Z%,8001092,8002011,8000199,;602
2021-12-25T19:19:00.000Z;Einfeld;RE;RE 7;7;21135;8001718;8001718%2021-12-25T19:19:00.000Z%,8000271,8000092,8004819,8002548,8002549,;602
2021-12-25T19:39:00.000Z;Einfeld;RE;RE 7;7;21130;8001718;8001718%2021-12-25T19:39:00.000Z%,8001092,8002011,8000199,;602
2021-12-24T21:20:00.000Z;Erndtebrück;RB;RB 94;94;23185;8001851;8001851%2021-12-24T21:20:00.000Z%,8005319,8003621,8004564,8001980,8003486,;426
2021-12-25T09:02:00.000Z;Erndtebrück;RB;RB 94;94;23161;8001851;8001851%2021-12-25T09:02:00.000Z%,8005319,8003621,8004564,8001980,8003486,8003493,8000187,8000954,8000952,8006446,8002101,8001228,8001319,8005722,8002332,8005291,8000065,8000337,;426
2021-12-25T11:02:00.000Z;Erndtebrück;RB;RB 94;94;23165;8001851;8001851%2021-12-25T11:02:00.000Z%,8005319,8003621,8004564,8001980,8003486,8003493,8000187,8000954,8000952,8006446,8002101,8001228,8001319,8005722,8002332,8005291,8000065,8000337,;426
2021-12-25T13:02:00.000Z;Erndtebrück;RB;RB 94;94;23169;8001851;8001851%2021-12-25T13:02:00.000Z%,8005319,8003621,8004564,8001980,8003486,8003493,8000187,8000954,8000952,8006446,8002101,8001228,8001319,8005722,8002332,8005291,8000065,8000337,;426
2021-12-25T15:02:00.000Z;Erndtebrück;RB;RB 94;94;23173;8001851;8001851%2021-12-25T15:02:00.000Z%,8005319,8003621,8004564,8001980,8003486,8003493,8000187,8000954,8000952,8006446,8002101,8001228,8001319,8005722,8002332,8005291,8000065,8000337,;426
2021-12-25T17:02:00.000Z;Erndtebrück;RB;RB 94;94;23177;8001851;8001851%2021-12-25T17:02:00.000Z%,8005319,8003621,8004564,8001980,8003486,8003493,8000187,8000954,8000952,8006446,8002101,8001228,8001319,8005722,8002332,8005291,8000065,8000337,;426
2021-12-25T19:02:00.000Z;Erndtebrück;RB;RB 94;94;23181;8001851;8001851%2021-12-25T19:02:00.000Z%,8005319,8003621,8004564,8001980,8003486,8003493,8000187,8000954,8000952,8006446,8002101,8001228,8001319,8005722,8002332,8005291,8000065,8000337,;426
2021-12-24T22:26:00.000Z;Etelsen;RE;RE 8;8;4442;8001924;8001924%2021-12-24T22:26:00.000Z%,8000773,8000413,8001160,8001164,8000050,;602
2021-12-24T22:35:00.000Z;Etelsen;RE;RE 1;1;4439;8001924;8001924%2021-12-24T22:36:00.000Z%1,8000586,8006076,8001489,8001949,8000279,8004322,8000268,8000152,;602
2021-12-24T23:26:00.000Z;Etelsen;RE;RE 1;1;4444;8001924;8001924%2021-12-24T23:26:00.000Z%,8000773,8000413,8001160,8001164,8000050,;602
2021-12-24T23:35:00.000Z;Etelsen;RE;RE 8;8;4445;8001924;8001924%2021-12-24T23:35:00.000Z%,8000586,8006076,8001489,8001949,8000279,8004322,8000268,8000152,;602
2021-12-25T00:26:00.000Z;Etelsen;RE;RE 8;8;4440;8001924;8001924%2021-12-25T00:26:00.000Z%,8000773,8000413,8001160,8001164,8000050,;602
2021-12-25T01:29:00.000Z;Etelsen;RE;RE 8;8;4447;8001924;8001924%2021-12-25T01:29:00.000Z%,8000586,8006076,8001489,8001949,8000279,8003705,8002507,8001713,8004322,8004851,8000268,8000152,;602
2021-12-25T02:29:00.000Z;Etelsen;RE;RE 8;8;4446;8001924;8001924%2021-12-25T02:29:00.000Z%,8000773,8000413,8001160,8001164,8000050,;602
2021-12-25T03:31:00.000Z;Etelsen;RE;RE 8;8;4441;8001924;8001924%2021-12-25T03:31:00.000Z%,8000586,8006076,8001489,8001949,8000279,8004322,8000268,8000152,;602
2021-12-24T20:46:00.000Z;Feldhausen;RB;RB 43;43;14783;8001972;8001972%2021-12-24T20:47:00.000Z%1,8006709,;426
2021-12-25T07:11:00.000Z;Feldhausen;RB;RB 43;43;14758;8001972;8001972%2021-12-25T07:11:00.000Z%,8002284,8002283,8002225,8002223,8000192,8000164,8002779,8001328,8001329,8001528,8001539,8001541,8001544,8001532,8000080,;426
2021-12-25T07:46:00.000Z;Feldhausen;RB;RB 43;43;14757;8001972;8001972%2021-12-25T07:46:00.000Z%,8006709,;426
2021-12-25T08:11:00.000Z;Feldhausen;RB;RB 43;43;14760;8001972;8001972%2021-12-25T08:11:00.000Z%,8002284,8002283,8002225,8002223,8000192,8000164,8002779,8001328,8001329,8001528,8001539,8001541,8001544,8001532,8000080,;426
2021-12-25T08:46:00.000Z;Feldhausen;RB;RB 43;43;14759;8001972;8001972%2021-12-25T08:46:00.000Z%,8006709,;426
2021-12-25T09:11:00.000Z;Feldhausen;RB;RB 43;43;14762;8001972;8001972%2021-12-25T09:11:00.000Z%,8002284,8002283,8002225,8002223,8000192,8000164,8002779,8001328,8001329,8001528,8001539,8001541,8001544,8001532,8000080,;426
2021-12-25T09:46:00.000Z;Feldhausen;RB;RB 43;43;14761;8001972;8001972%2021-12-25T09:46:00.000Z%,8006709,;426
2021-12-25T10:11:00.000Z;Feldhausen;RB;RB 43;43;14764;8001972;8001972%2021-12-25T10:11:00.000Z%,8002284,8002283,8002225,8002223,8000192,8000164,8002779,8001328,8001329,8001528,8001539,8001541,8001544,8001532,8000080,;426
2021-12-25T10:46:00.000Z;Feldhausen;RB;RB 43;43;14763;8001972;8001972%2021-12-25T10:46:00.000Z%,8006709,;426
2021-12-25T11:11:00.000Z;Feldhausen;RB;RB 43;43;14766;8001972;8001972%2021-12-25T11:11:00.000Z%,8002284,8002283,8002225,8002223,8000192,8000164,8002779,8001328,8001329,8001528,8001539,8001541,8001544,8001532,8000080,;426
2021-12-25T11:46:00.000Z;Feldhausen;RB;RB 43;43;14765;8001972;8001972%2021-12-25T11:46:00.000Z%,8006709,;426
2021-12-25T12:11:00.000Z;Feldhausen;RB;RB 43;43;14768;8001972;8001972%2021-12-25T12:11:00.000Z%,8002284,8002283,8002225,8002223,8000192,8000164,8002779,8001328,8001329,8001528,8001539,8001541,8001544,8001532,8000080,;426
2021-12-25T12:46:00.000Z;Feldhausen;RB;RB 43;43;14767;8001972;8001972%2021-12-25T12:46:00.000Z%,8006709,;426
2021-12-25T13:11:00.000Z;Feldhausen;RB;RB 43;43;14770;8001972;8001972%2021-12-25T13:11:00.000Z%,8002284,8002283,8002225,8002223,8000192,8000164,8002779,8001328,8001329,8001528,8001539,8001541,8001544,8001532,8000080,;426
2021-12-25T13:46:00.000Z;Feldhausen;RB;RB 43;43;14769;8001972;8001972%2021-12-25T13:46:00.000Z%,8006709,;426
2021-12-25T14:11:00.000Z;Feldhausen;RB;RB 43;43;14772;8001972;8001972%2021-12-25T14:11:00.000Z%,8002284,8002283,8002225,8002223,8000192,8000164,8002779,8001328,8001329,8001528,8001539,8001541,8001544,8001532,8000080,;426
2021-12-25T14:46:00.000Z;Feldhausen;RB;RB 43;43;14771;8001972;8001972%2021-12-25T14:46:00.000Z%,8006709,;426
2021-12-25T15:11:00.000Z;Feldhausen;RB;RB 43;43;14774;8001972;8001972%2021-12-25T15:11:00.000Z%,8002284,8002283,8002225,8002223,8000192,8000164,8002779,8001328,8001329,8001528,8001539,8001541,8001544,8001532,8000080,;426
2021-12-25T15:46:00.000Z;Feldhausen;RB;RB 43;43;14773;8001972;8001972%2021-12-25T15:46:00.000Z%,8006709,;426
2021-12-25T16:11:00.000Z;Feldhausen;RB;RB 43;43;14776;8001972;8001972%2021-12-25T16:11:00.000Z%,8002284,8002283,8002225,8002223,8000192,8000164,8002779,8001328,8001329,8001528,8001539,8001541,8001544,8001532,8000080,;426
2021-12-25T16:46:00.000Z;Feldhausen;RB;RB 43;43;14775;8001972;8001972%2021-12-25T16:46:00.000Z%,8006709,;426
2021-12-25T17:11:00.000Z;Feldhausen;RB;RB 43;43;14778;8001972;8001972%2021-12-25T17:11:00.000Z%,8002284,8002283,8002225,8002223,8000192,8000164,8002779,8001328,8001329,8001528,8001539,8001541,8001544,8001532,8000080,;426
2021-12-25T17:46:00.000Z;Feldhausen;RB;RB 43;43;14777;8001972;8001972%2021-12-25T17:46:00.000Z%,8006709,;426
2021-12-25T18:11:00.000Z;Feldhausen;RB;RB 43;43;14780;8001972;8001972%2021-12-25T18:11:00.000Z%,8002284,8002283,8002225,8002223,8000192,8000164,8002779,8001328,8001329,8001528,8001539,8001541,8001544,8001532,8000080,;426
2021-12-25T18:46:00.000Z;Feldhausen;RB;RB 43;43;14779;8001972;8001972%2021-12-25T18:46:00.000Z%,8006709,;426
2021-12-25T19:11:00.000Z;Feldhausen;RB;RB 43;43;14782;8001972;8001972%2021-12-25T19:11:00.000Z%,8002284,8002283,8002225,8002223,8000192,8000164,8002779,8001328,8001329,8001528,8001539,8001541,8001544,8001532,8000080,;426
2021-12-25T19:46:00.000Z;Feldhausen;RB;RB 43;43;14781;8001972;8001972%2021-12-25T19:46:00.000Z%,8006709,;426
2021-12-25T20:11:00.000Z;Feldhausen;RB;RB 43;43;14784;8001972;8001972%2021-12-25T20:11:00.000Z%,8002284,8002283,8002225,8002223,8000192,8000164,8002779,8001328,8001329,8001528,8001539,8001541,8001544,8001532,8000080,;426
2021-12-25T06:09:00.000Z;Frankenthal Süd;RB;RB 46;46;13310;8002025;8002025%2021-12-25T06:09:00.000Z%,8002014,8003498,8006292,8000374,8002798,8003285,8000137,8002444,8000625,8003988,8001638,8001728,8004935,;426
2021-12-25T06:58:00.000Z;Frankenthal Süd;RB;RB 46;46;13313;8002025;8002025%2021-12-25T06:58:00.000Z%,8000332,8003766,8000236,;426
2021-12-25T07:04:00.000Z;Frankenthal Süd;RB;RB 46;46;13314;8002025;8002025%2021-12-25T07:04:00.000Z%,8002014,8003498,8006292,8000374,8002798,8003285,8000137,8002444,8000625,8003988,8001638,8001728,8004935,;426
2021-12-25T07:55:00.000Z;Frankenthal Süd;RB;RB 46;46;13321;8002025;8002025%2021-12-25T07:55:00.000Z%,8000332,;426
2021-12-25T08:04:00.000Z;Frankenthal Süd;RB;RB 46;46;13318;8002025;8002025%2021-12-25T08:04:00.000Z%,8002014,8003498,8006292,8000374,8002798,8003285,8000137,8002444,8000625,8003988,8001638,8001728,8004935,8001732,;426
2021-12-25T08:55:00.000Z;Frankenthal Süd;RB;RB 46;46;13323;8002025;8002025%2021-12-25T08:55:00.000Z%,8000332,;426
2021-12-25T09:04:00.000Z;Frankenthal Süd;RB;RB 46;46;13320;8002025;8002025%2021-12-25T09:04:00.000Z%,8002014,8003498,8006292,8000374,8002798,8003285,8000137,8002444,8000625,8003988,8001638,8001728,8004935,8001732,;426
2021-12-25T09:55:00.000Z;Frankenthal Süd;RB;RB 46;46;13325;8002025;8002025%2021-12-25T09:55:00.000Z%,8000332,;426
2021-12-25T10:04:00.000Z;Frankenthal Süd;RB;RB 46;46;13322;8002025;8002025%2021-12-25T10:04:00.000Z%,8002014,8003498,8006292,8000374,8002798,8003285,8000137,8002444,8000625,8003988,8001638,8001728,8004935,8001732,;426
2021-12-25T10:55:00.000Z;Frankenthal Süd;RB;RB 46;46;13329;8002025;8002025%2021-12-25T10:55:00.000Z%,8000332,;426
2021-12-25T11:04:00.000Z;Frankenthal Süd;RB;RB 46;46;13326;8002025;8002025%2021-12-25T11:04:00.000Z%,8002014,8003498,8006292,8000374,8002798,8003285,8000137,8002444,8000625,8003988,8001638,8001728,8004935,8001732,;426
2021-12-25T11:55:00.000Z;Frankenthal Süd;RB;RB 46;46;13331;8002025;8002025%2021-12-25T11:55:00.000Z%,8000332,;426
2021-12-25T12:04:00.000Z;Frankenthal Süd;RB;RB 46;46;13332;8002025;8002025%2021-12-25T12:04:00.000Z%,8002014,8003498,8006292,8000374,8002798,8003285,8000137,8002444,8000625,8003988,8001638,8001728,8004935,8001732,;426
2021-12-25T12:55:00.000Z;Frankenthal Süd;RB;RB 46;46;13337;8002025;8002025%2021-12-25T12:55:00.000Z%,8000332,;426
2021-12-25T13:04:00.000Z;Frankenthal Süd;RB;RB 46;46;13338;8002025;8002025%2021-12-25T13:04:00.000Z%,8002014,8003498,8006292,8000374,8002798,8003285,8000137,8002444,8000625,8003988,8001638,8001728,8004935,8001732,;426
2021-12-25T13:55:00.000Z;Frankenthal Süd;RB;RB 46;46;13341;8002025;8002025%2021-12-25T13:55:00.000Z%,8000332,;426
2021-12-25T14:04:00.000Z;Frankenthal Süd;RB;RB 46;46;13340;8002025;8002025%2021-12-25T14:04:00.000Z%,8002014,8003498,8006292,8000374,8002798,8003285,8000137,8002444,8000625,8003988,8001638,8001728,8004935,8001732,;426
2021-12-25T14:55:00.000Z;Frankenthal Süd;RB;RB 46;46;13343;8002025;8002025%2021-12-25T14:55:00.000Z%,8000332,;426
2021-12-25T15:04:00.000Z;Frankenthal Süd;RB;RB 46;46;13344;8002025;8002025%2021-12-25T15:04:00.000Z%,8002014,8003498,8006292,8000374,8002798,8003285,8000137,8002444,8000625,8003988,8001638,8001728,8004935,8001732,;426
2021-12-25T15:55:00.000Z;Frankenthal Süd;RB;RB 46;46;13347;8002025;8002025%2021-12-25T15:55:00.000Z%,8000332,;426
2021-12-25T16:04:00.000Z;Frankenthal Süd;RB;RB 46;46;13348;8002025;8002025%2021-12-25T16:04:00.000Z%,8002014,8003498,8006292,8000374,8002798,8003285,8000137,8002444,8000625,8003988,8001638,8001728,8004935,8001732,;426
2021-12-25T16:55:00.000Z;Frankenthal Süd;RB;RB 46;46;13351;8002025;8002025%2021-12-25T16:55:00.000Z%,8000332,;426
2021-12-25T17:04:00.000Z;Frankenthal Süd;RB;RB 46;46;13352;8002025;8002025%2021-12-25T17:04:00.000Z%,8002014,8003498,8006292,8000374,8002798,8003285,8000137,8002444,8000625,8003988,8001638,8001728,8004935,8001732,;426
2021-12-25T17:55:00.000Z;Frankenthal Süd;RB;RB 46;46;13355;8002025;8002025%2021-12-25T17:55:00.000Z%,8000332,;426
2021-12-25T18:04:00.000Z;Frankenthal Süd;RB;RB 46;46;13356;8002025;8002025%2021-12-25T18:04:00.000Z%,8002014,8003498,8006292,8000374,8002798,8003285,8000137,8002444,8000625,8003988,8001638,8001728,8004935,;426
2021-12-25T18:55:00.000Z;Frankenthal Süd;RB;RB 46;46;13357;8002025;8002025%2021-12-25T18:55:00.000Z%,8000332,;426
2021-12-25T19:04:00.000Z;Frankenthal Süd;RB;RB 46;46;13358;8002025;8002025%2021-12-25T19:04:00.000Z%,8002014,8003498,8006292,8000374,8002798,8003285,8000137,8002444,8000625,8003988,8001638,8001728,8004935,;426
2021-12-25T19:55:00.000Z;Frankenthal Süd;RB;RB 46;46;13359;8002025;8002025%2021-12-25T19:55:00.000Z%,8000332,;426
2021-12-25T20:05:00.000Z;Frankenthal Süd;RB;RB 46;46;13360;8002025;8002025%2021-12-25T20:05:00.000Z%,8002014,8003498,8006292,8000374,8002798,8003285,8000137,;426
2021-12-24T23:07:00.000Z;Freiburg-Zähringen;RB;RB 27;27;17141;8002071;8002071%2021-12-24T23:07:00.000Z%,8002067,8000107,8002069,8001643,8005317,8004464,8000718,8002727,8001262,8004124,8000657,8005364,8000864,8005068,8003325,8003098,8001671,8001715,8002546,8006272,8000026,;426
2021-12-24T23:14:00.000Z;Freiburg-Zähringen;RE;RE 7;7;5338;8002071;8002071%2021-12-24T23:14:00.000Z%,8002465,8001415,8003398,8001771,8005836,8003374,8005090,8003233,8002763,8005101,8004683,8003494,8002123,8000290,;602
2021-12-25T03:56:00.000Z;Freiburg-Zähringen;RB;RB 26;26;17100;8002071;8002071%2021-12-25T03:56:00.000Z%,8002465,8001415,8003398,8001771,8005836,8003374,8005090,8003233,8002763,8005101,8004683,8003494,8002123,8000290,;426
2021-12-25T05:37:00.000Z;Freilassing-Hofham;RE;RE 24;24;2191;8002085;8002085%2021-12-25T05:37:00.000Z%,8000459,8002570,8004815,8000737,8000738,8000831,8000997,8000885,;602
2021-12-24T20:19:00.000Z;Hamm-Heessen;RE;RE 6;6;89735;8002680;8002680%2021-12-24T20:22:00.000Z%3,8000441,8004251,8004626,8000315,8002461,8000036,8000162,8000233,8000732,8004868,8000252,;602
2021-12-24T20:38:00.000Z;Hamm-Heessen;RE;RE 6;6;89738;8002680;8002680%2021-12-24T20:38:00.000Z%,8000149,8003168,8000080,8000041,8006226,8000098,8000259,8000086,8000082,8000085,8000207,;602
2021-12-24T20:52:00.000Z;Hamm-Heessen;RB;RB 69;69;90085;8002680;8002680%2021-12-24T20:52:00.000Z%0,8000441,8004251,8004626,8000315,8002461,8003096,8000048,8000036,;426
2021-12-24T21:05:00.000Z;Hamm-Heessen;RB;RB 69;69;90090;8002680;8002680%2021-12-24T21:05:00.000Z%0,8000149,8001045,8003986,8001558,8005102,8002841,8000263,;426
2021-12-24T21:19:00.000Z;Hamm-Heessen;RE;RE 6;6;89737;8002680;8002680%2021-12-24T21:19:00.000Z%0,8000441,8004251,8004626,8000315,8002461,8000036,8000162,8000233,8000732,8004868,8000252,;602
2021-12-24T21:38:00.000Z;Hamm-Heessen;RE;RE 6;6;89740;8002680;8002680%2021-12-24T21:38:00.000Z%0,8000149,8003168,8000080,8000041,8006226,8000098,8000259,8000086,8000082,8000085,;602
2021-12-24T22:19:00.000Z;Hamm-Heessen;RE;RE 6;6;89739;8002680;8002680%2021-12-24T22:19:00.000Z%0,8000441,8004251,8004626,8000315,8002461,8000048,8000036,;602
2021-12-24T22:38:00.000Z;Hamm-Heessen;RE;RE 6;6;89742;8002680;8002680%2021-12-24T22:38:00.000Z%,8000149,8003168,8000080,8000041,8006226,8000098,8000259,8000086,8000082,8000085,;602
2021-12-24T23:45:00.000Z;Hamm-Heessen;RB;RB 69;69;89996;8002680;8002680%2021-12-24T23:45:00.000Z%,8000149,;426
2021-12-25T00:11:00.000Z;Hamm-Heessen;RB;RB 69;69;89997;8002680;8002680%2021-12-25T00:11:00.000Z%,8000441,8004251,8004626,8000315,8002461,8003096,8000048,8000036,;426
2021-12-25T00:54:00.000Z;Hamm-Heessen;RB;RB 69;69;89998;8002680;8002680%2021-12-25T00:54:00.000Z%,8000149,;426
2021-12-25T01:11:00.000Z;Hamm-Heessen;RB;RB 69;69;89999;8002680;8002680%2021-12-25T01:11:00.000Z%,8000441,8004251,8004626,8000315,8002461,8003096,8000048,8000036,;426
2021-12-25T05:19:00.000Z;Hamm-Heessen;RE;RE 6;6;89705;8002680;8002680%2021-12-25T05:19:00.000Z%,8000441,8004251,8004626,8000315,8002461,8000036,;602
2021-12-25T05:38:00.000Z;Hamm-Heessen;RE;RE 6;6;89708;8002680;8002680%2021-12-25T05:38:00.000Z%,8000149,8003168,8000080,8000041,8006226,8000098,8000259,8000086,8000082,8000085,8000207,;602
2021-12-25T06:18:00.000Z;Hamm-Heessen;RE;RE 6;6;89749;8002680;8002680%2021-12-25T06:18:00.000Z%,8000441,8004251,8004626,8000315,8002461,8000036,8000162,8000233,8000732,8004868,8000252,;602
2021-12-25T06:38:00.000Z;Hamm-Heessen;RE;RE 6;6;89710;8002680;8002680%2021-12-25T06:38:00.000Z%,8000149,8003168,8000080,8000041,8006226,8000098,8000259,8000086,8000082,8000085,8000207,;602
2021-12-25T07:19:00.000Z;Hamm-Heessen;RE;RE 6;6;89709;8002680;8002680%2021-12-25T07:19:00.000Z%,8000441,8004251,8004626,8000315,8002461,8000036,8000162,8000233,8000732,8004868,8000252,;602
2021-12-25T07:40:00.000Z;Hamm-Heessen;RE;RE 6;6;89712;8002680;8002680%2021-12-25T07:40:00.000Z%,8000149,8003168,8000080,8000041,8006226,8000098,8000259,8000086,8000082,8000085,8000207,;602
2021-12-25T07:52:00.000Z;Hamm-Heessen;RB;RB 89;89;89971;8002680;8002680%2021-12-25T07:52:00.000Z%,8000441,8004251,8004626,8000315,8002461,8003096,8000048,8000036,;426
2021-12-25T08:19:00.000Z;Hamm-Heessen;RE;RE 6;6;89711;8002680;8002680%2021-12-25T08:19:00.000Z%,8000441,8004251,8004626,8000315,8002461,8000036,8000162,8000233,8000732,8004868,8000252,;602
2021-12-25T08:38:00.000Z;Hamm-Heessen;RE;RE 6;6;89714;8002680;8002680%2021-12-25T08:38:00.000Z%,8000149,8003168,8000080,8000041,8006226,8000098,8000259,8000086,8000082,8000085,8000207,;602
2021-12-25T08:52:00.000Z;Hamm-Heessen;RB;RB 69;69;89973;8002680;8002680%2021-12-25T08:52:00.000Z%,8000441,8004251,8004626,8000315,8002461,8003096,8000048,8000036,;426
2021-12-25T09:05:00.000Z;Hamm-Heessen;RB;RB 69;69;89972;8002680;8002680%2021-12-25T09:05:00.000Z%,8000149,8001045,8003986,8001558,8005102,8002841,8000263,;426
2021-12-25T09:19:00.000Z;Hamm-Heessen;RE;RE 6;6;89713;8002680;8002680%2021-12-25T09:19:00.000Z%,8000441,8004251,8004626,8000315,8002461,8000036,8000162,8000233,8000732,8004868,8000252,;602
2021-12-25T09:38:00.000Z;Hamm-Heessen;RE;RE 6;6;89716;8002680;8002680%2021-12-25T09:38:00.000Z%,8000149,8003168,8000080,8000041,8006226,8000098,8000259,8000086,8000082,8000085,8000207,;602
2021-12-25T09:52:00.000Z;Hamm-Heessen;RB;RB 69;69;89975;8002680;8002680%2021-12-25T09:52:00.000Z%,8000441,8004251,8004626,8000315,8002461,8003096,8000048,8000036,;426
2021-12-25T10:05:00.000Z;Hamm-Heessen;RB;RB 69;69;89974;8002680;8002680%2021-12-25T10:05:00.000Z%,8000149,8001045,8003986,8001558,8005102,8002841,8000263,;426
2021-12-25T10:19:00.000Z;Hamm-Heessen;RE;RE 6;6;89715;8002680;8002680%2021-12-25T10:19:00.000Z%,8000441,8004251,8004626,8000315,8002461,8000036,8000162,8000233,8000732,8004868,8000252,;602
2021-12-25T10:38:00.000Z;Hamm-Heessen;RE;RE 6;6;89718;8002680;8002680%2021-12-25T10:38:00.000Z%,8000149,8003168,8000080,8000041,8006226,8000098,8000259,8000086,8000082,8000085,8000207,;602
2021-12-25T10:52:00.000Z;Hamm-Heessen;RB;RB 69;69;89977;8002680;8002680%2021-12-25T10:52:00.000Z%,8000441,8004251,8004626,8000315,8002461,8003096,8000048,8000036,;426
2021-12-25T11:05:00.000Z;Hamm-Heessen;RB;RB 69;69;89976;8002680;8002680%2021-12-25T11:05:00.000Z%,8000149,8001045,8003986,8001558,8005102,8002841,8000263,;426
2021-12-25T11:19:00.000Z;Hamm-Heessen;RE;RE 6;6;89717;8002680;8002680%2021-12-25T11:19:00.000Z%,8000441,8004251,8004626,8000315,8002461,8000036,8000162,8000233,8000732,8004868,8000252,;602
2021-12-25T11:38:00.000Z;Hamm-Heessen;RE;RE 6;6;89720;8002680;8002680%2021-12-25T11:38:00.000Z%,8000149,8003168,8000080,8000041,8006226,8000098,8000259,8000086,8000082,8000085,8000207,;602
2021-12-25T11:52:00.000Z;Hamm-Heessen;RB;RB 69;69;89979;8002680;8002680%2021-12-25T11:52:00.000Z%,8000441,8004251,8004626,8000315,8002461,8003096,8000048,8000036,;426
2021-12-25T12:05:00.000Z;Hamm-Heessen;RB;RB 69;69;89978;8002680;8002680%2021-12-25T12:05:00.000Z%,8000149,8001045,8003986,8001558,8005102,8002841,8000263,;426
2021-12-25T12:19:00.000Z;Hamm-Heessen;RE;RE 6;6;89719;8002680;8002680%2021-12-25T12:19:00.000Z%,8000441,8004251,8004626,8000315,8002461,8000036,8000162,8000233,8000732,8004868,8000252,;602
2021-12-25T12:38:00.000Z;Hamm-Heessen;RE;RE 6;6;89722;8002680;8002680%2021-12-25T12:38:00.000Z%,8000149,8003168,8000080,8000041,8006226,8000098,8000259,8000086,8000082,8000085,8000207,;602
2021-12-25T12:52:00.000Z;Hamm-Heessen;RB;RB 69;69;89981;8002680;8002680%2021-12-25T12:52:00.000Z%,8000441,8004251,8004626,8000315,8002461,8003096,8000048,8000036,;426
2021-12-25T13:05:00.000Z;Hamm-Heessen;RB;RB 69;69;89980;8002680;8002680%2021-12-25T13:05:00.000Z%,8000149,8001045,8003986,8001558,8005102,8002841,8000263,;426
2021-12-25T13:19:00.000Z;Hamm-Heessen;RE;RE 6;6;89721;8002680;8002680%2021-12-25T13:19:00.000Z%,8000441,8004251,8004626,8000315,8002461,8000036,8000162,8000233,8000732,8004868,8000252,;602
2021-12-25T13:40:00.000Z;Hamm-Heessen;RE;RE 6;6;89724;8002680;8002680%2021-12-25T13:40:00.000Z%,8000149,8003168,8000080,8000041,8006226,8000098,8000259,8000086,8000082,8000085,8000207,;602
2021-12-25T13:52:00.000Z;Hamm-Heessen;RB;RB 89;89;89983;8002680;8002680%2021-12-25T13:52:00.000Z%,8000441,8004251,8004626,8000315,8002461,8003096,8000048,8000036,;426
2021-12-25T14:05:00.000Z;Hamm-Heessen;RB;RB 69;69;89982;8002680;8002680%2021-12-25T14:05:00.000Z%,8000149,8001045,8003986,8001558,8005102,8002841,8000263,;426
2021-12-25T14:19:00.000Z;Hamm-Heessen;RE;RE 6;6;89723;8002680;8002680%2021-12-25T14:19:00.000Z%,8000441,8004251,8004626,8000315,8002461,8000036,8000162,8000233,8000732,8004868,8000252,;602
2021-12-25T14:38:00.000Z;Hamm-Heessen;RE;RE 6;6;89726;8002680;8002680%2021-12-25T14:38:00.000Z%,8000149,8003168,8000080,8000041,8006226,8000098,8000259,8000086,8000082,8000085,8000207,;602
2021-12-25T14:52:00.000Z;Hamm-Heessen;RB;RB 69;69;89985;8002680;8002680%2021-12-25T14:52:00.000Z%,8000441,8004251,8004626,8000315,8002461,8003096,8000048,8000036,;426
2021-12-25T15:05:00.000Z;Hamm-Heessen;RB;RB 69;69;89984;8002680;8002680%2021-12-25T15:05:00.000Z%,8000149,8001045,8003986,8001558,8005102,8002841,8000263,;426
2021-12-25T15:19:00.000Z;Hamm-Heessen;RE;RE 6;6;89725;8002680;8002680%2021-12-25T15:19:00.000Z%,8000441,8004251,8004626,8000315,8002461,8000036,8000162,8000233,8000732,8004868,8000252,;602
2021-12-25T15:38:00.000Z;Hamm-Heessen;RE;RE 6;6;89728;8002680;8002680%2021-12-25T15:38:00.000Z%,8000149,8003168,8000080,8000041,8006226,8000098,8000259,8000086,8000082,8000085,8000207,;602
2021-12-25T15:52:00.000Z;Hamm-Heessen;RB;RB 69;69;89987;8002680;8002680%2021-12-25T15:52:00.000Z%,8000441,8004251,8004626,8000315,8002461,8003096,8000048,8000036,;426
2021-12-25T16:05:00.000Z;Hamm-Heessen;RB;RB 69;69;89986;8002680;8002680%2021-12-25T16:05:00.000Z%,8000149,8001045,8003986,8001558,8005102,8002841,8000263,;426
2021-12-25T16:19:00.000Z;Hamm-Heessen;RE;RE 6;6;89727;8002680;8002680%2021-12-25T16:19:00.000Z%,8000441,8004251,8004626,8000315,8002461,8000036,8000162,8000233,8000732,8004868,8000252,;602
2021-12-25T16:38:00.000Z;Hamm-Heessen;RE;RE 6;6;89730;8002680;8002680%2021-12-25T16:38:00.000Z%,8000149,8003168,8000080,8000041,8006226,8000098,8000259,8000086,8000082,8000085,8000207,;602
2021-12-25T16:52:00.000Z;Hamm-Heessen;RB;RB 69;69;89989;8002680;8002680%2021-12-25T16:52:00.000Z%,8000441,8004251,8004626,8000315,8002461,8003096,8000048,8000036,;426
2021-12-25T17:05:00.000Z;Hamm-Heessen;RB;RB 69;69;89988;8002680;8002680%2021-12-25T17:05:00.000Z%,8000149,;426
2021-12-25T17:19:00.000Z;Hamm-Heessen;RE;RE 6;6;89729;8002680;8002680%2021-12-25T17:19:00.000Z%,8000441,8004251,8004626,8000315,8002461,8000036,8000162,8000233,8000732,8004868,8000252,;602
2021-12-25T17:38:00.000Z;Hamm-Heessen;RE;RE 6;6;89732;8002680;8002680%2021-12-25T17:38:00.000Z%,8000149,8003168,8000080,8000041,8006226,8000098,8000259,8000086,8000082,8000085,8000207,;602
2021-12-25T17:52:00.000Z;Hamm-Heessen;RB;RB 69;69;89991;8002680;8002680%2021-12-25T17:52:00.000Z%,8000441,8004251,8004626,8000315,8002461,8003096,8000048,8000036,;426
2021-12-25T18:05:00.000Z;Hamm-Heessen;RB;RB 69;69;89990;8002680;8002680%2021-12-25T18:05:00.000Z%,8000149,8001045,8003986,8001558,8005102,8002841,8000263,;426
2021-12-25T18:19:00.000Z;Hamm-Heessen;RE;RE 6;6;89731;8002680;8002680%2021-12-25T18:19:00.000Z%,8000441,8004251,8004626,8000315,8002461,8000036,8000162,8000233,8000732,8004868,8000252,;602
2021-12-25T18:38:00.000Z;Hamm-Heessen;RE;RE 6;6;89734;8002680;8002680%2021-12-25T18:38:00.000Z%,8000149,8003168,8000080,8000041,8006226,8000098,8000259,8000086,8000082,8000085,8000207,;602
2021-12-25T18:52:00.000Z;Hamm-Heessen;RB;RB 69;69;89993;8002680;8002680%2021-12-25T18:52:00.000Z%,8000441,8004251,8004626,8000315,8002461,8003096,8000048,8000036,;426
2021-12-25T19:05:00.000Z;Hamm-Heessen;RB;RB 69;69;89992;8002680;8002680%2021-12-25T19:05:00.000Z%,8000149,8001045,8003986,8001558,8005102,8002841,8000263,;426
2021-12-25T19:19:00.000Z;Hamm-Heessen;RE;RE 6;6;89733;8002680;8002680%2021-12-25T19:19:00.000Z%,8000441,8004251,8004626,8000315,8002461,8000036,8000162,8000233,8000732,8004868,8000252,;602
2021-12-25T19:40:00.000Z;Hamm-Heessen;RE;RE 6;6;89736;8002680;8002680%2021-12-25T19:40:00.000Z%,8000149,8003168,8000080,8000041,8006226,8000098,8000259,8000086,8000082,8000085,8000207,;602
2021-12-25T19:52:00.000Z;Hamm-Heessen;RB;RB 69;69;89995;8002680;8002680%2021-12-25T19:52:00.000Z%,8000441,8004251,8004626,8000315,8002461,8003096,8000048,8000036,;426
2021-12-25T20:05:00.000Z;Hamm-Heessen;RB;RB 69;69;89994;8002680;8002680%2021-12-25T20:05:00.000Z%,8000149,8001045,8003986,8001558,8005102,8002841,8000263,;426
2021-12-24T20:54:00.000Z;Herne-Börnig;RB;RB 43;43;14784;8002779;8002779%2021-12-24T20:54:00.000Z%0,8001328,8001329,8001528,8001539,8001541,8001544,8001532,8000080,;426
2021-12-24T21:01:00.000Z;Herne-Börnig;RB;RB 43;43;14785;8002779;8002779%2021-12-24T21:01:00.000Z%0,8000164,8000192,;426
2021-12-24T22:01:00.000Z;Herne-Börnig;RB;RB 43;43;14787;8002779;8002779%2021-12-24T22:01:00.000Z%,8000164,8000192,;426
2021-12-25T06:54:00.000Z;Herne-Börnig;RB;RB 43;43;14756;8002779;8002779%2021-12-25T06:54:00.000Z%,8001328,8001329,8001528,8001539,8001541,8001544,8001532,8000080,;426
2021-12-25T07:54:00.000Z;Herne-Börnig;RB;RB 43;43;14758;8002779;8002779%2021-12-25T07:54:00.000Z%,8001328,8001329,8001528,8001539,8001541,8001544,8001532,8000080,;426
2021-12-25T08:01:00.000Z;Herne-Börnig;RB;RB 43;43;14759;8002779;8002779%2021-12-25T08:01:00.000Z%,8000164,8000192,8002223,8002225,8002283,8002284,8001972,8006709,;426
2021-12-25T08:54:00.000Z;Herne-Börnig;RB;RB 43;43;14760;8002779;8002779%2021-12-25T08:54:00.000Z%,8001328,8001329,8001528,8001539,8001541,8001544,8001532,8000080,;426
2021-12-25T09:01:00.000Z;Herne-Börnig;RB;RB 43;43;14761;8002779;8002779%2021-12-25T09:01:00.000Z%,8000164,8000192,8002223,8002225,8002283,8002284,8001972,8006709,;426
2021-12-25T09:54:00.000Z;Herne-Börnig;RB;RB 43;43;14762;8002779;8002779%2021-12-25T09:54:00.000Z%,8001328,8001329,8001528,8001539,8001541,8001544,8001532,8000080,;426
2021-12-25T10:01:00.000Z;Herne-Börnig;RB;RB 43;43;14763;8002779;8002779%2021-12-25T10:01:00.000Z%,8000164,8000192,8002223,8002225,8002283,8002284,8001972,8006709,;426
2021-12-25T10:54:00.000Z;Herne-Börnig;RB;RB 43;43;14764;8002779;8002779%2021-12-25T10:54:00.000Z%,8001328,8001329,8001528,8001539,8001541,8001544,8001532,8000080,;426
2021-12-25T11:01:00.000Z;Herne-Börnig;RB;RB 43;43;14765;8002779;8002779%2021-12-25T11:01:00.000Z%,8000164,8000192,8002223,8002225,8002283,8002284,8001972,8006709,;426
2021-12-25T11:54:00.000Z;Herne-Börnig;RB;RB 43;43;14766;8002779;8002779%2021-12-25T11:54:00.000Z%,8001328,8001329,8001528,8001539,8001541,8001544,8001532,8000080,;426
2021-12-25T12:01:00.000Z;Herne-Börnig;RB;RB 43;43;14767;8002779;8002779%2021-12-25T12:01:00.000Z%,8000164,8000192,8002223,8002225,8002283,8002284,8001972,8006709,;426
2021-12-25T12:54:00.000Z;Herne-Börnig;RB;RB 43;43;14768;8002779;8002779%2021-12-25T12:54:00.000Z%,8001328,8001329,8001528,8001539,8001541,8001544,8001532,8000080,;426
2021-12-25T13:01:00.000Z;Herne-Börnig;RB;RB 43;43;14769;8002779;8002779%2021-12-25T13:01:00.000Z%,8000164,8000192,8002223,8002225,8002283,8002284,8001972,8006709,;426
2021-12-25T13:54:00.000Z;Herne-Börnig;RB;RB 43;43;14770;8002779;8002779%2021-12-25T13:54:00.000Z%,8001328,8001329,8001528,8001539,8001541,8001544,8001532,8000080,;426
2021-12-25T14:01:00.000Z;Herne-Börnig;RB;RB 43;43;14771;8002779;8002779%2021-12-25T14:01:00.000Z%,8000164,8000192,8002223,8002225,8002283,8002284,8001972,8006709,;426
2021-12-25T14:54:00.000Z;Herne-Börnig;RB;RB 43;43;14772;8002779;8002779%2021-12-25T14:54:00.000Z%,8001328,8001329,8001528,8001539,8001541,8001544,8001532,8000080,;426
2021-12-25T15:01:00.000Z;Herne-Börnig;RB;RB 43;43;14773;8002779;8002779%2021-12-25T15:01:00.000Z%,8000164,8000192,8002223,8002225,8002283,8002284,8001972,8006709,;426
2021-12-25T15:54:00.000Z;Herne-Börnig;RB;RB 43;43;14774;8002779;8002779%2021-12-25T15:54:00.000Z%,8001328,8001329,8001528,8001539,8001541,8001544,8001532,8000080,;426
2021-12-25T16:01:00.000Z;Herne-Börnig;RB;RB 43;43;14775;8002779;8002779%2021-12-25T16:01:00.000Z%,8000164,8000192,8002223,8002225,8002283,8002284,8001972,8006709,;426
2021-12-25T16:54:00.000Z;Herne-Börnig;RB;RB 43;43;14776;8002779;8002779%2021-12-25T16:54:00.000Z%,8001328,8001329,8001528,8001539,8001541,8001544,8001532,8000080,;426
2021-12-25T17:01:00.000Z;Herne-Börnig;RB;RB 43;43;14777;8002779;8002779%2021-12-25T17:01:00.000Z%,8000164,8000192,8002223,8002225,8002283,8002284,8001972,8006709,;426
2021-12-25T17:54:00.000Z;Herne-Börnig;RB;RB 43;43;14778;8002779;8002779%2021-12-25T17:54:00.000Z%,8001328,8001329,8001528,8001539,8001541,8001544,8001532,8000080,;426
2021-12-25T18:01:00.000Z;Herne-Börnig;RB;RB 43;43;14779;8002779;8002779%2021-12-25T18:01:00.000Z%,8000164,8000192,8002223,8002225,8002283,8002284,8001972,8006709,;426
2021-12-25T18:54:00.000Z;Herne-Börnig;RB;RB 43;43;14780;8002779;8002779%2021-12-25T18:54:00.000Z%,8001328,8001329,8001528,8001539,8001541,8001544,8001532,8000080,;426
2021-12-25T19:01:00.000Z;Herne-Börnig;RB;RB 43;43;14781;8002779;8002779%2021-12-25T19:01:00.000Z%,8000164,8000192,8002223,8002225,8002283,8002284,8001972,8006709,;426
2021-12-25T19:54:00.000Z;Herne-Börnig;RB;RB 43;43;14782;8002779;8002779%2021-12-25T19:54:00.000Z%,8001328,8001329,8001528,8001539,8001541,8001544,8001532,8000080,;426
2021-12-25T20:01:00.000Z;Herne-Börnig;RB;RB 43;43;14783;8002779;8002779%2021-12-25T20:01:00.000Z%,8000164,8000192,8002223,8002225,8002283,8002284,8001972,8006709,;426
2021-12-24T20:35:00.000Z;Hof Hbf;RE;RE 30;30;3094;8002924;8002924%2021-12-24T20:35:00.000Z%0,8005466,8004126,8005895,8000028,8001348,8000328,8004759,8004284,8002794,8000284,;602
2021-12-25T03:28:00.000Z;Hof Hbf;RE;RE 3;3;74003;8002924;8002924%2021-12-25T03:28:00.000Z%,8010275,8012739,8010397,8010129,8011904,8010184,8010108,8010115,8013114,8010085,;602
2021-12-25T04:23:00.000Z;Hof Hbf;RE;RE 39;39;59320;8002924;8002924%2021-12-25T04:23:00.000Z%,8000287,8005466,8004126,8005674,8003887,8000267,8006017,8003476,8003813,8001289,8002878,8000228,;602
2021-12-25T04:28:00.000Z;Hof Hbf;RE;RE 3;3;74005;8002924;8002924%2021-12-25T04:28:00.000Z%,8010275,8012739,8010397,8010129,8011904,8010184,8010108,8010115,8013114,8010085,;602
2021-12-25T05:28:00.000Z;Hof Hbf;RE;RE 3;3;74007;8002924;8002924%2021-12-25T05:28:00.000Z%,8010275,8012739,8010397,8010129,8011904,8010184,8010108,8010115,8013114,8010085,;602
2021-12-25T05:29:00.000Z;Hof Hbf;RE;RE 31;31;3424;8002924;8002924%2021-12-25T05:29:00.000Z%,8000287,8000173,8000247,8000201,8000328,8004759,8004284,8002794,8000284,;602
2021-12-25T05:35:00.000Z;Hof Hbf;RE;RE 35;35;59280;8002924;8002924%2021-12-25T05:35:00.000Z%,8000287,8005466,8002019,8004126,8005674,8003887,8000267,8006017,8003476,8001289,8000228,;602
2021-12-25T06:28:00.000Z;Hof Hbf;RE;RE 3;3;74009;8002924;8002924%2021-12-25T06:28:00.000Z%,8010275,8012739,8010397,8010129,8011904,8010184,8010108,8010115,8013114,8010085,;602
2021-12-25T06:44:00.000Z;Hof Hbf;RE;RE 35;35;3491;8002924;8002924%2021-12-25T06:44:00.000Z%,8005466,8004126,8003887,8000267,8003476,8001289,8002878,8000228,;602
2021-12-25T07:28:00.000Z;Hof Hbf;RE;RE 3;3;74011;8002924;8002924%2021-12-25T07:28:00.000Z%,8010275,8012739,8010397,8010129,8011904,8010184,8010108,8010115,8013114,8010085,;602
2021-12-25T07:34:00.000Z;Hof Hbf;RB;RB 13;13;81016;8002924;8002924%2021-12-25T07:34:00.000Z%,8001969,8010317,8010229,8013396,8013150,8011895,8012252,8013254,8013251,8010365,8011623,8010126,8010125,8011619,8011074,8011312,8013297,8010390,8012682,8010269,8013447,8012192,8010209,8010205,;426
2021-12-25T07:35:00.000Z;Hof Hbf;RE;RE 39;39;59282;8002924;8002924%2021-12-25T07:35:00.000Z%,8000287,8005466,8004126,8005674,8003887,8000267,8006017,8003476,8001289,8002878,8000228,;602
2021-12-25T07:43:00.000Z;Hof Hbf;RE;RE 31;31;3426;8002924;8002924%2021-12-25T07:43:00.000Z%,8000247,8000201,8004759,8004284,8000284,;602
2021-12-25T08:28:00.000Z;Hof Hbf;RE;RE 3;3;74013;8002924;8002924%2021-12-25T08:28:00.000Z%,8010275,8012739,8010397,8010129,8011904,8010184,8010108,8010115,8013114,8010085,;602
2021-12-25T08:35:00.000Z;Hof Hbf;RE;RE 30;30;3082;8002924;8002924%2021-12-25T08:35:00.000Z%,8004126,8000028,8004759,8004284,8000284,;602
2021-12-25T08:44:00.000Z;Hof Hbf;RE;RE 35;35;3493;8002924;8002924%2021-12-25T08:44:00.000Z%,8005466,8004126,8003887,8000267,8003476,8001289,8002878,8000228,;602
2021-12-25T09:28:00.000Z;Hof Hbf;RE;RE 3;3;74015;8002924;8002924%2021-12-25T09:28:00.000Z%,8010275,8012739,8010397,8010129,8011904,8010184,8010108,8010115,8013114,8010085,;602
2021-12-25T09:34:00.000Z;Hof Hbf;RB;RB 13;13;81018;8002924;8002924%2021-12-25T09:34:00.000Z%,8001969,8010317,8010229,8013396,8013150,8011895,8012252,8013254,8013251,8010365,8011623,8010126,8010125,8011619,8011074,8011312,8013297,8010390,8012682,8010269,8013447,8012192,8010209,8010205,;426
2021-12-25T09:36:00.000Z;Hof Hbf;RE;RE 39;39;59284;8002924;8002924%2021-12-25T09:36:00.000Z%,8005466,8004126,8005674,8003887,8000267,8006017,8003476,8001289,8000228,;602
2021-12-25T09:43:00.000Z;Hof Hbf;RE;RE 31;31;3428;8002924;8002924%2021-12-25T09:43:00.000Z%,8000247,8000201,8004759,8004284,8000284,;602
2021-12-25T10:28:00.000Z;Hof Hbf;RE;RE 3;3;74017;8002924;8002924%2021-12-25T10:28:00.000Z%,8010275,8012739,8010397,8010129,8011904,8010184,8010108,8010115,8013114,8010085,;602
2021-12-25T10:35:00.000Z;Hof Hbf;RE;RE 30;30;3084;8002924;8002924%2021-12-25T10:35:00.000Z%,8004126,8000028,8004759,8004284,8000284,;602
2021-12-25T10:44:00.000Z;Hof Hbf;RE;RE 35;35;3495;8002924;8002924%2021-12-25T10:44:00.000Z%,8005466,8004126,8003887,8000267,8003476,8001289,8002878,8000228,;602
2021-12-25T11:28:00.000Z;Hof Hbf;RE;RE 3;3;74019;8002924;8002924%2021-12-25T11:28:00.000Z%,8010275,8012739,8010397,8010129,8011904,8010184,8010108,8010115,8013114,8010085,;602
2021-12-25T11:34:00.000Z;Hof Hbf;RB;RB 13;13;81020;8002924;8002924%2021-12-25T11:34:00.000Z%,8001969,8010317,8010229,8013396,8013150,8011895,8012252,8013254,8013251,8010365,8011623,8010126,8010125,8011619,8011074,8010196,8011312,8013297,8010390,8012682,8010269,8013447,8012192,8010209,8010205,;426
2021-12-25T11:36:00.000Z;Hof Hbf;RE;RE 39;39;59286;8002924;8002924%2021-12-25T11:36:00.000Z%,8005466,8004126,8005674,8003887,8000267,8003476,8001289,8002878,8000228,;602
2021-12-25T11:43:00.000Z;Hof Hbf;RE;RE 31;31;3430;8002924;8002924%2021-12-25T11:43:00.000Z%,8000247,8000201,8004759,8002794,8000284,;602
2021-12-25T12:28:00.000Z;Hof Hbf;RE;RE 3;3;74021;8002924;8002924%2021-12-25T12:28:00.000Z%,8010275,8012739,8010397,8010129,8011904,8010184,8010108,8010115,8013114,8010085,;602
2021-12-25T12:35:00.000Z;Hof Hbf;RE;RE 30;30;3086;8002924;8002924%2021-12-25T12:35:00.000Z%,8004126,8000028,8004759,8004284,8000284,;602
2021-12-25T12:44:00.000Z;Hof Hbf;RE;RE 35;35;3497;8002924;8002924%2021-12-25T12:44:00.000Z%,8005466,8004126,8003887,8000267,8003476,8001289,8002878,8000228,;602
2021-12-25T13:28:00.000Z;Hof Hbf;RE;RE 3;3;74023;8002924;8002924%2021-12-25T13:28:00.000Z%,8010275,8012739,8010397,8010129,8011904,8010184,8010108,8010115,8013114,8010085,;602
2021-12-25T13:34:00.000Z;Hof Hbf;RB;RB 13;13;81022;8002924;8002924%2021-12-25T13:34:00.000Z%,8001969,8010317,8010229,8013396,8013150,8011895,8012252,8013254,8013251,8010365,8011623,8010126,8010125,8011619,8011074,8011312,8013297,8010390,8012682,8010269,8013447,8012192,8010209,8010205,;426
2021-12-25T13:36:00.000Z;Hof Hbf;RE;RE 39;39;59288;8002924;8002924%2021-12-25T13:36:00.000Z%,8005466,8004126,8005674,8003887,8000267,8006017,8003476,8001289,8000228,;602
2021-12-25T13:43:00.000Z;Hof Hbf;RE;RE 31;31;3432;8002924;8002924%2021-12-25T13:43:00.000Z%,8000247,8000201,8004759,8004284,8000284,;602
2021-12-25T14:28:00.000Z;Hof Hbf;RE;RE 3;3;74025;8002924;8002924%2021-12-25T14:28:00.000Z%,8010275,8012739,8010397,8010129,8011904,8010184,8010108,8010115,8013114,8010085,;602
2021-12-25T14:35:00.000Z;Hof Hbf;RE;RE 30;30;3088;8002924;8002924%2021-12-25T14:35:00.000Z%,8004126,8000028,8004759,8004284,8000284,;602
2021-12-25T14:44:00.000Z;Hof Hbf;RE;RE 35;35;3499;8002924;8002924%2021-12-25T14:44:00.000Z%,8005466,8004126,8003887,8000267,8003476,8001289,8002878,8000228,;602
2021-12-25T15:28:00.000Z;Hof Hbf;RE;RE 3;3;74027;8002924;8002924%2021-12-25T15:28:00.000Z%,8010275,8012739,8010397,8010129,8011904,8010184,8010108,8010115,8013114,8010085,;602
2021-12-25T15:34:00.000Z;Hof Hbf;RB;RB 13;13;81024;8002924;8002924%2021-12-25T15:34:00.000Z%,8001969,8010317,8010229,8013396,8013150,8011895,8012252,8013254,8013251,8010365,8011623,8010126,8010125,8011619,8011074,8011312,8013297,8010390,8012682,8010269,8013447,8012192,8010209,8010205,;426
2021-12-25T15:36:00.000Z;Hof Hbf;RE;RE 39;39;59290;8002924;8002924%2021-12-25T15:36:00.000Z%,8005466,8004126,8005674,8003887,8000267,8006017,8003476,8001289,8000228,;602
2021-12-25T15:43:00.000Z;Hof Hbf;RE;RE 31;31;3434;8002924;8002924%2021-12-25T15:43:00.000Z%,8000247,8000201,8004759,8004284,8000284,;602
2021-12-25T16:28:00.000Z;Hof Hbf;RE;RE 3;3;74029;8002924;8002924%2021-12-25T16:28:00.000Z%,8010275,8012739,8010397,8010129,8011904,8010184,8010108,8010115,8013114,8010085,;602
2021-12-25T16:35:00.000Z;Hof Hbf;RE;RE 30;30;3090;8002924;8002924%2021-12-25T16:35:00.000Z%,8004126,8005895,8000028,8004759,8004284,8000284,;602
2021-12-25T16:43:00.000Z;Hof Hbf;RE;RE 35;35;59292;8002924;8002924%2021-12-25T16:43:00.000Z%,8005466,8004126,8003887,8000267,8003476,8003813,8001289,8000228,;602
2021-12-25T17:28:00.000Z;Hof Hbf;RE;RE 3;3;74031;8002924;8002924%2021-12-25T17:28:00.000Z%,8010275,8012739,8010397,8010129,8011904,8010184,8010108,8010115,8013114,8010085,;602
2021-12-25T17:34:00.000Z;Hof Hbf;RB;RB 13;13;81026;8002924;8002924%2021-12-25T17:34:00.000Z%,8001969,8010317,8010229,8013396,8013150,8011895,8012252,8013254,8013251,8010365,8011623,8010126,8010125,8011619,8011074,8011312,8013297,8010390,8012682,8010269,8013447,8012192,8010209,8010205,;426
2021-12-25T17:36:00.000Z;Hof Hbf;RE;RE 35;35;59294;8002924;8002924%2021-12-25T17:36:00.000Z%,8005466,8004126,8005674,8003887,8000267,8003476,8001289,8002878,8000228,;602
2021-12-25T17:43:00.000Z;Hof Hbf;RE;RE 31;31;3436;8002924;8002924%2021-12-25T17:43:00.000Z%,8000247,8000201,8004759,8004284,8002794,8000284,;602
2021-12-25T18:35:00.000Z;Hof Hbf;RE;RE 30;30;3092;8002924;8002924%2021-12-25T18:35:00.000Z%,8004126,8003887,8000028,8004759,8004284,8000284,;602
2021-12-25T18:35:00.000Z;Hof Hbf;RE;RE 35;35;3468;8002924;8002924%2021-12-25T18:35:00.000Z%,8004126,8003887,8000267,;602
2021-12-25T18:37:00.000Z;Hof Hbf;RE;RE 3;3;74033;8002924;8002924%2021-12-25T18:37:00.000Z%,8010275,8012739,8010397,8010129,8011904,8010184,8010108,8010115,8013114,8010085,;602
2021-12-25T19:28:00.000Z;Hof Hbf;RE;RE 3;3;74035;8002924;8002924%2021-12-25T19:28:00.000Z%,8010275,8012739,8010397,8010129,8011904,8010184,;602
2021-12-25T19:34:00.000Z;Hof Hbf;RE;RE 13;13;81028;8002924;8002924%2021-12-25T19:34:00.000Z%,8001969,8010317,8010229,8013396,8013150,8011895,8013251,8010365,8011623,8010126,8010125,;602
2021-12-25T19:35:00.000Z;Hof Hbf;RE;RE 39;39;59296;8002924;8002924%2021-12-25T19:35:00.000Z%,8000287,8005466,8002019,8004126,8005674,8003887,8000267,8006017,8003476,8003813,8001289,8002878,8000228,;602
2021-12-25T19:43:00.000Z;Hof Hbf;RE;RE 31;31;3438;8002924;8002924%2021-12-25T19:43:00.000Z%,8000247,8000201,8004759,8004284,8002794,8000284,;602
2021-12-24T20:31:00.000Z;Ingolstadt Nord;RB;RB 16;16;59107;8003076;8003076%2021-12-24T20:31:00.000Z%0,8000183,8000678,8000256,8004781,8005008,8004747,8004775,8001354,8000261,;426
2021-12-24T20:35:00.000Z;Ingolstadt Nord;RB;RB 16;16;59164;8003076;8003076%2021-12-24T20:36:00.000Z%1,8003074,8002171,8001734,8005828,8000419,8001708,8001495,8005593,8004753,8000122,;426
2021-12-24T20:50:00.000Z;Ingolstadt Nord;RE;RE 1;1;4041;8003076;8003076%2021-12-24T20:51:00.000Z%1,8000183,8000256,8004781,8004775,8000261,;602
2021-12-24T21:01:00.000Z;Ingolstadt Nord;RE;RE 1;1;4048;8003076;8003076%2021-12-24T21:02:00.000Z%1,8003256,8000498,8000284,;602
2021-12-24T21:20:00.000Z;Ingolstadt Nord;RB;RB 16;16;59163;8003076;8003076%2021-12-24T21:22:00.000Z%2,8000183,8000678,8000256,8004781,8005008,8004747,8004775,8001354,8000261,;426
2021-12-24T21:34:00.000Z;Ingolstadt Nord;RB;RB 16;16;59108;8003076;8003076%2021-12-24T21:34:00.000Z%0,8003074,8002171,8001734,8005828,8000419,8001708,8001495,8005593,8004753,8000122,8006298,8001749,8004835,8004115,8002237,8005995,8005185,8005439,8000284,;426
2021-12-24T22:26:00.000Z;Ingolstadt Nord;RB;RB 16;16;59109;8003076;8003076%2021-12-24T22:27:00.000Z%1,8000183,8000678,8000256,8004781,8005008,8004747,8004775,8001354,8000261,;426
2021-12-24T22:43:00.000Z;Ingolstadt Nord;RB;RB 16;16;59193;8003076;8003076%2021-12-24T22:43:00.000Z%,8000183,;426
2021-12-24T23:18:00.000Z;Ingolstadt Nord;RE;RE 1;1;4047;8003076;8003076%2021-12-24T23:18:00.000Z%,8000183,8000256,8004781,8004775,8000261,;602
2021-12-24T23:43:00.000Z;Ingolstadt Nord;RB;RB 16;16;59191;8003076;8003076%2021-12-24T23:43:00.000Z%,8000183,;426
2021-12-25T00:45:00.000Z;Ingolstadt Nord;RB;RB 16;16;59195;8003076;8003076%2021-12-25T00:45:00.000Z%,8000183,;426
2021-12-25T04:28:00.000Z;Ingolstadt Nord;RB;RB 16;16;59144;8003076;8003076%2021-12-25T04:28:00.000Z%,8003074,8002171,8001734,8005828,8000419,8001708,8001495,8005593,8004753,8000122,8006298,8001749,8004835,8004115,8002237,8005995,8005185,8005439,8000284,;426
2021-12-25T04:32:00.000Z;Ingolstadt Nord;RB;RB 16;16;59173;8003076;8003076%2021-12-25T04:32:00.000Z%,8000183,8000678,8000256,8004781,8005008,8004747,8004775,8001354,8000261,;426
2021-12-25T05:17:00.000Z;Ingolstadt Nord;RB;RB 16;16;59143;8003076;8003076%2021-12-25T05:17:00.000Z%,8000183,8000678,8000256,8004781,8005008,8004747,8004775,8001354,8000261,;426
2021-12-25T05:33:00.000Z;Ingolstadt Nord;RB;RB 16;16;59086;8003076;8003076%2021-12-25T05:33:00.000Z%,8003074,8002171,8001734,8005828,8000419,8001708,8001495,8005593,8004753,8000122,8006298,8001749,8004835,8004115,8002237,8005995,8005185,8005439,8000284,;426
2021-12-25T05:54:00.000Z;Ingolstadt Nord;RE;RE 1;1;4003;8003076;8003076%2021-12-25T05:54:00.000Z%,8000183,8000256,8004781,8004775,8000261,;602
2021-12-25T06:08:00.000Z;Ingolstadt Nord;RE;RE 1;1;4004;8003076;8003076%2021-12-25T06:08:00.000Z%,8003256,8000498,8000284,;602
2021-12-25T06:17:00.000Z;Ingolstadt Nord;RB;RB 16;16;59087;8003076;8003076%2021-12-25T06:17:00.000Z%,8000183,8000678,8000256,8004781,8005008,8004747,8004775,8001354,8000261,;426
2021-12-25T06:34:00.000Z;Ingolstadt Nord;RB;RB 16;16;59146;8003076;8003076%2021-12-25T06:34:00.000Z%,8003074,8002171,8001734,8005828,8000419,8001708,8001495,8005593,8004753,8000122,8006298,8001749,8004835,8004115,8002237,8005995,8005185,8005439,8000284,;426
2021-12-25T07:21:00.000Z;Ingolstadt Nord;RB;RB 16;16;59155;8003076;8003076%2021-12-25T07:21:00.000Z%,8000183,8000678,8000256,8004781,8005008,8004747,8004775,8001354,8000261,;426
2021-12-25T07:34:00.000Z;Ingolstadt Nord;RB;RB 16;16;59090;8003076;8003076%2021-12-25T07:34:00.000Z%,8003074,8002171,8001734,8005828,8000419,8001708,8001495,8005593,8004753,8000122,8006298,8001749,8004835,8004115,8002237,8005995,8005185,8005439,8000284,;426
2021-12-25T08:31:00.000Z;Ingolstadt Nord;RB;RB 16;16;59089;8003076;8003076%2021-12-25T08:31:00.000Z%,8000183,8000678,8000256,8004781,8005008,8004747,8004775,8001354,8000261,;426
2021-12-25T08:34:00.000Z;Ingolstadt Nord;RB;RB 16;16;59148;8003076;8003076%2021-12-25T08:34:00.000Z%,8003074,8002171,8001734,8005828,8000419,8001708,8001495,8005593,8004753,8000122,;426
2021-12-25T08:52:00.000Z;Ingolstadt Nord;RE;RE 1;1;4015;8003076;8003076%2021-12-25T08:52:00.000Z%,8000183,8000256,8004781,8004775,8000261,;602
2021-12-25T09:08:00.000Z;Ingolstadt Nord;RE;RE 1;1;4010;8003076;8003076%2021-12-25T09:08:00.000Z%,8003256,8000498,8000284,;602
2021-12-25T09:30:00.000Z;Ingolstadt Nord;RB;RB 16;16;59147;8003076;8003076%2021-12-25T09:30:00.000Z%,8000183,8000678,8000256,8004781,8005008,8004747,8004775,8001354,8000261,;426
2021-12-25T09:32:00.000Z;Ingolstadt Nord;RB;RB 16;16;59092;8003076;8003076%2021-12-25T09:32:00.000Z%,8003074,8002171,8001734,8005828,8000419,8001708,8001495,8005593,8004753,8000122,8006298,8001749,8004835,8004115,8002237,8005995,8005185,8005439,8000284,;426
2021-12-25T10:31:00.000Z;Ingolstadt Nord;RB;RB 16;16;59093;8003076;8003076%2021-12-25T10:31:00.000Z%,8000183,8000678,8000256,8004781,8005008,8004747,8004775,8001354,8000261,;426
2021-12-25T10:34:00.000Z;Ingolstadt Nord;RB;RB 16;16;59150;8003076;8003076%2021-12-25T10:34:00.000Z%,8003074,8002171,8001734,8005828,8000419,8001708,8001495,8005593,8004753,8000122,;426
2021-12-25T10:51:00.000Z;Ingolstadt Nord;RE;RE 1;1;4019;8003076;8003076%2021-12-25T10:51:00.000Z%,8000183,8000256,8004781,8004775,8000261,;602
2021-12-25T11:07:00.000Z;Ingolstadt Nord;RE;RE 1;1;4014;8003076;8003076%2021-12-25T11:07:00.000Z%,8003256,8000498,8000284,;602
2021-12-25T11:31:00.000Z;Ingolstadt Nord;RB;RB 16;16;59151;8003076;8003076%2021-12-25T11:31:00.000Z%,8000183,8000678,8000256,8004781,8005008,8004747,8004775,8001354,8000261,;426
2021-12-25T11:32:00.000Z;Ingolstadt Nord;RB;RB 16;16;59096;8003076;8003076%2021-12-25T11:32:00.000Z%,8003074,8002171,8001734,8005828,8000419,8001708,8001495,8005593,8004753,8000122,8006298,8001749,8004835,8004115,8002237,8005995,8005185,8005439,8000284,;426
2021-12-25T12:23:00.000Z;Ingolstadt Nord;RB;RB 16;16;59095;8003076;8003076%2021-12-25T12:23:00.000Z%,8000183,8000678,8000256,8004781,8005008,8004747,8004775,8001354,8000261,;426
2021-12-25T12:32:00.000Z;Ingolstadt Nord;RB;RB 16;16;59154;8003076;8003076%2021-12-25T12:32:00.000Z%,8003074,8002171,8001734,8005828,8000419,8001708,8001495,8005593,8004753,8000122,;426
2021-12-25T12:51:00.000Z;Ingolstadt Nord;RE;RE 1;1;4023;8003076;8003076%2021-12-25T12:51:00.000Z%,8000183,8000256,8004781,8004775,8000261,;602
2021-12-25T13:07:00.000Z;Ingolstadt Nord;RE;RE 1;1;4020;8003076;8003076%2021-12-25T13:07:00.000Z%,8003256,8000498,8000284,;602
2021-12-25T13:25:00.000Z;Ingolstadt Nord;RB;RB 16;16;59153;8003076;8003076%2021-12-25T13:25:00.000Z%,8000183,8000678,8000256,8004781,8005008,8004747,8004775,8001354,8000261,;426
2021-12-25T13:34:00.000Z;Ingolstadt Nord;RB;RB 16;16;59098;8003076;8003076%2021-12-25T13:34:00.000Z%,8003074,8002171,8001734,8005828,8000419,8001708,8001495,8005593,8004753,8000122,8006298,8001749,8004835,8004115,8002237,8005995,8005185,8005439,8000284,;426
2021-12-25T14:08:00.000Z;Ingolstadt Nord;RE;RE 1;1;4024;8003076;8003076%2021-12-25T14:08:00.000Z%,8003256,8000498,8000284,;602
2021-12-25T14:31:00.000Z;Ingolstadt Nord;RB;RB 16;16;59097;8003076;8003076%2021-12-25T14:31:00.000Z%,8000183,8000678,8000256,8004781,8005008,8004747,8004775,8001354,8000261,;426
2021-12-25T14:31:00.000Z;Ingolstadt Nord;RB;RB 16;16;59156;8003076;8003076%2021-12-25T14:31:00.000Z%,8003074,8002171,8001734,8005828,8000419,8001708,8001495,8005593,8004753,8000122,;426
2021-12-25T14:52:00.000Z;Ingolstadt Nord;RE;RE 1;1;4029;8003076;8003076%2021-12-25T14:52:00.000Z%,8000183,8000256,8004781,8004775,8000261,;602
2021-12-25T15:08:00.000Z;Ingolstadt Nord;RE;RE 1;1;4026;8003076;8003076%2021-12-25T15:08:00.000Z%,8003256,8000498,8000284,;602
2021-12-25T15:29:00.000Z;Ingolstadt Nord;RB;RB 16;16;59157;8003076;8003076%2021-12-25T15:29:00.000Z%,8000183,8000678,8000256,8004781,8005008,8004747,8004775,8001354,8000261,;426
2021-12-25T15:31:00.000Z;Ingolstadt Nord;RB;RB 16;16;59102;8003076;8003076%2021-12-25T15:31:00.000Z%,8003074,8002171,8001734,8005828,8000419,8001708,8001495,8005593,8004753,8000122,8006298,8001749,8004835,8004115,8002237,8005995,8005185,8005439,8000284,;426
2021-12-25T15:52:00.000Z;Ingolstadt Nord;RE;RE 1;1;4031;8003076;8003076%2021-12-25T15:52:00.000Z%,8000183,8000256,8004781,8004775,8000261,;602
2021-12-25T16:08:00.000Z;Ingolstadt Nord;RE;RE 1;1;4028;8003076;8003076%2021-12-25T16:08:00.000Z%,8003256,8000498,8000284,;602
2021-12-25T16:30:00.000Z;Ingolstadt Nord;RB;RB 16;16;59099;8003076;8003076%2021-12-25T16:30:00.000Z%,8000183,8000678,8000256,8004781,8005008,8004747,8004775,8001354,8000261,;426
2021-12-25T16:34:00.000Z;Ingolstadt Nord;RB;RB 16;16;59160;8003076;8003076%2021-12-25T16:34:00.000Z%,8003074,8002171,8001734,8005828,8000419,8001708,8001495,8005593,8004753,8000122,;426
2021-12-25T16:53:00.000Z;Ingolstadt Nord;RE;RE 1;1;4033;8003076;8003076%2021-12-25T16:53:00.000Z%,8000183,8000256,8004781,8004775,8000261,;602
2021-12-25T17:07:00.000Z;Ingolstadt Nord;RE;RE 1;1;4036;8003076;8003076%2021-12-25T17:07:00.000Z%,8003256,8000498,8000284,;602
2021-12-25T17:32:00.000Z;Ingolstadt Nord;RB;RB 16;16;59104;8003076;8003076%2021-12-25T17:32:00.000Z%,8003074,8002171,8001734,8005828,8000419,8001708,8001495,8005593,8004753,8000122,8006298,8001749,8004835,8004115,8002237,8005995,8005185,8005439,8000284,;426
2021-12-25T17:32:00.000Z;Ingolstadt Nord;RB;RB 16;16;59159;8003076;8003076%2021-12-25T17:32:00.000Z%,8000183,8000678,8000256,8004781,8005008,8004747,8004775,8001354,8000261,;426
2021-12-25T17:51:00.000Z;Ingolstadt Nord;RE;RE 1;1;4035;8003076;8003076%2021-12-25T17:51:00.000Z%,8000183,8000256,8004781,8004775,8000261,;602
2021-12-25T18:08:00.000Z;Ingolstadt Nord;RE;RE 1;1;4040;8003076;8003076%2021-12-25T18:08:00.000Z%,8003256,8000498,8000284,;602
2021-12-25T18:25:00.000Z;Ingolstadt Nord;RB;RB 16;16;59101;8003076;8003076%2021-12-25T18:25:00.000Z%,8000183,8000678,8000256,8004781,8005008,8004747,8004775,8001354,8000261,;426
2021-12-25T18:32:00.000Z;Ingolstadt Nord;RB;RB 16;16;59162;8003076;8003076%2021-12-25T18:32:00.000Z%,8003074,8002171,8001734,8005828,8000419,8001708,8001495,8005593,8004753,8000122,;426
2021-12-25T18:51:00.000Z;Ingolstadt Nord;RE;RE 1;1;4037;8003076;8003076%2021-12-25T18:51:00.000Z%,8000183,8000256,8004781,8004775,8000261,;602
2021-12-25T19:06:00.000Z;Ingolstadt Nord;RE;RE 1;1;4044;8003076;8003076%2021-12-25T19:06:00.000Z%,8003256,8000498,8000284,;602
2021-12-24T20:14:00.000Z;Inningen;RE;RE 7;7;3287;8003079;8003079%2021-12-24T20:22:00.000Z%8,8000013,;602
2021-12-24T20:14:00.000Z;Inningen;RE;RE 17;17;57661;8003079;8003079%2021-12-24T20:22:00.000Z%8,8000013,;602
2021-12-24T20:41:00.000Z;Inningen;RE;RE 71;71;57518;8003079;8003079%2021-12-24T20:46:00.000Z%5,8001033,8005444,8000057,8000144,8004927,8000338,8005725,8005607,8000249,;602
2021-12-24T21:41:00.000Z;Inningen;RE;RE 7;7;3292;8003079;8003079%2021-12-24T21:41:00.000Z%,8001033,8005444,8000057,8000194,8000962,8002458,8000197,8003901,8003065,8004584,8005138,8002710,8000387,8000230,;602
2021-12-24T22:19:00.000Z;Inningen;RE;RE 7;7;3295;8003079;8003079%2021-12-24T22:23:00.000Z%4,8000659,8000660,8000013,;602
2021-12-24T22:43:00.000Z;Inningen;RE;RE 71;71;57520;8003079;8003079%2021-12-24T22:43:00.000Z%,8001033,8005444,8000057,8000144,8004927,8000338,8005725,8005607,8000249,;602
2021-12-24T23:37:00.000Z;Inningen;RE;RE 71;71;57521;8003079;8003079%2021-12-24T23:37:00.000Z%,8000659,8000660,8000013,;602
2021-12-25T04:41:00.000Z;Inningen;RE;RE 71;71;57502;8003079;8003079%2021-12-25T04:41:00.000Z%,8001033,8005444,8000057,8000144,8004927,8000338,8005725,8005607,8000249,;602
2021-12-25T05:15:00.000Z;Inningen;RE;RE 71;71;57503;8003079;8003079%2021-12-25T05:15:00.000Z%,8000659,8000660,8000013,;602
2021-12-25T05:41:00.000Z;Inningen;RE;RE 7;7;3282;8003079;8003079%2021-12-25T05:41:00.000Z%,8001033,8005444,8000057,8000194,8002458,8000197,8003065,8004584,8005138,8002710,8000387,8003693,;602
2021-12-25T05:41:00.000Z;Inningen;RE;RE 17;17;3380;8003079;8003079%2021-12-25T05:41:00.000Z%,8001033,8005444,8000057,8000194,8002458,8000197,8003065,8001004,8005609,8001995,8004585,;602
2021-12-25T19:41:00.000Z;Inningen;RE;RE 7;7;3288;8003079;8003079%2021-12-25T19:41:00.000Z%,8001033,8005444,8000057,8000194,8000962,8002458,8000197,8003901,8003065,8004584,8005138,8002710,8000387,8003693,;602
2021-12-24T20:22:00.000Z;Isselhorst-Avenwedde;RB;RB 69;69;89995;8003096;8003096%2021-12-24T20:23:00.000Z%1,8000048,8000036,;426
2021-12-24T20:35:00.000Z;Isselhorst-Avenwedde;RB;RB 69;69;90090;8003096;8003096%2021-12-24T20:35:00.000Z%0,8002461,8000315,8004626,8004251,8000441,8002680,8000149,8001045,8003986,8001558,8005102,8002841,8000263,;426
2021-12-24T21:23:00.000Z;Isselhorst-Avenwedde;RB;RB 69;69;90085;8003096;8003096%2021-12-24T21:23:00.000Z%0,8000048,8000036,;426
2021-12-24T23:15:00.000Z;Isselhorst-Avenwedde;RB;RB 69;69;89996;8003096;8003096%2021-12-24T23:15:00.000Z%,8002461,8000315,8004626,8004251,8000441,8002680,8000149,;426
2021-12-25T00:23:00.000Z;Isselhorst-Avenwedde;RB;RB 69;69;89998;8003096;8003096%2021-12-25T00:23:00.000Z%,8002461,8000315,8004626,8004251,8000441,8002680,8000149,;426
2021-12-25T00:41:00.000Z;Isselhorst-Avenwedde;RB;RB 69;69;89997;8003096;8003096%2021-12-25T00:41:00.000Z%,8000048,8000036,;426
2021-12-25T01:41:00.000Z;Isselhorst-Avenwedde;RB;RB 69;69;89999;8003096;8003096%2021-12-25T01:41:00.000Z%,8000048,8000036,;426
2021-12-25T08:22:00.000Z;Isselhorst-Avenwedde;RB;RB 89;89;89971;8003096;8003096%2021-12-25T08:22:00.000Z%,8000048,8000036,;426
2021-12-25T08:35:00.000Z;Isselhorst-Avenwedde;RB;RB 69;69;89972;8003096;8003096%2021-12-25T08:35:00.000Z%,8002461,8000315,8004626,8004251,8000441,8002680,8000149,8001045,8003986,8001558,8005102,8002841,8000263,;426
2021-12-25T09:22:00.000Z;Isselhorst-Avenwedde;RB;RB 69;69;89973;8003096;8003096%2021-12-25T09:22:00.000Z%,8000048,8000036,;426
2021-12-25T09:35:00.000Z;Isselhorst-Avenwedde;RB;RB 69;69;89974;8003096;8003096%2021-12-25T09:35:00.000Z%,8002461,8000315,8004626,8004251,8000441,8002680,8000149,8001045,8003986,8001558,8005102,8002841,8000263,;426
2021-12-25T10:22:00.000Z;Isselhorst-Avenwedde;RB;RB 69;69;89975;8003096;8003096%2021-12-25T10:22:00.000Z%,8000048,8000036,;426
2021-12-25T10:35:00.000Z;Isselhorst-Avenwedde;RB;RB 69;69;89976;8003096;8003096%2021-12-25T10:35:00.000Z%,8002461,8000315,8004626,8004251,8000441,8002680,8000149,8001045,8003986,8001558,8005102,8002841,8000263,;426
2021-12-25T11:22:00.000Z;Isselhorst-Avenwedde;RB;RB 69;69;89977;8003096;8003096%2021-12-25T11:22:00.000Z%,8000048,8000036,;426
2021-12-25T11:35:00.000Z;Isselhorst-Avenwedde;RB;RB 69;69;89978;8003096;8003096%2021-12-25T11:35:00.000Z%,8002461,8000315,8004626,8004251,8000441,8002680,8000149,8001045,8003986,8001558,8005102,8002841,8000263,;426
2021-12-25T12:22:00.000Z;Isselhorst-Avenwedde;RB;RB 69;69;89979;8003096;8003096%2021-12-25T12:22:00.000Z%,8000048,8000036,;426
2021-12-25T12:35:00.000Z;Isselhorst-Avenwedde;RB;RB 69;69;89980;8003096;8003096%2021-12-25T12:35:00.000Z%,8002461,8000315,8004626,8004251,8000441,8002680,8000149,8001045,8003986,8001558,8005102,8002841,8000263,;426
2021-12-25T13:22:00.000Z;Isselhorst-Avenwedde;RB;RB 69;69;89981;8003096;8003096%2021-12-25T13:22:00.000Z%,8000048,8000036,;426
2021-12-25T13:35:00.000Z;Isselhorst-Avenwedde;RB;RB 69;69;89982;8003096;8003096%2021-12-25T13:35:00.000Z%,8002461,8000315,8004626,8004251,8000441,8002680,8000149,8001045,8003986,8001558,8005102,8002841,8000263,;426
2021-12-25T14:22:00.000Z;Isselhorst-Avenwedde;RB;RB 89;89;89983;8003096;8003096%2021-12-25T14:22:00.000Z%,8000048,8000036,;426
2021-12-25T14:35:00.000Z;Isselhorst-Avenwedde;RB;RB 69;69;89984;8003096;8003096%2021-12-25T14:35:00.000Z%,8002461,8000315,8004626,8004251,8000441,8002680,8000149,8001045,8003986,8001558,8005102,8002841,8000263,;426
2021-12-25T15:22:00.000Z;Isselhorst-Avenwedde;RB;RB 69;69;89985;8003096;8003096%2021-12-25T15:22:00.000Z%,8000048,8000036,;426
2021-12-25T15:35:00.000Z;Isselhorst-Avenwedde;RB;RB 69;69;89986;8003096;8003096%2021-12-25T15:35:00.000Z%,8002461,8000315,8004626,8004251,8000441,8002680,8000149,8001045,8003986,8001558,8005102,8002841,8000263,;426
2021-12-25T16:22:00.000Z;Isselhorst-Avenwedde;RB;RB 69;69;89987;8003096;8003096%2021-12-25T16:22:00.000Z%,8000048,8000036,;426
2021-12-25T16:35:00.000Z;Isselhorst-Avenwedde;RB;RB 69;69;89988;8003096;8003096%2021-12-25T16:35:00.000Z%,8002461,8000315,8004626,8004251,8000441,8002680,8000149,;426
2021-12-25T17:22:00.000Z;Isselhorst-Avenwedde;RB;RB 69;69;89989;8003096;8003096%2021-12-25T17:22:00.000Z%,8000048,8000036,;426
2021-12-25T17:35:00.000Z;Isselhorst-Avenwedde;RB;RB 69;69;89990;8003096;8003096%2021-12-25T17:35:00.000Z%,8002461,8000315,8004626,8004251,8000441,8002680,8000149,8001045,8003986,8001558,8005102,8002841,8000263,;426
2021-12-25T18:22:00.000Z;Isselhorst-Avenwedde;RB;RB 69;69;89991;8003096;8003096%2021-12-25T18:22:00.000Z%,8000048,8000036,;426
2021-12-25T18:35:00.000Z;Isselhorst-Avenwedde;RB;RB 69;69;89992;8003096;8003096%2021-12-25T18:35:00.000Z%,8002461,8000315,8004626,8004251,8000441,8002680,8000149,8001045,8003986,8001558,8005102,8002841,8000263,;426
2021-12-25T19:22:00.000Z;Isselhorst-Avenwedde;RB;RB 69;69;89993;8003096;8003096%2021-12-25T19:22:00.000Z%,8000048,8000036,;426
2021-12-25T19:35:00.000Z;Isselhorst-Avenwedde;RB;RB 69;69;89994;8003096;8003096%2021-12-25T19:35:00.000Z%,8002461,8000315,8004626,8004251,8000441,8002680,8000149,8001045,8003986,8001558,8005102,8002841,8000263,;426
2021-12-24T21:08:00.000Z;Kalchreuth;RB;RB 21;21;58772;8003154;8003154%2021-12-24T21:08:00.000Z%0,8002783,8002782,8004469,;426
2021-12-24T21:45:00.000Z;Kalchreuth;RB;RB 21;21;58775;8003154;8003154%2021-12-24T21:45:00.000Z%,8002416,8001875,8002029,8005219,8003044,8006300,8002340,;426
2021-12-24T23:02:00.000Z;Kalchreuth;RB;RB 21;21;58776;8003154;8003154%2021-12-24T23:02:00.000Z%,8002783,8002782,8004469,;426
2021-12-24T23:48:00.000Z;Kalchreuth;RB;RB 21;21;58779;8003154;8003154%2021-12-24T23:48:00.000Z%,8002416,8001875,8002029,8005219,8003044,8006300,8002340,;426
2021-12-25T05:45:00.000Z;Kalchreuth;RB;RB 21;21;58705;8003154;8003154%2021-12-25T05:45:00.000Z%,8002416,8001875,8002029,8005219,8003044,8006300,8002340,;426
2021-12-25T06:02:00.000Z;Kalchreuth;RB;RB 21;21;58706;8003154;8003154%2021-12-25T06:02:00.000Z%,8002783,8002782,8004469,;426
2021-12-25T06:45:00.000Z;Kalchreuth;RB;RB 21;21;58711;8003154;8003154%2021-12-25T06:45:00.000Z%,8002416,8001875,8002029,8005219,8003044,8006300,8002340,;426
2021-12-25T07:02:00.000Z;Kalchreuth;RB;RB 21;21;58710;8003154;8003154%2021-12-25T07:02:00.000Z%,8002783,8002782,8004469,;426
2021-12-25T07:45:00.000Z;Kalchreuth;RB;RB 21;21;58715;8003154;8003154%2021-12-25T07:45:00.000Z%,8002416,8001875,8002029,8005219,8003044,8006300,8002340,;426
2021-12-25T08:02:00.000Z;Kalchreuth;RB;RB 21;21;58714;8003154;8003154%2021-12-25T08:02:00.000Z%,8002783,8002782,8004469,;426
2021-12-25T08:45:00.000Z;Kalchreuth;RB;RB 21;21;58719;8003154;8003154%2021-12-25T08:45:00.000Z%,8002416,8001875,8002029,8005219,8003044,8006300,8002340,;426
2021-12-25T09:02:00.000Z;Kalchreuth;RB;RB 21;21;58718;8003154;8003154%2021-12-25T09:02:00.000Z%,8002783,8002782,8004469,;426
2021-12-25T09:45:00.000Z;Kalchreuth;RB;RB 21;21;58723;8003154;8003154%2021-12-25T09:45:00.000Z%,8002416,8001875,8002029,8005219,8003044,8006300,8002340,;426
2021-12-25T10:02:00.000Z;Kalchreuth;RB;RB 21;21;58722;8003154;8003154%2021-12-25T10:02:00.000Z%,8002783,8002782,8004469,;426
2021-12-25T10:45:00.000Z;Kalchreuth;RB;RB 21;21;58727;8003154;8003154%2021-12-25T10:45:00.000Z%,8002416,8001875,8002029,8005219,8003044,8006300,8002340,;426
2021-12-25T11:02:00.000Z;Kalchreuth;RB;RB 21;21;58726;8003154;8003154%2021-12-25T11:02:00.000Z%,8002783,8002782,8004469,;426
2021-12-25T11:45:00.000Z;Kalchreuth;RB;RB 21;21;58731;8003154;8003154%2021-12-25T11:45:00.000Z%,8002416,8001875,8002029,8005219,8003044,8006300,8002340,;426
2021-12-25T12:02:00.000Z;Kalchreuth;RB;RB 21;21;58730;8003154;8003154%2021-12-25T12:02:00.000Z%,8002783,8002782,8004469,;426
2021-12-25T12:46:00.000Z;Kalchreuth;RB;RB 21;21;58735;8003154;8003154%2021-12-25T12:46:00.000Z%,8002416,8001875,8002029,8005219,8003044,8006300,8002340,;426
2021-12-25T13:02:00.000Z;Kalchreuth;RB;RB 21;21;58734;8003154;8003154%2021-12-25T13:02:00.000Z%,8002783,8002782,8004469,;426
2021-12-25T13:45:00.000Z;Kalchreuth;RB;RB 21;21;58741;8003154;8003154%2021-12-25T13:45:00.000Z%,8002416,8001875,8002029,8005219,8003044,8006300,8002340,;426
2021-12-25T14:02:00.000Z;Kalchreuth;RB;RB 21;21;58740;8003154;8003154%2021-12-25T14:02:00.000Z%,8002783,8002782,8004469,;426
2021-12-25T14:45:00.000Z;Kalchreuth;RB;RB 21;21;58747;8003154;8003154%2021-12-25T14:45:00.000Z%,8002416,8001875,8002029,8005219,8003044,8006300,8002340,;426
2021-12-25T15:02:00.000Z;Kalchreuth;RB;RB 21;21;58746;8003154;8003154%2021-12-25T15:02:00.000Z%,8002783,8002782,8004469,;426
2021-12-25T15:45:00.000Z;Kalchreuth;RB;RB 21;21;58753;8003154;8003154%2021-12-25T15:45:00.000Z%,8002416,8001875,8002029,8005219,8003044,8006300,8002340,;426
2021-12-25T16:02:00.000Z;Kalchreuth;RB;RB 21;21;58752;8003154;8003154%2021-12-25T16:02:00.000Z%,8002783,8002782,8004469,;426
2021-12-25T16:45:00.000Z;Kalchreuth;RB;RB 21;21;58759;8003154;8003154%2021-12-25T16:45:00.000Z%,8002416,8001875,8002029,8005219,8003044,8006300,8002340,;426
2021-12-25T17:02:00.000Z;Kalchreuth;RB;RB 21;21;58758;8003154;8003154%2021-12-25T17:02:00.000Z%,8002783,8002782,8004469,;426
2021-12-25T17:45:00.000Z;Kalchreuth;RB;RB 21;21;58765;8003154;8003154%2021-12-25T17:45:00.000Z%,8002416,8001875,8002029,8005219,8003044,8006300,8002340,;426
2021-12-25T18:02:00.000Z;Kalchreuth;RB;RB 21;21;58764;8003154;8003154%2021-12-25T18:02:00.000Z%,8002783,8002782,8004469,;426
2021-12-25T18:45:00.000Z;Kalchreuth;RB;RB 21;21;58769;8003154;8003154%2021-12-25T18:45:00.000Z%,8002416,8001875,8002029,8005219,8003044,8006300,8002340,;426
2021-12-25T19:02:00.000Z;Kalchreuth;RB;RB 21;21;58768;8003154;8003154%2021-12-25T19:02:00.000Z%,8002783,8002782,8004469,;426
2021-12-25T19:51:00.000Z;Kalchreuth;RB;RB 21;21;58771;8003154;8003154%2021-12-25T19:51:00.000Z%,8002416,8001875,8002029,8005219,8003044,8006300,8002340,;426
2021-12-25T20:10:00.000Z;Kalchreuth;RB;RB 21;21;58770;8003154;8003154%2021-12-25T20:10:00.000Z%,8002783,8002782,8004469,;426
2021-12-25T06:41:00.000Z;Karlsruhe-Mühlburg;RB;RB 51;51;12406;8003187;8003187%2021-12-25T06:41:00.000Z%,8003186,8084067,8000254,8006536,8003172,8006468,8005713,8005146,8003080,8000216,8003349,8001665,8001663,8003809,8004306,8000275,;426
2021-12-25T07:18:00.000Z;Karlsruhe-Mühlburg;RB;RB 51;51;12405;8003187;8003187%2021-12-25T07:18:00.000Z%,8003183,8000191,;426
2021-12-25T07:42:00.000Z;Karlsruhe-Mühlburg;RB;RB 51;51;12438;8003187;8003187%2021-12-25T07:42:00.000Z%,8003186,8084067,8000254,8006536,8003172,8006468,8005713,8005146,8003080,8000216,8003349,8001665,8001663,8003809,8004306,8000275,;426
2021-12-25T08:18:00.000Z;Karlsruhe-Mühlburg;RB;RB 51;51;12441;8003187;8003187%2021-12-25T08:18:00.000Z%,8003183,8000191,;426
2021-12-25T08:42:00.000Z;Karlsruhe-Mühlburg;RB;RB 51;51;12442;8003187;8003187%2021-12-25T08:42:00.000Z%,8003186,8084067,8000254,8006536,8003172,8006468,8005713,8005146,8003080,8000216,8003349,8001665,8001663,8003809,8004306,8000275,;426
2021-12-25T09:18:00.000Z;Karlsruhe-Mühlburg;RB;RB 51;51;12407;8003187;8003187%2021-12-25T09:18:00.000Z%,8003183,8000191,;426
2021-12-25T09:42:00.000Z;Karlsruhe-Mühlburg;RB;RB 51;51;12408;8003187;8003187%2021-12-25T09:42:00.000Z%,8003186,8084067,8000254,8006536,8003172,8006468,8005713,8005146,8003080,8000216,8003349,8001665,8001663,8003809,8004306,8000275,;426
2021-12-25T10:18:00.000Z;Karlsruhe-Mühlburg;RB;RB 51;51;12447;8003187;8003187%2021-12-25T10:18:00.000Z%,8003183,8000191,;426
2021-12-25T10:42:00.000Z;Karlsruhe-Mühlburg;RB;RB 51;51;12444;8003187;8003187%2021-12-25T10:42:00.000Z%,8003186,8084067,8000254,8006536,8003172,8006468,8005713,8005146,8003080,8000216,8003349,8001665,8001663,8003809,8004306,8000275,;426
2021-12-25T11:18:00.000Z;Karlsruhe-Mühlburg;RB;RB 51;51;12449;8003187;8003187%2021-12-25T11:18:00.000Z%,8003183,8000191,;426
2021-12-25T11:42:00.000Z;Karlsruhe-Mühlburg;RB;RB 51;51;12410;8003187;8003187%2021-12-25T11:42:00.000Z%,8003186,8084067,8000254,8006536,8003172,8006468,8005713,8005146,8003080,8000216,8003349,8001665,8001663,8003809,8004306,8000275,;426
2021-12-25T12:18:00.000Z;Karlsruhe-Mühlburg;RB;RB 51;51;12409;8003187;8003187%2021-12-25T12:18:00.000Z%,8003183,8000191,;426
2021-12-25T12:42:00.000Z;Karlsruhe-Mühlburg;RB;RB 51;51;12412;8003187;8003187%2021-12-25T12:42:00.000Z%,8003186,8084067,8000254,8006536,8003172,8006468,8005713,8005146,8003080,8000216,8003349,8001665,8001663,8003809,8004306,8000275,;426
2021-12-25T13:18:00.000Z;Karlsruhe-Mühlburg;RB;RB 51;51;12439;8003187;8003187%2021-12-25T13:18:00.000Z%,8003183,8000191,;426
2021-12-24T20:29:00.000Z;Koblenz-Moselweiß;RB;RB 81;81;12130;8003354;8003354%2021-12-24T20:29:00.000Z%0,8002454,8006481,8003350,8003611,8003211,8003723,8002643,8004096,8004101,8003179,8004859,8003344,8001340,8001666,8004223,8001267,8000870,8005945,8000379,8005260,8005510,8002817,8002018,8005476,8004910,8001688,8000370,8004784,8000134,;426
2021-12-24T20:30:00.000Z;Koblenz-Moselweiß;RB;RB 81;81;12129;8003354;8003354%2021-12-24T20:30:00.000Z%0,8000206,;426
2021-12-24T21:29:00.000Z;Koblenz-Moselweiß;RB;RB 81;81;12132;8003354;8003354%2021-12-24T21:29:00.000Z%,8002454,8006481,8003350,8003611,8003211,8003723,8002643,8004096,8004101,8003179,8004859,8003344,8001340,8001666,8004223,8001267,8000870,8005945,8000379,8005260,8005510,8002817,8002018,8005476,8004910,8001688,8000370,8004784,8000134,;426
2021-12-24T21:30:00.000Z;Koblenz-Moselweiß;RB;RB 81;81;12131;8003354;8003354%2021-12-24T21:31:00.000Z%1,8000206,;426
2021-12-24T22:30:00.000Z;Koblenz-Moselweiß;RB;RB 81;81;12133;8003354;8003354%2021-12-24T22:31:00.000Z%1,8000206,;426
2021-12-25T04:07:00.000Z;Koblenz-Moselweiß;RB;RB 82;82;12178;8003354;8003354%2021-12-25T04:07:00.000Z%,8002454,8006481,8003350,8003611,8003211,8003723,8002643,8004096,8004101,8003179,8004859,8003344,8001340,8001666,8004223,8001267,8000870,8005945,8000379,8005260,8005510,8002817,8002018,8005476,8004910,8001688,8000370,8004784,8000134,8005905,8000402,8003403,8006222,8004514,8005835,8006315,8004438,8006463,;426
2021-12-25T05:29:00.000Z;Koblenz-Moselweiß;RB;RB 81;81;12100;8003354;8003354%2021-12-25T05:29:00.000Z%,8002454,8006481,8003350,8003611,8003211,8003723,8002643,8004096,8004101,8003179,8004859,8003344,8001340,8001666,8004223,8001267,8000870,8005945,8000379,8005260,8005510,8002817,8002018,8005476,8004910,8001688,8000370,8004784,8000134,;426
2021-12-25T06:14:00.000Z;Koblenz-Moselweiß;RB;RB 81;81;12135;8003354;8003354%2021-12-25T06:14:00.000Z%,8000206,;426
2021-12-25T06:29:00.000Z;Koblenz-Moselweiß;RB;RB 81;81;12102;8003354;8003354%2021-12-25T06:29:00.000Z%,8002454,8006481,8003350,8003611,8003211,8003723,8002643,8004096,8004101,8003179,8004859,8003344,8001340,8001666,8004223,8001267,8000870,8005945,8000379,8005260,8005510,8002817,8002018,8005476,8004910,8001688,8000370,8004784,8000134,;426
2021-12-25T07:29:00.000Z;Koblenz-Moselweiß;RB;RB 81;81;12104;8003354;8003354%2021-12-25T07:29:00.000Z%,8002454,8006481,8003350,8003611,8003211,8003723,8002643,8004096,8004101,8003179,8004859,8003344,8001340,8001666,8004223,8001267,8000870,8005945,8000379,8005260,8005510,8002817,8002018,8005476,8004910,8001688,8000370,8004784,8000134,;426
2021-12-25T08:29:00.000Z;Koblenz-Moselweiß;RB;RB 81;81;12106;8003354;8003354%2021-12-25T08:29:00.000Z%,8002454,8006481,8003350,8003611,8003211,8003723,8002643,8004096,8004101,8003179,8004859,8003344,8001340,8001666,8004223,8001267,8000870,8005945,8000379,8005260,8005510,8002817,8002018,8005476,8004910,8001688,8000370,8004784,8000134,;426
2021-12-25T08:30:00.000Z;Koblenz-Moselweiß;RB;RB 81;81;12105;8003354;8003354%2021-12-25T08:30:00.000Z%,8000206,;426
2021-12-25T09:29:00.000Z;Koblenz-Moselweiß;RB;RB 81;81;12108;8003354;8003354%2021-12-25T09:29:00.000Z%,8002454,8006481,8003350,8003611,8003211,8003723,8002643,8004096,8004101,8003179,8004859,8003344,8001340,8001666,8004223,8001267,8000870,8005945,8000379,8005260,8005510,8002817,8002018,8005476,8004910,8001688,8000370,8004784,8000134,;426
2021-12-25T09:30:00.000Z;Koblenz-Moselweiß;RB;RB 81;81;12107;8003354;8003354%2021-12-25T09:30:00.000Z%,8000206,;426
2021-12-25T10:29:00.000Z;Koblenz-Moselweiß;RB;RB 81;81;12110;8003354;8003354%2021-12-25T10:29:00.000Z%,8002454,8006481,8003350,8003611,8003211,8003723,8002643,8004096,8004101,8003179,8004859,8003344,8001340,8001666,8004223,8001267,8000870,8005945,8000379,8005260,8005510,8002817,8002018,8005476,8004910,8001688,8000370,8004784,8000134,;426
2021-12-25T10:30:00.000Z;Koblenz-Moselweiß;RB;RB 81;81;12109;8003354;8003354%2021-12-25T10:30:00.000Z%,8000206,;426
2021-12-25T11:29:00.000Z;Koblenz-Moselweiß;RB;RB 81;81;12112;8003354;8003354%2021-12-25T11:29:00.000Z%,8002454,8006481,8003350,8003611,8003211,8003723,8002643,8004096,8004101,8003179,8004859,8003344,8001340,8001666,8004223,8001267,8000870,8005945,8000379,8005260,8005510,8002817,8002018,8005476,8004910,8001688,8000370,8004784,8000134,;426
2021-12-25T11:30:00.000Z;Koblenz-Moselweiß;RB;RB 81;81;12111;8003354;8003354%2021-12-25T11:30:00.000Z%,8000206,;426
2021-12-25T12:30:00.000Z;Koblenz-Moselweiß;RB;RB 81;81;12113;8003354;8003354%2021-12-25T12:30:00.000Z%,8000206,;426
2021-12-25T12:32:00.000Z;Koblenz-Moselweiß;RB;RB 81;81;12114;8003354;8003354%2021-12-25T12:32:00.000Z%,8002454,8006481,8003350,8003611,8003211,8003723,8002643,8004096,8004101,8003179,8004859,8003344,8001340,8001666,8004223,8001267,8000870,8005945,8000379,8005260,8005510,8002817,8002018,8005476,8004910,8001688,8000370,8004784,8000134,;426
2021-12-25T13:29:00.000Z;Koblenz-Moselweiß;RB;RB 81;81;12116;8003354;8003354%2021-12-25T13:29:00.000Z%,8002454,8006481,8003350,8003611,8003211,8003723,8002643,8004096,8004101,8003179,8004859,8003344,8001340,8001666,8004223,8001267,8000870,8005945,8000379,8005260,8005510,8002817,8002018,8005476,8004910,8001688,8000370,8004784,8000134,;426
2021-12-25T13:30:00.000Z;Koblenz-Moselweiß;RB;RB 81;81;12115;8003354;8003354%2021-12-25T13:30:00.000Z%,8000206,;426
2021-12-25T14:29:00.000Z;Koblenz-Moselweiß;RB;RB 81;81;12118;8003354;8003354%2021-12-25T14:29:00.000Z%,8002454,8006481,8003350,8003611,8003211,8003723,8002643,8004096,8004101,8003179,8004859,8003344,8001340,8001666,8004223,8001267,8000870,8005945,8000379,8005260,8005510,8002817,8002018,8005476,8004910,8001688,8000370,8004784,8000134,;426
2021-12-25T14:30:00.000Z;Koblenz-Moselweiß;RB;RB 81;81;12117;8003354;8003354%2021-12-25T14:30:00.000Z%,8000206,;426
2021-12-25T15:29:00.000Z;Koblenz-Moselweiß;RB;RB 81;81;12120;8003354;8003354%2021-12-25T15:29:00.000Z%,8002454,8006481,8003350,8003611,8003211,8003723,8002643,8004096,8004101,8003179,8004859,8003344,8001340,8001666,8004223,8001267,8000870,8005945,8000379,8005260,8005510,8002817,8002018,8005476,8004910,8001688,8000370,8004784,8000134,;426
2021-12-25T15:30:00.000Z;Koblenz-Moselweiß;RB;RB 81;81;12119;8003354;8003354%2021-12-25T15:30:00.000Z%,8000206,;426
2021-12-25T16:29:00.000Z;Koblenz-Moselweiß;RB;RB 81;81;12122;8003354;8003354%2021-12-25T16:29:00.000Z%,8002454,8006481,8003350,8003611,8003211,8003723,8002643,8004096,8004101,8003179,8004859,8003344,8001340,8001666,8004223,8001267,8000870,8005945,8000379,8005260,8005510,8002817,8002018,8005476,8004910,8001688,8000370,8004784,8000134,;426
2021-12-25T16:30:00.000Z;Koblenz-Moselweiß;RB;RB 81;81;12121;8003354;8003354%2021-12-25T16:30:00.000Z%,8000206,;426
2021-12-25T17:29:00.000Z;Koblenz-Moselweiß;RB;RB 81;81;12124;8003354;8003354%2021-12-25T17:29:00.000Z%,8002454,8006481,8003350,8003611,8003211,8003723,8002643,8004096,8004101,8003179,8004859,8003344,8001340,8001666,8004223,8001267,8000870,8005945,8000379,8005260,8005510,8002817,8002018,8005476,8004910,8001688,8000370,8004784,8000134,;426
2021-12-25T17:30:00.000Z;Koblenz-Moselweiß;RB;RB 81;81;12123;8003354;8003354%2021-12-25T17:30:00.000Z%,8000206,;426
2021-12-25T18:29:00.000Z;Koblenz-Moselweiß;RB;RB 81;81;12126;8003354;8003354%2021-12-25T18:29:00.000Z%,8002454,8006481,8003350,8003611,8003211,8003723,8002643,8004096,8004101,8003179,8004859,8003344,8001340,8001666,8004223,8001267,8000870,8005945,8000379,8005260,8005510,8002817,8002018,8005476,8004910,8001688,8000370,8004784,8000134,;426
2021-12-25T18:30:00.000Z;Koblenz-Moselweiß;RB;RB 81;81;12125;8003354;8003354%2021-12-25T18:30:00.000Z%,8000206,;426
2021-12-25T19:29:00.000Z;Koblenz-Moselweiß;RB;RB 81;81;12128;8003354;8003354%2021-12-25T19:29:00.000Z%,8002454,8006481,8003350,8003611,8003211,8003723,8002643,8004096,8004101,8003179,8004859,8003344,8001340,8001666,8004223,8001267,8000870,8005945,8000379,8005260,8005510,8002817,8002018,8005476,8004910,8001688,8000370,8004784,8000134,8005905,8000402,8003403,8006222,8004514,8005835,8006315,8004438,8006463,8006252,8004748,8004236,8000923,8004771,;426
2021-12-25T19:30:00.000Z;Koblenz-Moselweiß;RB;RB 81;81;12127;8003354;8003354%2021-12-25T19:30:00.000Z%,8000206,;426
2021-12-24T20:25:00.000Z;Königslutter;RB;RB 40;40;16432;8003382;8003382%2021-12-24T20:26:00.000Z%1,8005320,8006233,8000049,;426
2021-12-24T21:03:00.000Z;Königslutter;RB;RB 40;40;16441;8003382;8003382%2021-12-24T21:03:00.000Z%0,8002080,8000159,8012302,8013248,8010096,8012599,8011415,8012546,8013271,8012490,8012292,8010224,;426
2021-12-24T21:56:00.000Z;Königslutter;RB;RB 40;40;16436;8003382;8003382%2021-12-24T21:56:00.000Z%,8005320,8006233,8000049,;426
2021-12-24T23:03:00.000Z;Königslutter;RB;RB 40;40;16445;8003382;8003382%2021-12-24T23:03:00.000Z%,8002080,8000159,;426
2021-12-25T00:23:00.000Z;Königslutter;RB;RB 40;40;16447;8003382;8003382%2021-12-25T00:23:00.000Z%,8002080,8000159,8012302,8013248,8010096,8012599,8011415,8012546,8013271,8012490,8012292,8010224,;426
2021-12-25T04:58:00.000Z;Königslutter;RB;RB 40;40;16451;8003382;8003382%2021-12-25T04:58:00.000Z%,8002080,8000159,8012302,8013248,8010096,8012599,8011415,8012546,8013271,8012490,8012292,8010224,;426
2021-12-25T05:25:00.000Z;Königslutter;RB;RB 40;40;16402;8003382;8003382%2021-12-25T05:25:00.000Z%,8005320,8006233,8000049,;426
2021-12-25T06:25:00.000Z;Königslutter;RB;RB 40;40;16404;8003382;8003382%2021-12-25T06:25:00.000Z%,8005320,8006233,8000049,;426
2021-12-25T06:33:00.000Z;Königslutter;RB;RB 40;40;16411;8003382;8003382%2021-12-25T06:33:00.000Z%,8002080,8000159,8012302,8013248,8010096,8012599,8011415,8012546,8013271,8012490,8012292,8010224,8010226,8013455,8010047,8011630,8012381,8011294,;426
2021-12-25T07:25:00.000Z;Königslutter;RB;RB 40;40;16406;8003382;8003382%2021-12-25T07:25:00.000Z%,8005320,8006233,8000049,;426
2021-12-25T07:33:00.000Z;Königslutter;RB;RB 40;40;16453;8003382;8003382%2021-12-25T07:33:00.000Z%,8002080,8000159,;426
2021-12-25T08:25:00.000Z;Königslutter;RB;RB 40;40;16452;8003382;8003382%2021-12-25T08:25:00.000Z%,8005320,8006233,8000049,;426
2021-12-25T08:33:00.000Z;Königslutter;RB;RB 40;40;16415;8003382;8003382%2021-12-25T08:33:00.000Z%,8002080,8000159,8012302,8013248,8010096,8012599,8011415,8012546,8013271,8012490,8012292,8010224,8010226,8013455,8010047,8011630,8012381,8011294,;426
2021-12-25T09:25:00.000Z;Königslutter;RB;RB 40;40;16410;8003382;8003382%2021-12-25T09:25:00.000Z%,8005320,8006233,8000049,;426
2021-12-25T09:33:00.000Z;Königslutter;RB;RB 40;40;16455;8003382;8003382%2021-12-25T09:33:00.000Z%,8002080,8000159,;426
2021-12-25T10:25:00.000Z;Königslutter;RB;RB 40;40;16454;8003382;8003382%2021-12-25T10:25:00.000Z%,8005320,8006233,8000049,;426
2021-12-25T10:33:00.000Z;Königslutter;RB;RB 40;40;16419;8003382;8003382%2021-12-25T10:33:00.000Z%,8002080,8000159,8012302,8013248,8010096,8012599,8011415,8012546,8013271,8012490,8012292,8010224,8010226,8013455,8010047,8011630,8012381,8011294,;426
2021-12-25T11:25:00.000Z;Königslutter;RB;RB 40;40;16414;8003382;8003382%2021-12-25T11:25:00.000Z%,8005320,8006233,8000049,;426
2021-12-25T11:33:00.000Z;Königslutter;RB;RB 40;40;16457;8003382;8003382%2021-12-25T11:33:00.000Z%,8002080,8000159,;426
2021-12-25T12:25:00.000Z;Königslutter;RB;RB 40;40;16456;8003382;8003382%2021-12-25T12:25:00.000Z%,8005320,8006233,8000049,;426
2021-12-25T12:33:00.000Z;Königslutter;RB;RB 40;40;16423;8003382;8003382%2021-12-25T12:33:00.000Z%,8002080,8000159,8012302,8013248,8010096,8012599,8011415,8012546,8013271,8012490,8012292,8010224,8010226,8013455,8010047,8011630,8012381,8011294,;426
2021-12-25T13:25:00.000Z;Königslutter;RB;RB 40;40;16418;8003382;8003382%2021-12-25T13:25:00.000Z%,8005320,8006233,8000049,;426
2021-12-25T13:33:00.000Z;Königslutter;RB;RB 40;40;16459;8003382;8003382%2021-12-25T13:33:00.000Z%,8002080,8000159,;426
2021-12-25T14:25:00.000Z;Königslutter;RB;RB 40;40;16458;8003382;8003382%2021-12-25T14:25:00.000Z%,8005320,8006233,8000049,;426
2021-12-25T14:33:00.000Z;Königslutter;RB;RB 40;40;16427;8003382;8003382%2021-12-25T14:33:00.000Z%,8002080,8000159,8012302,8013248,8010096,8012599,8011415,8012546,8013271,8012490,8012292,8010224,8010226,8013455,8010047,8011630,8012381,8011294,;426
2021-12-25T15:25:00.000Z;Königslutter;RB;RB 40;40;16422;8003382;8003382%2021-12-25T15:25:00.000Z%,8005320,8006233,8000049,;426
2021-12-25T15:33:00.000Z;Königslutter;RB;RB 40;40;16461;8003382;8003382%2021-12-25T15:33:00.000Z%,8002080,8000159,;426
2021-12-25T16:25:00.000Z;Königslutter;RB;RB 40;40;16460;8003382;8003382%2021-12-25T16:25:00.000Z%,8005320,8006233,8000049,;426
2021-12-25T16:33:00.000Z;Königslutter;RB;RB 40;40;16431;8003382;8003382%2021-12-25T16:33:00.000Z%,8002080,8000159,8012302,8013248,8010096,8012599,8011415,8012546,8013271,8012490,8012292,8010224,8010226,8013455,8010047,8011630,8012381,8011294,;426
2021-12-25T17:25:00.000Z;Königslutter;RB;RB 40;40;16426;8003382;8003382%2021-12-25T17:25:00.000Z%,8005320,8006233,8000049,;426
2021-12-25T17:33:00.000Z;Königslutter;RB;RB 40;40;16463;8003382;8003382%2021-12-25T17:33:00.000Z%,8002080,8000159,;426
2021-12-25T18:25:00.000Z;Königslutter;RB;RB 40;40;16462;8003382;8003382%2021-12-25T18:25:00.000Z%,8005320,8006233,8000049,;426
2021-12-25T18:33:00.000Z;Königslutter;RB;RB 40;40;16435;8003382;8003382%2021-12-25T18:33:00.000Z%,8002080,8000159,8012302,8013248,8010096,8012599,8011415,8012546,8013271,8012490,8012292,8010224,8010226,8013455,8010047,8011630,8012381,8011294,;426
2021-12-25T19:25:00.000Z;Königslutter;RB;RB 40;40;16430;8003382;8003382%2021-12-25T19:25:00.000Z%,8005320,8006233,8000049,;426
2021-12-25T19:33:00.000Z;Königslutter;RB;RB 40;40;16437;8003382;8003382%2021-12-25T19:33:00.000Z%,8002080,8000159,8012302,8013248,8010096,8012599,8011415,8012546,8013271,8012490,8012292,8010224,8010226,8013455,8010047,8011630,8012381,8011294,8010151,8010123,;426
2021-12-24T20:48:00.000Z;Krefeld-Uerdingen;RE;RE 42;42;10171;8003427;8003427%2021-12-24T20:48:00.000Z%0,8000317,8000086,8000259,8000098,8000118,8000192,8000887,8000307,8003891,8000145,;602
2021-12-24T20:50:00.000Z;Krefeld-Uerdingen;RB;RB 33;33;10345;8003427;8003427%2021-12-24T20:52:00.000Z%2,8003426,8000212,8000211,8002027,8000584,8000174,8000253,8000318,8006391,8002784,8001839,8000677,8001113,8003697,8002206,8005935,8002806,8003395,8000404,8070704,8000001,;426
2021-12-24T21:08:00.000Z;Krefeld-Uerdingen;RB;RB 33;33;10340;8003427;8003427%2021-12-24T21:09:00.000Z%1,8002941,8000317,8005065,8001605,8000086,8000687,8000259,8001898,8000098,;426
2021-12-24T21:11:00.000Z;Krefeld-Uerdingen;RE;RE 42;42;10166;8003427;8003427%2021-12-24T21:15:00.000Z%4,8000211,8000174,8000253,;602
2021-12-24T21:48:00.000Z;Krefeld-Uerdingen;RE;RE 42;42;10175;8003427;8003427%2021-12-24T21:48:00.000Z%,8000317,8000086,8000259,8000098,8000118,8000192,8000887,8000307,8003891,8000145,;602
2021-12-24T21:50:00.000Z;Krefeld-Uerdingen;RB;RB 33;33;10347;8003427;8003427%2021-12-24T21:50:00.000Z%,8003426,8000212,8000211,8002027,8000584,8000174,8000253,8000318,8006391,8002784,8001839,8000677,8001113,8003697,8002206,8005935,8002806,8003395,8000404,8070704,8000001,;426
2021-12-24T22:08:00.000Z;Krefeld-Uerdingen;RB;RB 33;33;10342;8003427;8003427%2021-12-24T22:09:00.000Z%1,8002941,8000317,8005065,8001605,8000086,;426
2021-12-24T22:11:00.000Z;Krefeld-Uerdingen;RE;RE 42;42;10170;8003427;8003427%2021-12-24T22:11:00.000Z%,8000211,8000174,8000253,;602
2021-12-24T22:50:00.000Z;Krefeld-Uerdingen;RB;RB 33;33;10349;8003427;8003427%2021-12-24T22:50:00.000Z%,8003426,8000212,8000211,8002027,8000584,8000174,8000253,8000318,8006391,8002784,8001839,8000677,8001113,8003697,8002206,8005935,8002806,8003395,8000404,8070704,8000001,;426
2021-12-24T23:08:00.000Z;Krefeld-Uerdingen;RB;RB 33;33;10344;8003427;8003427%2021-12-24T23:08:00.000Z%,8002941,8000317,8005065,8001605,8000086,;426
2021-12-24T23:50:00.000Z;Krefeld-Uerdingen;RB;RB 33;33;10301;8003427;8003427%2021-12-24T23:50:00.000Z%,8003426,8000212,8000211,8002027,8000584,8000174,8000253,;426
2021-12-25T00:08:00.000Z;Krefeld-Uerdingen;RB;RB 33;33;10346;8003427;8003427%2021-12-25T00:08:00.000Z%,8002941,8000317,8005065,8001605,8000086,;426
2021-12-25T00:50:00.000Z;Krefeld-Uerdingen;RB;RB 33;33;10303;8003427;8003427%2021-12-25T00:50:00.000Z%,8003426,8000212,8000211,8002027,8000584,8000174,8000253,;426
2021-12-25T01:08:00.000Z;Krefeld-Uerdingen;RB;RB 33;33;10300;8003427;8003427%2021-12-25T01:08:00.000Z%,8002941,8000317,8005065,8001605,8000086,;426
2021-12-25T01:50:00.000Z;Krefeld-Uerdingen;RB;RB 33;33;10305;8003427;8003427%2021-12-25T01:50:00.000Z%,8003426,8000212,8000211,8002027,8000584,8000174,8000253,;426
2021-12-25T02:08:00.000Z;Krefeld-Uerdingen;RB;RB 33;33;10302;8003427;8003427%2021-12-25T02:08:00.000Z%,8002941,8000317,8005065,8001605,8000086,;426
2021-12-25T02:50:00.000Z;Krefeld-Uerdingen;RB;RB 33;33;10307;8003427;8003427%2021-12-25T02:50:00.000Z%,8003426,8000212,8000211,8002027,8000584,8000174,8000253,;426
2021-12-25T03:08:00.000Z;Krefeld-Uerdingen;RB;RB 33;33;10304;8003427;8003427%2021-12-25T03:08:00.000Z%,8002941,8000317,8005065,8001605,8000086,;426
2021-12-25T03:50:00.000Z;Krefeld-Uerdingen;RB;RB 33;33;10311;8003427;8003427%2021-12-25T03:50:00.000Z%,8003426,8000212,8000211,8002027,8000584,8000174,8000253,;426
2021-12-25T04:08:00.000Z;Krefeld-Uerdingen;RB;RB 33;33;10306;8003427;8003427%2021-12-25T04:08:00.000Z%,8002941,8000317,8005065,8001605,8000086,;426
2021-12-25T04:50:00.000Z;Krefeld-Uerdingen;RB;RB 33;33;10313;8003427;8003427%2021-12-25T04:50:00.000Z%,8003426,8000212,8000211,8002027,8000584,8000174,8000253,8000318,8006391,8002784,8001839,8000677,8001113,8003697,8002206,8005935,8002806,8003395,8000404,8070704,8000001,;426
2021-12-25T05:08:00.000Z;Krefeld-Uerdingen;RB;RB 33;33;10308;8003427;8003427%2021-12-25T05:08:00.000Z%,8002941,8000317,8005065,8001605,8000086,8000687,8000259,8001898,8000098,;426
2021-12-25T05:48:00.000Z;Krefeld-Uerdingen;RE;RE 42;42;10111;8003427;8003427%2021-12-25T05:48:00.000Z%,8000317,8000086,8000259,8000098,8000118,8000192,8000887,8000307,8003891,8000145,8005811,8000083,8001266,8000595,8001065,8000462,8000263,;602
2021-12-25T05:50:00.000Z;Krefeld-Uerdingen;RB;RB 33;33;10315;8003427;8003427%2021-12-25T05:50:00.000Z%,8003426,8000212,8000211,8002027,8000584,8000174,8000253,8000318,8006391,8002784,8001839,8000677,8001113,8003697,8002206,8005935,8002806,8003395,8000404,8070704,8000001,;426
2021-12-25T06:08:00.000Z;Krefeld-Uerdingen;RB;RB 33;33;10310;8003427;8003427%2021-12-25T06:08:00.000Z%,8002941,8000317,8005065,8001605,8000086,8000687,8000259,8001898,8000098,;426
2021-12-25T06:11:00.000Z;Krefeld-Uerdingen;RE;RE 42;42;10106;8003427;8003427%2021-12-25T06:11:00.000Z%,8000211,8000174,8000253,;602
2021-12-25T06:48:00.000Z;Krefeld-Uerdingen;RE;RE 42;42;10115;8003427;8003427%2021-12-25T06:48:00.000Z%,8000317,8000086,8000259,8000098,8000118,8000192,8000887,8000307,8003891,8000145,8005811,8000083,8001266,8000595,8001065,8000462,8000263,;602
2021-12-25T06:50:00.000Z;Krefeld-Uerdingen;RB;RB 33;33;10317;8003427;8003427%2021-12-25T06:50:00.000Z%,8003426,8000212,8000211,8002027,8000584,8000174,8000253,8000318,8006391,8002784,8001839,8000677,8001113,8003697,8002206,8005935,8002806,8003395,8000404,8070704,8000001,;426
2021-12-25T07:08:00.000Z;Krefeld-Uerdingen;RB;RB 33;33;10312;8003427;8003427%2021-12-25T07:08:00.000Z%,8002941,8000317,8005065,8001605,8000086,8000687,8000259,8001898,8000098,;426
2021-12-25T07:11:00.000Z;Krefeld-Uerdingen;RE;RE 42;42;10110;8003427;8003427%2021-12-25T07:11:00.000Z%,8000211,8000174,8000253,;602
2021-12-25T07:48:00.000Z;Krefeld-Uerdingen;RE;RE 42;42;10119;8003427;8003427%2021-12-25T07:48:00.000Z%,8000317,8000086,8000259,8000098,8000118,8000192,8000887,8000307,8003891,8000145,8005811,8000083,8001266,8000595,8001065,8000462,8000263,;602
2021-12-25T07:50:00.000Z;Krefeld-Uerdingen;RB;RB 33;33;10319;8003427;8003427%2021-12-25T07:50:00.000Z%,8003426,8000212,8000211,8002027,8000584,8000174,8000253,8000318,8006391,8002784,8001839,8000677,8001113,8003697,8002206,8005935,8002806,8003395,8000404,8070704,8000001,;426
2021-12-25T08:08:00.000Z;Krefeld-Uerdingen;RB;RB 33;33;10314;8003427;8003427%2021-12-25T08:08:00.000Z%,8002941,8000317,8005065,8001605,8000086,8000687,8000259,8001898,8000098,;426
2021-12-25T08:11:00.000Z;Krefeld-Uerdingen;RE;RE 42;42;10114;8003427;8003427%2021-12-25T08:11:00.000Z%,8000211,8000174,8000253,;602
2021-12-25T08:48:00.000Z;Krefeld-Uerdingen;RE;RE 42;42;10123;8003427;8003427%2021-12-25T08:48:00.000Z%,8000317,8000086,8000259,8000098,8000118,8000192,8000887,8000307,8003891,8000145,8005811,8000083,8001266,8000595,8001065,8000462,8000263,;602
2021-12-25T08:50:00.000Z;Krefeld-Uerdingen;RB;RB 33;33;10321;8003427;8003427%2021-12-25T08:50:00.000Z%,8003426,8000212,8000211,8002027,8000584,8000174,8000253,8000318,8006391,8002784,8001839,8000677,8001113,8003697,8002206,8005935,8002806,8003395,8000404,8070704,8000001,;426
2021-12-25T09:08:00.000Z;Krefeld-Uerdingen;RB;RB 33;33;10316;8003427;8003427%2021-12-25T09:08:00.000Z%,8002941,8000317,8005065,8001605,8000086,8000687,8000259,8001898,8000098,;426
2021-12-25T09:11:00.000Z;Krefeld-Uerdingen;RE;RE 42;42;10118;8003427;8003427%2021-12-25T09:11:00.000Z%,8000211,8000174,8000253,;602
2021-12-25T09:48:00.000Z;Krefeld-Uerdingen;RE;RE 42;42;10127;8003427;8003427%2021-12-25T09:48:00.000Z%,8000317,8000086,8000259,8000098,8000118,8000192,8000887,8000307,8003891,8000145,8005811,8000083,8001266,8000595,8001065,8000462,8000263,;602
2021-12-25T09:50:00.000Z;Krefeld-Uerdingen;RB;RB 33;33;10323;8003427;8003427%2021-12-25T09:50:00.000Z%,8003426,8000212,8000211,8002027,8000584,8000174,8000253,8000318,8006391,8002784,8001839,8000677,8001113,8003697,8002206,8005935,8002806,8003395,8000404,8070704,8000001,;426
2021-12-25T10:08:00.000Z;Krefeld-Uerdingen;RB;RB 33;33;10318;8003427;8003427%2021-12-25T10:08:00.000Z%,8002941,8000317,8005065,8001605,8000086,8000687,8000259,8001898,8000098,;426
2021-12-25T10:11:00.000Z;Krefeld-Uerdingen;RE;RE 42;42;10122;8003427;8003427%2021-12-25T10:11:00.000Z%,8000211,8000174,8000253,;602
2021-12-25T10:48:00.000Z;Krefeld-Uerdingen;RE;RE 42;42;10131;8003427;8003427%2021-12-25T10:48:00.000Z%,8000317,8000086,8000259,8000098,8000118,8000192,8000887,8000307,8003891,8000145,8005811,8000083,8001266,8000595,8001065,8000462,8000263,;602
2021-12-25T10:50:00.000Z;Krefeld-Uerdingen;RB;RB 33;33;10325;8003427;8003427%2021-12-25T10:50:00.000Z%,8003426,8000212,8000211,8002027,8000584,8000174,8000253,8000318,8006391,8002784,8001839,8000677,8001113,8003697,8002206,8005935,8002806,8003395,8000404,8070704,8000001,;426
2021-12-25T11:08:00.000Z;Krefeld-Uerdingen;RB;RB 33;33;10320;8003427;8003427%2021-12-25T11:08:00.000Z%,8002941,8000317,8005065,8001605,8000086,8000687,8000259,8001898,8000098,;426
2021-12-25T11:11:00.000Z;Krefeld-Uerdingen;RE;RE 42;42;10126;8003427;8003427%2021-12-25T11:11:00.000Z%,8000211,8000174,8000253,;602
2021-12-25T11:48:00.000Z;Krefeld-Uerdingen;RE;RE 42;42;10135;8003427;8003427%2021-12-25T11:48:00.000Z%,8000317,8000086,8000259,8000098,8000118,8000192,8000887,8000307,8003891,8000145,8005811,8000083,8001266,8000595,8001065,8000462,8000263,;602
2021-12-25T11:50:00.000Z;Krefeld-Uerdingen;RB;RB 33;33;10327;8003427;8003427%2021-12-25T11:50:00.000Z%,8003426,8000212,8000211,8002027,8000584,8000174,8000253,8000318,8006391,8002784,8001839,8000677,8001113,8003697,8002206,8005935,8002806,8003395,8000404,8070704,8000001,;426
2021-12-25T12:08:00.000Z;Krefeld-Uerdingen;RB;RB 33;33;10322;8003427;8003427%2021-12-25T12:08:00.000Z%,8002941,8000317,8005065,8001605,8000086,8000687,8000259,8001898,8000098,;426
2021-12-25T12:11:00.000Z;Krefeld-Uerdingen;RE;RE 42;42;10130;8003427;8003427%2021-12-25T12:11:00.000Z%,8000211,8000174,8000253,;602
2021-12-25T12:48:00.000Z;Krefeld-Uerdingen;RE;RE 42;42;10139;8003427;8003427%2021-12-25T12:48:00.000Z%,8000317,8000086,8000259,8000098,8000118,8000192,8000887,8000307,8003891,8000145,8005811,8000083,8001266,8000595,8001065,8000462,8000263,;602
2021-12-25T12:50:00.000Z;Krefeld-Uerdingen;RB;RB 33;33;10329;8003427;8003427%2021-12-25T12:50:00.000Z%,8003426,8000212,8000211,8002027,8000584,8000174,8000253,8000318,8006391,8002784,8001839,8000677,8001113,8003697,8002206,8005935,8002806,8003395,8000404,8070704,8000001,;426
2021-12-25T13:08:00.000Z;Krefeld-Uerdingen;RB;RB 33;33;10324;8003427;8003427%2021-12-25T13:08:00.000Z%,8002941,8000317,8005065,8001605,8000086,8000687,8000259,8001898,8000098,;426
2021-12-25T13:11:00.000Z;Krefeld-Uerdingen;RE;RE 42;42;10134;8003427;8003427%2021-12-25T13:11:00.000Z%,8000211,8000174,8000253,;602
2021-12-25T13:48:00.000Z;Krefeld-Uerdingen;RE;RE 42;42;10143;8003427;8003427%2021-12-25T13:48:00.000Z%,8000317,8000086,8000259,8000098,8000118,8000192,8000887,8000307,8003891,8000145,8005811,8000083,8001266,8000595,8001065,8000462,8000263,;602
2021-12-25T13:50:00.000Z;Krefeld-Uerdingen;RB;RB 33;33;10331;8003427;8003427%2021-12-25T13:50:00.000Z%,8003426,8000212,8000211,8002027,8000584,8000174,8000253,8000318,8006391,8002784,8001839,8000677,8001113,8003697,8002206,8005935,8002806,8003395,8000404,8070704,8000001,;426
2021-12-25T14:08:00.000Z;Krefeld-Uerdingen;RB;RB 33;33;10326;8003427;8003427%2021-12-25T14:08:00.000Z%,8002941,8000317,8005065,8001605,8000086,8000687,8000259,8001898,8000098,;426
2021-12-25T14:11:00.000Z;Krefeld-Uerdingen;RE;RE 42;42;10138;8003427;8003427%2021-12-25T14:11:00.000Z%,8000211,8000174,8000253,;602
2021-12-25T14:48:00.000Z;Krefeld-Uerdingen;RE;RE 42;42;10147;8003427;8003427%2021-12-25T14:48:00.000Z%,8000317,8000086,8000259,8000098,8000118,8000192,8000887,8000307,8003891,8000145,8005811,8000083,8001266,8000595,8001065,8000462,8000263,;602
2021-12-25T14:50:00.000Z;Krefeld-Uerdingen;RB;RB 33;33;10333;8003427;8003427%2021-12-25T14:50:00.000Z%,8003426,8000212,8000211,8002027,8000584,8000174,8000253,8000318,8006391,8002784,8001839,8000677,8001113,8003697,8002206,8005935,8002806,8003395,8000404,8070704,8000001,;426
2021-12-25T15:08:00.000Z;Krefeld-Uerdingen;RB;RB 33;33;10328;8003427;8003427%2021-12-25T15:08:00.000Z%,8002941,8000317,8005065,8001605,8000086,8000687,8000259,8001898,8000098,;426
2021-12-25T15:11:00.000Z;Krefeld-Uerdingen;RE;RE 42;42;10142;8003427;8003427%2021-12-25T15:11:00.000Z%,8000211,8000174,8000253,;602
2021-12-25T15:48:00.000Z;Krefeld-Uerdingen;RE;RE 42;42;10151;8003427;8003427%2021-12-25T15:48:00.000Z%,8000317,8000086,8000259,8000098,8000118,8000192,8000887,8000307,8003891,8000145,8005811,8000083,8001266,8000595,8001065,8000462,8000263,;602
2021-12-25T15:50:00.000Z;Krefeld-Uerdingen;RB;RB 33;33;10335;8003427;8003427%2021-12-25T15:50:00.000Z%,8003426,8000212,8000211,8002027,8000584,8000174,8000253,8000318,8006391,8002784,8001839,8000677,8001113,8003697,8002206,8005935,8002806,8003395,8000404,8070704,8000001,;426
2021-12-25T16:08:00.000Z;Krefeld-Uerdingen;RB;RB 33;33;10330;8003427;8003427%2021-12-25T16:08:00.000Z%,8002941,8000317,8005065,8001605,8000086,8000687,8000259,8001898,8000098,;426
2021-12-25T16:11:00.000Z;Krefeld-Uerdingen;RE;RE 42;42;10146;8003427;8003427%2021-12-25T16:11:00.000Z%,8000211,8000174,8000253,;602
2021-12-25T16:48:00.000Z;Krefeld-Uerdingen;RE;RE 42;42;10155;8003427;8003427%2021-12-25T16:48:00.000Z%,8000317,8000086,8000259,8000098,8000118,8000192,8000887,8000307,8003891,8000145,8005811,8000083,8001266,8000595,8001065,8000462,8000263,;602
2021-12-25T16:50:00.000Z;Krefeld-Uerdingen;RB;RB 33;33;10337;8003427;8003427%2021-12-25T16:50:00.000Z%,8003426,8000212,8000211,8002027,8000584,8000174,8000253,8000318,8006391,8002784,8001839,8000677,8001113,8003697,8002206,8005935,8002806,8003395,8000404,8070704,8000001,;426
2021-12-25T17:08:00.000Z;Krefeld-Uerdingen;RB;RB 33;33;10332;8003427;8003427%2021-12-25T17:08:00.000Z%,8002941,8000317,8005065,8001605,8000086,8000687,8000259,8001898,8000098,;426
2021-12-25T17:11:00.000Z;Krefeld-Uerdingen;RE;RE 42;42;10150;8003427;8003427%2021-12-25T17:11:00.000Z%,8000211,8000174,8000253,;602
2021-12-25T06:27:00.000Z;Landau(Pfalz)West;RB;RB 55;55;12387;8003508;8003508%2021-12-25T06:27:00.000Z%,8003507,8000216,;426
2021-12-25T06:46:00.000Z;Landau(Pfalz)West;RB;RB 55;55;12336;8003508;8003508%2021-12-25T06:46:00.000Z%,8002300,8005551,8000466,8000582,8005257,8005103,8006441,8002648,8002649,8002847,8004166,8005113,8000876,8004822,;426
2021-12-25T07:13:00.000Z;Landau(Pfalz)West;RB;RB 55;55;12339;8003508;8003508%2021-12-25T07:13:00.000Z%,8003507,8000216,;426
2021-12-25T07:46:00.000Z;Landau(Pfalz)West;RB;RB 55;55;12340;8003508;8003508%2021-12-25T07:46:00.000Z%,8002300,8005551,8000466,8000582,8005257,8005103,8006441,8002648,8002649,8002847,8004166,8005113,8000876,8004822,;426
2021-12-25T08:13:00.000Z;Landau(Pfalz)West;RB;RB 55;55;12341;8003508;8003508%2021-12-25T08:13:00.000Z%,8003507,8000216,;426
2021-12-25T08:46:00.000Z;Landau(Pfalz)West;RB;RB 55;55;12344;8003508;8003508%2021-12-25T08:46:00.000Z%,8002300,8005551,8000466,8000582,8005257,8005103,8006441,8002648,8002649,8002847,8004166,8005113,8000876,8004822,;426
2021-12-25T09:13:00.000Z;Landau(Pfalz)West;RB;RB 55;55;12343;8003508;8003508%2021-12-25T09:13:00.000Z%,8003507,8000216,;426
2021-12-25T09:46:00.000Z;Landau(Pfalz)West;RB;RB 55;55;12346;8003508;8003508%2021-12-25T09:46:00.000Z%,8002300,8005551,8000466,8000582,8005257,8005103,8006441,8002648,8002649,8002847,8004166,8005113,8000876,8004822,;426
2021-12-25T10:13:00.000Z;Landau(Pfalz)West;RB;RB 55;55;12347;8003508;8003508%2021-12-25T10:13:00.000Z%,8003507,8000216,;426
2021-12-25T10:46:00.000Z;Landau(Pfalz)West;RB;RB 55;55;12350;8003508;8003508%2021-12-25T10:46:00.000Z%,8002300,8005551,8000466,8000582,8005257,8005103,8006441,8002648,8002649,8002847,8004166,8005113,8000876,8004822,;426
2021-12-25T11:13:00.000Z;Landau(Pfalz)West;RB;RB 55;55;12351;8003508;8003508%2021-12-25T11:13:00.000Z%,8003507,8000216,;426
2021-12-25T11:46:00.000Z;Landau(Pfalz)West;RB;RB 55;55;12352;8003508;8003508%2021-12-25T11:46:00.000Z%,8002300,8005551,8000466,8000582,8005257,8005103,8006441,8002648,8002649,8002847,8004166,8005113,8000876,8004822,;426
2021-12-25T12:13:00.000Z;Landau(Pfalz)West;RB;RB 55;55;12353;8003508;8003508%2021-12-25T12:13:00.000Z%,8003507,8000216,;426
2021-12-25T12:46:00.000Z;Landau(Pfalz)West;RB;RB 55;55;12358;8003508;8003508%2021-12-25T12:46:00.000Z%,8002300,8005551,8000466,8000582,8005257,8005103,8006441,8002648,8002649,8002847,8004166,8005113,8000876,8004822,;426
2021-12-25T13:13:00.000Z;Landau(Pfalz)West;RB;RB 55;55;12355;8003508;8003508%2021-12-25T13:13:00.000Z%,8003507,8000216,;426
2021-12-25T13:46:00.000Z;Landau(Pfalz)West;RB;RB 55;55;12362;8003508;8003508%2021-12-25T13:46:00.000Z%,8002300,8005551,8000466,8000582,8005257,8005103,8006441,8002648,8002649,8002847,8004166,8005113,8000876,8004822,;426
2021-12-25T14:13:00.000Z;Landau(Pfalz)West;RB;RB 55;55;12357;8003508;8003508%2021-12-25T14:13:00.000Z%,8003507,8000216,;426
2021-12-25T14:46:00.000Z;Landau(Pfalz)West;RB;RB 55;55;12364;8003508;8003508%2021-12-25T14:46:00.000Z%,8002300,8005551,8000466,8000582,8005257,8005103,8006441,8002648,8002649,8002847,8004166,8005113,8000876,8004822,;426
2021-12-25T15:13:00.000Z;Landau(Pfalz)West;RB;RB 55;55;12361;8003508;8003508%2021-12-25T15:13:00.000Z%,8003507,8000216,;426
2021-12-25T15:46:00.000Z;Landau(Pfalz)West;RB;RB 55;55;12368;8003508;8003508%2021-12-25T15:46:00.000Z%,8002300,8005551,8000466,8000582,8005257,8005103,8006441,8002648,8002649,8002847,8004166,8005113,8000876,8004822,;426
2021-12-25T16:13:00.000Z;Landau(Pfalz)West;RB;RB 55;55;12363;8003508;8003508%2021-12-25T16:13:00.000Z%,8003507,8000216,;426
2021-12-25T16:46:00.000Z;Landau(Pfalz)West;RB;RB 55;55;12372;8003508;8003508%2021-12-25T16:46:00.000Z%,8002300,8005551,8000466,8000582,8005257,8005103,8006441,8002648,8002649,8002847,8004166,8005113,8000876,8004822,;426
2021-12-25T17:13:00.000Z;Landau(Pfalz)West;RB;RB 55;55;12365;8003508;8003508%2021-12-25T17:13:00.000Z%,8003507,8000216,;426
2021-12-25T17:46:00.000Z;Landau(Pfalz)West;RB;RB 55;55;12374;8003508;8003508%2021-12-25T17:46:00.000Z%,8002300,8005551,8000466,8000582,8005257,8005103,8006441,8002648,8002649,8002847,8004166,8005113,8000876,8004822,;426
2021-12-25T18:13:00.000Z;Landau(Pfalz)West;RB;RB 55;55;12367;8003508;8003508%2021-12-25T18:13:00.000Z%,8003507,8000216,;426
2021-12-25T18:46:00.000Z;Landau(Pfalz)West;RB;RB 55;55;12378;8003508;8003508%2021-12-25T18:46:00.000Z%,8002300,8005551,8000466,8000582,8005257,8005103,8006441,8002648,8002649,8002847,8004166,8005113,8000876,8004822,;426
2021-12-25T19:13:00.000Z;Landau(Pfalz)West;RB;RB 55;55;12369;8003508;8003508%2021-12-25T19:13:00.000Z%,8003507,8000216,;426
2021-12-25T19:46:00.000Z;Landau(Pfalz)West;RB;RB 55;55;12380;8003508;8003508%2021-12-25T19:46:00.000Z%,8002300,8005551,8000466,8000582,8005257,8005103,8006441,8002648,8002649,8002847,8004166,8005113,8000876,8004822,;426
2021-12-25T20:13:00.000Z;Landau(Pfalz)West;RB;RB 55;55;12371;8003508;8003508%2021-12-25T20:13:00.000Z%,8003507,8000216,;426
2021-12-24T20:43:00.000Z;Lang Göns;RB;RB 49;49;15099;8003520;8003520%2021-12-24T20:43:00.000Z%0,8003262,8001312,8004712,8000728,8000111,8000632,8000158,8004713,8001199,8002572,8000150,;426
2021-12-24T21:10:00.000Z;Lang Göns;RB;RB 49;49;15094;8003520;8003520%2021-12-24T21:11:00.000Z%1,8002410,8000124,;426
2021-12-24T21:43:00.000Z;Lang Göns;RB;RB 49;49;15157;8003520;8003520%2021-12-24T21:43:00.000Z%,8003262,8001312,8004712,8000728,8000111,8000632,8000158,8004713,8001199,8002572,8000150,;426
2021-12-24T22:18:00.000Z;Lang Göns;RB;RB 41;41;15034;8003520;8003520%2021-12-24T22:18:00.000Z%,8002410,8000124,8002269,8000234,8002100,8002134,8004417,8004420,8003856,8000337,;426
2021-12-24T22:18:00.000Z;Lang Göns;RB;RB 40;40;15134;8003520;8003520%2021-12-24T22:18:00.000Z%,8002410,8000124,8001618,8000383,8000633,8006340,8001694,8003213,8001668,8005577,8000161,8001271,8004405,8000074,;426
2021-12-24T22:23:00.000Z;Lang Göns;RB;RB 41;41;15035;8003520;8003520%2021-12-24T22:23:00.000Z%,8003262,8001312,8004712,8000728,8000111,8002042,8000105,;426
2021-12-24T23:10:00.000Z;Lang Göns;RB;RB 49;49;15096;8003520;8003520%2021-12-24T23:10:00.000Z%,8002410,8000124,;426
2021-12-24T23:17:00.000Z;Lang Göns;RE;RE 30;30;4169;8003520;8003520%2021-12-24T23:17:00.000Z%,8001312,8000728,8000111,8000760,8002042,8000105,;602
2021-12-24T23:33:00.000Z;Lang Göns;RB;RB 40;40;15137;8003520;8003520%2021-12-24T23:33:00.000Z%,8003262,8001312,8004712,8000728,8000111,8000760,8002042,8000105,;426
2021-12-25T00:33:00.000Z;Lang Göns;RB;RB 41;41;15037;8003520;8003520%2021-12-25T00:33:00.000Z%,8003262,8001312,8004712,8000728,8000111,8000760,8002042,8000105,;426
2021-12-25T01:09:00.000Z;Lang Göns;RB;RB 41;41;15138;8003520;8003520%2021-12-25T01:09:00.000Z%,8002410,8000124,8002269,8000234,8002100,8002134,8004417,8004420,8003856,8000337,;426
2021-12-25T01:42:00.000Z;Lang Göns;RB;RB 41;41;15038;8003520;8003520%2021-12-25T01:42:00.000Z%,8002410,8000124,8002269,8000234,8002100,8002134,8004417,8004420,8003856,8000337,;426
2021-12-25T02:35:00.000Z;Lang Göns;RB;RB 41;41;15058;8003520;8003520%2021-12-25T02:35:00.000Z%,8002410,8000124,;426
2021-12-25T03:38:00.000Z;Lang Göns;RB;RB 41;41;15039;8003520;8003520%2021-12-25T03:38:00.000Z%,8003262,8001312,8004712,8000728,8000111,8000760,8002042,8000105,;426
2021-12-25T04:43:00.000Z;Lang Göns;RB;RB 49;49;15153;8003520;8003520%2021-12-25T04:43:00.000Z%,8003262,8001312,8004712,8000728,8000111,;426
2021-12-25T04:54:00.000Z;Lang Göns;RE;RE 30;30;4170;8003520;8003520%2021-12-25T04:54:00.000Z%,8002410,8000124,8000337,8000435,8005661,8004328,8000129,8001098,8000368,8003200,8000193,;602
2021-12-25T05:37:00.000Z;Lang Göns;RB;RB 41;41;15043;8003520;8003520%2021-12-25T05:37:00.000Z%,8003262,8001312,8004712,8000728,8000111,8000760,8002042,8000105,;426
2021-12-25T05:37:00.000Z;Lang Göns;RB;RB 40;40;15101;8003520;8003520%2021-12-25T05:37:00.000Z%,8003262,8001312,8004712,8000728,8000111,8000760,8002042,8000105,;426
2021-12-25T06:10:00.000Z;Lang Göns;RB;RB 49;49;15072;8003520;8003520%2021-12-25T06:10:00.000Z%,8002410,8000124,;426
2021-12-25T06:43:00.000Z;Lang Göns;RB;RB 49;49;15075;8003520;8003520%2021-12-25T06:43:00.000Z%,8003262,8001312,8004712,8000728,8000111,8000632,8000158,8004713,8001199,8002572,8000150,;426
2021-12-25T07:15:00.000Z;Lang Göns;RB;RB 49;49;15074;8003520;8003520%2021-12-25T07:15:00.000Z%,8002410,8000124,;426
2021-12-25T07:37:00.000Z;Lang Göns;RB;RB 40;40;15105;8003520;8003520%2021-12-25T07:37:00.000Z%,8003262,8001312,8004712,8000728,8000111,8000760,8002042,8000105,;426
2021-12-25T08:18:00.000Z;Lang Göns;RB;RB 41;41;15006;8003520;8003520%2021-12-25T08:18:00.000Z%,8002410,8000124,8002269,8000234,8002100,8002134,8004417,8004420,8003856,8000337,;426
2021-12-25T08:18:00.000Z;Lang Göns;RB;RB 40;40;15106;8003520;8003520%2021-12-25T08:18:00.000Z%,8002410,8000124,8001618,8000383,8000633,8006340,8001694,8003213,8001668,8005577,8000161,8001271,8004405,8000074,;426
2021-12-25T08:43:00.000Z;Lang Göns;RB;RB 49;49;15077;8003520;8003520%2021-12-25T08:43:00.000Z%,8003262,8001312,8004712,8000728,8000111,8000632,8000158,8004713,8001199,8002572,8000150,;426
2021-12-25T09:15:00.000Z;Lang Göns;RB;RB 49;49;15076;8003520;8003520%2021-12-25T09:15:00.000Z%,8002410,8000124,;426
2021-12-25T09:37:00.000Z;Lang Göns;RB;RB 41;41;15009;8003520;8003520%2021-12-25T09:37:00.000Z%,8003262,8001312,8004712,8000728,8000111,8000760,8002042,8000105,;426
2021-12-25T09:37:00.000Z;Lang Göns;RB;RB 40;40;15109;8003520;8003520%2021-12-25T09:37:00.000Z%,8003262,8001312,8004712,8000728,8000111,8000760,8002042,8000105,;426
2021-12-25T10:18:00.000Z;Lang Göns;RB;RB 41;41;15010;8003520;8003520%2021-12-25T10:18:00.000Z%,8002410,8000124,8002269,8000234,8002100,8002134,8004417,8004420,8003856,8000337,;426
2021-12-25T10:18:00.000Z;Lang Göns;RB;RB 40;40;15110;8003520;8003520%2021-12-25T10:18:00.000Z%,8002410,8000124,8001618,8000383,8000633,8006340,8001694,8003213,8001668,8005577,8000161,8001271,8004405,8000074,;426
2021-12-25T10:43:00.000Z;Lang Göns;RB;RB 49;49;15079;8003520;8003520%2021-12-25T10:43:00.000Z%,8003262,8001312,8004712,8000728,8000111,8000632,8000158,8004713,8001199,8002572,8000150,;426
2021-12-25T11:15:00.000Z;Lang Göns;RB;RB 49;49;15078;8003520;8003520%2021-12-25T11:15:00.000Z%,8002410,8000124,;426
2021-12-25T11:37:00.000Z;Lang Göns;RB;RB 41;41;15013;8003520;8003520%2021-12-25T11:37:00.000Z%,8003262,8001312,8004712,8000728,8000111,8000760,8002042,8000105,;426
2021-12-25T11:37:00.000Z;Lang Göns;RB;RB 40;40;15113;8003520;8003520%2021-12-25T11:37:00.000Z%,8003262,8001312,8004712,8000728,8000111,8000760,8002042,8000105,;426
2021-12-25T12:18:00.000Z;Lang Göns;RB;RB 41;41;15014;8003520;8003520%2021-12-25T12:18:00.000Z%,8002410,8000124,8002269,8000234,8002100,8002134,8004417,8004420,8003856,8000337,;426
2021-12-25T12:18:00.000Z;Lang Göns;RB;RB 40;40;15114;8003520;8003520%2021-12-25T12:18:00.000Z%,8002410,8000124,8001618,8000383,8000633,8006340,8001694,8003213,8001668,8005577,8000161,8001271,8004405,8000074,;426
2021-12-25T12:43:00.000Z;Lang Göns;RB;RB 49;49;15083;8003520;8003520%2021-12-25T12:43:00.000Z%,8003262,8001312,8004712,8000728,8000111,8000632,8000158,8004713,8001199,8002572,8000150,;426
2021-12-25T13:15:00.000Z;Lang Göns;RB;RB 49;49;15080;8003520;8003520%2021-12-25T13:15:00.000Z%,8002410,8000124,;426
2021-12-25T13:37:00.000Z;Lang Göns;RB;RB 41;41;15017;8003520;8003520%2021-12-25T13:37:00.000Z%,8003262,8001312,8004712,8000728,8000111,8000760,8002042,8000105,;426
2021-12-25T13:37:00.000Z;Lang Göns;RB;RB 40;40;15117;8003520;8003520%2021-12-25T13:37:00.000Z%,8003262,8001312,8004712,8000728,8000111,8000760,8002042,8000105,;426
2021-12-25T14:18:00.000Z;Lang Göns;RB;RB 41;41;15018;8003520;8003520%2021-12-25T14:18:00.000Z%,8002410,8000124,8002269,8000234,8002100,8002134,8004417,8004420,8003856,8000337,;426
2021-12-25T14:18:00.000Z;Lang Göns;RB;RB 40;40;15118;8003520;8003520%2021-12-25T14:18:00.000Z%,8002410,8000124,8001618,8000383,8000633,8006340,8001694,8003213,8001668,8005577,8000161,8001271,8004405,8000074,;426
2021-12-25T14:43:00.000Z;Lang Göns;RB;RB 49;49;15089;8003520;8003520%2021-12-25T14:43:00.000Z%,8003262,8001312,8004712,8000728,8000111,8000632,8000158,8004713,8001199,8002572,8000150,;426
2021-12-25T15:15:00.000Z;Lang Göns;RB;RB 49;49;15086;8003520;8003520%2021-12-25T15:15:00.000Z%,8002410,8000124,;426
2021-12-25T15:37:00.000Z;Lang Göns;RB;RB 41;41;15021;8003520;8003520%2021-12-25T15:37:00.000Z%,8003262,8001312,8004712,8000728,8000111,8000760,8002042,8000105,;426
2021-12-25T15:37:00.000Z;Lang Göns;RB;RB 40;40;15121;8003520;8003520%2021-12-25T15:37:00.000Z%,8003262,8001312,8004712,8000728,8000111,8000760,8002042,8000105,;426
2021-12-25T16:18:00.000Z;Lang Göns;RB;RB 41;41;15022;8003520;8003520%2021-12-25T16:18:00.000Z%,8002410,8000124,8002269,8000234,8002100,8002134,8004417,8004420,8003856,8000337,;426
2021-12-25T16:18:00.000Z;Lang Göns;RB;RB 40;40;15122;8003520;8003520%2021-12-25T16:18:00.000Z%,8002410,8000124,8001618,8000383,8000633,8006340,8001694,8003213,8001668,8005577,8000161,8001271,8004405,8000074,;426
2021-12-25T16:43:00.000Z;Lang Göns;RB;RB 49;49;15095;8003520;8003520%2021-12-25T16:43:00.000Z%,8003262,8001312,8004712,8000728,8000111,8000632,8000158,8004713,8001199,8002572,8000150,;426
2021-12-25T17:15:00.000Z;Lang Göns;RB;RB 49;49;15088;8003520;8003520%2021-12-25T17:15:00.000Z%,8002410,8000124,;426
2021-12-25T17:37:00.000Z;Lang Göns;RB;RB 41;41;15025;8003520;8003520%2021-12-25T17:37:00.000Z%,8003262,8001312,8004712,8000728,8000111,8000760,8002042,8000105,;426
2021-12-25T17:37:00.000Z;Lang Göns;RB;RB 40;40;15125;8003520;8003520%2021-12-25T17:37:00.000Z%,8003262,8001312,8004712,8000728,8000111,8000760,8002042,8000105,;426
2021-12-25T18:18:00.000Z;Lang Göns;RB;RB 41;41;15026;8003520;8003520%2021-12-25T18:18:00.000Z%,8002410,8000124,8002269,8000234,8002100,8002134,8004417,8004420,8003856,8000337,;426
2021-12-25T18:18:00.000Z;Lang Göns;RB;RB 40;40;15126;8003520;8003520%2021-12-25T18:18:00.000Z%,8002410,8000124,8001618,8000383,8000633,8006340,8001694,8003213,8001668,8005577,8000161,8001271,8004405,8000074,;426
2021-12-25T18:43:00.000Z;Lang Göns;RB;RB 49;49;15097;8003520;8003520%2021-12-25T18:43:00.000Z%,8003262,8001312,8004712,8000728,8000111,8000632,8000158,8004713,8001199,8002572,8000150,;426
2021-12-25T19:15:00.000Z;Lang Göns;RB;RB 49;49;15090;8003520;8003520%2021-12-25T19:15:00.000Z%,8002410,8000124,;426
2021-12-25T19:39:00.000Z;Lang Göns;RB;RB 41;41;15029;8003520;8003520%2021-12-25T19:39:00.000Z%,8003262,8001312,8004712,8000728,8000111,8000760,8002042,8000105,;426
2021-12-25T19:39:00.000Z;Lang Göns;RB;RB 40;40;15129;8003520;8003520%2021-12-25T19:39:00.000Z%,8003262,8001312,8004712,8000728,8000111,8000760,8002042,8000105,;426
2021-12-25T20:18:00.000Z;Lang Göns;RB;RB 41;41;15030;8003520;8003520%2021-12-25T20:18:00.000Z%,8002410,8000124,8002269,8000234,8002100,8002134,8004417,8004420,8003856,8000337,;426
2021-12-25T20:18:00.000Z;Lang Göns;RB;RB 40;40;15130;8003520;8003520%2021-12-25T20:18:00.000Z%,8002410,8000124,8001618,8000383,8000633,8006340,8001694,8003213,8001668,8005577,8000161,8001271,8004405,8000074,;426
2021-12-24T23:46:00.000Z;Laubenheim(Nahe);RB;RB 33;33;29591;8003568;8003568%2021-12-24T23:46:00.000Z%0,8004172,8000039,8000976,8000975,8000375,8003075,8002692,8000240,;426
2021-12-25T01:26:00.000Z;Laubenheim(Nahe);RB;RB 33;33;29592;8003568;8003568%2021-12-25T01:26:00.000Z%,8000585,8001177,8000021,;426
2021-12-25T06:32:00.000Z;Laubenheim(Nahe);RB;RB 65;65;12705;8003568;8003568%2021-12-25T06:32:00.000Z%,8004172,8000039,;426
2021-12-25T07:04:00.000Z;Laubenheim(Nahe);RB;RB 65;65;12712;8003568;8003568%2021-12-25T07:04:00.000Z%,8000585,8001177,8000021,8000726,8000517,8002879,8000505,8005111,8003070,8006483,8087062,8000372,8000189,;426
2021-12-25T07:54:00.000Z;Laubenheim(Nahe);RB;RB 65;65;12711;8003568;8003568%2021-12-25T07:54:00.000Z%,8004172,8000039,;426
2021-12-25T08:04:00.000Z;Laubenheim(Nahe);RB;RB 65;65;12714;8003568;8003568%2021-12-25T08:04:00.000Z%,8000585,8001177,8000021,8000726,8000517,8002879,8000505,8005111,8003070,8006483,8087062,8000372,8000189,;426
2021-12-25T08:52:00.000Z;Laubenheim(Nahe);RB;RB 65;65;12715;8003568;8003568%2021-12-25T08:52:00.000Z%,8004172,8000039,;426
2021-12-25T09:04:00.000Z;Laubenheim(Nahe);RB;RB 65;65;12716;8003568;8003568%2021-12-25T09:04:00.000Z%,8000585,8001177,8000021,8000726,8000517,8002879,8000505,8005111,8003070,8006483,8087062,8000372,8000189,;426
2021-12-25T09:52:00.000Z;Laubenheim(Nahe);RB;RB 65;65;12719;8003568;8003568%2021-12-25T09:52:00.000Z%,8004172,8000039,;426
2021-12-25T10:04:00.000Z;Laubenheim(Nahe);RB;RB 65;65;12718;8003568;8003568%2021-12-25T10:04:00.000Z%,8000585,8001177,8000021,8000726,8000517,8002879,8000505,8005111,8003070,8006483,8087062,8000372,8000189,;426
2021-12-25T10:52:00.000Z;Laubenheim(Nahe);RB;RB 65;65;12721;8003568;8003568%2021-12-25T10:52:00.000Z%,8004172,8000039,;426
2021-12-25T11:04:00.000Z;Laubenheim(Nahe);RB;RB 65;65;12720;8003568;8003568%2021-12-25T11:04:00.000Z%,8000585,8001177,8000021,8000726,8000517,8002879,8000505,8005111,8003070,8006483,8087062,8000372,8000189,;426
2021-12-25T11:52:00.000Z;Laubenheim(Nahe);RB;RB 65;65;12725;8003568;8003568%2021-12-25T11:52:00.000Z%,8004172,8000039,;426
2021-12-25T12:04:00.000Z;Laubenheim(Nahe);RB;RB 65;65;12724;8003568;8003568%2021-12-25T12:04:00.000Z%,8000585,8001177,8000021,8000726,8000517,8002879,8000505,8005111,8003070,8006483,8087062,8000372,8000189,;426
2021-12-25T12:52:00.000Z;Laubenheim(Nahe);RB;RB 65;65;12727;8003568;8003568%2021-12-25T12:52:00.000Z%,8004172,8000039,;426
2021-12-25T13:04:00.000Z;Laubenheim(Nahe);RB;RB 65;65;12730;8003568;8003568%2021-12-25T13:04:00.000Z%,8000585,8001177,8000021,8000726,8000517,8002879,8000505,8005111,8003070,8006483,8087062,8000372,8000189,;426
2021-12-25T13:52:00.000Z;Laubenheim(Nahe);RB;RB 65;65;12731;8003568;8003568%2021-12-25T13:52:00.000Z%,8004172,8000039,;426
2021-12-25T14:04:00.000Z;Laubenheim(Nahe);RB;RB 65;65;12732;8003568;8003568%2021-12-25T14:04:00.000Z%,8000585,8001177,8000021,8000726,8000517,8002879,8000505,8005111,8003070,8006483,8087062,8000372,8000189,;426
2021-12-25T14:52:00.000Z;Laubenheim(Nahe);RB;RB 65;65;12733;8003568;8003568%2021-12-25T14:52:00.000Z%,8004172,8000039,;426
2021-12-25T15:04:00.000Z;Laubenheim(Nahe);RB;RB 65;65;12734;8003568;8003568%2021-12-25T15:04:00.000Z%,8000585,8001177,8000021,8000726,8000517,8002879,8000505,8005111,8003070,8006483,8087062,8000372,8000189,;426
2021-12-25T15:52:00.000Z;Laubenheim(Nahe);RB;RB 65;65;12737;8003568;8003568%2021-12-25T15:52:00.000Z%,8004172,8000039,;426
2021-12-25T16:04:00.000Z;Laubenheim(Nahe);RB;RB 65;65;12738;8003568;8003568%2021-12-25T16:04:00.000Z%,8000585,8001177,8000021,8000726,8000517,8002879,8000505,8005111,8003070,8006483,8087062,8000372,8000189,;426
2021-12-25T16:52:00.000Z;Laubenheim(Nahe);RB;RB 65;65;12757;8003568;8003568%2021-12-25T16:52:00.000Z%,8004172,8000039,;426
2021-12-25T17:04:00.000Z;Laubenheim(Nahe);RB;RB 65;65;12742;8003568;8003568%2021-12-25T17:04:00.000Z%,8000585,8001177,8000021,8000726,8000517,8002879,8000505,8005111,8003070,8006483,8087062,8000372,8000189,;426
2021-12-25T17:52:00.000Z;Laubenheim(Nahe);RB;RB 65;65;12713;8003568;8003568%2021-12-25T17:52:00.000Z%,8004172,8000039,;426
2021-12-25T18:04:00.000Z;Laubenheim(Nahe);RB;RB 65;65;12744;8003568;8003568%2021-12-25T18:04:00.000Z%,8000585,8001177,8000021,8000726,8000517,8002879,8000505,8005111,8003070,8006483,8087062,8000372,8000189,;426
2021-12-25T18:52:00.000Z;Laubenheim(Nahe);RB;RB 65;65;12759;8003568;8003568%2021-12-25T18:52:00.000Z%,8004172,8000039,;426
2021-12-25T19:04:00.000Z;Laubenheim(Nahe);RB;RB 65;65;12746;8003568;8003568%2021-12-25T19:04:00.000Z%,8000585,8001177,8000021,8000726,8000517,8002879,8000505,8005111,8003070,8006483,8087062,8000372,8000189,;426
2021-12-25T19:52:00.000Z;Laubenheim(Nahe);RB;RB 65;65;12747;8003568;8003568%2021-12-25T19:52:00.000Z%,8004172,8000039,;426
2021-12-24T20:46:00.000Z;Legden;RB;RB 51;51;20283;8003608;8003608%2021-12-24T20:46:00.000Z%0,8002972,8000066,8003658,8000083,8003783,8005525,8005526,8001097,8000239,8004883,8001530,8001533,8000080,;426
2021-12-24T21:11:00.000Z;Legden;RB;RB 51;51;20284;8003608;8003608%2021-12-24T21:11:00.000Z%0,8000437,8001808,8000382,8400011,8400012,8400212,;426
2021-12-25T07:46:00.000Z;Legden;RB;RB 51;51;20257;8003608;8003608%2021-12-25T07:46:00.000Z%,8002972,8000066,8003658,8000083,8003783,8005525,8005526,8001097,8000239,8004883,8001530,8001533,8000080,;426
2021-12-25T08:11:00.000Z;Legden;RB;RB 51;51;20258;8003608;8003608%2021-12-25T08:11:00.000Z%,8000437,8001808,8000382,8400011,8400012,8400212,;426
2021-12-25T08:46:00.000Z;Legden;RB;RB 51;51;20259;8003608;8003608%2021-12-25T08:46:00.000Z%,8002972,8000066,8003658,8000083,8003783,8005525,8005526,8001097,8000239,8004883,8001530,8001533,8000080,;426
2021-12-25T09:11:00.000Z;Legden;RB;RB 51;51;20260;8003608;8003608%2021-12-25T09:11:00.000Z%,8000437,8001808,8000382,8400011,8400012,8400212,;426
2021-12-25T09:46:00.000Z;Legden;RB;RB 51;51;20261;8003608;8003608%2021-12-25T09:46:00.000Z%,8002972,8000066,8003658,8000083,8003783,8005525,8005526,8001097,8000239,8004883,8001530,8001533,8000080,;426
2021-12-25T10:11:00.000Z;Legden;RB;RB 51;51;20262;8003608;8003608%2021-12-25T10:11:00.000Z%,8000437,8001808,8000382,8400011,8400012,8400212,;426
2021-12-25T10:46:00.000Z;Legden;RB;RB 51;51;20263;8003608;8003608%2021-12-25T10:46:00.000Z%,8002972,8000066,8003658,8000083,8003783,8005525,8005526,8001097,8000239,8004883,8001530,8001533,8000080,;426
2021-12-25T11:11:00.000Z;Legden;RB;RB 51;51;20264;8003608;8003608%2021-12-25T11:11:00.000Z%,8000437,8001808,8000382,8400011,8400012,8400212,;426
2021-12-25T11:46:00.000Z;Legden;RB;RB 51;51;20265;8003608;8003608%2021-12-25T11:46:00.000Z%,8002972,8000066,8003658,8000083,8003783,8005525,8005526,8001097,8000239,8004883,8001530,8001533,8000080,;426
2021-12-25T12:11:00.000Z;Legden;RB;RB 51;51;20266;8003608;8003608%2021-12-25T12:11:00.000Z%,8000437,8001808,8000382,8400011,8400012,8400212,;426
2021-12-25T12:46:00.000Z;Legden;RB;RB 51;51;20267;8003608;8003608%2021-12-25T12:46:00.000Z%,8002972,8000066,8003658,8000083,8003783,8005525,8005526,8001097,8000239,8004883,8001530,8001533,8000080,;426
2021-12-25T13:11:00.000Z;Legden;RB;RB 51;51;20268;8003608;8003608%2021-12-25T13:11:00.000Z%,8000437,8001808,8000382,8400011,8400012,8400212,;426
2021-12-25T13:46:00.000Z;Legden;RB;RB 51;51;20269;8003608;8003608%2021-12-25T13:46:00.000Z%,8002972,8000066,8003658,8000083,8003783,8005525,8005526,8001097,8000239,8004883,8001530,8001533,8000080,;426
2021-12-25T14:11:00.000Z;Legden;RB;RB 51;51;20270;8003608;8003608%2021-12-25T14:11:00.000Z%,8000437,8001808,8000382,8400011,8400012,8400212,;426
2021-12-25T14:46:00.000Z;Legden;RB;RB 51;51;20271;8003608;8003608%2021-12-25T14:46:00.000Z%,8002972,8000066,8003658,8000083,8003783,8005525,8005526,8001097,8000239,8004883,8001530,8001533,8000080,;426
2021-12-25T15:11:00.000Z;Legden;RB;RB 51;51;20272;8003608;8003608%2021-12-25T15:11:00.000Z%,8000437,8001808,8000382,8400011,8400012,8400212,;426
2021-12-25T15:46:00.000Z;Legden;RB;RB 51;51;20273;8003608;8003608%2021-12-25T15:46:00.000Z%,8002972,8000066,8003658,8000083,8003783,8005525,8005526,8001097,8000239,8004883,8001530,8001533,8000080,;426
2021-12-25T16:11:00.000Z;Legden;RB;RB 51;51;20274;8003608;8003608%2021-12-25T16:11:00.000Z%,8000437,8001808,8000382,8400011,8400012,8400212,;426
2021-12-25T16:46:00.000Z;Legden;RB;RB 51;51;20275;8003608;8003608%2021-12-25T16:46:00.000Z%,8002972,8000066,8003658,8000083,8003783,8005525,8005526,8001097,8000239,8004883,8001530,8001533,8000080,;426
2021-12-25T17:11:00.000Z;Legden;RB;RB 51;51;20276;8003608;8003608%2021-12-25T17:11:00.000Z%,8000437,8001808,8000382,8400011,8400012,8400212,;426
2021-12-25T17:46:00.000Z;Legden;RB;RB 51;51;20277;8003608;8003608%2021-12-25T17:46:00.000Z%,8002972,8000066,8003658,8000083,8003783,8005525,8005526,8001097,8000239,8004883,8001530,8001533,8000080,;426
2021-12-25T18:11:00.000Z;Legden;RB;RB 51;51;20278;8003608;8003608%2021-12-25T18:11:00.000Z%,8000437,8001808,8000382,8400011,8400012,8400212,;426
2021-12-25T18:46:00.000Z;Legden;RB;RB 51;51;20279;8003608;8003608%2021-12-25T18:46:00.000Z%,8002972,8000066,8003658,8000083,8003783,8005525,8005526,8001097,8000239,8004883,8001530,8001533,8000080,;426
2021-12-25T19:11:00.000Z;Legden;RB;RB 51;51;20280;8003608;8003608%2021-12-25T19:11:00.000Z%,8000437,8001808,8000382,8400011,8400012,8400212,;426
2021-12-25T19:46:00.000Z;Legden;RB;RB 51;51;20281;8003608;8003608%2021-12-25T19:46:00.000Z%,8002972,8000066,8003658,8000083,8003783,8005525,8005526,8001097,8000239,8004883,8001530,8001533,8000080,;426
2021-12-25T20:11:00.000Z;Legden;RB;RB 51;51;20282;8003608;8003608%2021-12-25T20:11:00.000Z%,8000437,8001808,8000382,8400011,8400012,8400212,;426
2021-12-25T01:52:00.000Z;Linsburg;RE;RE 8;8;4446;8003705;8003705%2021-12-25T01:52:00.000Z%,8000279,8001949,8001489,8006076,8000586,8001924,8000773,8000413,8001160,8001164,8000050,;602
2021-12-25T02:07:00.000Z;Linsburg;RE;RE 8;8;4447;8003705;8003705%2021-12-25T02:07:00.000Z%,8002507,8001713,8004322,8004851,8000268,8000152,;602
2021-12-25T03:52:00.000Z;Linsburg;RE;RE 8;8;4448;8003705;8003705%2021-12-25T03:52:00.000Z%,8000279,8001949,8001489,8006076,8000413,8001160,8000050,;602
2021-12-24T20:43:00.000Z;Lutum;RB;RB 63;63;14736;8003804;8003804%2021-12-24T20:44:00.000Z%1,8001343,8000066,;426
2021-12-24T21:14:00.000Z;Lutum;RB;RB 63;63;14739;8003804;8003804%2021-12-24T21:14:00.000Z%,8000970,8002670,8004190,8003934,8000263,;426
2021-12-24T21:43:00.000Z;Lutum;RB;RB 63;63;14738;8003804;8003804%2021-12-24T21:43:00.000Z%,8001343,8000066,;426
2021-12-24T22:14:00.000Z;Lutum;RB;RB 63;63;14741;8003804;8003804%2021-12-24T22:14:00.000Z%,8000970,8002670,8004190,8003934,8000263,;426
2021-12-24T22:43:00.000Z;Lutum;RB;RB 63;63;14740;8003804;8003804%2021-12-24T22:43:00.000Z%,8001343,8000066,;426
2021-12-24T23:14:00.000Z;Lutum;RB;RB 63;63;14743;8003804;8003804%2021-12-24T23:14:00.000Z%,8000970,8002670,8004190,8003934,8000263,;426
2021-12-24T23:43:00.000Z;Lutum;RB;RB 63;63;14742;8003804;8003804%2021-12-24T23:43:00.000Z%,8001343,8000066,;426
2021-12-25T00:43:00.000Z;Lutum;RB;RB 63;63;14744;8003804;8003804%2021-12-25T00:43:00.000Z%,8001343,8000066,;426
2021-12-25T07:14:00.000Z;Lutum;RB;RB 63;63;14711;8003804;8003804%2021-12-25T07:14:00.000Z%,8000970,8002670,8004190,8003934,8000263,;426
2021-12-25T07:43:00.000Z;Lutum;RB;RB 63;63;14708;8003804;8003804%2021-12-25T07:43:00.000Z%,8001343,8000066,;426
2021-12-25T08:14:00.000Z;Lutum;RB;RB 63;63;14713;8003804;8003804%2021-12-25T08:14:00.000Z%,8000970,8002670,8004190,8003934,8000263,;426
2021-12-25T08:43:00.000Z;Lutum;RB;RB 63;63;14710;8003804;8003804%2021-12-25T08:43:00.000Z%,8001343,8000066,;426
2021-12-25T09:14:00.000Z;Lutum;RB;RB 63;63;14715;8003804;8003804%2021-12-25T09:14:00.000Z%,8000970,8002670,8004190,8003934,8000263,;426
2021-12-25T09:43:00.000Z;Lutum;RB;RB 63;63;14712;8003804;8003804%2021-12-25T09:43:00.000Z%,8001343,8000066,;426
2021-12-25T10:14:00.000Z;Lutum;RB;RB 63;63;14717;8003804;8003804%2021-12-25T10:14:00.000Z%,8000970,8002670,8004190,8003934,8000263,;426
2021-12-25T10:43:00.000Z;Lutum;RB;RB 63;63;14714;8003804;8003804%2021-12-25T10:43:00.000Z%,8001343,8000066,;426
2021-12-25T11:14:00.000Z;Lutum;RB;RB 63;63;14719;8003804;8003804%2021-12-25T11:14:00.000Z%,8000970,8002670,8004190,8003934,8000263,;426
2021-12-25T11:43:00.000Z;Lutum;RB;RB 63;63;14716;8003804;8003804%2021-12-25T11:43:00.000Z%,8001343,8000066,;426
2021-12-25T12:14:00.000Z;Lutum;RB;RB 63;63;14721;8003804;8003804%2021-12-25T12:14:00.000Z%,8000970,8002670,8004190,8003934,8000263,;426
2021-12-25T12:43:00.000Z;Lutum;RB;RB 63;63;14720;8003804;8003804%2021-12-25T12:43:00.000Z%,8001343,8000066,;426
2021-12-25T13:14:00.000Z;Lutum;RB;RB 63;63;14723;8003804;8003804%2021-12-25T13:14:00.000Z%,8000970,8002670,8004190,8003934,8000263,;426
2021-12-25T13:43:00.000Z;Lutum;RB;RB 63;63;14722;8003804;8003804%2021-12-25T13:43:00.000Z%,8001343,8000066,;426
2021-12-25T14:14:00.000Z;Lutum;RB;RB 63;63;14725;8003804;8003804%2021-12-25T14:14:00.000Z%,8000970,8002670,8004190,8003934,8000263,;426
2021-12-25T14:43:00.000Z;Lutum;RB;RB 63;63;14724;8003804;8003804%2021-12-25T14:43:00.000Z%,8001343,8000066,;426
2021-12-25T15:14:00.000Z;Lutum;RB;RB 63;63;14727;8003804;8003804%2021-12-25T15:14:00.000Z%,8000970,8002670,8004190,8003934,8000263,;426
2021-12-25T15:43:00.000Z;Lutum;RB;RB 63;63;14726;8003804;8003804%2021-12-25T15:43:00.000Z%,8001343,8000066,;426
2021-12-25T16:14:00.000Z;Lutum;RB;RB 63;63;14729;8003804;8003804%2021-12-25T16:14:00.000Z%,8000970,8002670,8004190,8003934,8000263,;426
2021-12-25T16:43:00.000Z;Lutum;RB;RB 63;63;14728;8003804;8003804%2021-12-25T16:43:00.000Z%,8001343,8000066,;426
2021-12-25T17:14:00.000Z;Lutum;RB;RB 63;63;14731;8003804;8003804%2021-12-25T17:14:00.000Z%,8000970,8002670,8004190,8003934,8000263,;426
2021-12-25T17:43:00.000Z;Lutum;RB;RB 63;63;14730;8003804;8003804%2021-12-25T17:43:00.000Z%,8001343,8000066,;426
2021-12-25T18:14:00.000Z;Lutum;RB;RB 63;63;14733;8003804;8003804%2021-12-25T18:14:00.000Z%,8000970,8002670,8004190,8003934,8000263,;426
2021-12-25T18:43:00.000Z;Lutum;RB;RB 63;63;14732;8003804;8003804%2021-12-25T18:43:00.000Z%,8001343,8000066,;426
2021-12-25T19:14:00.000Z;Lutum;RB;RB 63;63;14735;8003804;8003804%2021-12-25T19:14:00.000Z%,8000970,8002670,8004190,8003934,8000263,;426
2021-12-25T19:43:00.000Z;Lutum;RB;RB 63;63;14734;8003804;8003804%2021-12-25T19:43:00.000Z%,8001343,8000066,;426
2021-12-25T20:14:00.000Z;Lutum;RB;RB 63;63;14737;8003804;8003804%2021-12-25T20:14:00.000Z%,8000970,8002670,8004190,8003934,8000263,;426
2021-12-24T20:51:00.000Z;Mainz-Mombach;RB;RB 26;26;25437;8003821;8003821%2021-12-24T20:51:00.000Z%0,8000240,;426
2021-12-24T21:07:00.000Z;Mainz-Mombach;RB;RB 26;26;25392;8003821;8003821%2021-12-24T21:07:00.000Z%0,8001237,8005950,8002692,8003075,8000375,8000975,8000976,8000039,;426
2021-12-24T22:07:00.000Z;Mainz-Mombach;RB;RB 26;26;25394;8003821;8003821%2021-12-24T22:07:00.000Z%0,8001237,8005950,8002692,8003075,8000375,8000975,8000976,8000039,8005896,8004379,8000683,8004601,8005645,8002861,8000742,8000045,8005622,8005070,8000206,8003341,8003352,8006035,8006303,8000331,8004200,8001186,8000694,8005580,8000310,;426
2021-12-24T22:20:00.000Z;Mainz-Mombach;RB;RB 26;26;25439;8003821;8003821%2021-12-24T22:20:00.000Z%0,8000240,;426
2021-12-24T23:12:00.000Z;Mainz-Mombach;RB;RB 26;26;25398;8003821;8003821%2021-12-24T23:12:00.000Z%0,8001237,8005950,8002692,8003075,8000375,8000975,8000976,8000039,8005896,8004379,8000683,8004601,8005645,8002861,8000742,8000045,8005622,8005070,8000206,;426
2021-12-25T04:18:00.000Z;Mainz-Mombach;RB;RB 26;26;25363;8003821;8003821%2021-12-25T04:18:00.000Z%,8000240,;426
2021-12-25T04:51:00.000Z;Mainz-Mombach;RB;RB 26;26;25412;8003821;8003821%2021-12-25T04:51:00.000Z%,8001237,8005950,8002692,8003075,8000375,8000975,8000976,8000039,8005896,8004379,8000683,8004601,8005645,8002861,8000742,8000045,8005622,8005070,8000206,8003341,8003352,8006035,8006303,8000331,8004200,8001186,8000694,8005580,8000310,8004604,8005153,8001085,8001082,8001091,8000044,8005152,8005499,8001215,8003160,8003361,8003363,8000207,8003368,;426
2021-12-25T05:18:00.000Z;Mainz-Mombach;RB;RB 26;26;25367;8003821;8003821%2021-12-25T05:18:00.000Z%,8000240,;426
2021-12-25T06:05:00.000Z;Mainz-Mombach;RB;RB 26;26;25414;8003821;8003821%2021-12-25T06:05:00.000Z%,8001237,8005950,8002692,8003075,8000375,8000975,8000976,8000039,8005896,8004379,8000683,8004601,8005645,8002861,8000742,8000045,8005622,8005070,8000206,8003341,8003352,8006035,8006303,8000331,8004200,8001186,8000694,8005580,8000310,8004604,8005153,8001085,8001082,8001091,8000044,8005152,8005499,8001215,8003160,8003361,8003363,8000207,8003368,;426
2021-12-25T06:20:00.000Z;Mainz-Mombach;RB;RB 26;26;25359;8003821;8003821%2021-12-25T06:20:00.000Z%,8000240,;426
2021-12-25T07:07:00.000Z;Mainz-Mombach;RB;RB 26;26;25416;8003821;8003821%2021-12-25T07:07:00.000Z%,8001237,8005950,8002692,8003075,8000375,8000975,8000976,8000039,8005896,8004379,8000683,8004601,8005645,8002861,8000742,8000045,8005622,8005070,8000206,8003341,8003352,8006035,8006303,8000331,8004200,8001186,8000694,8005580,8000310,8004604,8005153,8001085,8001082,8001091,8000044,8005152,8005499,8001215,8003160,8003361,8003363,8000207,8003368,;426
2021-12-25T07:20:00.000Z;Mainz-Mombach;RB;RB 26;26;25399;8003821;8003821%2021-12-25T07:20:00.000Z%,8000240,;426
2021-12-25T07:50:00.000Z;Mainz-Mombach;RB;RB 26;26;25351;8003821;8003821%2021-12-25T07:50:00.000Z%,8000240,;426
2021-12-25T08:07:00.000Z;Mainz-Mombach;RB;RB 26;26;25418;8003821;8003821%2021-12-25T08:07:00.000Z%,8001237,8005950,8002692,8003075,8000375,8000975,8000976,8000039,8005896,8004379,8000683,8004601,8005645,8002861,8000742,8000045,8005622,8005070,8000206,8003341,8003352,8006035,8006303,8000331,8004200,8001186,8000694,8005580,8000310,8004604,8005153,8001085,8001082,8001091,8000044,8005152,8005499,8001215,8003160,8003361,8003363,8000207,8003368,;426
2021-12-25T08:50:00.000Z;Mainz-Mombach;RB;RB 26;26;25353;8003821;8003821%2021-12-25T08:50:00.000Z%,8000240,;426
2021-12-25T09:07:00.000Z;Mainz-Mombach;RB;RB 26;26;25420;8003821;8003821%2021-12-25T09:07:00.000Z%,8001237,8005950,8002692,8003075,8000375,8000975,8000976,8000039,8005896,8004379,8000683,8004601,8005645,8002861,8000742,8000045,8005622,8005070,8000206,8003341,8003352,8006035,8006303,8000331,8004200,8001186,8000694,8005580,8000310,8004604,8005153,8001085,8001082,8001091,8000044,8005152,8005499,8001215,8003160,8003361,8003363,8000207,8003368,;426
2021-12-25T09:53:00.000Z;Mainz-Mombach;RB;RB 26;26;25415;8003821;8003821%2021-12-25T09:53:00.000Z%,8000240,;426
2021-12-25T10:07:00.000Z;Mainz-Mombach;RB;RB 26;26;25422;8003821;8003821%2021-12-25T10:07:00.000Z%,8001237,8005950,8002692,8003075,8000375,8000975,8000976,8000039,8005896,8004379,8000683,8004601,8005645,8002861,8000742,8000045,8005622,8005070,8000206,8003341,8003352,8006035,8006303,8000331,8004200,8001186,8000694,8005580,8000310,8004604,8005153,8001085,8001082,8001091,8000044,8005152,8005499,8001215,8003160,8003361,8003363,8000207,8003368,;426
2021-12-25T10:50:00.000Z;Mainz-Mombach;RB;RB 26;26;25417;8003821;8003821%2021-12-25T10:50:00.000Z%,8000240,;426
2021-12-25T11:07:00.000Z;Mainz-Mombach;RB;RB 26;26;25424;8003821;8003821%2021-12-25T11:07:00.000Z%,8001237,8005950,8002692,8003075,8000375,8000975,8000976,8000039,8005896,8004379,8000683,8004601,8005645,8002861,8000742,8000045,8005622,8005070,8000206,8003341,8003352,8006035,8006303,8000331,8004200,8001186,8000694,8005580,8000310,8004604,8005153,8001085,8001082,8001091,8000044,8005152,8005499,8001215,8003160,8003361,8003363,8000207,8003368,;426
2021-12-25T11:50:00.000Z;Mainz-Mombach;RB;RB 26;26;25419;8003821;8003821%2021-12-25T11:50:00.000Z%,8000240,;426
2021-12-25T12:07:00.000Z;Mainz-Mombach;RB;RB 26;26;25426;8003821;8003821%2021-12-25T12:07:00.000Z%,8001237,8005950,8002692,8003075,8000375,8000975,8000976,8000039,8005896,8004379,8000683,8004601,8005645,8002861,8000742,8000045,8005622,8005070,8000206,8003341,8003352,8006035,8006303,8000331,8004200,8001186,8000694,8005580,8000310,8004604,8005153,8001085,8001082,8001091,8000044,8005152,8005499,8001215,8003160,8003361,8003363,8000207,8003368,;426
2021-12-25T12:50:00.000Z;Mainz-Mombach;RB;RB 26;26;25421;8003821;8003821%2021-12-25T12:50:00.000Z%,8000240,;426
2021-12-25T13:07:00.000Z;Mainz-Mombach;RB;RB 26;26;25428;8003821;8003821%2021-12-25T13:07:00.000Z%,8001237,8005950,8002692,8003075,8000375,8000975,8000976,8000039,8005896,8004379,8000683,8004601,8005645,8002861,8000742,8000045,8005622,8005070,8000206,8003341,8003352,8006035,8006303,8000331,8004200,8001186,8000694,8005580,8000310,8004604,8005153,8001085,8001082,8001091,8000044,8005152,8005499,8001215,8003160,8003361,8003363,8000207,8003368,;426
2021-12-25T13:52:00.000Z;Mainz-Mombach;RB;RB 26;26;25423;8003821;8003821%2021-12-25T13:52:00.000Z%,8000240,;426
2021-12-25T14:07:00.000Z;Mainz-Mombach;RB;RB 26;26;25430;8003821;8003821%2021-12-25T14:07:00.000Z%,8001237,8005950,8002692,8003075,8000375,8000975,8000976,8000039,8005896,8004379,8000683,8004601,8005645,8002861,8000742,8000045,8005622,8005070,8000206,8003341,8003352,8006035,8006303,8000331,8004200,8001186,8000694,8005580,8000310,8004604,8005153,8001085,8001082,8001091,8000044,8005152,8005499,8001215,8003160,8003361,8003363,8000207,8003368,;426
2021-12-25T14:50:00.000Z;Mainz-Mombach;RB;RB 26;26;25425;8003821;8003821%2021-12-25T14:50:00.000Z%,8000240,;426
2021-12-25T15:07:00.000Z;Mainz-Mombach;RB;RB 26;26;25432;8003821;8003821%2021-12-25T15:07:00.000Z%,8001237,8005950,8002692,8003075,8000375,8000975,8000976,8000039,8005896,8004379,8000683,8004601,8005645,8002861,8000742,8000045,8005622,8005070,8000206,8003341,8003352,8006035,8006303,8000331,8004200,8001186,8000694,8005580,8000310,8004604,8005153,8001085,8001082,8001091,8000044,8005152,8005499,8001215,8003160,8003361,8003363,8000207,8003368,;426
2021-12-25T15:50:00.000Z;Mainz-Mombach;RB;RB 26;26;25427;8003821;8003821%2021-12-25T15:50:00.000Z%,8000240,;426
2021-12-25T16:07:00.000Z;Mainz-Mombach;RB;RB 26;26;25434;8003821;8003821%2021-12-25T16:07:00.000Z%,8001237,8005950,8002692,8003075,8000375,8000975,8000976,8000039,8005896,8004379,8000683,8004601,8005645,8002861,8000742,8000045,8005622,8005070,8000206,8003341,8003352,8006035,8006303,8000331,8004200,8001186,8000694,8005580,8000310,8004604,8005153,8001085,8001082,8001091,8000044,8005152,8005499,8001215,8003160,8003361,8003363,8000207,8003368,;426
2021-12-25T16:50:00.000Z;Mainz-Mombach;RB;RB 26;26;25429;8003821;8003821%2021-12-25T16:50:00.000Z%,8000240,;426
2021-12-25T17:07:00.000Z;Mainz-Mombach;RB;RB 26;26;25436;8003821;8003821%2021-12-25T17:07:00.000Z%,8001237,8005950,8002692,8003075,8000375,8000975,8000976,8000039,8005896,8004379,8000683,8004601,8005645,8002861,8000742,8000045,8005622,8005070,8000206,8003341,8003352,8006035,8006303,8000331,8004200,8001186,8000694,8005580,8000310,8004604,8005153,8001085,8001082,8001091,8000044,8005152,8005499,8001215,8003160,8003361,8003363,8000207,8003368,;426
2021-12-25T17:53:00.000Z;Mainz-Mombach;RB;RB 26;26;25431;8003821;8003821%2021-12-25T17:53:00.000Z%,8000240,;426
2021-12-25T18:07:00.000Z;Mainz-Mombach;RB;RB 26;26;25438;8003821;8003821%2021-12-25T18:07:00.000Z%,8001237,8005950,8002692,8003075,8000375,8000975,8000976,8000039,8005896,8004379,8000683,8004601,8005645,8002861,8000742,8000045,8005622,8005070,8000206,8003341,8003352,8006035,8006303,8000331,8004200,8001186,8000694,8005580,8000310,8004604,8005153,8001085,8001082,8001091,8000044,8005152,8005499,8001215,8003160,8003361,8003363,8000207,8003368,;426
2021-12-24T20:52:00.000Z;Marktbreit;RB;RB 80;80;58144;8003881;8003881%2021-12-24T20:52:00.000Z%0,8000818,8002333,8006488,8006582,8000260,;426
2021-12-24T21:03:00.000Z;Marktbreit;RB;RB 80;80;58145;8003881;8003881%2021-12-24T21:04:00.000Z%1,8005947,8000091,8001278,8004521,8000009,8005907,8000534,8000385,8000122,;426
2021-12-24T22:26:00.000Z;Marktbreit;RB;RB 80;80;58149;8003881;8003881%2021-12-24T22:26:00.000Z%,8005947,8000091,8001278,8004521,8000009,8005907,8000534,8000385,8000122,;426
2021-12-24T22:54:00.000Z;Marktbreit;RB;RB 80;80;58148;8003881;8003881%2021-12-24T22:54:00.000Z%,8000818,8002333,8006488,8006582,8000260,;426
2021-12-25T04:54:00.000Z;Marktbreit;RB;RB 80;80;58107;8003881;8003881%2021-12-25T04:54:00.000Z%,8005947,8000091,8001278,8004521,8000009,8005907,8000534,8000385,8000122,;426
2021-12-25T05:20:00.000Z;Marktbreit;RB;RB 80;80;58104;8003881;8003881%2021-12-25T05:20:00.000Z%,8000818,8002333,8006488,8006582,8000260,;426
2021-12-25T06:03:00.000Z;Marktbreit;RB;RB 80;80;58113;8003881;8003881%2021-12-25T06:03:00.000Z%,8005947,8000091,8001278,8004521,8000009,8005907,8000534,8000385,8000122,;426
2021-12-25T06:52:00.000Z;Marktbreit;RB;RB 80;80;58112;8003881;8003881%2021-12-25T06:52:00.000Z%,8000818,8002333,8006488,8006582,8000260,;426
2021-12-25T07:03:00.000Z;Marktbreit;RB;RB 80;80;58115;8003881;8003881%2021-12-25T07:03:00.000Z%,8005947,8000091,8001278,8004521,8000009,8005907,8000534,8000385,8000122,;426
2021-12-25T07:53:00.000Z;Marktbreit;RB;RB 80;80;58116;8003881;8003881%2021-12-25T07:53:00.000Z%,8000818,8002333,8006488,8006582,8000260,;426
2021-12-25T08:05:00.000Z;Marktbreit;RB;RB 80;80;58117;8003881;8003881%2021-12-25T08:05:00.000Z%,8005947,8000091,8001278,8004521,8000009,8005907,8000534,8000385,8000122,;426
2021-12-25T08:52:00.000Z;Marktbreit;RB;RB 80;80;58118;8003881;8003881%2021-12-25T08:52:00.000Z%,8000818,8002333,8006488,8006582,8000260,;426
2021-12-25T09:03:00.000Z;Marktbreit;RB;RB 80;80;58119;8003881;8003881%2021-12-25T09:03:00.000Z%,8005947,8000091,8001278,8004521,8000009,8005907,8000534,8000385,8000122,;426
2021-12-25T09:51:00.000Z;Marktbreit;RB;RB 80;80;58120;8003881;8003881%2021-12-25T09:51:00.000Z%,8000818,8002333,8006488,8006582,8000260,;426
2021-12-25T10:03:00.000Z;Marktbreit;RB;RB 80;80;58121;8003881;8003881%2021-12-25T10:03:00.000Z%,8005947,8000091,8001278,8004521,8000009,8005907,8000534,8000385,8000122,;426
2021-12-25T10:52:00.000Z;Marktbreit;RB;RB 80;80;58122;8003881;8003881%2021-12-25T10:52:00.000Z%,8000818,8002333,8006488,8006582,8000260,;426
2021-12-25T11:03:00.000Z;Marktbreit;RB;RB 80;80;58109;8003881;8003881%2021-12-25T11:03:00.000Z%,8005947,8000091,8001278,8004521,8000009,8005907,8000534,8000385,8000122,;426
2021-12-25T11:52:00.000Z;Marktbreit;RB;RB 80;80;58124;8003881;8003881%2021-12-25T11:52:00.000Z%,8000818,8002333,8006488,8006582,8000260,;426
2021-12-25T12:05:00.000Z;Marktbreit;RB;RB 80;80;58125;8003881;8003881%2021-12-25T12:05:00.000Z%,8005947,8000091,8001278,8004521,8000009,8005907,8000534,8000385,8000122,;426
2021-12-25T12:52:00.000Z;Marktbreit;RB;RB 80;80;58126;8003881;8003881%2021-12-25T12:52:00.000Z%,8000818,8002333,8006488,8006582,8000260,;426
2021-12-25T13:03:00.000Z;Marktbreit;RB;RB 80;80;58127;8003881;8003881%2021-12-25T13:03:00.000Z%,8005947,8000091,8001278,8004521,8000009,8005907,8000534,8000385,8000122,;426
2021-12-25T13:51:00.000Z;Marktbreit;RB;RB 80;80;58130;8003881;8003881%2021-12-25T13:51:00.000Z%,8000818,8002333,8006488,8006582,8000260,;426
2021-12-25T14:03:00.000Z;Marktbreit;RB;RB 80;80;58129;8003881;8003881%2021-12-25T14:03:00.000Z%,8005947,8000091,8001278,8004521,8000009,8005907,8000534,8000385,8000122,;426
2021-12-25T14:52:00.000Z;Marktbreit;RB;RB 80;80;58132;8003881;8003881%2021-12-25T14:52:00.000Z%,8000818,8002333,8006488,8006582,8000260,;426
2021-12-25T15:03:00.000Z;Marktbreit;RB;RB 80;80;58133;8003881;8003881%2021-12-25T15:03:00.000Z%,8005947,8000091,8001278,8004521,8000009,8005907,8000534,8000385,8000122,;426
2021-12-25T15:50:00.000Z;Marktbreit;RB;RB 80;80;58134;8003881;8003881%2021-12-25T15:50:00.000Z%,8000818,8002333,8006488,8006582,8000260,;426
2021-12-25T16:05:00.000Z;Marktbreit;RB;RB 80;80;58135;8003881;8003881%2021-12-25T16:05:00.000Z%,8005947,8000091,8001278,8004521,8000009,8005907,8000534,8000385,8000122,;426
2021-12-25T16:53:00.000Z;Marktbreit;RB;RB 80;80;58136;8003881;8003881%2021-12-25T16:53:00.000Z%,8000818,8002333,8006488,8006582,8000260,;426
2021-12-25T17:03:00.000Z;Marktbreit;RB;RB 80;80;58137;8003881;8003881%2021-12-25T17:03:00.000Z%,8005947,8000091,8001278,8004521,8000009,8005907,8000534,8000385,8000122,;426
2021-12-25T17:51:00.000Z;Marktbreit;RB;RB 80;80;58138;8003881;8003881%2021-12-25T17:51:00.000Z%,8000818,8002333,8006488,8006582,8000260,;426
2021-12-25T18:03:00.000Z;Marktbreit;RB;RB 80;80;58139;8003881;8003881%2021-12-25T18:03:00.000Z%,8005947,8000091,8001278,8004521,8000009,8005907,8000534,8000385,8000122,;426
2021-12-25T18:52:00.000Z;Marktbreit;RB;RB 80;80;58140;8003881;8003881%2021-12-25T18:52:00.000Z%,8000818,8002333,8006488,8006582,8000260,;426
2021-12-25T19:03:00.000Z;Marktbreit;RB;RB 80;80;58141;8003881;8003881%2021-12-25T19:03:00.000Z%,8005947,8000091,8001278,8004521,8000009,8005907,8000534,8000385,8000122,;426
2021-12-25T19:52:00.000Z;Marktbreit;RB;RB 80;80;58142;8003881;8003881%2021-12-25T19:52:00.000Z%,8000818,8002333,8006488,8006582,8000260,;426
2021-12-25T20:03:00.000Z;Marktbreit;RB;RB 80;80;58143;8003881;8003881%2021-12-25T20:03:00.000Z%,8005947,8000091,8001278,8004521,8000009,8005907,8000534,8000385,8000122,;426
2021-12-24T22:22:00.000Z;Maxhütte-Haidhof;RE;RE 40;40;3577;8003922;8003922%2021-12-24T22:22:00.000Z%,8004987,8000309,;602
2021-12-25T08:47:00.000Z;Maxhütte-Haidhof;RE;RE 40;40;3550;8003922;8003922%2021-12-25T08:47:00.000Z%,8000027,8000566,8005800,8000269,8001929,8002612,8002794,8000284,;602
2021-12-25T09:10:00.000Z;Maxhütte-Haidhof;RE;RE 40;40;3551;8003922;8003922%2021-12-25T09:10:00.000Z%,8004987,8000309,;602
2021-12-25T10:47:00.000Z;Maxhütte-Haidhof;RE;RE 40;40;3554;8003922;8003922%2021-12-25T10:47:00.000Z%,8000027,8000566,8005800,8000269,8001929,8002612,8002794,8000284,;602
2021-12-25T11:10:00.000Z;Maxhütte-Haidhof;RE;RE 40;40;3555;8003922;8003922%2021-12-25T11:10:00.000Z%,8004987,8000309,;602
2021-12-25T12:49:00.000Z;Maxhütte-Haidhof;RE;RE 40;40;3558;8003922;8003922%2021-12-25T12:49:00.000Z%,8000027,8000566,8005800,8000269,8001929,8002612,8002794,8000284,;602
2021-12-25T13:10:00.000Z;Maxhütte-Haidhof;RE;RE 40;40;3559;8003922;8003922%2021-12-25T13:10:00.000Z%,8004987,8000309,;602
2021-12-25T13:50:00.000Z;Maxhütte-Haidhof;RE;RE 40;40;3560;8003922;8003922%2021-12-25T13:50:00.000Z%,8000027,8000566,8005800,8000269,8001929,8002612,8002794,8000284,;602
2021-12-25T14:47:00.000Z;Maxhütte-Haidhof;RE;RE 40;40;3562;8003922;8003922%2021-12-25T14:47:00.000Z%,8000027,8000566,8005800,8000269,8001929,8002612,8002794,8000284,;602
2021-12-25T15:10:00.000Z;Maxhütte-Haidhof;RE;RE 40;40;3563;8003922;8003922%2021-12-25T15:10:00.000Z%,8004987,8000309,;602
2021-12-25T16:10:00.000Z;Maxhütte-Haidhof;RE;RE 40;40;3565;8003922;8003922%2021-12-25T16:10:00.000Z%,8004987,8000309,;602
2021-12-25T17:10:00.000Z;Maxhütte-Haidhof;RE;RE 40;40;3567;8003922;8003922%2021-12-25T17:10:00.000Z%,8004987,8000309,;602
2021-12-25T17:48:00.000Z;Maxhütte-Haidhof;RE;RE 40;40;3568;8003922;8003922%2021-12-25T17:48:00.000Z%,8000027,8000566,8005800,8000269,8001929,8002612,8002794,8000284,;602
2021-12-25T18:51:00.000Z;Maxhütte-Haidhof;RE;RE 40;40;3570;8003922;8003922%2021-12-25T18:51:00.000Z%,8000027,8000566,8005800,8000269,8001929,8002612,8002794,8000284,;602
2021-12-25T19:10:00.000Z;Maxhütte-Haidhof;RE;RE 40;40;3571;8003922;8003922%2021-12-25T19:10:00.000Z%,8004987,8000309,;602
2021-12-24T20:48:00.000Z;Mellrichstadt Bf;RB;RB 40;40;80761;8003959;8003959%2021-12-24T20:48:00.000Z%0,8000730,8001290,8004169,8005199,8001620,8004865,8000032,8005479,8005481,;426
2021-12-24T21:06:00.000Z;Mellrichstadt Bf;RB;RB 40;40;80758;8003959;8003959%2021-12-24T21:06:00.000Z%0,8012750,8011183,8013329,8010142,;426
2021-12-24T21:58:00.000Z;Mellrichstadt Bf;RB;RB 40;40;80763;8003959;8003959%2021-12-24T21:58:00.000Z%0,8000730,8001290,8004169,8005199,8001620,8004865,8004453,8000032,;426
2021-12-24T22:15:00.000Z;Mellrichstadt Bf;RB;RB 40;40;80760;8003959;8003959%2021-12-24T22:15:00.000Z%0,8012750,8011183,8013329,8012770,8010230,;426
2021-12-25T04:48:00.000Z;Mellrichstadt Bf;RB;RB 40;40;80727;8003959;8003959%2021-12-25T04:48:00.000Z%,8000730,8001290,8004169,8005199,8001620,8004865,8004453,8000032,8005479,8005481,;426
2021-12-25T05:05:00.000Z;Mellrichstadt Bf;RE;RE 7;7;3768;8003959;8003959%2021-12-25T05:05:00.000Z%,8012750,8010142,8010345,8010391,8010137,8010274,8010007,8010242,8010101,;602
2021-12-25T05:23:00.000Z;Mellrichstadt Bf;RE;RE 7;7;3751;8003959;8003959%2021-12-25T05:23:00.000Z%,8000730,8001290,8004169,8005199,8001620,8004865,8004453,8000032,8005198,8000260,;602
2021-12-25T06:47:00.000Z;Mellrichstadt Bf;RB;RB 40;40;80731;8003959;8003959%2021-12-25T06:47:00.000Z%,8000730,8001290,8004169,8005199,8001620,8004865,8000032,;426
2021-12-25T07:07:00.000Z;Mellrichstadt Bf;RB;RB 40;40;80728;8003959;8003959%2021-12-25T07:07:00.000Z%,8012750,8011183,8013329,8012770,8010230,;426
2021-12-25T07:49:00.000Z;Mellrichstadt Bf;RE;RE 7;7;3755;8003959;8003959%2021-12-25T07:49:00.000Z%,8000730,8004169,8001620,8000032,8000260,;602
2021-12-25T08:06:00.000Z;Mellrichstadt Bf;RE;RE 7;7;3752;8003959;8003959%2021-12-25T08:06:00.000Z%,8010142,8010345,8010391,8010274,8010007,8010242,8010101,;602
2021-12-25T08:48:00.000Z;Mellrichstadt Bf;RB;RB 40;40;80735;8003959;8003959%2021-12-25T08:48:00.000Z%,8000730,8001290,8004169,8005199,8001620,8004865,8000032,;426
2021-12-25T09:07:00.000Z;Mellrichstadt Bf;RB;RB 40;40;80732;8003959;8003959%2021-12-25T09:07:00.000Z%,8012750,8011183,8013329,8012770,8010230,;426
2021-12-25T09:49:00.000Z;Mellrichstadt Bf;RE;RE 7;7;3757;8003959;8003959%2021-12-25T09:49:00.000Z%,8000730,8004169,8001620,8000032,8000260,;602
2021-12-25T10:06:00.000Z;Mellrichstadt Bf;RE;RE 7;7;3754;8003959;8003959%2021-12-25T10:06:00.000Z%,8010142,8010345,8010391,8010274,8010007,8010242,8010101,;602
2021-12-25T10:48:00.000Z;Mellrichstadt Bf;RB;RB 40;40;80739;8003959;8003959%2021-12-25T10:48:00.000Z%,8000730,8001290,8004169,8005199,8001620,8004865,8000032,;426
2021-12-25T11:07:00.000Z;Mellrichstadt Bf;RB;RB 40;40;80736;8003959;8003959%2021-12-25T11:07:00.000Z%,8012750,8011183,8013329,8012770,8010230,;426
2021-12-25T11:49:00.000Z;Mellrichstadt Bf;RE;RE 7;7;3759;8003959;8003959%2021-12-25T11:49:00.000Z%,8000730,8004169,8001620,8000032,8000260,;602
2021-12-25T12:06:00.000Z;Mellrichstadt Bf;RE;RE 7;7;3756;8003959;8003959%2021-12-25T12:06:00.000Z%,8010142,8010345,8010391,8010274,8010007,8010242,8010101,;602
2021-12-25T12:48:00.000Z;Mellrichstadt Bf;RB;RB 40;40;80745;8003959;8003959%2021-12-25T12:48:00.000Z%,8000730,8001290,8004169,8005199,8001620,8004865,8000032,;426
2021-12-25T13:07:00.000Z;Mellrichstadt Bf;RB;RB 40;40;80742;8003959;8003959%2021-12-25T13:07:00.000Z%,8012750,8011183,8013329,8012770,8010230,;426
2021-12-25T13:49:00.000Z;Mellrichstadt Bf;RE;RE 7;7;3761;8003959;8003959%2021-12-25T13:49:00.000Z%,8000730,8004169,8001620,8000032,8000260,;602
2021-12-25T14:06:00.000Z;Mellrichstadt Bf;RE;RE 7;7;3758;8003959;8003959%2021-12-25T14:06:00.000Z%,8010142,8010345,8010391,8010274,8010007,8010242,8010101,;602
2021-12-25T15:03:00.000Z;Mellrichstadt Bf;RB;RB 40;40;80751;8003959;8003959%2021-12-25T15:03:00.000Z%,8000730,8001290,8004169,8005199,8001620,8004865,8004453,8000032,;426
2021-12-25T15:07:00.000Z;Mellrichstadt Bf;RB;RB 40;40;80748;8003959;8003959%2021-12-25T15:07:00.000Z%,8012750,8011183,8013329,8012770,8010230,;426
2021-12-25T15:49:00.000Z;Mellrichstadt Bf;RE;RE 7;7;3763;8003959;8003959%2021-12-25T15:49:00.000Z%,8000730,8004169,8001620,8000032,8000260,;602
2021-12-25T16:06:00.000Z;Mellrichstadt Bf;RE;RE 7;7;3760;8003959;8003959%2021-12-25T16:06:00.000Z%,8010142,8010345,8010391,8010274,8010007,8010242,8010101,;602
2021-12-25T16:48:00.000Z;Mellrichstadt Bf;RB;RB 40;40;80755;8003959;8003959%2021-12-25T16:48:00.000Z%,8000730,8001290,8004169,8005199,8001620,8004865,8000032,8005479,8005481,;426
2021-12-25T17:07:00.000Z;Mellrichstadt Bf;RB;RB 40;40;80752;8003959;8003959%2021-12-25T17:07:00.000Z%,8012750,8011183,8013329,8012770,8010230,;426
2021-12-25T17:49:00.000Z;Mellrichstadt Bf;RE;RE 7;7;3765;8003959;8003959%2021-12-25T17:49:00.000Z%,8000730,8004169,8001620,8000032,8000260,;602
2021-12-25T18:06:00.000Z;Mellrichstadt Bf;RE;RE 7;7;3762;8003959;8003959%2021-12-25T18:06:00.000Z%,8010142,8010345,8010391,8010274,8010007,8010242,8010101,;602
2021-12-25T18:48:00.000Z;Mellrichstadt Bf;RB;RB 40;40;80759;8003959;8003959%2021-12-25T18:48:00.000Z%,8000730,8001290,8004169,8005199,8001620,8004865,8000032,8005479,8005481,;426
2021-12-25T19:07:00.000Z;Mellrichstadt Bf;RB;RB 40;40;80756;8003959;8003959%2021-12-25T19:07:00.000Z%,8012750,8011183,8013329,8012770,8010230,;426
2021-12-25T19:49:00.000Z;Mellrichstadt Bf;RE;RE 7;7;3767;8003959;8003959%2021-12-25T19:49:00.000Z%,8000730,8004169,8001620,8000032,8000260,;602
2021-12-25T20:06:00.000Z;Mellrichstadt Bf;RE;RE 7;7;3764;8003959;8003959%2021-12-25T20:06:00.000Z%,8012750,8010142,8010345,8010391,8010137,8010274,8010007,8010242,8010101,;602
2021-12-24T20:33:00.000Z;Mering-St Afra;RE;RE 9;9;57068;8004008;8004008%2021-12-24T20:34:00.000Z%1,8003299,8000661,8000658,8000013,8000662,8004318,8006378,8001439,8002263,8003483,8001468,8002074,8003123,8001276,8004030,8004654,8000139,8003627,8004239,8006730,8000170,;602
2021-12-24T20:33:00.000Z;Mering-St Afra;RE;RE 87;87;57168;8004008;8004008%2021-12-24T20:34:00.000Z%1,8003299,8000661,8000658,8000013,8000662,8002256,8002162,8003560,8002761,8003952,8006363,8004451,8003989,8000778,8000078,8004731,8000122,;602
2021-12-24T20:53:00.000Z;Mering-St Afra;RE;RE 8;8;57101;8004008;8004008%2021-12-24T20:56:00.000Z%3,8003982,8000545,8002623,8004204,8004158,8000261,;602
2021-12-24T20:53:00.000Z;Mering-St Afra;RE;RE 9;9;57167;8004008;8004008%2021-12-24T20:56:00.000Z%3,8003982,8000545,8002623,8004204,8004158,8000261,;602
2021-12-24T21:33:00.000Z;Mering-St Afra;RE;RE 9;9;57070;8004008;8004008%2021-12-24T21:33:00.000Z%,8003299,8000661,8000658,8000013,8000662,8004318,8006378,8001439,8002263,8003483,8001468,8002074,8003123,8001276,8004030,8004654,8000139,8003627,8004239,8006730,8000170,;602
2021-12-24T21:33:00.000Z;Mering-St Afra;RE;RE 87;87;57170;8004008;8004008%2021-12-24T21:33:00.000Z%,8003299,8000661,8000658,8000013,8000662,8002256,8002162,8003560,8002761,8003952,8006363,8004451,8003989,8000778,8000078,;602
2021-12-24T21:53:00.000Z;Mering-St Afra;RE;RE 9;9;57069;8004008;8004008%2021-12-24T21:54:00.000Z%1,8003982,8004158,8000261,;602
2021-12-24T21:53:00.000Z;Mering-St Afra;RE;RE 87;87;57257;8004008;8004008%2021-12-24T21:54:00.000Z%1,8003982,8004158,8000261,;602
2021-12-24T22:33:00.000Z;Mering-St Afra;RE;RE 9;9;57072;8004008;8004008%2021-12-24T22:33:00.000Z%,8003299,8000661,8000658,8000013,8000662,8004318,8006378,8001439,8002263,8003483,8001468,8002074,8003123,8001276,8004030,8004654,8000139,8003627,8004239,8006730,8000170,;602
2021-12-24T22:33:00.000Z;Mering-St Afra;RE;RE 87;87;57172;8004008;8004008%2021-12-24T22:33:00.000Z%,8003299,8000661,8000658,8000013,8000662,8002256,8002162,8003560,8002761,8003952,8006363,8004451,8003989,8000778,8000078,;602
2021-12-24T22:55:00.000Z;Mering-St Afra;RE;RE 9;9;57071;8004008;8004008%2021-12-24T22:55:00.000Z%,8003982,8000545,8002623,8004204,8004158,8000261,;602
2021-12-24T22:55:00.000Z;Mering-St Afra;RE;RE 8;8;57293;8004008;8004008%2021-12-24T22:55:00.000Z%,8003982,8000545,8002623,8004204,8004158,8000261,;602
2021-12-24T23:42:00.000Z;Mering-St Afra;RE;RE 9;9;57000;8004008;8004008%2021-12-24T23:42:00.000Z%,8003299,8000661,8000658,8000013,8000662,8004318,8006378,8001439,8002263,8003483,8001468,8002074,8003123,8001276,8004030,8004654,8000139,8003627,8004239,8006730,8000170,;602
2021-12-24T23:42:00.000Z;Mering-St Afra;RE;RE 87;87;57100;8004008;8004008%2021-12-24T23:42:00.000Z%,8003299,8000661,8000658,8000013,8000662,8002256,8002162,8003560,8002761,8003952,8006363,8004451,8003989,8000778,8000078,;602
2021-12-25T00:14:00.000Z;Mering-St Afra;RB;RB 87;87;57073;8004008;8004008%2021-12-25T00:14:00.000Z%,8003982,8000545,8002623,8004204,8004158,8000261,;426
2021-12-25T01:32:00.000Z;Mering-St Afra;RB;RB 87;87;57074;8004008;8004008%2021-12-25T01:32:00.000Z%,8003299,8000661,8000658,8000013,;426
2021-12-25T04:53:00.000Z;Mering-St Afra;RB;RB 87;87;57005;8004008;8004008%2021-12-25T04:53:00.000Z%,8003982,8004158,8000261,;426
2021-12-25T05:04:00.000Z;Mering-St Afra;RE;RE 9;9;57076;8004008;8004008%2021-12-25T05:04:00.000Z%,8003299,8000661,8000658,8000013,8000662,8004318,8006378,8001439,8002263,8003483,8001468,8002074,8003123,8001276,8004030,8004654,8000139,8003627,8004239,8006730,8000170,;602
2021-12-25T05:04:00.000Z;Mering-St Afra;RE;RE 8;8;57106;8004008;8004008%2021-12-25T05:04:00.000Z%,8003299,8000661,8000658,8000013,8000662,8003952,8004451,8003989,8000078,8004731,8000122,;602
2021-12-25T05:18:00.000Z;Mering-St Afra;RB;RB 87;87;57075;8004008;8004008%2021-12-25T05:18:00.000Z%,8003982,8000545,8002623,8004204,8004158,8000261,;426
2021-12-25T05:53:00.000Z;Mering-St Afra;RE;RE 9;9;57009;8004008;8004008%2021-12-25T05:53:00.000Z%,8003982,8004158,8000261,;602
2021-12-25T06:05:00.000Z;Mering-St Afra;RE;RE 9;9;57010;8004008;8004008%2021-12-25T06:05:00.000Z%,8003299,8000661,8000658,8000013,8000662,8004318,8006378,8001439,8002263,8003483,8001468,8002074,8003123,8001276,8004030,8004654,8000139,8003627,8004239,8006730,8000170,;602
2021-12-25T06:18:00.000Z;Mering-St Afra;RB;RB 87;87;57011;8004008;8004008%2021-12-25T06:18:00.000Z%,8003982,8000545,8002623,8004204,8004158,8000261,;426
2021-12-25T06:34:00.000Z;Mering-St Afra;RB;RB 87;87;57078;8004008;8004008%2021-12-25T06:34:00.000Z%,8003299,8000661,8000658,8000013,8000662,8002256,8002162,8003560,8002761,8003952,8006363,8004451,8003989,8000778,8000078,;426
2021-12-25T06:53:00.000Z;Mering-St Afra;RE;RE 8;8;57013;8004008;8004008%2021-12-25T06:53:00.000Z%,8003982,8004158,8000261,;602
2021-12-25T06:53:00.000Z;Mering-St Afra;RE;RE 9;9;57113;8004008;8004008%2021-12-25T06:53:00.000Z%,8003982,8004158,8000261,;602
2021-12-25T07:04:00.000Z;Mering-St Afra;RE;RE 9;9;57014;8004008;8004008%2021-12-25T07:04:00.000Z%,8003299,8000661,8000658,8000013,8000662,8004318,8006378,8001439,8002263,8003483,8001468,8002074,8003123,8001276,8004030,8004654,8000139,8003627,8004239,8006730,8000170,;602
2021-12-25T07:04:00.000Z;Mering-St Afra;RE;RE 8;8;57118;8004008;8004008%2021-12-25T07:04:00.000Z%,8003299,8000661,8000658,8000013,8000662,8003952,8004451,8003989,8000078,8004731,8000122,;602
2021-12-25T07:20:00.000Z;Mering-St Afra;RB;RB 87;87;57181;8004008;8004008%2021-12-25T07:20:00.000Z%,8003982,8004158,8000261,;426
2021-12-25T07:32:00.000Z;Mering-St Afra;RB;RB 87;87;57080;8004008;8004008%2021-12-25T07:32:00.000Z%,8003299,8000661,8000658,8000013,8000662,8002256,8002162,8003560,8002761,8003952,8006363,8004451,8003989,8000778,8000078,;426
2021-12-25T07:53:00.000Z;Mering-St Afra;RE;RE 9;9;57017;8004008;8004008%2021-12-25T07:53:00.000Z%,8003982,8004158,8000261,;602
2021-12-25T08:03:00.000Z;Mering-St Afra;RE;RE 9;9;57018;8004008;8004008%2021-12-25T08:03:00.000Z%,8003299,8000661,8000658,8000013,8000662,8004318,8006378,8001439,8002263,8003483,8001468,8002074,8003123,8001276,8004030,8004654,8000139,8003627,8004239,8006730,8000170,;602
2021-12-25T08:19:00.000Z;Mering-St Afra;RB;RB 87;87;57179;8004008;8004008%2021-12-25T08:19:00.000Z%,8003982,8000545,8002623,8004204,8004158,8000261,;426
2021-12-25T08:33:00.000Z;Mering-St Afra;RB;RB 87;87;57082;8004008;8004008%2021-12-25T08:33:00.000Z%,8003299,8000661,8000658,8000013,8000662,8002256,8002162,8003560,8002761,8003952,8006363,8004451,8003989,8000778,8000078,;426
2021-12-25T08:53:00.000Z;Mering-St Afra;RE;RE 9;9;57121;8004008;8004008%2021-12-25T08:53:00.000Z%,8003982,8004158,8000261,;602
2021-12-25T08:53:00.000Z;Mering-St Afra;RE;RE 8;8;57021;8004008;8004008%2021-12-25T08:53:00.000Z%,8003982,8004158,8000261,;602
2021-12-25T09:05:00.000Z;Mering-St Afra;RE;RE 9;9;57022;8004008;8004008%2021-12-25T09:05:00.000Z%,8003299,8000661,8000658,8000013,8000662,8004318,8006378,8001439,8002263,8003483,8001468,8002074,8003123,8001276,8004030,8004654,8000139,8003627,8004239,8006730,8000170,;602
2021-12-25T09:05:00.000Z;Mering-St Afra;RE;RE 8;8;57122;8004008;8004008%2021-12-25T09:05:00.000Z%,8003299,8000661,8000658,8000013,8000662,8003952,8004451,8003989,8000078,8004731,8000122,;602
2021-12-25T09:17:00.000Z;Mering-St Afra;RB;RB 87;87;57183;8004008;8004008%2021-12-25T09:17:00.000Z%,8003982,8004158,8000261,;426
2021-12-25T09:33:00.000Z;Mering-St Afra;RB;RB 87;87;57084;8004008;8004008%2021-12-25T09:33:00.000Z%,8003299,8000661,8000658,8000013,8000662,8002256,8002162,8003560,8002761,8003952,8006363,8004451,8003989,8000778,8000078,;426
2021-12-25T09:53:00.000Z;Mering-St Afra;RE;RE 9;9;57025;8004008;8004008%2021-12-25T09:53:00.000Z%,8003982,8004158,8000261,;602
2021-12-25T10:04:00.000Z;Mering-St Afra;RE;RE 9;9;57026;8004008;8004008%2021-12-25T10:04:00.000Z%,8003299,8000661,8000658,8000013,8000662,8004318,8006378,8001439,8002263,8003483,8001468,8002074,8003123,8001276,8004030,8004654,8000139,8003627,8004239,8006730,8000170,;602
2021-12-25T10:19:00.000Z;Mering-St Afra;RB;RB 87;87;57027;8004008;8004008%2021-12-25T10:19:00.000Z%,8003982,8000545,8002623,8004204,8004158,8000261,;426
2021-12-25T10:34:00.000Z;Mering-St Afra;RB;RB 87;87;57086;8004008;8004008%2021-12-25T10:34:00.000Z%,8003299,8000661,8000658,8000013,8000662,8002256,8002162,8003560,8002761,8003952,8006363,8004451,8003989,8000778,8000078,;426
2021-12-25T10:53:00.000Z;Mering-St Afra;RE;RE 8;8;57081;8004008;8004008%2021-12-25T10:53:00.000Z%,8003982,8004158,8000261,;602
2021-12-25T10:53:00.000Z;Mering-St Afra;RE;RE 9;9;57129;8004008;8004008%2021-12-25T10:53:00.000Z%,8003982,8004158,8000261,;602
2021-12-25T11:04:00.000Z;Mering-St Afra;RE;RE 9;9;57030;8004008;8004008%2021-12-25T11:04:00.000Z%,8003299,8000661,8000658,8000013,8000662,8004318,8006378,8001439,8002263,8003483,8001468,8002074,8003123,8001276,8004030,8004654,8000139,8003627,8004239,8006730,8000170,;602
2021-12-25T11:04:00.000Z;Mering-St Afra;RE;RE 8;8;57130;8004008;8004008%2021-12-25T11:04:00.000Z%,8003299,8000661,8000658,8000013,8000662,8003952,8004451,8003989,8000078,8004731,8000122,;602
2021-12-25T11:19:00.000Z;Mering-St Afra;RB;RB 87;87;57031;8004008;8004008%2021-12-25T11:19:00.000Z%,8003982,8004158,8000261,;426
2021-12-25T11:32:00.000Z;Mering-St Afra;RB;RB 87;87;57088;8004008;8004008%2021-12-25T11:32:00.000Z%,8003299,8000661,8000658,8000013,8000662,8002256,8002162,8003560,8002761,8003952,8006363,8004451,8003989,8000778,8000078,;426
2021-12-25T11:53:00.000Z;Mering-St Afra;RE;RE 9;9;57033;8004008;8004008%2021-12-25T11:53:00.000Z%,8003982,8004158,8000261,;602
2021-12-25T12:04:00.000Z;Mering-St Afra;RE;RE 9;9;57034;8004008;8004008%2021-12-25T12:04:00.000Z%,8003299,8000661,8000658,8000013,8000662,8004318,8006378,8001439,8002263,8003483,8001468,8002074,8003123,8001276,8004030,8004654,8000139,8003627,8004239,8006730,8000170,;602
2021-12-25T12:19:00.000Z;Mering-St Afra;RB;RB 87;87;57185;8004008;8004008%2021-12-25T12:19:00.000Z%,8003982,8000545,8002623,8004204,8004158,8000261,;426
2021-12-25T12:33:00.000Z;Mering-St Afra;RB;RB 87;87;57176;8004008;8004008%2021-12-25T12:33:00.000Z%,8003299,8000661,8000658,8000013,8000662,8002256,8002162,8003560,8002761,8003952,8006363,8004451,8003989,8000778,8000078,;426
2021-12-25T12:53:00.000Z;Mering-St Afra;RE;RE 8;8;57083;8004008;8004008%2021-12-25T12:53:00.000Z%,8003982,8004158,8000261,;602
2021-12-25T12:53:00.000Z;Mering-St Afra;RE;RE 9;9;57137;8004008;8004008%2021-12-25T12:53:00.000Z%,8003982,8004158,8000261,;602
2021-12-25T13:04:00.000Z;Mering-St Afra;RE;RE 9;9;57104;8004008;8004008%2021-12-25T13:04:00.000Z%,8003299,8000661,8000658,8000013,8000662,8004318,8006378,8001439,8002263,8003483,8001468,8002074,8003123,8001276,8004030,8004654,8000139,8003627,8004239,8006730,8000170,;602
2021-12-25T13:04:00.000Z;Mering-St Afra;RE;RE 8;8;57138;8004008;8004008%2021-12-25T13:04:00.000Z%,8003299,8000661,8000658,8000013,8000662,8003952,8004451,8003989,8000078,8004731,8000122,;602
2021-12-25T13:19:00.000Z;Mering-St Afra;RB;RB 87;87;57039;8004008;8004008%2021-12-25T13:19:00.000Z%,8003982,8004158,8000261,;426
2021-12-25T13:33:00.000Z;Mering-St Afra;RB;RB 87;87;57178;8004008;8004008%2021-12-25T13:33:00.000Z%,8003299,8000661,8000658,8000013,8000662,8002256,8002162,8003560,8002761,8003952,8006363,8004451,8003989,8000778,8000078,;426
2021-12-25T13:53:00.000Z;Mering-St Afra;RE;RE 9;9;57041;8004008;8004008%2021-12-25T13:53:00.000Z%,8003982,8004158,8000261,;602
2021-12-25T14:04:00.000Z;Mering-St Afra;RE;RE 9;9;57042;8004008;8004008%2021-12-25T14:04:00.000Z%,8003299,8000661,8000658,8000013,8000662,8004318,8006378,8001439,8002263,8003483,8001468,8002074,8003123,8001276,8004030,8004654,8000139,8003627,8004239,8006730,8000170,;602
2021-12-25T14:19:00.000Z;Mering-St Afra;RB;RB 87;87;57043;8004008;8004008%2021-12-25T14:19:00.000Z%,8003982,8000545,8002623,8004204,8004158,8000261,;426
2021-12-25T14:34:00.000Z;Mering-St Afra;RB;RB 87;87;57180;8004008;8004008%2021-12-25T14:34:00.000Z%,8003299,8000661,8000658,8000013,8000662,8002256,8002162,8003560,8002761,8003952,8006363,8004451,8003989,8000778,8000078,;426
2021-12-25T14:53:00.000Z;Mering-St Afra;RE;RE 8;8;57045;8004008;8004008%2021-12-25T14:53:00.000Z%,8003982,8004158,8000261,;602
2021-12-25T14:53:00.000Z;Mering-St Afra;RE;RE 9;9;57145;8004008;8004008%2021-12-25T14:53:00.000Z%,8003982,8004158,8000261,;602
2021-12-25T15:04:00.000Z;Mering-St Afra;RE;RE 9;9;57046;8004008;8004008%2021-12-25T15:04:00.000Z%,8003299,8000661,8000658,8000013,8000662,8004318,8006378,8001439,8002263,8003483,8001468,8002074,8003123,8001276,8004030,8004654,8000139,8003627,8004239,8006730,8000170,;602
2021-12-25T15:04:00.000Z;Mering-St Afra;RE;RE 8;8;57146;8004008;8004008%2021-12-25T15:04:00.000Z%,8003299,8000661,8000658,8000013,8000662,8003952,8004451,8003989,8000078,8004731,8000122,;602
2021-12-25T15:20:00.000Z;Mering-St Afra;RB;RB 87;87;57047;8004008;8004008%2021-12-25T15:20:00.000Z%,8003982,8004158,8000261,;426
2021-12-25T15:32:00.000Z;Mering-St Afra;RB;RB 87;87;57182;8004008;8004008%2021-12-25T15:32:00.000Z%,8003299,8000661,8000658,8000013,8000662,8002256,8002162,8003560,8002761,8003952,8006363,8004451,8003989,8000778,8000078,;426
2021-12-25T15:53:00.000Z;Mering-St Afra;RE;RE 9;9;57049;8004008;8004008%2021-12-25T15:53:00.000Z%,8003982,8004158,8000261,;602
2021-12-25T16:04:00.000Z;Mering-St Afra;RE;RE 9;9;57050;8004008;8004008%2021-12-25T16:04:00.000Z%,8003299,8000661,8000658,8000013,8000662,8004318,8006378,8001439,8002263,8003483,8001468,8002074,8003123,8001276,8004030,8004654,8000139,8003627,8004239,8006730,8000170,;602
2021-12-25T16:19:00.000Z;Mering-St Afra;RB;RB 87;87;57079;8004008;8004008%2021-12-25T16:19:00.000Z%,8003982,8000545,8002623,8004204,8004158,8000261,;426
2021-12-25T16:33:00.000Z;Mering-St Afra;RB;RB 87;87;57184;8004008;8004008%2021-12-25T16:33:00.000Z%,8003299,8000661,8000658,8000013,8000662,8002256,8002162,8003560,8002761,8003952,8006363,8004451,8003989,8000778,8000078,;426
2021-12-25T16:53:00.000Z;Mering-St Afra;RE;RE 8;8;57085;8004008;8004008%2021-12-25T16:53:00.000Z%,8003982,8004158,8000261,;602
2021-12-25T16:53:00.000Z;Mering-St Afra;RE;RE 9;9;57153;8004008;8004008%2021-12-25T16:53:00.000Z%,8003982,8004158,8000261,;602
2021-12-25T17:04:00.000Z;Mering-St Afra;RE;RE 9;9;57054;8004008;8004008%2021-12-25T17:04:00.000Z%,8003299,8000661,8000658,8000013,8000662,8004318,8006378,8001439,8002263,8003483,8001468,8002074,8003123,8001276,8004030,8004654,8000139,8003627,8004239,8006730,8000170,;602
2021-12-25T17:04:00.000Z;Mering-St Afra;RE;RE 8;8;57154;8004008;8004008%2021-12-25T17:04:00.000Z%,8003299,8000661,8000658,8000013,8000662,8003952,8004451,8003989,8000078,8004731,8000122,;602
2021-12-25T17:19:00.000Z;Mering-St Afra;RB;RB 87;87;57055;8004008;8004008%2021-12-25T17:19:00.000Z%,8003982,8004158,8000261,;426
2021-12-25T17:35:00.000Z;Mering-St Afra;RB;RB 87;87;57186;8004008;8004008%2021-12-25T17:35:00.000Z%,8003299,8000661,8000658,8000013,8000662,8002256,8002162,8003560,8002761,8003952,8006363,8004451,8003989,8000778,8000078,;426
2021-12-25T17:53:00.000Z;Mering-St Afra;RE;RE 9;9;57057;8004008;8004008%2021-12-25T17:53:00.000Z%,8003982,8004158,8000261,;602
2021-12-25T18:04:00.000Z;Mering-St Afra;RE;RE 9;9;57058;8004008;8004008%2021-12-25T18:04:00.000Z%,8003299,8000661,8000658,8000013,8000662,8004318,8006378,8001439,8002263,8003483,8001468,8002074,8003123,8001276,8004030,8004654,8000139,8003627,8004239,8006730,8000170,;602
2021-12-25T18:19:00.000Z;Mering-St Afra;RB;RB 87;87;57059;8004008;8004008%2021-12-25T18:19:00.000Z%,8003982,8000545,8002623,8004204,8004158,8000261,;426
2021-12-25T18:35:00.000Z;Mering-St Afra;RB;RB 87;87;57188;8004008;8004008%2021-12-25T18:35:00.000Z%,8003299,8000661,8000658,8000013,8000662,8002256,8002162,8003560,8002761,8003952,8006363,8004451,8003989,8000778,8000078,;426
2021-12-25T18:53:00.000Z;Mering-St Afra;RE;RE 8;8;57087;8004008;8004008%2021-12-25T18:53:00.000Z%,8003982,8004158,8000261,;602
2021-12-25T18:53:00.000Z;Mering-St Afra;RE;RE 9;9;57161;8004008;8004008%2021-12-25T18:53:00.000Z%,8003982,8004158,8000261,;602
2021-12-25T19:04:00.000Z;Mering-St Afra;RE;RE 9;9;57062;8004008;8004008%2021-12-25T19:04:00.000Z%,8003299,8000661,8000658,8000013,8000662,8004318,8006378,8001439,8002263,8003483,8001468,8002074,8003123,8001276,8004030,8004654,8000139,8003627,8004239,8006730,8000170,;602
2021-12-25T19:04:00.000Z;Mering-St Afra;RE;RE 8;8;57162;8004008;8004008%2021-12-25T19:04:00.000Z%,8003299,8000661,8000658,8000013,8000662,8003952,8004451,8003989,8000078,8004731,8000122,;602
2021-12-25T19:19:00.000Z;Mering-St Afra;RB;RB 87;87;57063;8004008;8004008%2021-12-25T19:19:00.000Z%,8003982,8004158,8000261,;426
2021-12-25T19:32:00.000Z;Mering-St Afra;RB;RB 87;87;57190;8004008;8004008%2021-12-25T19:32:00.000Z%,8003299,8000661,8000658,8000013,8000662,8002256,8002162,8003560,8002761,8003952,8006363,8004451,8003989,8000778,8000078,;426
2021-12-25T19:53:00.000Z;Mering-St Afra;RE;RE 9;9;57065;8004008;8004008%2021-12-25T19:53:00.000Z%,8003982,8000545,8002623,8004204,8004158,8000261,;602
2021-12-25T20:07:00.000Z;Mering-St Afra;RE;RE 9;9;57066;8004008;8004008%2021-12-25T20:07:00.000Z%,8003299,8000661,8000658,8000013,8000662,8004318,8006378,8001439,8002263,8003483,8001468,8002074,8003123,8001276,8004030,8004654,8000139,8003627,8004239,8006730,8000170,;602
2021-12-24T20:54:00.000Z;Mühlheim(b Tuttlingen);RE;RE 55;55;3235;8004111;8004111%2021-12-24T20:55:00.000Z%1,8002096,8000933,8000069,8003969,8000160,8005087,8004182,8001684,8000499,8005333,8001013,8002789,8001015,8000170,;602
2021-12-24T21:07:00.000Z;Mühlheim(b Tuttlingen);RE;RE 55;55;22862;8004111;8004111%2021-12-24T21:08:00.000Z%1,8000163,8000182,8002214,8000077,8001485,8001482,8001483,8003336,8003339,8003854,8000366,;602
2021-12-25T06:53:00.000Z;Mühlheim(b Tuttlingen);RE;RE 55;55;3209;8004111;8004111%2021-12-25T06:53:00.000Z%,8002096,8000933,8000069,8005568,8003969,8000160,8005087,8004182,8001684,8005333,8001013,8000170,;602
2021-12-25T07:04:00.000Z;Mühlheim(b Tuttlingen);RE;RE 55;55;3240;8004111;8004111%2021-12-25T07:04:00.000Z%,8000163,8000182,8002214,8000077,;602
2021-12-25T07:51:00.000Z;Mühlheim(b Tuttlingen);RE;RE 55;55;3211;8004111;8004111%2021-12-25T07:51:00.000Z%,8002096,8000933,8002656,8000069,8003969,8000160,8005087,8004182,8001684,8005333,8001013,8000170,;602
2021-12-25T08:51:00.000Z;Mühlheim(b Tuttlingen);RE;RE 55;55;3213;8004111;8004111%2021-12-25T08:51:00.000Z%,8002096,8000933,8002656,8000069,8005568,8003969,8000160,8005087,8004968,8004182,8001684,8005333,8001013,8000170,;602
2021-12-25T09:05:00.000Z;Mühlheim(b Tuttlingen);RE;RE 55;55;3246;8004111;8004111%2021-12-25T09:05:00.000Z%,8000163,8000182,8002214,8000077,;602
2021-12-25T10:51:00.000Z;Mühlheim(b Tuttlingen);RE;RE 55;55;3247;8004111;8004111%2021-12-25T10:51:00.000Z%,8002096,8000933,8000069,8003969,8000160,8005087,8004182,8001684,8005333,8001013,8000170,;602
2021-12-25T11:05:00.000Z;Mühlheim(b Tuttlingen);RE;RE 55;55;3210;8004111;8004111%2021-12-25T11:05:00.000Z%,8000163,8000182,8002214,8000077,;602
2021-12-25T12:51:00.000Z;Mühlheim(b Tuttlingen);RE;RE 55;55;3221;8004111;8004111%2021-12-25T12:51:00.000Z%,8002096,8000933,8002656,8000069,8005568,8003969,8000160,8005087,8004968,8004182,8001684,8005333,8001013,8000170,;602
2021-12-25T13:05:00.000Z;Mühlheim(b Tuttlingen);RE;RE 55;55;3214;8004111;8004111%2021-12-25T13:05:00.000Z%,8000163,8000182,8002214,8000077,;602
2021-12-25T14:51:00.000Z;Mühlheim(b Tuttlingen);RE;RE 55;55;3225;8004111;8004111%2021-12-25T14:51:00.000Z%,8002096,8000933,8000069,8005568,8003969,8000160,8005087,8004182,8001684,8005333,8001013,8000170,;602
2021-12-25T15:05:00.000Z;Mühlheim(b Tuttlingen);RE;RE 55;55;3248;8004111;8004111%2021-12-25T15:05:00.000Z%,8000163,8000182,8002214,8000077,;602
2021-12-25T16:51:00.000Z;Mühlheim(b Tuttlingen);RE;RE 55;55;3241;8004111;8004111%2021-12-25T16:51:00.000Z%,8002096,8000933,8000069,8003969,8000160,8005087,8004968,8004182,8001684,8005333,8001013,8000170,;602
2021-12-25T17:05:00.000Z;Mühlheim(b Tuttlingen);RE;RE 55;55;3222;8004111;8004111%2021-12-25T17:05:00.000Z%,8000163,8000182,8002214,8000077,;602
2021-12-25T18:51:00.000Z;Mühlheim(b Tuttlingen);RE;RE 55;55;3233;8004111;8004111%2021-12-25T18:51:00.000Z%,8002096,8000933,8002656,8000069,8005568,8003969,8000160,8005087,8004182,8001684,8005333,8001013,8000170,;602
2021-12-25T19:05:00.000Z;Mühlheim(b Tuttlingen);RE;RE 55;55;3226;8004111;8004111%2021-12-25T19:05:00.000Z%,8000163,8000182,8002214,8000077,8000366,;602
2021-12-24T21:00:00.000Z;Münster(Hessen);RB;RB 61;61;15489;8004171;8004171%2021-12-24T21:00:00.000Z%0,8000362,;426
2021-12-24T21:16:00.000Z;Münster(Hessen);RB;RB 61;61;15696;8004171;8004171%2021-12-24T21:16:00.000Z%,8001814,8000285,8006031,8004653,8002315,8001554,8079151,8005636,8001236,8004246,8000105,;426
2021-12-24T22:00:00.000Z;Münster(Hessen);RB;RB 61;61;15697;8004171;8004171%2021-12-24T22:00:00.000Z%,8000362,;426
2021-12-24T22:16:00.000Z;Münster(Hessen);RB;RB 61;61;15698;8004171;8004171%2021-12-24T22:16:00.000Z%,8001814,8000285,8006031,8004653,8002315,8001554,8079151,8005636,8001236,8004246,8000105,;426
2021-12-24T23:00:00.000Z;Münster(Hessen);RB;RB 61;61;15699;8004171;8004171%2021-12-24T23:00:00.000Z%,8000362,;426
2021-12-24T23:16:00.000Z;Münster(Hessen);RB;RB 61;61;15460;8004171;8004171%2021-12-24T23:16:00.000Z%,8001814,8000285,8006031,8004653,8002315,8001554,8079151,8005636,8001236,8004246,8000105,;426
2021-12-25T00:00:00.000Z;Münster(Hessen);RB;RB 61;61;15491;8004171;8004171%2021-12-25T00:00:00.000Z%,8000362,;426
2021-12-25T01:00:00.000Z;Münster(Hessen);RB;RB 61;61;15493;8004171;8004171%2021-12-25T01:00:00.000Z%,8000362,;426
2021-12-25T04:16:00.000Z;Münster(Hessen);RB;RB 61;61;15604;8004171;8004171%2021-12-25T04:16:00.000Z%,8001814,8000285,8006031,8004653,8002315,8001554,8079151,8005636,8001236,8004246,8000105,;426
2021-12-25T05:16:00.000Z;Münster(Hessen);RB;RB 61;61;15608;8004171;8004171%2021-12-25T05:16:00.000Z%,8001814,8000285,8006031,8004653,8002315,8001554,8079151,8005636,8001236,8004246,8000105,;426
2021-12-25T06:00:00.000Z;Münster(Hessen);RB;RB 61;61;15599;8004171;8004171%2021-12-25T06:00:00.000Z%,8000362,;426
2021-12-25T06:16:00.000Z;Münster(Hessen);RB;RB 61;61;15620;8004171;8004171%2021-12-25T06:16:00.000Z%,8001814,8000285,8006031,8004653,8002315,8001554,8079151,8005636,8001236,8004246,8000105,;426
2021-12-25T07:00:00.000Z;Münster(Hessen);RB;RB 61;61;15461;8004171;8004171%2021-12-25T07:00:00.000Z%,8000362,;426
2021-12-25T07:16:00.000Z;Münster(Hessen);RB;RB 61;61;15624;8004171;8004171%2021-12-25T07:16:00.000Z%,8001814,8000285,8006031,8004653,8002315,8001554,8079151,8005636,8001236,8004246,8000105,;426
2021-12-25T08:00:00.000Z;Münster(Hessen);RB;RB 61;61;15463;8004171;8004171%2021-12-25T08:00:00.000Z%,8000362,;426
2021-12-25T08:16:00.000Z;Münster(Hessen);RB;RB 61;61;15628;8004171;8004171%2021-12-25T08:16:00.000Z%,8001814,8000285,8006031,8004653,8002315,8001554,8079151,8005636,8001236,8004246,8000105,;426
2021-12-25T09:00:00.000Z;Münster(Hessen);RB;RB 61;61;15465;8004171;8004171%2021-12-25T09:00:00.000Z%,8000362,;426
2021-12-25T09:16:00.000Z;Münster(Hessen);RB;RB 61;61;15632;8004171;8004171%2021-12-25T09:16:00.000Z%,8001814,8000285,8006031,8004653,8002315,8001554,8079151,8005636,8001236,8004246,8000105,;426
2021-12-25T10:00:00.000Z;Münster(Hessen);RB;RB 61;61;15467;8004171;8004171%2021-12-25T10:00:00.000Z%,8000362,;426
2021-12-25T10:16:00.000Z;Münster(Hessen);RB;RB 61;61;15636;8004171;8004171%2021-12-25T10:16:00.000Z%,8001814,8000285,8006031,8004653,8002315,8001554,8079151,8005636,8001236,8004246,8000105,;426
2021-12-25T11:00:00.000Z;Münster(Hessen);RB;RB 61;61;15469;8004171;8004171%2021-12-25T11:00:00.000Z%,8000362,;426
2021-12-25T11:16:00.000Z;Münster(Hessen);RB;RB 61;61;15640;8004171;8004171%2021-12-25T11:16:00.000Z%,8001814,8000285,8006031,8004653,8002315,8001554,8079151,8005636,8001236,8004246,8000105,;426
2021-12-25T12:00:00.000Z;Münster(Hessen);RB;RB 61;61;15471;8004171;8004171%2021-12-25T12:00:00.000Z%,8000362,;426
2021-12-25T12:16:00.000Z;Münster(Hessen);RB;RB 61;61;15644;8004171;8004171%2021-12-25T12:16:00.000Z%,8001814,8000285,8006031,8004653,8002315,8001554,8079151,8005636,8001236,8004246,8000105,;426
2021-12-25T13:00:00.000Z;Münster(Hessen);RB;RB 61;61;15473;8004171;8004171%2021-12-25T13:00:00.000Z%,8000362,;426
2021-12-25T13:16:00.000Z;Münster(Hessen);RB;RB 61;61;15648;8004171;8004171%2021-12-25T13:16:00.000Z%,8001814,8000285,8006031,8004653,8002315,8001554,8079151,8005636,8001236,8004246,8000105,;426
2021-12-25T14:00:00.000Z;Münster(Hessen);RB;RB 61;61;15475;8004171;8004171%2021-12-25T14:00:00.000Z%,8000362,;426
2021-12-25T14:16:00.000Z;Münster(Hessen);RB;RB 61;61;15652;8004171;8004171%2021-12-25T14:16:00.000Z%,8001814,8000285,8006031,8004653,8002315,8001554,8079151,8005636,8001236,8004246,8000105,;426
2021-12-25T15:00:00.000Z;Münster(Hessen);RB;RB 61;61;15477;8004171;8004171%2021-12-25T15:00:00.000Z%,8000362,;426
2021-12-25T15:16:00.000Z;Münster(Hessen);RB;RB 61;61;15656;8004171;8004171%2021-12-25T15:16:00.000Z%,8001814,8000285,8006031,8004653,8002315,8001554,8079151,8005636,8001236,8004246,8000105,;426
2021-12-25T16:00:00.000Z;Münster(Hessen);RB;RB 61;61;15479;8004171;8004171%2021-12-25T16:00:00.000Z%,8000362,;426
2021-12-25T16:16:00.000Z;Münster(Hessen);RB;RB 61;61;15660;8004171;8004171%2021-12-25T16:16:00.000Z%,8001814,8000285,8006031,8004653,8002315,8001554,8079151,8005636,8001236,8004246,8000105,;426
2021-12-25T17:00:00.000Z;Münster(Hessen);RB;RB 61;61;15481;8004171;8004171%2021-12-25T17:00:00.000Z%,8000362,;426
2021-12-25T17:16:00.000Z;Münster(Hessen);RB;RB 61;61;15664;8004171;8004171%2021-12-25T17:16:00.000Z%,8001814,8000285,8006031,8004653,8002315,8001554,8079151,8005636,8001236,8004246,8000105,;426
2021-12-25T18:00:00.000Z;Münster(Hessen);RB;RB 61;61;15483;8004171;8004171%2021-12-25T18:00:00.000Z%,8000362,;426
2021-12-25T18:16:00.000Z;Münster(Hessen);RB;RB 61;61;15668;8004171;8004171%2021-12-25T18:16:00.000Z%,8001814,8000285,8006031,8004653,8002315,8001554,8079151,8005636,8001236,8004246,8000105,;426
2021-12-25T19:00:00.000Z;Münster(Hessen);RB;RB 61;61;15485;8004171;8004171%2021-12-25T19:00:00.000Z%,8000362,;426
2021-12-25T19:16:00.000Z;Münster(Hessen);RB;RB 61;61;15466;8004171;8004171%2021-12-25T19:16:00.000Z%,8001814,8000285,8006031,8004653,8002315,8001554,8079151,8005636,8001236,8004246,8000105,;426
2021-12-25T20:00:00.000Z;Münster(Hessen);RB;RB 61;61;15487;8004171;8004171%2021-12-25T20:00:00.000Z%,8000362,;426
2021-12-25T20:16:00.000Z;Münster(Hessen);RB;RB 61;61;15694;8004171;8004171%2021-12-25T20:16:00.000Z%,8001814,8000285,8006031,8004653,8002315,8001554,8079151,8005636,8001236,8004246,8000105,;426
2021-12-24T20:45:00.000Z;Neubrücke(Nahe);RB;RB 33;33;29639;8004253;8004253%2021-12-24T20:45:00.000Z%0,8002995,8004444,8003452,8003040,8001991,8003298,8003295,8002880,8003899,8004080,8005583,8005678,8004463,8000726,8000021,8000121,8003075,8000240,;426
2021-12-24T21:19:00.000Z;Neubrücke(Nahe);RE;RE 3;3;29534;8004253;8004253%2021-12-24T21:19:00.000Z%0,8000154,8005659,8000875,8000272,8000323,;602
2021-12-24T21:42:00.000Z;Neubrücke(Nahe);RE;RE 3;3;29535;8004253;8004253%2021-12-24T21:42:00.000Z%0,8003040,8003295,8005583,8005678,8000726,8000021,8000121,8004614,8000375,8003075,8002692,8005950,8001237,8000240,;602
2021-12-24T22:19:00.000Z;Neubrücke(Nahe);RE;RE 3;3;29536;8004253;8004253%2021-12-24T22:19:00.000Z%0,8000154,8005659,8000875,8000272,8000323,;602
2021-12-24T23:19:00.000Z;Neubrücke(Nahe);RE;RE 3;3;29538;8004253;8004253%2021-12-24T23:19:00.000Z%0,8000154,8005659,8000875,8000272,8000323,;602
2021-12-25T03:29:00.000Z;Neubrücke(Nahe);RE;RE 3;3;29501;8004253;8004253%2021-12-25T03:29:00.000Z%,8003040,8003295,8005583,8005678,8000726,8000021,8000121,8003075,8000240,8005220,8070004,8000105,;602
2021-12-25T04:29:00.000Z;Neubrücke(Nahe);RE;RE 3;3;29503;8004253;8004253%2021-12-25T04:29:00.000Z%,8003040,8003295,8005583,8005678,8000726,8000021,8000121,8003075,8000240,8005220,8070004,8000105,;602
2021-12-25T05:38:00.000Z;Neubrücke(Nahe);RE;RE 3;3;29545;8004253;8004253%2021-12-25T05:38:00.000Z%,8003040,8003295,8005583,8005678,8000726,8000021,8003075,8000240,;602
2021-12-25T06:39:00.000Z;Neubrücke(Nahe);RE;RE 3;3;29507;8004253;8004253%2021-12-25T06:39:00.000Z%,8003040,8003295,8005583,8005678,8000726,8000021,8003075,8000240,8003816,8000241,8005220,8070004,8002050,8000105,;602
2021-12-25T07:19:00.000Z;Neubrücke(Nahe);RE;RE 3;3;29506;8004253;8004253%2021-12-25T07:19:00.000Z%,8000154,8005659,8000875,8000272,8000323,;602
2021-12-25T07:38:00.000Z;Neubrücke(Nahe);RE;RE 3;3;29509;8004253;8004253%2021-12-25T07:38:00.000Z%,8003040,8003295,8005583,8005678,8000726,8000021,8003075,8000240,;602
2021-12-25T08:03:00.000Z;Neubrücke(Nahe);RB;RB 73;73;76716;8004253;8004253%2021-12-25T08:03:00.000Z%,8079083,8000154,8006170,8004199,8002929,8000792,8005659,8004555,8004392,8000875,8006392,8000272,8003516,8000967,8002132,8002117,8005797,8005796,8001570,8003108,8000323,;426
2021-12-25T08:19:00.000Z;Neubrücke(Nahe);RE;RE 3;3;29508;8004253;8004253%2021-12-25T08:19:00.000Z%,8000154,8005659,8000875,8000272,8000323,;602
2021-12-25T08:39:00.000Z;Neubrücke(Nahe);RE;RE 3;3;29511;8004253;8004253%2021-12-25T08:39:00.000Z%,8003040,8003295,8005583,8005678,8000726,8000021,8003075,8000240,8003816,8000241,8005220,8070004,8002050,8000105,;602
2021-12-25T09:03:00.000Z;Neubrücke(Nahe);RB;RB 73;73;76718;8004253;8004253%2021-12-25T09:03:00.000Z%,8079083,8000154,8006170,8004199,8002929,8000792,8005659,8004555,8004392,8000875,8006392,8000272,8003516,8000967,8002132,8002117,8005797,8005796,8001570,8003108,8000323,;426
2021-12-25T09:19:00.000Z;Neubrücke(Nahe);RE;RE 3;3;29510;8004253;8004253%2021-12-25T09:19:00.000Z%,8000154,8005659,8000875,8000272,8000323,;602
2021-12-25T09:38:00.000Z;Neubrücke(Nahe);RE;RE 3;3;29513;8004253;8004253%2021-12-25T09:38:00.000Z%,8003040,8003295,8005583,8005678,8000726,8000021,8003075,8000240,;602
2021-12-25T10:03:00.000Z;Neubrücke(Nahe);RB;RB 73;73;76720;8004253;8004253%2021-12-25T10:03:00.000Z%,8079083,8000154,8006170,8004199,8002929,8000792,8005659,8004555,8004392,8000875,8006392,8000272,8003516,8000967,8002132,8002117,8005797,8005796,8001570,8003108,8000323,;426
2021-12-25T10:20:00.000Z;Neubrücke(Nahe);RE;RE 3;3;29512;8004253;8004253%2021-12-25T10:20:00.000Z%,8000154,8005659,8000875,8000272,8000323,;602
2021-12-25T10:39:00.000Z;Neubrücke(Nahe);RE;RE 3;3;29515;8004253;8004253%2021-12-25T10:39:00.000Z%,8003040,8003295,8005583,8005678,8000726,8000021,8003075,8000240,8003816,8000241,8005220,8070004,8002050,8000105,;602
2021-12-25T11:03:00.000Z;Neubrücke(Nahe);RB;RB 73;73;76722;8004253;8004253%2021-12-25T11:03:00.000Z%,8079083,8000154,8006170,8004199,8002929,8000792,8005659,8004555,8004392,8000875,8006392,8000272,8003516,8000967,8002132,8002117,8005797,8005796,8001570,8003108,8000323,;426
2021-12-25T11:19:00.000Z;Neubrücke(Nahe);RE;RE 3;3;29514;8004253;8004253%2021-12-25T11:19:00.000Z%,8000154,8005659,8000875,8000272,8000323,;602
2021-12-25T11:38:00.000Z;Neubrücke(Nahe);RE;RE 3;3;29547;8004253;8004253%2021-12-25T11:38:00.000Z%,8003040,8003295,8005583,8005678,8000726,8000021,8003075,8000240,;602
2021-12-25T12:03:00.000Z;Neubrücke(Nahe);RB;RB 73;73;76724;8004253;8004253%2021-12-25T12:03:00.000Z%,8079083,8000154,8006170,8004199,8002929,8000792,8005659,8004555,8004392,8000875,8006392,8000272,8003516,8000967,8002132,8002117,8005797,8005796,8001570,8003108,8000323,;426
2021-12-25T12:19:00.000Z;Neubrücke(Nahe);RE;RE 3;3;29516;8004253;8004253%2021-12-25T12:19:00.000Z%,8000154,8005659,8000875,8000272,8000323,;602
2021-12-25T12:39:00.000Z;Neubrücke(Nahe);RE;RE 3;3;29519;8004253;8004253%2021-12-25T12:39:00.000Z%,8003040,8003295,8005583,8005678,8000726,8000021,8003075,8000240,8003816,8000241,8005220,8070004,8002050,8000105,;602
2021-12-25T13:03:00.000Z;Neubrücke(Nahe);RB;RB 73;73;76726;8004253;8004253%2021-12-25T13:03:00.000Z%,8079083,8000154,8006170,8004199,8002929,8000792,8005659,8004555,8004392,8000875,8006392,8000272,8003516,8000967,8002132,8002117,8005797,8005796,8001570,8003108,8000323,;426
2021-12-25T13:19:00.000Z;Neubrücke(Nahe);RE;RE 3;3;29518;8004253;8004253%2021-12-25T13:19:00.000Z%,8000154,8005659,8000875,8000272,8000323,;602
2021-12-25T13:38:00.000Z;Neubrücke(Nahe);RE;RE 3;3;29521;8004253;8004253%2021-12-25T13:38:00.000Z%,8003040,8003295,8005583,8005678,8000726,8000021,8003075,8000240,;602
2021-12-25T14:03:00.000Z;Neubrücke(Nahe);RB;RB 73;73;76728;8004253;8004253%2021-12-25T14:03:00.000Z%,8079083,8000154,8006170,8004199,8002929,8000792,8005659,8004555,8004392,8000875,8006392,8000272,8003516,8000967,8002132,8002117,8005797,8005796,8001570,8003108,8000323,;426
2021-12-25T14:19:00.000Z;Neubrücke(Nahe);RE;RE 3;3;29520;8004253;8004253%2021-12-25T14:19:00.000Z%,8000154,8005659,8000875,8000272,8000323,;602
2021-12-25T14:39:00.000Z;Neubrücke(Nahe);RE;RE 3;3;29523;8004253;8004253%2021-12-25T14:39:00.000Z%,8003040,8003295,8005583,8005678,8000726,8000021,8003075,8000240,8003816,8000241,8005220,8070004,8002050,8000105,;602
2021-12-25T15:03:00.000Z;Neubrücke(Nahe);RB;RB 73;73;76730;8004253;8004253%2021-12-25T15:03:00.000Z%,8079083,8000154,8006170,8004199,8002929,8000792,8005659,8004555,8004392,8000875,8006392,8000272,8003516,8000967,8002132,8002117,8005797,8005796,8001570,8003108,8000323,;426
2021-12-25T15:19:00.000Z;Neubrücke(Nahe);RE;RE 3;3;29522;8004253;8004253%2021-12-25T15:19:00.000Z%,8000154,8005659,8000875,8000272,8000323,;602
2021-12-25T15:39:00.000Z;Neubrücke(Nahe);RE;RE 3;3;29525;8004253;8004253%2021-12-25T15:39:00.000Z%,8003040,8003295,8005583,8005678,8000726,8000021,8003075,8000240,;602
2021-12-25T16:03:00.000Z;Neubrücke(Nahe);RB;RB 73;73;76732;8004253;8004253%2021-12-25T16:03:00.000Z%,8079083,8000154,8006170,8004199,8002929,8000792,8005659,8004555,8004392,8000875,8006392,8000272,8003516,8000967,8002132,8002117,8005797,8005796,8001570,8003108,8000323,;426
2021-12-25T16:19:00.000Z;Neubrücke(Nahe);RE;RE 3;3;29524;8004253;8004253%2021-12-25T16:19:00.000Z%,8000154,8005659,8000875,8000272,8000323,;602
2021-12-25T16:39:00.000Z;Neubrücke(Nahe);RE;RE 3;3;29527;8004253;8004253%2021-12-25T16:39:00.000Z%,8003040,8003295,8005583,8005678,8000726,8000021,8003075,8000240,8003816,8000241,8005220,8070004,8002050,8000105,;602
2021-12-25T17:03:00.000Z;Neubrücke(Nahe);RB;RB 73;73;76734;8004253;8004253%2021-12-25T17:03:00.000Z%,8079083,8000154,8006170,8004199,8002929,8000792,8005659,8004555,8004392,8000875,8006392,8000272,8003516,8000967,8002132,8002117,8005797,8005796,8001570,8003108,8000323,;426
2021-12-25T17:19:00.000Z;Neubrücke(Nahe);RE;RE 3;3;29526;8004253;8004253%2021-12-25T17:19:00.000Z%,8000154,8005659,8000875,8000272,8000323,;602
2021-12-25T17:38:00.000Z;Neubrücke(Nahe);RE;RE 3;3;29529;8004253;8004253%2021-12-25T17:38:00.000Z%,8003040,8003295,8005583,8005678,8000726,8000021,8003075,8000240,;602
2021-12-25T18:03:00.000Z;Neubrücke(Nahe);RB;RB 73;73;76738;8004253;8004253%2021-12-25T18:03:00.000Z%,8079083,8000154,8006170,8004199,8002929,8000792,8005659,8004555,8004392,8000875,8006392,8000272,8003516,8000967,8002132,8002117,8005797,8005796,8001570,8003108,8000323,;426
2021-12-25T18:19:00.000Z;Neubrücke(Nahe);RE;RE 3;3;29546;8004253;8004253%2021-12-25T18:19:00.000Z%,8000154,8005659,8000875,8000272,8000323,;602
2021-12-25T18:39:00.000Z;Neubrücke(Nahe);RE;RE 3;3;29531;8004253;8004253%2021-12-25T18:39:00.000Z%,8003040,8003295,8005583,8005678,8000726,8000021,8003075,8000240,8003816,8000241,8005220,8070004,8002050,8000105,;602
2021-12-25T19:03:00.000Z;Neubrücke(Nahe);RB;RB 73;73;76740;8004253;8004253%2021-12-25T19:03:00.000Z%,8079083,8000154,8006170,8004199,8002929,8000792,8005659,8004555,8004392,8000875,8006392,8000272,8003516,8000967,8002132,8002117,8005797,8005796,8001570,8003108,8000323,;426
2021-12-25T19:19:00.000Z;Neubrücke(Nahe);RE;RE 3;3;29530;8004253;8004253%2021-12-25T19:19:00.000Z%,8000154,8005659,8000875,8000272,8000323,;602
2021-12-25T19:38:00.000Z;Neubrücke(Nahe);RE;RE 3;3;29533;8004253;8004253%2021-12-25T19:38:00.000Z%,8003040,8003295,8005583,8005678,8000726,8000021,8003075,8000240,8003816,8000241,8005220,8070004,8002050,8000105,;602
2021-12-25T20:03:00.000Z;Neubrücke(Nahe);RB;RB 73;73;76742;8004253;8004253%2021-12-25T20:03:00.000Z%,8079083,8000154,8006170,8004199,8002929,8000792,8005659,8004555,8004392,8000875,8006392,8000272,8003516,8000967,8002132,8002117,8005797,8005796,8001570,8003108,8000323,;426
2021-12-25T20:19:00.000Z;Neubrücke(Nahe);RE;RE 3;3;29548;8004253;8004253%2021-12-25T20:19:00.000Z%,8000154,8005659,8000875,8000272,8000323,;602
2021-12-24T20:17:00.000Z;Neuhof(Kr Fulda);RE;RE 50;50;4535;8004295;8004295%2021-12-24T20:22:00.000Z%5,8002010,8000891,8005690,8005261,8006132,8000117,8003550,8000150,8000349,8002041,8000105,;602
2021-12-24T20:39:00.000Z;Neuhof(Kr Fulda);RE;RE 50;50;4530;8004295;8004295%2021-12-24T20:42:00.000Z%3,8000115,;602
2021-12-24T21:18:00.000Z;Neuhof(Kr Fulda);RE;RE 50;50;4537;8004295;8004295%2021-12-24T21:18:00.000Z%,8002010,8000891,8005690,8005261,8006132,8000117,8003550,8000150,8000349,8002041,8000105,;602
2021-12-24T21:39:00.000Z;Neuhof(Kr Fulda);RE;RE 50;50;4532;8004295;8004295%2021-12-24T21:40:00.000Z%1,8000115,;602
2021-12-24T22:21:00.000Z;Neuhof(Kr Fulda);RE;RE 50;50;4539;8004295;8004295%2021-12-24T22:21:00.000Z%,8002010,8000891,8005690,8005261,8006132,8000117,8003550,8000150,8000349,8002041,8000105,;602
2021-12-24T22:39:00.000Z;Neuhof(Kr Fulda);RE;RE 50;50;4534;8004295;8004295%2021-12-24T22:39:00.000Z%,8000115,;602
2021-12-24T23:18:00.000Z;Neuhof(Kr Fulda);RE;RE 50;50;4541;8004295;8004295%2021-12-24T23:18:00.000Z%,8002010,8000891,8005690,8005261,8006132,8000117,8003550,8000150,8000349,8002041,8000105,;602
2021-12-24T23:39:00.000Z;Neuhof(Kr Fulda);RE;RE 50;50;4536;8004295;8004295%2021-12-24T23:39:00.000Z%,8000115,;602
2021-12-25T01:12:00.000Z;Neuhof(Kr Fulda);RB;RB 51;51;15540;8004295;8004295%2021-12-25T01:12:00.000Z%,8000115,;426
2021-12-25T03:10:00.000Z;Neuhof(Kr Fulda);RE;RE 50;50;4501;8004295;8004295%2021-12-25T03:10:00.000Z%,8002010,8000891,8005690,8005261,8006132,8000117,8003550,8000150,8000349,8002041,8000105,;602
2021-12-25T04:18:00.000Z;Neuhof(Kr Fulda);RE;RE 50;50;4543;8004295;8004295%2021-12-25T04:18:00.000Z%,8002010,8000891,8005690,8005261,8006132,8000117,8003550,8000150,8000349,8002041,8000105,;602
2021-12-25T05:18:00.000Z;Neuhof(Kr Fulda);RE;RE 50;50;4505;8004295;8004295%2021-12-25T05:18:00.000Z%,8002010,8000891,8005690,8005261,8006132,8000117,8003550,8000150,8000349,8002041,8000105,;602
2021-12-25T05:34:00.000Z;Neuhof(Kr Fulda);RE;RE 50;50;4546;8004295;8004295%2021-12-25T05:34:00.000Z%,8000115,;602
2021-12-25T06:18:00.000Z;Neuhof(Kr Fulda);RE;RE 50;50;4507;8004295;8004295%2021-12-25T06:18:00.000Z%,8002010,8000891,8005690,8005261,8006132,8000117,8003550,8000150,8000349,8002041,8000105,;602
2021-12-25T06:39:00.000Z;Neuhof(Kr Fulda);RE;RE 50;50;4502;8004295;8004295%2021-12-25T06:39:00.000Z%,8000115,;602
2021-12-25T07:18:00.000Z;Neuhof(Kr Fulda);RE;RE 50;50;4509;8004295;8004295%2021-12-25T07:18:00.000Z%,8002010,8000891,8005690,8005261,8006132,8000117,8003550,8000150,8000349,8002041,8000105,;602
2021-12-25T07:39:00.000Z;Neuhof(Kr Fulda);RE;RE 50;50;4504;8004295;8004295%2021-12-25T07:39:00.000Z%,8000115,;602
2021-12-25T08:18:00.000Z;Neuhof(Kr Fulda);RE;RE 50;50;4511;8004295;8004295%2021-12-25T08:18:00.000Z%,8002010,8000891,8005690,8005261,8006132,8000117,8003550,8000150,8000349,8002041,8000105,;602
2021-12-25T08:39:00.000Z;Neuhof(Kr Fulda);RE;RE 50;50;4506;8004295;8004295%2021-12-25T08:39:00.000Z%,8000115,;602
2021-12-25T09:18:00.000Z;Neuhof(Kr Fulda);RE;RE 50;50;4513;8004295;8004295%2021-12-25T09:18:00.000Z%,8002010,8000891,8005690,8005261,8006132,8000117,8003550,8000150,8000349,8002041,8000105,;602
2021-12-25T09:39:00.000Z;Neuhof(Kr Fulda);RE;RE 50;50;4508;8004295;8004295%2021-12-25T09:39:00.000Z%,8000115,;602
2021-12-25T10:18:00.000Z;Neuhof(Kr Fulda);RE;RE 50;50;4515;8004295;8004295%2021-12-25T10:18:00.000Z%,8002010,8000891,8005690,8005261,8006132,8000117,8003550,8000150,8000349,8002041,8000105,;602
2021-12-25T10:39:00.000Z;Neuhof(Kr Fulda);RE;RE 50;50;4510;8004295;8004295%2021-12-25T10:39:00.000Z%,8000115,;602
2021-12-25T11:18:00.000Z;Neuhof(Kr Fulda);RE;RE 50;50;4517;8004295;8004295%2021-12-25T11:18:00.000Z%,8002010,8000891,8005690,8005261,8006132,8000117,8003550,8000150,8000349,8002041,8000105,;602
2021-12-25T11:39:00.000Z;Neuhof(Kr Fulda);RE;RE 50;50;4512;8004295;8004295%2021-12-25T11:39:00.000Z%,8000115,;602
2021-12-25T12:18:00.000Z;Neuhof(Kr Fulda);RE;RE 50;50;4519;8004295;8004295%2021-12-25T12:18:00.000Z%,8002010,8000891,8005690,8005261,8006132,8000117,8003550,8000150,8000349,8002041,8000105,;602
2021-12-25T12:39:00.000Z;Neuhof(Kr Fulda);RE;RE 50;50;4514;8004295;8004295%2021-12-25T12:39:00.000Z%,8000115,;602
2021-12-25T13:18:00.000Z;Neuhof(Kr Fulda);RE;RE 50;50;4521;8004295;8004295%2021-12-25T13:18:00.000Z%,8002010,8000891,8005690,8005261,8006132,8000117,8003550,8000150,8000349,8002041,8000105,;602
2021-12-25T13:39:00.000Z;Neuhof(Kr Fulda);RE;RE 50;50;4516;8004295;8004295%2021-12-25T13:39:00.000Z%,8000115,;602
2021-12-25T14:18:00.000Z;Neuhof(Kr Fulda);RE;RE 50;50;4523;8004295;8004295%2021-12-25T14:18:00.000Z%,8002010,8000891,8005690,8005261,8006132,8000117,8003550,8000150,8000349,8002041,8000105,;602
2021-12-25T14:39:00.000Z;Neuhof(Kr Fulda);RE;RE 50;50;4518;8004295;8004295%2021-12-25T14:39:00.000Z%,8000115,;602
2021-12-25T15:18:00.000Z;Neuhof(Kr Fulda);RE;RE 50;50;4525;8004295;8004295%2021-12-25T15:18:00.000Z%,8002010,8000891,8005690,8005261,8006132,8000117,8003550,8000150,8000349,8002041,8000105,;602
2021-12-25T15:39:00.000Z;Neuhof(Kr Fulda);RE;RE 50;50;4520;8004295;8004295%2021-12-25T15:39:00.000Z%,8000115,;602
2021-12-25T16:18:00.000Z;Neuhof(Kr Fulda);RE;RE 50;50;4527;8004295;8004295%2021-12-25T16:18:00.000Z%,8002010,8000891,8005690,8005261,8006132,8000117,8003550,8000150,8000349,8002041,8000105,;602
2021-12-25T16:39:00.000Z;Neuhof(Kr Fulda);RE;RE 50;50;4522;8004295;8004295%2021-12-25T16:39:00.000Z%,8000115,;602
2021-12-25T17:18:00.000Z;Neuhof(Kr Fulda);RE;RE 50;50;4529;8004295;8004295%2021-12-25T17:18:00.000Z%,8002010,8000891,8005690,8005261,8006132,8000117,8003550,8000150,8000349,8002041,8000105,;602
2021-12-25T17:39:00.000Z;Neuhof(Kr Fulda);RE;RE 50;50;4524;8004295;8004295%2021-12-25T17:39:00.000Z%,8000115,;602
2021-12-25T18:18:00.000Z;Neuhof(Kr Fulda);RE;RE 50;50;4531;8004295;8004295%2021-12-25T18:18:00.000Z%,8002010,8000891,8005690,8005261,8006132,8000117,8003550,8000150,8000349,8002041,8000105,;602
2021-12-25T18:39:00.000Z;Neuhof(Kr Fulda);RE;RE 50;50;4526;8004295;8004295%2021-12-25T18:39:00.000Z%,8000115,;602
2021-12-25T19:18:00.000Z;Neuhof(Kr Fulda);RE;RE 50;50;4533;8004295;8004295%2021-12-25T19:18:00.000Z%,8002010,8000891,8005690,8005261,8006132,8000117,8003550,8000150,8000349,8002041,8000105,;602
2021-12-25T19:39:00.000Z;Neuhof(Kr Fulda);RE;RE 50;50;4528;8004295;8004295%2021-12-25T19:39:00.000Z%,8000115,;602
2021-12-24T20:56:00.000Z;Niederweimar;RB;RB 41;41;15033;8004420;8004420%2021-12-24T20:56:00.000Z%,8004417,8002134,8002100,8000234,8002269,8000124,;426
2021-12-24T20:58:00.000Z;Niederweimar;RB;RB 41;41;15030;8004420;8004420%2021-12-24T20:59:00.000Z%1,8003856,8000337,;426
2021-12-24T21:51:00.000Z;Niederweimar;RB;RB 41;41;15035;8004420;8004420%2021-12-24T21:51:00.000Z%,8004417,8002134,8002100,8000234,8002269,8000124,8002410,8003520,8003262,8001312,8004712,8000728,8000111,8002042,8000105,;426
2021-12-24T22:02:00.000Z;Niederweimar;RB;RB 41;41;15032;8004420;8004420%2021-12-24T22:02:00.000Z%,8003856,8000337,;426
2021-12-24T22:56:00.000Z;Niederweimar;RB;RB 41;41;15034;8004420;8004420%2021-12-24T22:56:00.000Z%,8003856,8000337,;426
2021-12-24T23:59:00.000Z;Niederweimar;RB;RB 41;41;15037;8004420;8004420%2021-12-24T23:59:00.000Z%,8004417,8002134,8002100,8000234,8002269,8000124,8002410,8003520,8003262,8001312,8004712,8000728,8000111,8000760,8002042,8000105,;426
2021-12-25T01:38:00.000Z;Niederweimar;RB;RB 41;41;15138;8004420;8004420%2021-12-25T01:38:00.000Z%,8003856,8000337,;426
2021-12-25T02:13:00.000Z;Niederweimar;RB;RB 41;41;15038;8004420;8004420%2021-12-25T02:13:00.000Z%,8003856,8000337,;426
2021-12-25T03:07:00.000Z;Niederweimar;RB;RB 41;41;15039;8004420;8004420%2021-12-25T03:07:00.000Z%,8004417,8002134,8002100,8000234,8002269,8000124,8002410,8003520,8003262,8001312,8004712,8000728,8000111,8000760,8002042,8000105,;426
2021-12-25T04:56:00.000Z;Niederweimar;RB;RB 41;41;15043;8004420;8004420%2021-12-25T04:56:00.000Z%,8004417,8002134,8002100,8000234,8002269,8000124,8002410,8003520,8003262,8001312,8004712,8000728,8000111,8000760,8002042,8000105,;426
2021-12-25T06:58:00.000Z;Niederweimar;RB;RB 41;41;15050;8004420;8004420%2021-12-25T06:58:00.000Z%,8003856,8000337,;426
2021-12-25T07:56:00.000Z;Niederweimar;RB;RB 41;41;15007;8004420;8004420%2021-12-25T07:56:00.000Z%,8004417,8002134,8002100,8000234,8002269,8000124,8001312,8000728,8000111,8002042,8000105,;426
2021-12-25T07:58:00.000Z;Niederweimar;RB;RB 41;41;15004;8004420;8004420%2021-12-25T07:58:00.000Z%,8003856,8000337,8000065,8001256,8000589,8000435,8005661,;426
2021-12-25T08:56:00.000Z;Niederweimar;RB;RB 41;41;15009;8004420;8004420%2021-12-25T08:56:00.000Z%,8004417,8002134,8002100,8000234,8002269,8000124,8002410,8003520,8003262,8001312,8004712,8000728,8000111,8000760,8002042,8000105,;426
2021-12-25T08:58:00.000Z;Niederweimar;RB;RB 41;41;15006;8004420;8004420%2021-12-25T08:58:00.000Z%,8003856,8000337,;426
2021-12-25T09:56:00.000Z;Niederweimar;RB;RB 41;41;15011;8004420;8004420%2021-12-25T09:56:00.000Z%,8004417,8002134,8002100,8000234,8002269,8000124,8001312,8000728,8000111,8002042,8000105,;426
2021-12-25T09:57:00.000Z;Niederweimar;RB;RB 41;41;15008;8004420;8004420%2021-12-25T09:57:00.000Z%,8003856,8000337,8000065,8001256,8000589,8000435,8005661,;426
2021-12-25T10:56:00.000Z;Niederweimar;RB;RB 41;41;15013;8004420;8004420%2021-12-25T10:56:00.000Z%,8004417,8002134,8002100,8000234,8002269,8000124,8002410,8003520,8003262,8001312,8004712,8000728,8000111,8000760,8002042,8000105,;426
2021-12-25T10:58:00.000Z;Niederweimar;RB;RB 41;41;15010;8004420;8004420%2021-12-25T10:58:00.000Z%,8003856,8000337,;426
2021-12-25T11:56:00.000Z;Niederweimar;RB;RB 41;41;15015;8004420;8004420%2021-12-25T11:56:00.000Z%,8004417,8002134,8002100,8000234,8002269,8000124,8001312,8000728,8000111,8002042,8000105,;426
2021-12-25T11:58:00.000Z;Niederweimar;RB;RB 41;41;15012;8004420;8004420%2021-12-25T11:58:00.000Z%,8003856,8000337,8000065,8001256,8000589,8000435,8005661,;426
2021-12-25T12:56:00.000Z;Niederweimar;RB;RB 41;41;15017;8004420;8004420%2021-12-25T12:56:00.000Z%,8004417,8002134,8002100,8000234,8002269,8000124,8002410,8003520,8003262,8001312,8004712,8000728,8000111,8000760,8002042,8000105,;426
2021-12-25T12:58:00.000Z;Niederweimar;RB;RB 41;41;15014;8004420;8004420%2021-12-25T12:58:00.000Z%,8003856,8000337,;426
2021-12-25T13:56:00.000Z;Niederweimar;RB;RB 41;41;15019;8004420;8004420%2021-12-25T13:56:00.000Z%,8004417,8002134,8002100,8000234,8002269,8000124,8001312,8000728,8000111,8002042,8000105,;426
2021-12-25T13:58:00.000Z;Niederweimar;RB;RB 41;41;15016;8004420;8004420%2021-12-25T13:58:00.000Z%,8003856,8000337,8000065,8001256,8000589,8000435,8005661,;426
2021-12-25T14:56:00.000Z;Niederweimar;RB;RB 41;41;15021;8004420;8004420%2021-12-25T14:56:00.000Z%,8004417,8002134,8002100,8000234,8002269,8000124,8002410,8003520,8003262,8001312,8004712,8000728,8000111,8000760,8002042,8000105,;426
2021-12-25T14:58:00.000Z;Niederweimar;RB;RB 41;41;15018;8004420;8004420%2021-12-25T14:58:00.000Z%,8003856,8000337,;426
2021-12-25T15:56:00.000Z;Niederweimar;RB;RB 41;41;15023;8004420;8004420%2021-12-25T15:56:00.000Z%,8004417,8002134,8002100,8000234,8002269,8000124,8001312,8000728,8000111,8002042,8000105,;426
2021-12-25T15:58:00.000Z;Niederweimar;RB;RB 41;41;15020;8004420;8004420%2021-12-25T15:58:00.000Z%,8003856,8000337,8000065,8001256,8000589,8000435,8005661,;426
2021-12-25T16:56:00.000Z;Niederweimar;RB;RB 41;41;15025;8004420;8004420%2021-12-25T16:56:00.000Z%,8004417,8002134,8002100,8000234,8002269,8000124,8002410,8003520,8003262,8001312,8004712,8000728,8000111,8000760,8002042,8000105,;426
2021-12-25T16:58:00.000Z;Niederweimar;RB;RB 41;41;15022;8004420;8004420%2021-12-25T16:58:00.000Z%,8003856,8000337,;426
2021-12-25T17:56:00.000Z;Niederweimar;RB;RB 41;41;15027;8004420;8004420%2021-12-25T17:56:00.000Z%,8004417,8002134,8002100,8000234,8002269,8000124,8001312,8000728,8000111,8002042,8000105,;426
2021-12-25T17:58:00.000Z;Niederweimar;RB;RB 41;41;15024;8004420;8004420%2021-12-25T17:58:00.000Z%,8003856,8000337,8000065,8001256,8000589,8000435,8005661,;426
2021-12-25T18:56:00.000Z;Niederweimar;RB;RB 41;41;15029;8004420;8004420%2021-12-25T18:56:00.000Z%,8004417,8002134,8002100,8000234,8002269,8000124,8002410,8003520,8003262,8001312,8004712,8000728,8000111,8000760,8002042,8000105,;426
2021-12-25T18:58:00.000Z;Niederweimar;RB;RB 41;41;15026;8004420;8004420%2021-12-25T18:58:00.000Z%,8003856,8000337,;426
2021-12-25T19:56:00.000Z;Niederweimar;RB;RB 41;41;15031;8004420;8004420%2021-12-25T19:56:00.000Z%,8004417,8002134,8002100,8000234,8002269,8000124,8001312,8000728,8000111,8002042,8000105,;426
2021-12-25T19:58:00.000Z;Niederweimar;RB;RB 41;41;15028;8004420;8004420%2021-12-25T19:58:00.000Z%,8003856,8000337,;426
2021-12-24T20:20:00.000Z;Münster-Häger;RB;RB 64;64;20232;8004426;8004426%2021-12-24T20:20:00.000Z%0,8000518,8004461,8001096,8005712,8000062,8004001,8004613,8000382,8400011,8400012,8400212,;426
2021-12-24T20:33:00.000Z;Münster-Häger;RB;RB 64;64;20229;8004426;8004426%2021-12-24T20:33:00.000Z%0,8004173,8000263,;426
2021-12-24T21:20:00.000Z;Münster-Häger;RB;RB 64;64;20234;8004426;8004426%2021-12-24T21:20:00.000Z%,8000518,8004461,8001096,8005712,8000062,8004001,8004613,8000382,8400011,8400012,8400212,;426
2021-12-24T21:33:00.000Z;Münster-Häger;RB;RB 64;64;20231;8004426;8004426%2021-12-24T21:33:00.000Z%0,8004173,8000263,;426
2021-12-24T22:20:00.000Z;Münster-Häger;RB;RB 64;64;20236;8004426;8004426%2021-12-24T22:20:00.000Z%,8000518,8004461,8001096,8005712,8000062,8004001,8004613,8000382,8400011,8400012,8400212,;426
2021-12-24T22:33:00.000Z;Münster-Häger;RB;RB 64;64;20233;8004426;8004426%2021-12-24T22:33:00.000Z%,8004173,8000263,;426
2021-12-24T23:20:00.000Z;Münster-Häger;RB;RB 64;64;20238;8004426;8004426%2021-12-24T23:20:00.000Z%,8000518,8004461,8001096,8005712,8000062,8004001,8004613,8000382,8400011,8400012,8400212,;426
2021-12-24T23:33:00.000Z;Münster-Häger;RB;RB 64;64;20235;8004426;8004426%2021-12-24T23:33:00.000Z%,8004173,8000263,;426
2021-12-25T00:20:00.000Z;Münster-Häger;RB;RB 64;64;20240;8004426;8004426%2021-12-25T00:20:00.000Z%,8000518,8004461,8001096,8005712,8000062,8004001,8004613,8000382,;426
2021-12-25T07:20:00.000Z;Münster-Häger;RB;RB 64;64;20206;8004426;8004426%2021-12-25T07:20:00.000Z%,8000518,8004461,8001096,8005712,8000062,8004001,8004613,8000382,8400011,8400012,8400212,;426
2021-12-25T07:33:00.000Z;Münster-Häger;RB;RB 64;64;20203;8004426;8004426%2021-12-25T07:33:00.000Z%,8004173,8000263,;426
2021-12-25T08:20:00.000Z;Münster-Häger;RB;RB 64;64;20208;8004426;8004426%2021-12-25T08:20:00.000Z%,8000518,8004461,8001096,8005712,8000062,8004001,8004613,8000382,8400011,8400012,8400212,;426
2021-12-25T08:33:00.000Z;Münster-Häger;RB;RB 64;64;20205;8004426;8004426%2021-12-25T08:33:00.000Z%,8004173,8000263,;426
2021-12-25T09:20:00.000Z;Münster-Häger;RB;RB 64;64;20210;8004426;8004426%2021-12-25T09:20:00.000Z%,8000518,8004461,8001096,8005712,8000062,8004001,8004613,8000382,8400011,8400012,8400212,;426
2021-12-25T09:33:00.000Z;Münster-Häger;RB;RB 64;64;20207;8004426;8004426%2021-12-25T09:33:00.000Z%,8004173,8000263,;426
2021-12-25T10:20:00.000Z;Münster-Häger;RB;RB 64;64;20212;8004426;8004426%2021-12-25T10:20:00.000Z%,8000518,8004461,8001096,8005712,8000062,8004001,8004613,8000382,8400011,8400012,8400212,;426
2021-12-25T10:33:00.000Z;Münster-Häger;RB;RB 64;64;20209;8004426;8004426%2021-12-25T10:33:00.000Z%,8004173,8000263,;426
2021-12-25T11:20:00.000Z;Münster-Häger;RB;RB 64;64;20214;8004426;8004426%2021-12-25T11:20:00.000Z%,8000518,8004461,8001096,8005712,8000062,8004001,8004613,8000382,8400011,8400012,8400212,;426
2021-12-25T11:33:00.000Z;Münster-Häger;RB;RB 64;64;20211;8004426;8004426%2021-12-25T11:33:00.000Z%,8004173,8000263,;426
2021-12-25T12:20:00.000Z;Münster-Häger;RB;RB 64;64;20216;8004426;8004426%2021-12-25T12:20:00.000Z%,8000518,8004461,8001096,8005712,8000062,8004001,8004613,8000382,8400011,8400012,8400212,;426
2021-12-25T12:33:00.000Z;Münster-Häger;RB;RB 64;64;20213;8004426;8004426%2021-12-25T12:33:00.000Z%,8004173,8000263,;426
2021-12-25T13:20:00.000Z;Münster-Häger;RB;RB 64;64;20218;8004426;8004426%2021-12-25T13:20:00.000Z%,8000518,8004461,8001096,8005712,8000062,8004001,8004613,8000382,8400011,8400012,8400212,;426
2021-12-25T13:33:00.000Z;Münster-Häger;RB;RB 64;64;20215;8004426;8004426%2021-12-25T13:33:00.000Z%,8004173,8000263,;426
2021-12-25T14:20:00.000Z;Münster-Häger;RB;RB 64;64;20220;8004426;8004426%2021-12-25T14:20:00.000Z%,8000518,8004461,8001096,8005712,8000062,8004001,8004613,8000382,8400011,8400012,8400212,;426
2021-12-25T14:33:00.000Z;Münster-Häger;RB;RB 64;64;20217;8004426;8004426%2021-12-25T14:33:00.000Z%,8004173,8000263,;426
2021-12-25T15:20:00.000Z;Münster-Häger;RB;RB 64;64;20222;8004426;8004426%2021-12-25T15:20:00.000Z%,8000518,8004461,8001096,8005712,8000062,8004001,8004613,8000382,8400011,8400012,8400212,;426
2021-12-25T15:33:00.000Z;Münster-Häger;RB;RB 64;64;20219;8004426;8004426%2021-12-25T15:33:00.000Z%,8004173,8000263,;426
2021-12-25T16:20:00.000Z;Münster-Häger;RB;RB 64;64;20224;8004426;8004426%2021-12-25T16:20:00.000Z%,8000518,8004461,8001096,8005712,8000062,8004001,8004613,8000382,8400011,8400012,8400212,;426
2021-12-25T16:33:00.000Z;Münster-Häger;RB;RB 64;64;20221;8004426;8004426%2021-12-25T16:33:00.000Z%,8004173,8000263,;426
2021-12-25T17:20:00.000Z;Münster-Häger;RB;RB 64;64;20226;8004426;8004426%2021-12-25T17:20:00.000Z%,8000518,8004461,8001096,8005712,8000062,8004001,8004613,8000382,8400011,8400012,8400212,;426
2021-12-25T17:33:00.000Z;Münster-Häger;RB;RB 64;64;20223;8004426;8004426%2021-12-25T17:33:00.000Z%,8004173,8000263,;426
2021-12-25T18:20:00.000Z;Münster-Häger;RB;RB 64;64;20228;8004426;8004426%2021-12-25T18:20:00.000Z%,8000518,8004461,8001096,8005712,8000062,8004001,8004613,8000382,8400011,8400012,8400212,;426
2021-12-25T18:33:00.000Z;Münster-Häger;RB;RB 64;64;20225;8004426;8004426%2021-12-25T18:33:00.000Z%,8004173,8000263,;426
2021-12-25T19:20:00.000Z;Münster-Häger;RB;RB 64;64;20230;8004426;8004426%2021-12-25T19:20:00.000Z%,8000518,8004461,8001096,8005712,8000062,8004001,8004613,8000382,8400011,8400012,8400212,;426
2021-12-25T19:33:00.000Z;Münster-Häger;RB;RB 64;64;20227;8004426;8004426%2021-12-25T19:33:00.000Z%,8004173,8000263,;426
2021-12-25T06:37:00.000Z;Neustadt-Böbig;RB;RB 45;45;13520;8004489;8004489%2021-12-25T06:37:00.000Z%,8004189,8001399,8006125,8000698,;426
2021-12-25T06:57:00.000Z;Neustadt-Böbig;RB;RB 45;45;13517;8004489;8004489%2021-12-25T06:57:00.000Z%,8000275,;426
2021-12-25T07:08:00.000Z;Neustadt-Böbig;RB;RB 45;45;13526;8004489;8004489%2021-12-25T07:08:00.000Z%,8004189,8001399,8006125,8000698,;426
2021-12-25T07:23:00.000Z;Neustadt-Böbig;RB;RB 45;45;13525;8004489;8004489%2021-12-25T07:23:00.000Z%,8000275,;426
2021-12-25T07:34:00.000Z;Neustadt-Böbig;RB;RB 45;45;13528;8004489;8004489%2021-12-25T07:34:00.000Z%,8004189,8001399,8006125,8000698,;426
2021-12-25T07:49:00.000Z;Neustadt-Böbig;RB;RB 45;45;13527;8004489;8004489%2021-12-25T07:49:00.000Z%,8000275,;426
2021-12-25T08:08:00.000Z;Neustadt-Böbig;RB;RB 45;45;13534;8004489;8004489%2021-12-25T08:08:00.000Z%,8004189,8001399,8006125,8000698,;426
2021-12-25T08:23:00.000Z;Neustadt-Böbig;RB;RB 45;45;13531;8004489;8004489%2021-12-25T08:23:00.000Z%,8000275,;426
2021-12-25T08:34:00.000Z;Neustadt-Böbig;RB;RB 45;45;13536;8004489;8004489%2021-12-25T08:34:00.000Z%,8004189,8001399,8006125,8000698,;426
2021-12-25T08:49:00.000Z;Neustadt-Böbig;RB;RB 45;45;13533;8004489;8004489%2021-12-25T08:49:00.000Z%,8000275,;426
2021-12-25T09:08:00.000Z;Neustadt-Böbig;RB;RB 45;45;13540;8004489;8004489%2021-12-25T09:08:00.000Z%,8004189,8001399,8006125,8000698,;426
2021-12-25T09:23:00.000Z;Neustadt-Böbig;RB;RB 45;45;13537;8004489;8004489%2021-12-25T09:23:00.000Z%,8000275,;426
2021-12-25T09:39:00.000Z;Neustadt-Böbig;RB;RB 45;45;13544;8004489;8004489%2021-12-25T09:39:00.000Z%,8004189,8001399,8006125,8000698,;426
2021-12-25T09:49:00.000Z;Neustadt-Böbig;RB;RB 45;45;13539;8004489;8004489%2021-12-25T09:49:00.000Z%,8000275,;426
2021-12-25T10:08:00.000Z;Neustadt-Böbig;RB;RB 45;45;13548;8004489;8004489%2021-12-25T10:08:00.000Z%,8004189,8001399,8006125,8000698,;426
2021-12-25T10:23:00.000Z;Neustadt-Böbig;RB;RB 45;45;13543;8004489;8004489%2021-12-25T10:23:00.000Z%,8000275,;426
2021-12-25T10:34:00.000Z;Neustadt-Böbig;RB;RB 45;45;13550;8004489;8004489%2021-12-25T10:34:00.000Z%,8004189,8001399,8006125,8000698,;426
2021-12-25T10:49:00.000Z;Neustadt-Böbig;RB;RB 45;45;13545;8004489;8004489%2021-12-25T10:49:00.000Z%,8000275,;426
2021-12-25T11:08:00.000Z;Neustadt-Böbig;RB;RB 45;45;13554;8004489;8004489%2021-12-25T11:08:00.000Z%,8004189,8001399,8006125,8000698,;426
2021-12-25T11:23:00.000Z;Neustadt-Böbig;RB;RB 45;45;13549;8004489;8004489%2021-12-25T11:23:00.000Z%,8000275,;426
2021-12-25T11:34:00.000Z;Neustadt-Böbig;RB;RB 45;45;13556;8004489;8004489%2021-12-25T11:34:00.000Z%,8004189,8001399,8006125,8000698,;426
2021-12-25T11:49:00.000Z;Neustadt-Böbig;RB;RB 45;45;13551;8004489;8004489%2021-12-25T11:49:00.000Z%,8000275,;426
2021-12-25T12:08:00.000Z;Neustadt-Böbig;RB;RB 45;45;13562;8004489;8004489%2021-12-25T12:08:00.000Z%,8004189,8001399,8006125,8000698,;426
2021-12-25T12:24:00.000Z;Neustadt-Böbig;RB;RB 45;45;13555;8004489;8004489%2021-12-25T12:24:00.000Z%,8000275,;426
2021-12-25T12:34:00.000Z;Neustadt-Böbig;RB;RB 45;45;13566;8004489;8004489%2021-12-25T12:34:00.000Z%,8004189,8001399,8006125,8000698,;426
2021-12-25T12:49:00.000Z;Neustadt-Böbig;RB;RB 45;45;13557;8004489;8004489%2021-12-25T12:49:00.000Z%,8000275,;426
2021-12-25T13:08:00.000Z;Neustadt-Böbig;RB;RB 45;45;13570;8004489;8004489%2021-12-25T13:08:00.000Z%,8004189,8001399,8006125,8000698,;426
2021-12-25T13:23:00.000Z;Neustadt-Böbig;RB;RB 45;45;13565;8004489;8004489%2021-12-25T13:23:00.000Z%,8000275,;426
2021-12-25T13:34:00.000Z;Neustadt-Böbig;RB;RB 45;45;13572;8004489;8004489%2021-12-25T13:34:00.000Z%,8004189,8001399,8006125,8000698,;426
2021-12-25T13:49:00.000Z;Neustadt-Böbig;RB;RB 45;45;13567;8004489;8004489%2021-12-25T13:49:00.000Z%,8000275,;426
2021-12-25T14:08:00.000Z;Neustadt-Böbig;RB;RB 45;45;13576;8004489;8004489%2021-12-25T14:08:00.000Z%,8004189,8001399,8006125,8000698,;426
2021-12-25T14:23:00.000Z;Neustadt-Böbig;RB;RB 45;45;13573;8004489;8004489%2021-12-25T14:23:00.000Z%,8000275,;426
2021-12-25T14:34:00.000Z;Neustadt-Böbig;RB;RB 45;45;13578;8004489;8004489%2021-12-25T14:34:00.000Z%,8004189,8001399,8006125,8000698,;426
2021-12-25T14:49:00.000Z;Neustadt-Böbig;RB;RB 45;45;13575;8004489;8004489%2021-12-25T14:49:00.000Z%,8000275,;426
2021-12-25T15:08:00.000Z;Neustadt-Böbig;RB;RB 45;45;13582;8004489;8004489%2021-12-25T15:08:00.000Z%,8004189,8001399,8006125,8000698,;426
2021-12-25T15:23:00.000Z;Neustadt-Böbig;RB;RB 45;45;13579;8004489;8004489%2021-12-25T15:23:00.000Z%,8000275,;426
2021-12-25T15:34:00.000Z;Neustadt-Böbig;RB;RB 45;45;13584;8004489;8004489%2021-12-25T15:34:00.000Z%,8004189,8001399,8006125,8000698,;426
2021-12-25T15:49:00.000Z;Neustadt-Böbig;RB;RB 45;45;13581;8004489;8004489%2021-12-25T15:49:00.000Z%,8000275,;426
2021-12-25T16:08:00.000Z;Neustadt-Böbig;RB;RB 45;45;13588;8004489;8004489%2021-12-25T16:08:00.000Z%,8004189,8001399,8006125,8000698,;426
2021-12-25T16:24:00.000Z;Neustadt-Böbig;RB;RB 45;45;13587;8004489;8004489%2021-12-25T16:24:00.000Z%,8000275,;426
2021-12-25T16:34:00.000Z;Neustadt-Böbig;RB;RB 45;45;13590;8004489;8004489%2021-12-25T16:34:00.000Z%,8004189,8001399,8006125,8000698,;426
2021-12-25T16:49:00.000Z;Neustadt-Böbig;RB;RB 45;45;13589;8004489;8004489%2021-12-25T16:49:00.000Z%,8000275,;426
2021-12-25T17:08:00.000Z;Neustadt-Böbig;RB;RB 45;45;13594;8004489;8004489%2021-12-25T17:08:00.000Z%,8004189,8001399,8006125,8000698,;426
2021-12-25T17:23:00.000Z;Neustadt-Böbig;RB;RB 45;45;13593;8004489;8004489%2021-12-25T17:23:00.000Z%,8000275,;426
2021-12-25T17:34:00.000Z;Neustadt-Böbig;RB;RB 45;45;13596;8004489;8004489%2021-12-25T17:34:00.000Z%,8004189,8001399,8006125,8000698,;426
2021-12-25T17:49:00.000Z;Neustadt-Böbig;RB;RB 45;45;13595;8004489;8004489%2021-12-25T17:49:00.000Z%,8000275,;426
2021-12-25T18:08:00.000Z;Neustadt-Böbig;RB;RB 45;45;13600;8004489;8004489%2021-12-25T18:08:00.000Z%,8004189,8001399,8006125,8000698,;426
2021-12-25T18:23:00.000Z;Neustadt-Böbig;RB;RB 45;45;13601;8004489;8004489%2021-12-25T18:23:00.000Z%,8000275,;426
2021-12-25T18:34:00.000Z;Neustadt-Böbig;RB;RB 45;45;13602;8004489;8004489%2021-12-25T18:34:00.000Z%,8004189,8001399,8006125,8000698,;426
2021-12-25T18:49:00.000Z;Neustadt-Böbig;RB;RB 45;45;13603;8004489;8004489%2021-12-25T18:49:00.000Z%,8000275,;426
2021-12-25T19:08:00.000Z;Neustadt-Böbig;RB;RB 45;45;13606;8004489;8004489%2021-12-25T19:08:00.000Z%,8004189,8001399,8006125,8000698,;426
2021-12-25T19:23:00.000Z;Neustadt-Böbig;RB;RB 45;45;13607;8004489;8004489%2021-12-25T19:23:00.000Z%,8000275,;426
2021-12-25T19:34:00.000Z;Neustadt-Böbig;RB;RB 45;45;13608;8004489;8004489%2021-12-25T19:34:00.000Z%,8004189,8001399,8006125,8000698,;426
2021-12-25T19:49:00.000Z;Neustadt-Böbig;RB;RB 45;45;13609;8004489;8004489%2021-12-25T19:49:00.000Z%,8000275,;426
2021-12-25T20:08:00.000Z;Neustadt-Böbig;RB;RB 45;45;13610;8004489;8004489%2021-12-25T20:08:00.000Z%,8004189,8001399,8006125,8000698,;426
2021-12-24T20:24:00.000Z;Oberbrechen;RB;RB 22;22;15286;8004518;8004518%2021-12-24T20:25:00.000Z%1,8004364,8003696,8001883,8000229,;426
2021-12-24T21:24:00.000Z;Oberbrechen;RB;RB 22;22;15288;8004518;8004518%2021-12-24T21:25:00.000Z%1,8004364,8003696,8001883,8000229,;426
2021-12-24T21:33:00.000Z;Oberbrechen;RB;RB 22;22;15285;8004518;8004518%2021-12-24T21:33:00.000Z%,8004409,8001322,8006535,8003041,8004400,8002935,8000106,8000105,;426
2021-12-24T22:24:00.000Z;Oberbrechen;RB;RB 22;22;15290;8004518;8004518%2021-12-24T22:24:00.000Z%,8004364,8003696,8001883,8000229,;426
2021-12-24T23:33:00.000Z;Oberbrechen;RB;RB 22;22;15289;8004518;8004518%2021-12-24T23:33:00.000Z%,8004409,8001322,8006535,8003041,8004400,8002935,8000106,8000105,;426
2021-12-25T00:26:00.000Z;Oberbrechen;RB;RB 22;22;15294;8004518;8004518%2021-12-25T00:26:00.000Z%,8004364,8003696,8001883,8000229,;426
2021-12-25T02:24:00.000Z;Oberbrechen;RB;RB 22;22;15296;8004518;8004518%2021-12-25T02:24:00.000Z%,8004364,8003696,8001883,8000229,;426
2021-12-25T03:33:00.000Z;Oberbrechen;RB;RB 22;22;15241;8004518;8004518%2021-12-25T03:33:00.000Z%,8004409,8001322,8006535,8003041,8004400,8002935,8000106,8000105,;426
2021-12-25T05:33:00.000Z;Oberbrechen;RB;RB 22;22;15251;8004518;8004518%2021-12-25T05:33:00.000Z%,8004409,8001322,8006535,8003041,8004400,8002935,8000106,8000105,;426
2021-12-25T06:24:00.000Z;Oberbrechen;RB;RB 22;22;15244;8004518;8004518%2021-12-25T06:24:00.000Z%,8004364,8003696,8001883,8000229,;426
2021-12-25T06:33:00.000Z;Oberbrechen;RB;RB 22;22;15255;8004518;8004518%2021-12-25T06:33:00.000Z%,8004409,8001322,8006535,8003041,8004400,8002935,8000106,8000105,;426
2021-12-25T07:33:00.000Z;Oberbrechen;RB;RB 22;22;15257;8004518;8004518%2021-12-25T07:33:00.000Z%,8004409,8001322,8006535,8003041,8004400,8002935,8000106,8000105,;426
2021-12-25T08:24:00.000Z;Oberbrechen;RB;RB 22;22;15250;8004518;8004518%2021-12-25T08:24:00.000Z%,8004364,8003696,8001883,8000229,;426
2021-12-25T08:33:00.000Z;Oberbrechen;RB;RB 22;22;15259;8004518;8004518%2021-12-25T08:33:00.000Z%,8004409,8001322,8006535,8003041,8004400,8002935,8000106,8000105,;426
2021-12-25T09:24:00.000Z;Oberbrechen;RB;RB 22;22;15252;8004518;8004518%2021-12-25T09:24:00.000Z%,8004364,8003696,8001883,8000229,;426
2021-12-25T09:33:00.000Z;Oberbrechen;RB;RB 22;22;15261;8004518;8004518%2021-12-25T09:33:00.000Z%,8004409,8001322,8006535,8003041,8004400,8002935,8000106,8000105,;426
2021-12-25T10:24:00.000Z;Oberbrechen;RB;RB 22;22;15254;8004518;8004518%2021-12-25T10:24:00.000Z%,8004364,8003696,8001883,8000229,;426
2021-12-25T10:33:00.000Z;Oberbrechen;RB;RB 22;22;15263;8004518;8004518%2021-12-25T10:33:00.000Z%,8004409,8001322,8006535,8003041,8004400,8002935,8000106,8000105,;426
2021-12-25T11:24:00.000Z;Oberbrechen;RB;RB 22;22;15256;8004518;8004518%2021-12-25T11:24:00.000Z%,8004364,8003696,8001883,8000229,;426
2021-12-25T11:33:00.000Z;Oberbrechen;RB;RB 22;22;15265;8004518;8004518%2021-12-25T11:33:00.000Z%,8004409,8001322,8006535,8003041,8004400,8002935,8000106,8000105,;426
2021-12-25T12:24:00.000Z;Oberbrechen;RB;RB 22;22;15258;8004518;8004518%2021-12-25T12:24:00.000Z%,8004364,8003696,8001883,8000229,;426
2021-12-25T12:33:00.000Z;Oberbrechen;RB;RB 22;22;15267;8004518;8004518%2021-12-25T12:33:00.000Z%,8004409,8001322,8006535,8003041,8004400,8002935,8000106,8000105,;426
2021-12-25T13:24:00.000Z;Oberbrechen;RB;RB 22;22;15260;8004518;8004518%2021-12-25T13:24:00.000Z%,8004364,8003696,8001883,8000229,;426
2021-12-25T13:33:00.000Z;Oberbrechen;RB;RB 22;22;15269;8004518;8004518%2021-12-25T13:33:00.000Z%,8004409,8001322,8006535,8003041,8004400,8002935,8000106,8000105,;426
2021-12-25T14:24:00.000Z;Oberbrechen;RB;RB 22;22;15262;8004518;8004518%2021-12-25T14:24:00.000Z%,8004364,8003696,8001883,8000229,;426
2021-12-25T14:33:00.000Z;Oberbrechen;RB;RB 22;22;15271;8004518;8004518%2021-12-25T14:33:00.000Z%,8004409,8001322,8006535,8003041,8004400,8002935,8000106,8000105,;426
2021-12-25T15:24:00.000Z;Oberbrechen;RB;RB 22;22;15266;8004518;8004518%2021-12-25T15:24:00.000Z%,8004364,8003696,8001883,8000229,;426
2021-12-25T15:33:00.000Z;Oberbrechen;RB;RB 22;22;15273;8004518;8004518%2021-12-25T15:33:00.000Z%,8004409,8001322,8006535,8003041,8004400,8002935,8000106,8000105,;426
2021-12-25T16:24:00.000Z;Oberbrechen;RB;RB 22;22;15272;8004518;8004518%2021-12-25T16:24:00.000Z%,8004364,8003696,8001883,8000229,;426
2021-12-25T16:33:00.000Z;Oberbrechen;RB;RB 22;22;15275;8004518;8004518%2021-12-25T16:33:00.000Z%,8004409,8001322,8006535,8003041,8004400,8002935,8000106,8000105,;426
2021-12-25T17:24:00.000Z;Oberbrechen;RB;RB 22;22;15278;8004518;8004518%2021-12-25T17:24:00.000Z%,8004364,8003696,8001883,8000229,;426
2021-12-25T17:33:00.000Z;Oberbrechen;RB;RB 22;22;15277;8004518;8004518%2021-12-25T17:33:00.000Z%,8004409,8001322,8006535,8003041,8004400,8002935,8000106,8000105,;426
2021-12-25T18:24:00.000Z;Oberbrechen;RB;RB 22;22;15282;8004518;8004518%2021-12-25T18:24:00.000Z%,8004364,8003696,8001883,8000229,;426
2021-12-25T18:33:00.000Z;Oberbrechen;RB;RB 22;22;15279;8004518;8004518%2021-12-25T18:33:00.000Z%,8004409,8001322,8006535,8003041,8004400,8002935,8000106,8000105,;426
2021-12-25T19:24:00.000Z;Oberbrechen;RB;RB 22;22;15284;8004518;8004518%2021-12-25T19:24:00.000Z%,8004364,8003696,8001883,8000229,;426
2021-12-25T19:33:00.000Z;Oberbrechen;RB;RB 22;22;15281;8004518;8004518%2021-12-25T19:33:00.000Z%,8004409,8001322,8006535,8003041,8004400,8002935,8000106,8000105,;426
2021-12-24T20:27:00.000Z;Oberhausen-Sterkrade;RE;RE 5;5;28535;8004542;8004542%2021-12-24T20:28:00.000Z%1,8000286,8000086,8000082,8000085,8001584,8006713,8000209,8003368,8000207,8003361,8001215,8000044,8001091,8001082,8004604,8000310,8005580,8000694,8000331,8003341,8000206,;602
2021-12-24T20:31:00.000Z;Oberhausen-Sterkrade;RE;RE 5;5;28532;8004542;8004542%2021-12-24T20:31:00.000Z%0,8001469,8006098,8000242,;602
2021-12-24T20:54:00.000Z;Oberhausen-Sterkrade;RE;RE 19;19;20038;8004542;8004542%2021-12-24T20:54:00.000Z%0,8004540,8001469,8006098,8002109,8000242,8006356,8003943,8002536,8001780,8004024,8004878,8001773,8001776,8400735,8400071,;602
2021-12-24T21:02:00.000Z;Oberhausen-Sterkrade;RE;RE 19;19;20039;8004542;8004542%2021-12-24T21:02:00.000Z%0,8000286,8000086,8000082,8000085,;602
2021-12-24T21:27:00.000Z;Oberhausen-Sterkrade;RE;RE 5;5;28537;8004542;8004542%2021-12-24T21:27:00.000Z%0,8000286,8000086,;602
2021-12-24T21:31:00.000Z;Oberhausen-Sterkrade;RE;RE 5;5;28534;8004542;8004542%2021-12-24T21:31:00.000Z%0,8004540,8001469,8006098,8002109,8000242,;602
2021-12-24T21:54:00.000Z;Oberhausen-Sterkrade;RE;RE 19;19;20040;8004542;8004542%2021-12-24T21:54:00.000Z%,8004540,8001469,8006098,8002109,8000242,8006356,8003943,8002536,8001780,8004024,8004878,8001773,8001776,8400735,8400071,;602
2021-12-24T22:02:00.000Z;Oberhausen-Sterkrade;RE;RE 19;19;20041;8004542;8004542%2021-12-24T22:02:00.000Z%0,8000286,8000086,;602
2021-12-24T22:54:00.000Z;Oberhausen-Sterkrade;RE;RE 19;19;20042;8004542;8004542%2021-12-24T22:54:00.000Z%,8004540,8001469,8006098,8002109,8000242,8006356,8003943,8002536,8001780,8004024,8004878,8001773,;602
2021-12-24T23:02:00.000Z;Oberhausen-Sterkrade;RE;RE 19;19;20043;8004542;8004542%2021-12-24T23:02:00.000Z%0,8000286,8000086,;602
2021-12-24T23:54:00.000Z;Oberhausen-Sterkrade;RE;RE 19;19;20000;8004542;8004542%2021-12-24T23:54:00.000Z%,8004540,8001469,8006098,8002109,8000242,8006356,8003943,8002536,8001780,8004024,8004878,8001773,;602
2021-12-25T00:54:00.000Z;Oberhausen-Sterkrade;RE;RE 19;19;20002;8004542;8004542%2021-12-25T00:54:00.000Z%,8004540,8001469,8006098,8002109,8000242,;602
2021-12-25T01:02:00.000Z;Oberhausen-Sterkrade;RE;RE 19;19;20001;8004542;8004542%2021-12-25T01:02:00.000Z%,8000286,8000086,;602
2021-12-25T02:54:00.000Z;Oberhausen-Sterkrade;RE;RE 19;19;20004;8004542;8004542%2021-12-25T02:54:00.000Z%,8004540,8001469,8006098,8002109,8000242,;602
2021-12-25T03:02:00.000Z;Oberhausen-Sterkrade;RE;RE 19;19;20003;8004542;8004542%2021-12-25T03:02:00.000Z%,8000286,8000086,;602
2021-12-25T04:02:00.000Z;Oberhausen-Sterkrade;RE;RE 19;19;20005;8004542;8004542%2021-12-25T04:02:00.000Z%,8000286,8000086,8000082,8000085,;602
2021-12-25T04:54:00.000Z;Oberhausen-Sterkrade;RE;RE 19;19;20006;8004542;8004542%2021-12-25T04:54:00.000Z%,8004540,8001469,8006098,8002109,8000242,8006356,8003943,8002536,8001780,8004024,8004878,8001773,8001776,8400735,8400071,;602
2021-12-25T05:02:00.000Z;Oberhausen-Sterkrade;RE;RE 19;19;20007;8004542;8004542%2021-12-25T05:02:00.000Z%,8000286,8000086,8000082,8000085,;602
2021-12-25T05:27:00.000Z;Oberhausen-Sterkrade;RE;RE 5;5;28505;8004542;8004542%2021-12-25T05:27:00.000Z%,8000286,8000086,;602
2021-12-25T05:31:00.000Z;Oberhausen-Sterkrade;RE;RE 5;5;28502;8004542;8004542%2021-12-25T05:31:00.000Z%,8004540,8001469,8006098,8002109,8000242,;602
2021-12-25T05:56:00.000Z;Oberhausen-Sterkrade;RE;RE 19;19;20008;8004542;8004542%2021-12-25T05:56:00.000Z%,8004540,8001469,8006098,8002109,8000242,8006356,8003943,8002536,8001780,8004024,8004878,8001773,8001776,8400735,8400071,;602
2021-12-25T06:02:00.000Z;Oberhausen-Sterkrade;RE;RE 19;19;20009;8004542;8004542%2021-12-25T06:02:00.000Z%,8000286,8000086,8000082,8000085,;602
2021-12-25T06:27:00.000Z;Oberhausen-Sterkrade;RE;RE 5;5;28507;8004542;8004542%2021-12-25T06:27:00.000Z%,8000286,8000086,8000082,8000085,8001584,8006713,8000209,8003368,8000207,8003361,8001215,8000044,8001091,8001082,8004604,8000310,8005580,8000694,8000331,8003341,8000206,;602
2021-12-25T06:32:00.000Z;Oberhausen-Sterkrade;RE;RE 5;5;28504;8004542;8004542%2021-12-25T06:32:00.000Z%,8001469,8006098,8002109,8000242,;602
2021-12-25T06:55:00.000Z;Oberhausen-Sterkrade;RE;RE 19;19;20010;8004542;8004542%2021-12-25T06:55:00.000Z%,8004540,8001469,8000242,8006356,8003943,8002536,8001780,8004024,8004878,8001773,8001776,8400735,8400071,;602
2021-12-25T07:02:00.000Z;Oberhausen-Sterkrade;RE;RE 19;19;20011;8004542;8004542%2021-12-25T07:02:00.000Z%,8000286,8000086,8000082,8000085,;602
2021-12-25T07:28:00.000Z;Oberhausen-Sterkrade;RE;RE 5;5;28509;8004542;8004542%2021-12-25T07:28:00.000Z%,8000286,8000086,8000082,8000085,8001584,8006713,8000209,8003368,8000207,8003361,8001215,8000044,8001091,8001082,8004604,8000310,8005580,8000694,8000331,8003341,8000206,;602
2021-12-25T07:32:00.000Z;Oberhausen-Sterkrade;RE;RE 5;5;28506;8004542;8004542%2021-12-25T07:32:00.000Z%,8004540,8001469,8006098,8002109,8000242,;602
2021-12-25T07:54:00.000Z;Oberhausen-Sterkrade;RE;RE 19;19;20012;8004542;8004542%2021-12-25T07:54:00.000Z%,8004540,8001469,8006098,8002109,8000242,8006356,8003943,8002536,8001780,8004024,8004878,8001773,8001776,8400735,8400071,;602
2021-12-25T08:02:00.000Z;Oberhausen-Sterkrade;RE;RE 19;19;20013;8004542;8004542%2021-12-25T08:02:00.000Z%,8000286,8000086,8000082,8000085,;602
2021-12-25T08:27:00.000Z;Oberhausen-Sterkrade;RE;RE 5;5;28511;8004542;8004542%2021-12-25T08:27:00.000Z%,8000286,8000086,8000082,8000085,8001584,8006713,8000209,8003368,8000207,8003361,8001215,8000044,8001091,8001082,8004604,8000310,8005580,8000694,8000331,8003341,8000206,;602
2021-12-25T08:31:00.000Z;Oberhausen-Sterkrade;RE;RE 5;5;28508;8004542;8004542%2021-12-25T08:31:00.000Z%,8001469,8006098,8000242,;602
2021-12-25T08:54:00.000Z;Oberhausen-Sterkrade;RE;RE 19;19;20014;8004542;8004542%2021-12-25T08:54:00.000Z%,8004540,8001469,8006098,8002109,8000242,8006356,8003943,8002536,8001780,8004024,8004878,8001773,8001776,8400735,8400071,;602
2021-12-25T09:02:00.000Z;Oberhausen-Sterkrade;RE;RE 19;19;20015;8004542;8004542%2021-12-25T09:02:00.000Z%,8000286,8000086,8000082,8000085,;602
2021-12-24T20:49:00.000Z;Obernhof(Lahn);RB;RB 23;23;12633;8004567;8004567%2021-12-24T20:51:00.000Z%2,8003593,8000786,8001950,8001457,8000229,;426
2021-12-24T21:49:00.000Z;Obernhof(Lahn);RB;RB 23;23;12635;8004567;8004567%2021-12-24T21:51:00.000Z%2,8003593,8000786,8001950,8001457,8000229,;426
2021-12-25T06:11:00.000Z;Obernhof(Lahn);RB;RB 23;23;12604;8004567;8004567%2021-12-25T06:11:00.000Z%,8004206,8001389,8000701,8000702,8004435,8002114,8000278,8000206,8003341,8006035,8000331,8004020,8004826,8003455,8004393,8005865,8003415,8000248,;426
2021-12-25T06:49:00.000Z;Obernhof(Lahn);RB;RB 23;23;12605;8004567;8004567%2021-12-25T06:49:00.000Z%,8003593,8000786,8001950,8001457,8000229,;426
2021-12-25T07:11:00.000Z;Obernhof(Lahn);RB;RB 23;23;12606;8004567;8004567%2021-12-25T07:11:00.000Z%,8004206,8001389,8000701,8000702,8004435,8002114,8000278,8000206,8003341,8006035,8006303,8000331,8004020,8004826,8003455,8004393,8005865,8003415,8000248,;426
2021-12-25T07:49:00.000Z;Obernhof(Lahn);RB;RB 23;23;12643;8004567;8004567%2021-12-25T07:49:00.000Z%,8003593,8000786,8001950,8001457,8000229,;426
2021-12-25T08:11:00.000Z;Obernhof(Lahn);RB;RB 23;23;12608;8004567;8004567%2021-12-25T08:11:00.000Z%,8004206,8001389,8000701,8000702,8004435,8002114,8000278,8000206,8003341,8006035,8006303,8000331,8004020,8004826,8003455,8004393,8005865,8003415,8000248,;426
2021-12-25T08:49:00.000Z;Obernhof(Lahn);RB;RB 23;23;12609;8004567;8004567%2021-12-25T08:49:00.000Z%,8003593,8000786,8001950,8001457,8000229,;426
2021-12-25T09:11:00.000Z;Obernhof(Lahn);RB;RB 23;23;12610;8004567;8004567%2021-12-25T09:11:00.000Z%,8004206,8001389,8000701,8000702,8004435,8002114,8000278,8000206,8003341,8006035,8006303,8000331,8004020,8004826,8003455,8004393,8005865,8003415,8000248,;426
2021-12-25T09:49:00.000Z;Obernhof(Lahn);RB;RB 23;23;12611;8004567;8004567%2021-12-25T09:49:00.000Z%,8003593,8000786,8001950,8001457,8000229,;426
2021-12-25T10:11:00.000Z;Obernhof(Lahn);RB;RB 23;23;12612;8004567;8004567%2021-12-25T10:11:00.000Z%,8004206,8001389,8000701,8000702,8004435,8002114,8000278,8000206,8003341,8006035,8006303,8000331,8004020,8004826,8003455,8004393,8005865,8003415,8000248,;426
2021-12-25T10:49:00.000Z;Obernhof(Lahn);RB;RB 23;23;12613;8004567;8004567%2021-12-25T10:49:00.000Z%,8003593,8000786,8001950,8001457,8000229,;426
2021-12-25T11:11:00.000Z;Obernhof(Lahn);RB;RB 23;23;12614;8004567;8004567%2021-12-25T11:11:00.000Z%,8004206,8001389,8000701,8000702,8004435,8002114,8000278,8000206,8003341,8006035,8006303,8000331,;426
2021-12-25T11:49:00.000Z;Obernhof(Lahn);RB;RB 23;23;12615;8004567;8004567%2021-12-25T11:49:00.000Z%,8003593,8000786,8001950,8001457,8000229,;426
2021-12-25T12:11:00.000Z;Obernhof(Lahn);RB;RB 23;23;12616;8004567;8004567%2021-12-25T12:11:00.000Z%,8004206,8001389,8000701,8000702,8004435,8002114,8000278,8000206,8003341,8006035,8000331,8004020,8004826,8003455,8004393,8005865,8003415,8000248,;426
2021-12-25T12:49:00.000Z;Obernhof(Lahn);RB;RB 23;23;12617;8004567;8004567%2021-12-25T12:49:00.000Z%,8003593,8000786,8001950,8001457,8000229,;426
2021-12-25T13:11:00.000Z;Obernhof(Lahn);RB;RB 23;23;12618;8004567;8004567%2021-12-25T13:11:00.000Z%,8004206,8001389,8000701,8000702,8004435,8002114,8000278,8000206,8003341,8006035,8006303,8000331,8004020,8004826,8003455,8004393,8005865,8003415,8000248,;426
2021-12-25T13:49:00.000Z;Obernhof(Lahn);RB;RB 23;23;12649;8004567;8004567%2021-12-25T13:49:00.000Z%,8003593,8000786,8001950,8001457,8000229,;426
2021-12-25T14:11:00.000Z;Obernhof(Lahn);RB;RB 23;23;12620;8004567;8004567%2021-12-25T14:11:00.000Z%,8004206,8001389,8000701,8000702,8004435,8002114,8000278,8000206,8003341,8006035,8006303,8000331,8004020,8004826,8003455,8004393,8005865,8003415,8000248,;426
2021-12-25T14:49:00.000Z;Obernhof(Lahn);RB;RB 23;23;12621;8004567;8004567%2021-12-25T14:49:00.000Z%,8003593,8000786,8001950,8001457,8000229,;426
2021-12-25T15:11:00.000Z;Obernhof(Lahn);RB;RB 23;23;12622;8004567;8004567%2021-12-25T15:11:00.000Z%,8004206,8001389,8000701,8000702,8004435,8002114,8000278,8000206,8003341,8006035,8006303,8000331,8004020,8004826,8003455,8004393,8005865,8003415,8000248,;426
2021-12-25T15:49:00.000Z;Obernhof(Lahn);RB;RB 23;23;12623;8004567;8004567%2021-12-25T15:49:00.000Z%,8003593,8000786,8001950,8001457,8000229,;426
2021-12-25T16:11:00.000Z;Obernhof(Lahn);RB;RB 23;23;12624;8004567;8004567%2021-12-25T16:11:00.000Z%,8004206,8001389,8000701,8000702,8004435,8002114,8000278,8000206,8003341,8006035,8006303,8000331,8004020,8004826,8003455,8004393,8005865,8003415,8000248,;426
2021-12-25T16:49:00.000Z;Obernhof(Lahn);RB;RB 23;23;12625;8004567;8004567%2021-12-25T16:49:00.000Z%,8003593,8000786,8001950,8001457,8000229,;426
2021-12-25T17:11:00.000Z;Obernhof(Lahn);RB;RB 23;23;12626;8004567;8004567%2021-12-25T17:11:00.000Z%,8004206,8001389,8000701,8000702,8004435,8002114,8000278,8000206,8003341,8006035,8006303,8000331,8004020,8004826,8003455,8004393,8005865,8003415,8000248,;426
2021-12-25T17:49:00.000Z;Obernhof(Lahn);RB;RB 23;23;12627;8004567;8004567%2021-12-25T17:49:00.000Z%,8003593,8000786,8001950,8001457,8000229,;426
2021-12-25T18:11:00.000Z;Obernhof(Lahn);RB;RB 23;23;12628;8004567;8004567%2021-12-25T18:11:00.000Z%,8004206,8001389,8000701,8000702,8004435,8002114,8000278,8000206,8003341,8006035,8006303,8000331,8004020,8004826,8003455,8004393,8005865,8003415,8000248,;426
2021-12-25T18:49:00.000Z;Obernhof(Lahn);RB;RB 23;23;12629;8004567;8004567%2021-12-25T18:49:00.000Z%,8003593,8000786,8001950,8001457,8000229,;426
2021-12-25T19:11:00.000Z;Obernhof(Lahn);RB;RB 23;23;12630;8004567;8004567%2021-12-25T19:11:00.000Z%,8004206,8001389,8000701,8000702,8004435,8002114,8000278,8000206,8003341,8006035,8006303,8000331,8004020,8004826,8003455,8004393,8005865,8003415,8000248,;426
2021-12-25T19:49:00.000Z;Obernhof(Lahn);RB;RB 23;23;12631;8004567;8004567%2021-12-25T19:49:00.000Z%,8003593,8000786,8001950,8001457,8000229,;426
2021-12-25T20:11:00.000Z;Obernhof(Lahn);RB;RB 23;23;12632;8004567;8004567%2021-12-25T20:11:00.000Z%,8004206,8001389,8000701,8000702,8004435,8002114,8000278,8000206,8003341,8006035,8006303,8000331,8004020,8004826,8003455,8004393,8005865,8003415,8000248,;426
2021-12-24T20:21:00.000Z;Oelde;RE;RE 6;6;89738;8004626;8004626%2021-12-24T20:21:00.000Z%,8004251,8000441,8002680,8000149,8003168,8000080,8000041,8006226,8000098,8000259,8000086,8000082,8000085,8000207,;602
2021-12-24T20:37:00.000Z;Oelde;RE;RE 6;6;89735;8004626;8004626%2021-12-24T20:40:00.000Z%3,8000315,8002461,8000036,8000162,8000233,8000732,8004868,8000252,;602
2021-12-24T20:49:00.000Z;Oelde;RB;RB 69;69;90090;8004626;8004626%2021-12-24T20:49:00.000Z%0,8004251,8000441,8002680,8000149,8001045,8003986,8001558,8005102,8002841,8000263,;426
2021-12-24T21:07:00.000Z;Oelde;RB;RB 69;69;90085;8004626;8004626%2021-12-24T21:07:00.000Z%0,8000315,8002461,8003096,8000048,8000036,;426
2021-12-24T21:21:00.000Z;Oelde;RE;RE 6;6;89740;8004626;8004626%2021-12-24T21:21:00.000Z%0,8004251,8000441,8002680,8000149,8003168,8000080,8000041,8006226,8000098,8000259,8000086,8000082,8000085,;602
2021-12-24T21:37:00.000Z;Oelde;RE;RE 6;6;89737;8004626;8004626%2021-12-24T21:37:00.000Z%0,8000315,8002461,8000036,8000162,8000233,8000732,8004868,8000252,;602
2021-12-24T22:21:00.000Z;Oelde;RE;RE 6;6;89742;8004626;8004626%2021-12-24T22:21:00.000Z%,8004251,8000441,8002680,8000149,8003168,8000080,8000041,8006226,8000098,8000259,8000086,8000082,8000085,;602
2021-12-24T22:37:00.000Z;Oelde;RE;RE 6;6;89739;8004626;8004626%2021-12-24T22:37:00.000Z%0,8000315,8002461,8000048,8000036,;602
2021-12-24T23:29:00.000Z;Oelde;RB;RB 69;69;89996;8004626;8004626%2021-12-24T23:29:00.000Z%,8004251,8000441,8002680,8000149,;426
2021-12-25T00:26:00.000Z;Oelde;RB;RB 69;69;89997;8004626;8004626%2021-12-25T00:26:00.000Z%,8000315,8002461,8003096,8000048,8000036,;426
2021-12-25T00:38:00.000Z;Oelde;RB;RB 69;69;89998;8004626;8004626%2021-12-25T00:38:00.000Z%,8004251,8000441,8002680,8000149,;426
2021-12-25T01:26:00.000Z;Oelde;RB;RB 69;69;89999;8004626;8004626%2021-12-25T01:26:00.000Z%,8000315,8002461,8003096,8000048,8000036,;426
2021-12-25T05:21:00.000Z;Oelde;RE;RE 6;6;89708;8004626;8004626%2021-12-25T05:21:00.000Z%,8004251,8000441,8002680,8000149,8003168,8000080,8000041,8006226,8000098,8000259,8000086,8000082,8000085,8000207,;602
2021-12-25T05:37:00.000Z;Oelde;RE;RE 6;6;89705;8004626;8004626%2021-12-25T05:37:00.000Z%,8000315,8002461,8000036,;602
2021-12-25T06:21:00.000Z;Oelde;RE;RE 6;6;89710;8004626;8004626%2021-12-25T06:21:00.000Z%,8004251,8000441,8002680,8000149,8003168,8000080,8000041,8006226,8000098,8000259,8000086,8000082,8000085,8000207,;602
2021-12-25T06:33:00.000Z;Oelde;RE;RE 6;6;89749;8004626;8004626%2021-12-25T06:33:00.000Z%,8000315,8002461,8000036,8000162,8000233,8000732,8004868,8000252,;602
2021-12-25T07:23:00.000Z;Oelde;RE;RE 6;6;89712;8004626;8004626%2021-12-25T07:23:00.000Z%,8004251,8000441,8002680,8000149,8003168,8000080,8000041,8006226,8000098,8000259,8000086,8000082,8000085,8000207,;602
2021-12-25T07:37:00.000Z;Oelde;RE;RE 6;6;89709;8004626;8004626%2021-12-25T07:37:00.000Z%,8000315,8002461,8000036,8000162,8000233,8000732,8004868,8000252,;602
2021-12-25T08:07:00.000Z;Oelde;RB;RB 89;89;89971;8004626;8004626%2021-12-25T08:07:00.000Z%,8000315,8002461,8003096,8000048,8000036,;426
2021-12-25T08:21:00.000Z;Oelde;RE;RE 6;6;89714;8004626;8004626%2021-12-25T08:21:00.000Z%,8004251,8000441,8002680,8000149,8003168,8000080,8000041,8006226,8000098,8000259,8000086,8000082,8000085,8000207,;602
2021-12-25T08:37:00.000Z;Oelde;RE;RE 6;6;89711;8004626;8004626%2021-12-25T08:37:00.000Z%,8000315,8002461,8000036,8000162,8000233,8000732,8004868,8000252,;602
2021-12-25T08:49:00.000Z;Oelde;RB;RB 69;69;89972;8004626;8004626%2021-12-25T08:49:00.000Z%,8004251,8000441,8002680,8000149,8001045,8003986,8001558,8005102,8002841,8000263,;426
2021-12-25T09:07:00.000Z;Oelde;RB;RB 69;69;89973;8004626;8004626%2021-12-25T09:07:00.000Z%,8000315,8002461,8003096,8000048,8000036,;426
2021-12-25T09:21:00.000Z;Oelde;RE;RE 6;6;89716;8004626;8004626%2021-12-25T09:21:00.000Z%,8004251,8000441,8002680,8000149,8003168,8000080,8000041,8006226,8000098,8000259,8000086,8000082,8000085,8000207,;602
2021-12-25T09:37:00.000Z;Oelde;RE;RE 6;6;89713;8004626;8004626%2021-12-25T09:37:00.000Z%,8000315,8002461,8000036,8000162,8000233,8000732,8004868,8000252,;602
2021-12-25T09:49:00.000Z;Oelde;RB;RB 69;69;89974;8004626;8004626%2021-12-25T09:49:00.000Z%,8004251,8000441,8002680,8000149,8001045,8003986,8001558,8005102,8002841,8000263,;426
2021-12-25T10:07:00.000Z;Oelde;RB;RB 69;69;89975;8004626;8004626%2021-12-25T10:07:00.000Z%,8000315,8002461,8003096,8000048,8000036,;426
2021-12-25T10:21:00.000Z;Oelde;RE;RE 6;6;89718;8004626;8004626%2021-12-25T10:21:00.000Z%,8004251,8000441,8002680,8000149,8003168,8000080,8000041,8006226,8000098,8000259,8000086,8000082,8000085,8000207,;602
2021-12-25T10:37:00.000Z;Oelde;RE;RE 6;6;89715;8004626;8004626%2021-12-25T10:37:00.000Z%,8000315,8002461,8000036,8000162,8000233,8000732,8004868,8000252,;602
2021-12-25T10:49:00.000Z;Oelde;RB;RB 69;69;89976;8004626;8004626%2021-12-25T10:49:00.000Z%,8004251,8000441,8002680,8000149,8001045,8003986,8001558,8005102,8002841,8000263,;426
2021-12-25T11:07:00.000Z;Oelde;RB;RB 69;69;89977;8004626;8004626%2021-12-25T11:07:00.000Z%,8000315,8002461,8003096,8000048,8000036,;426
2021-12-25T11:21:00.000Z;Oelde;RE;RE 6;6;89720;8004626;8004626%2021-12-25T11:21:00.000Z%,8004251,8000441,8002680,8000149,8003168,8000080,8000041,8006226,8000098,8000259,8000086,8000082,8000085,8000207,;602
2021-12-25T11:37:00.000Z;Oelde;RE;RE 6;6;89717;8004626;8004626%2021-12-25T11:37:00.000Z%,8000315,8002461,8000036,8000162,8000233,8000732,8004868,8000252,;602
2021-12-25T11:49:00.000Z;Oelde;RB;RB 69;69;89978;8004626;8004626%2021-12-25T11:49:00.000Z%,8004251,8000441,8002680,8000149,8001045,8003986,8001558,8005102,8002841,8000263,;426
2021-12-25T12:07:00.000Z;Oelde;RB;RB 69;69;89979;8004626;8004626%2021-12-25T12:07:00.000Z%,8000315,8002461,8003096,8000048,8000036,;426
2021-12-25T12:21:00.000Z;Oelde;RE;RE 6;6;89722;8004626;8004626%2021-12-25T12:21:00.000Z%,8004251,8000441,8002680,8000149,8003168,8000080,8000041,8006226,8000098,8000259,8000086,8000082,8000085,8000207,;602
2021-12-25T12:34:00.000Z;Oelde;RE;RE 6;6;89719;8004626;8004626%2021-12-25T12:34:00.000Z%,8000315,8002461,8000036,8000162,8000233,8000732,8004868,8000252,;602
2021-12-25T12:49:00.000Z;Oelde;RB;RB 69;69;89980;8004626;8004626%2021-12-25T12:49:00.000Z%,8004251,8000441,8002680,8000149,8001045,8003986,8001558,8005102,8002841,8000263,;426
2021-12-25T13:07:00.000Z;Oelde;RB;RB 69;69;89981;8004626;8004626%2021-12-25T13:07:00.000Z%,8000315,8002461,8003096,8000048,8000036,;426
2021-12-25T13:23:00.000Z;Oelde;RE;RE 6;6;89724;8004626;8004626%2021-12-25T13:23:00.000Z%,8004251,8000441,8002680,8000149,8003168,8000080,8000041,8006226,8000098,8000259,8000086,8000082,8000085,8000207,;602
2021-12-25T13:37:00.000Z;Oelde;RE;RE 6;6;89721;8004626;8004626%2021-12-25T13:37:00.000Z%,8000315,8002461,8000036,8000162,8000233,8000732,8004868,8000252,;602
2021-12-25T13:49:00.000Z;Oelde;RB;RB 69;69;89982;8004626;8004626%2021-12-25T13:49:00.000Z%,8004251,8000441,8002680,8000149,8001045,8003986,8001558,8005102,8002841,8000263,;426
2021-12-25T14:07:00.000Z;Oelde;RB;RB 89;89;89983;8004626;8004626%2021-12-25T14:07:00.000Z%,8000315,8002461,8003096,8000048,8000036,;426
2021-12-25T14:21:00.000Z;Oelde;RE;RE 6;6;89726;8004626;8004626%2021-12-25T14:21:00.000Z%,8004251,8000441,8002680,8000149,8003168,8000080,8000041,8006226,8000098,8000259,8000086,8000082,8000085,8000207,;602
2021-12-25T14:37:00.000Z;Oelde;RE;RE 6;6;89723;8004626;8004626%2021-12-25T14:37:00.000Z%,8000315,8002461,8000036,8000162,8000233,8000732,8004868,8000252,;602
2021-12-25T14:49:00.000Z;Oelde;RB;RB 69;69;89984;8004626;8004626%2021-12-25T14:49:00.000Z%,8004251,8000441,8002680,8000149,8001045,8003986,8001558,8005102,8002841,8000263,;426
2021-12-25T15:07:00.000Z;Oelde;RB;RB 69;69;89985;8004626;8004626%2021-12-25T15:07:00.000Z%,8000315,8002461,8003096,8000048,8000036,;426
2021-12-25T15:21:00.000Z;Oelde;RE;RE 6;6;89728;8004626;8004626%2021-12-25T15:21:00.000Z%,8004251,8000441,8002680,8000149,8003168,8000080,8000041,8006226,8000098,8000259,8000086,8000082,8000085,8000207,;602
2021-12-25T15:37:00.000Z;Oelde;RE;RE 6;6;89725;8004626;8004626%2021-12-25T15:37:00.000Z%,8000315,8002461,8000036,8000162,8000233,8000732,8004868,8000252,;602
2021-12-25T15:49:00.000Z;Oelde;RB;RB 69;69;89986;8004626;8004626%2021-12-25T15:49:00.000Z%,8004251,8000441,8002680,8000149,8001045,8003986,8001558,8005102,8002841,8000263,;426
2021-12-25T16:07:00.000Z;Oelde;RB;RB 69;69;89987;8004626;8004626%2021-12-25T16:07:00.000Z%,8000315,8002461,8003096,8000048,8000036,;426
2021-12-25T16:21:00.000Z;Oelde;RE;RE 6;6;89730;8004626;8004626%2021-12-25T16:21:00.000Z%,8004251,8000441,8002680,8000149,8003168,8000080,8000041,8006226,8000098,8000259,8000086,8000082,8000085,8000207,;602
2021-12-25T16:37:00.000Z;Oelde;RE;RE 6;6;89727;8004626;8004626%2021-12-25T16:37:00.000Z%,8000315,8002461,8000036,8000162,8000233,8000732,8004868,8000252,;602
2021-12-25T16:49:00.000Z;Oelde;RB;RB 69;69;89988;8004626;8004626%2021-12-25T16:49:00.000Z%,8004251,8000441,8002680,8000149,;426
2021-12-25T17:07:00.000Z;Oelde;RB;RB 69;69;89989;8004626;8004626%2021-12-25T17:07:00.000Z%,8000315,8002461,8003096,8000048,8000036,;426
2021-12-25T17:21:00.000Z;Oelde;RE;RE 6;6;89732;8004626;8004626%2021-12-25T17:21:00.000Z%,8004251,8000441,8002680,8000149,8003168,8000080,8000041,8006226,8000098,8000259,8000086,8000082,8000085,8000207,;602
2021-12-25T17:37:00.000Z;Oelde;RE;RE 6;6;89729;8004626;8004626%2021-12-25T17:37:00.000Z%,8000315,8002461,8000036,8000162,8000233,8000732,8004868,8000252,;602
2021-12-25T17:49:00.000Z;Oelde;RB;RB 69;69;89990;8004626;8004626%2021-12-25T17:49:00.000Z%,8004251,8000441,8002680,8000149,8001045,8003986,8001558,8005102,8002841,8000263,;426
2021-12-25T18:07:00.000Z;Oelde;RB;RB 69;69;89991;8004626;8004626%2021-12-25T18:07:00.000Z%,8000315,8002461,8003096,8000048,8000036,;426
2021-12-25T18:21:00.000Z;Oelde;RE;RE 6;6;89734;8004626;8004626%2021-12-25T18:21:00.000Z%,8004251,8000441,8002680,8000149,8003168,8000080,8000041,8006226,8000098,8000259,8000086,8000082,8000085,8000207,;602
2021-12-25T18:34:00.000Z;Oelde;RE;RE 6;6;89731;8004626;8004626%2021-12-25T18:34:00.000Z%,8000315,8002461,8000036,8000162,8000233,8000732,8004868,8000252,;602
2021-12-25T18:49:00.000Z;Oelde;RB;RB 69;69;89992;8004626;8004626%2021-12-25T18:49:00.000Z%,8004251,8000441,8002680,8000149,8001045,8003986,8001558,8005102,8002841,8000263,;426
2021-12-25T19:07:00.000Z;Oelde;RB;RB 69;69;89993;8004626;8004626%2021-12-25T19:07:00.000Z%,8000315,8002461,8003096,8000048,8000036,;426
2021-12-25T19:23:00.000Z;Oelde;RE;RE 6;6;89736;8004626;8004626%2021-12-25T19:23:00.000Z%,8004251,8000441,8002680,8000149,8003168,8000080,8000041,8006226,8000098,8000259,8000086,8000082,8000085,8000207,;602
2021-12-25T19:37:00.000Z;Oelde;RE;RE 6;6;89733;8004626;8004626%2021-12-25T19:37:00.000Z%,8000315,8002461,8000036,8000162,8000233,8000732,8004868,8000252,;602
2021-12-25T19:49:00.000Z;Oelde;RB;RB 69;69;89994;8004626;8004626%2021-12-25T19:49:00.000Z%,8004251,8000441,8002680,8000149,8001045,8003986,8001558,8005102,8002841,8000263,;426
2021-12-25T20:07:00.000Z;Oelde;RB;RB 69;69;89995;8004626;8004626%2021-12-25T20:07:00.000Z%,8000315,8002461,8003096,8000048,8000036,;426
2021-12-24T20:23:00.000Z;Oker;RB;RB 82;82;14135;8004665;8004665%2021-12-24T20:23:00.000Z%0,8000019,;426
2021-12-24T20:42:00.000Z;Oker;RB;RB 82;82;14136;8004665;8004665%2021-12-24T20:42:00.000Z%0,8000130,8003522,8000043,8000352,8000213,8005264,8000283,8004441,8000128,;426
2021-12-24T21:07:00.000Z;Oker;RB;RB 82;82;14137;8004665;8004665%2021-12-24T21:08:00.000Z%1,8000019,;426
2021-12-24T21:30:00.000Z;Oker;RB;RB 82;82;14138;8004665;8004665%2021-12-24T21:30:00.000Z%,8000130,8003522,8000043,8000352,8000213,;426
2021-12-25T06:23:00.000Z;Oker;RB;RB 82;82;14103;8004665;8004665%2021-12-25T06:23:00.000Z%,8000019,;426
2021-12-25T06:42:00.000Z;Oker;RB;RB 82;82;14106;8004665;8004665%2021-12-25T06:42:00.000Z%,8000130,8003522,8000043,8000352,8000213,8005264,8000283,8004441,8000128,;426
2021-12-25T07:07:00.000Z;Oker;RB;RB 82;82;14105;8004665;8004665%2021-12-25T07:07:00.000Z%,8000019,;426
2021-12-25T07:30:00.000Z;Oker;RB;RB 82;82;14110;8004665;8004665%2021-12-25T07:30:00.000Z%,8000130,8003522,8000043,8000352,8000213,;426
2021-12-25T08:23:00.000Z;Oker;RB;RB 82;82;14111;8004665;8004665%2021-12-25T08:23:00.000Z%,8000019,;426
2021-12-25T08:42:00.000Z;Oker;RB;RB 82;82;14112;8004665;8004665%2021-12-25T08:42:00.000Z%,8000130,8003522,8000043,8000352,8000213,8005264,8000283,8004441,8000128,;426
2021-12-25T09:07:00.000Z;Oker;RB;RB 82;82;14113;8004665;8004665%2021-12-25T09:07:00.000Z%,8000019,;426
2021-12-25T09:30:00.000Z;Oker;RB;RB 82;82;14114;8004665;8004665%2021-12-25T09:30:00.000Z%,8000130,8003522,8000043,8000352,8000213,;426
2021-12-25T10:23:00.000Z;Oker;RB;RB 82;82;14115;8004665;8004665%2021-12-25T10:23:00.000Z%,8000019,;426
2021-12-25T10:42:00.000Z;Oker;RB;RB 82;82;14116;8004665;8004665%2021-12-25T10:42:00.000Z%,8000130,8003522,8000043,8000352,8000213,8005264,8000283,8004441,8000128,;426
2021-12-25T11:07:00.000Z;Oker;RB;RB 82;82;14117;8004665;8004665%2021-12-25T11:07:00.000Z%,8000019,;426
2021-12-25T11:30:00.000Z;Oker;RB;RB 82;82;14118;8004665;8004665%2021-12-25T11:30:00.000Z%,8000130,8003522,8000043,8000352,8000213,;426
2021-12-25T12:23:00.000Z;Oker;RB;RB 82;82;14119;8004665;8004665%2021-12-25T12:23:00.000Z%,8000019,;426
2021-12-25T12:42:00.000Z;Oker;RB;RB 82;82;14120;8004665;8004665%2021-12-25T12:42:00.000Z%,8000130,8003522,8000043,8000352,8000213,8005264,8000283,8004441,8000128,;426
2021-12-25T13:07:00.000Z;Oker;RB;RB 82;82;14121;8004665;8004665%2021-12-25T13:07:00.000Z%,8000019,;426
2021-12-25T13:30:00.000Z;Oker;RB;RB 82;82;14122;8004665;8004665%2021-12-25T13:30:00.000Z%,8000130,8003522,8000043,8000352,8000213,;426
2021-12-25T14:23:00.000Z;Oker;RB;RB 82;82;14123;8004665;8004665%2021-12-25T14:23:00.000Z%,8000019,;426
2021-12-25T14:42:00.000Z;Oker;RB;RB 82;82;14124;8004665;8004665%2021-12-25T14:42:00.000Z%,8000130,8003522,8000043,8000352,8000213,8005264,8000283,8004441,8000128,;426
2021-12-25T15:07:00.000Z;Oker;RB;RB 82;82;14125;8004665;8004665%2021-12-25T15:07:00.000Z%,8000019,;426
2021-12-25T15:30:00.000Z;Oker;RB;RB 82;82;14126;8004665;8004665%2021-12-25T15:30:00.000Z%,8000130,8003522,8000043,8000352,8000213,;426
2021-12-25T16:23:00.000Z;Oker;RB;RB 82;82;14127;8004665;8004665%2021-12-25T16:23:00.000Z%,8000019,;426
2021-12-25T16:42:00.000Z;Oker;RB;RB 82;82;14128;8004665;8004665%2021-12-25T16:42:00.000Z%,8000130,8003522,8000043,8000352,8000213,8005264,8000283,8004441,8000128,;426
2021-12-25T17:07:00.000Z;Oker;RB;RB 82;82;14129;8004665;8004665%2021-12-25T17:07:00.000Z%,8000019,;426
2021-12-25T17:30:00.000Z;Oker;RB;RB 82;82;14130;8004665;8004665%2021-12-25T17:30:00.000Z%,8000130,8003522,8000043,8000352,8000213,;426
2021-12-25T18:23:00.000Z;Oker;RB;RB 82;82;14131;8004665;8004665%2021-12-25T18:23:00.000Z%,8000019,;426
2021-12-25T18:42:00.000Z;Oker;RB;RB 82;82;14132;8004665;8004665%2021-12-25T18:42:00.000Z%,8000130,8003522,8000043,8000352,8000213,8005264,8000283,8004441,8000128,;426
2021-12-25T19:07:00.000Z;Oker;RB;RB 82;82;14133;8004665;8004665%2021-12-25T19:07:00.000Z%,8000019,;426
2021-12-25T19:30:00.000Z;Oker;RB;RB 82;82;14134;8004665;8004665%2021-12-25T19:30:00.000Z%,8000130,8003522,8000043,8000352,8000213,;426
2021-12-24T20:12:00.000Z;Osterhofen(Nby);RE;RE 3;3;4086;8004700;8004700%2021-12-24T20:21:00.000Z%9,8006086,8000298,;602
2021-12-24T20:51:00.000Z;Osterhofen(Nby);RE;RE 3;3;4089;8004700;8004700%2021-12-24T20:51:00.000Z%0,8000301,8006181,8003506,8001466,8006537,8000217,8004084,8002078,8000261,;602
2021-12-24T21:12:00.000Z;Osterhofen(Nby);RE;RE 3;3;4088;8004700;8004700%2021-12-24T21:12:00.000Z%0,8006086,8000298,;602
2021-12-24T22:16:00.000Z;Osterhofen(Nby);RE;RE 3;3;4090;8004700;8004700%2021-12-24T22:16:00.000Z%0,8006086,8000298,;602
2021-12-24T22:44:00.000Z;Osterhofen(Nby);RE;RE 3;3;4091;8004700;8004700%2021-12-24T22:44:00.000Z%,8000301,8006181,8003506,8001466,8006537,8000217,;602
2021-12-25T00:05:00.000Z;Osterhofen(Nby);RE;RE 3;3;4092;8004700;8004700%2021-12-25T00:05:00.000Z%,8006086,8000298,;602
2021-12-25T04:48:00.000Z;Osterhofen(Nby);RE;RE 3;3;4053;8004700;8004700%2021-12-25T04:48:00.000Z%,8000301,8006181,8003506,8001466,8006537,8000217,8004084,8002078,8000261,;602
2021-12-25T05:52:00.000Z;Osterhofen(Nby);RE;RE 3;3;4057;8004700;8004700%2021-12-25T05:52:00.000Z%,8000301,8006181,8003506,8001466,8006537,8000217,8004084,8002078,8000261,;602
2021-12-25T06:51:00.000Z;Osterhofen(Nby);RE;RE 3;3;4061;8004700;8004700%2021-12-25T06:51:00.000Z%,8000301,8006181,8003506,8001466,8006537,8000217,8004084,8002078,8000261,;602
2021-12-25T07:12:00.000Z;Osterhofen(Nby);RE;RE 3;3;4058;8004700;8004700%2021-12-25T07:12:00.000Z%,8006086,8000298,;602
2021-12-25T07:51:00.000Z;Osterhofen(Nby);RE;RE 3;3;4063;8004700;8004700%2021-12-25T07:51:00.000Z%,8000301,8006181,8003506,8001466,8006537,8000217,8004084,8002078,8000261,;602
2021-12-25T08:12:00.000Z;Osterhofen(Nby);RE;RE 3;3;4060;8004700;8004700%2021-12-25T08:12:00.000Z%,8006086,8000298,;602
2021-12-25T08:44:00.000Z;Osterhofen(Nby);RE;RE 3;3;4065;8004700;8004700%2021-12-25T08:44:00.000Z%,8000301,8006181,8003506,8001466,8006537,8000217,8004084,8002078,8000261,;602
2021-12-25T09:14:00.000Z;Osterhofen(Nby);RE;RE 3;3;4062;8004700;8004700%2021-12-25T09:14:00.000Z%,8006086,8000298,;602
2021-12-25T09:51:00.000Z;Osterhofen(Nby);RE;RE 3;3;4067;8004700;8004700%2021-12-25T09:51:00.000Z%,8000301,8006181,8003506,8001466,8006537,8000217,8004084,8002078,8000261,;602
2021-12-25T10:12:00.000Z;Osterhofen(Nby);RE;RE 3;3;4064;8004700;8004700%2021-12-25T10:12:00.000Z%,8006086,8000298,;602
2021-12-25T10:44:00.000Z;Osterhofen(Nby);RE;RE 3;3;4069;8004700;8004700%2021-12-25T10:44:00.000Z%,8000301,8006181,8003506,8001466,8006537,8000217,8004084,8002078,8000261,;602
2021-12-25T11:14:00.000Z;Osterhofen(Nby);RE;RE 3;3;4066;8004700;8004700%2021-12-25T11:14:00.000Z%,8006086,8000298,;602
2021-12-25T11:44:00.000Z;Osterhofen(Nby);RE;RE 3;3;4071;8004700;8004700%2021-12-25T11:44:00.000Z%,8000301,8006181,8003506,8001466,8006537,8000217,8004084,8002078,8000261,;602
2021-12-25T12:12:00.000Z;Osterhofen(Nby);RE;RE 3;3;4068;8004700;8004700%2021-12-25T12:12:00.000Z%,8006086,8000298,;602
2021-12-25T12:44:00.000Z;Osterhofen(Nby);RE;RE 3;3;4073;8004700;8004700%2021-12-25T12:44:00.000Z%,8000301,8006181,8003506,8001466,8006537,8000217,8004084,8002078,8000261,;602
2021-12-25T13:14:00.000Z;Osterhofen(Nby);RE;RE 3;3;4070;8004700;8004700%2021-12-25T13:14:00.000Z%,8006086,8000298,;602
2021-12-25T13:51:00.000Z;Osterhofen(Nby);RE;RE 3;3;4075;8004700;8004700%2021-12-25T13:51:00.000Z%,8000301,8006181,8003506,8001466,8006537,8000217,8004084,8002078,8000261,;602
2021-12-25T14:14:00.000Z;Osterhofen(Nby);RE;RE 3;3;4072;8004700;8004700%2021-12-25T14:14:00.000Z%,8006086,8000298,;602
2021-12-25T14:44:00.000Z;Osterhofen(Nby);RE;RE 3;3;4077;8004700;8004700%2021-12-25T14:44:00.000Z%,8000301,8006181,8003506,8001466,8006537,8000217,8004084,8002078,8000261,;602
2021-12-25T15:14:00.000Z;Osterhofen(Nby);RE;RE 3;3;4074;8004700;8004700%2021-12-25T15:14:00.000Z%,8006086,8000298,;602
2021-12-25T15:51:00.000Z;Osterhofen(Nby);RE;RE 3;3;4079;8004700;8004700%2021-12-25T15:51:00.000Z%,8000301,8006181,8003506,8001466,8006537,8000217,8004084,8002078,8000261,;602
2021-12-25T16:12:00.000Z;Osterhofen(Nby);RE;RE 3;3;4076;8004700;8004700%2021-12-25T16:12:00.000Z%,8006086,8000298,;602
2021-12-25T16:44:00.000Z;Osterhofen(Nby);RE;RE 3;3;4081;8004700;8004700%2021-12-25T16:44:00.000Z%,8000301,8006181,8003506,8001466,8006537,8000217,8004084,8002078,8000261,;602
2021-12-25T17:14:00.000Z;Osterhofen(Nby);RE;RE 3;3;4078;8004700;8004700%2021-12-25T17:14:00.000Z%,8006086,8000298,;602
2021-12-25T17:51:00.000Z;Osterhofen(Nby);RE;RE 3;3;4083;8004700;8004700%2021-12-25T17:51:00.000Z%,8000301,8006181,8003506,8001466,8006537,8000217,8004084,8002078,8000261,;602
2021-12-25T18:12:00.000Z;Osterhofen(Nby);RE;RE 3;3;4082;8004700;8004700%2021-12-25T18:12:00.000Z%,8006086,8000298,;602
2021-12-25T18:44:00.000Z;Osterhofen(Nby);RE;RE 3;3;4085;8004700;8004700%2021-12-25T18:44:00.000Z%,8000301,8006181,8003506,8001466,8006537,8000217,8004084,8002078,8000261,;602
2021-12-25T19:14:00.000Z;Osterhofen(Nby);RE;RE 3;3;4084;8004700;8004700%2021-12-25T19:14:00.000Z%,8006086,8000298,;602
2021-12-25T19:51:00.000Z;Osterhofen(Nby);RE;RE 3;3;4087;8004700;8004700%2021-12-25T19:51:00.000Z%,8000301,8006181,8003506,8001466,8006537,8000217,8004084,8002078,8000261,;602
2021-12-24T20:50:00.000Z;Osterholz-Scharmbeck;RE;RE 8;8;4437;8004702;8004702%2021-12-24T20:50:00.000Z%0,8000050,8001160,8000413,8006076,8001489,8001949,8000279,8004322,8000268,8000152,;602
2021-12-24T21:10:00.000Z;Osterholz-Scharmbeck;RE;RE 8;8;4432;8004702;8004702%2021-12-24T21:11:00.000Z%1,8000051,8001168,;602
2021-12-25T06:50:00.000Z;Osterholz-Scharmbeck;RE;RE 8;8;4409;8004702;8004702%2021-12-25T06:50:00.000Z%,8000050,8001160,8000413,8006076,8001489,8001949,8000279,8004322,8000268,8000152,;602
2021-12-25T07:10:00.000Z;Osterholz-Scharmbeck;RE;RE 8;8;4404;8004702;8004702%2021-12-25T07:10:00.000Z%,8000051,8001168,;602
2021-12-25T07:50:00.000Z;Osterholz-Scharmbeck;RE;RE 9;9;4455;8004702;8004702%2021-12-25T07:50:00.000Z%,8000050,8003292,8005809,8000354,8005929,8000807,8001443,8003632,8001071,8000294,;602
2021-12-25T08:10:00.000Z;Osterholz-Scharmbeck;RE;RE 9;9;4452;8004702;8004702%2021-12-25T08:10:00.000Z%,8000051,8001168,;602
2021-12-25T08:50:00.000Z;Osterholz-Scharmbeck;RE;RE 8;8;4413;8004702;8004702%2021-12-25T08:50:00.000Z%,8000050,8001160,8000413,8006076,8001489,8001949,8000279,8004322,8000268,8000152,;602
2021-12-25T09:10:00.000Z;Osterholz-Scharmbeck;RE;RE 8;8;4408;8004702;8004702%2021-12-25T09:10:00.000Z%,8000051,8001168,;602
2021-12-25T09:35:00.000Z;Osterholz-Scharmbeck;IC;IC 2201;35;2201;8004702;8004702%2021-12-25T09:35:00.000Z%,8000050,8000294,8000263,8000307,8000192,8000118,8000286,8000086,8000085,8000207,;468
2021-12-25T09:50:00.000Z;Osterholz-Scharmbeck;RE;RE 9;9;4457;8004702;8004702%2021-12-25T09:50:00.000Z%,8000050,8003292,8005809,8000354,8005929,8000807,8001443,8003632,8001071,8000294,;602
2021-12-25T10:10:00.000Z;Osterholz-Scharmbeck;RE;RE 9;9;4454;8004702;8004702%2021-12-25T10:10:00.000Z%,8000051,8001168,;602
2021-12-25T10:50:00.000Z;Osterholz-Scharmbeck;RE;RE 8;8;4417;8004702;8004702%2021-12-25T10:50:00.000Z%,8000050,8001160,8000413,8006076,8001489,8001949,8000279,8004322,8000268,8000152,;602
2021-12-25T11:10:00.000Z;Osterholz-Scharmbeck;RE;RE 8;8;4412;8004702;8004702%2021-12-25T11:10:00.000Z%,8000051,8001168,;602
2021-12-25T11:50:00.000Z;Osterholz-Scharmbeck;RE;RE 9;9;4459;8004702;8004702%2021-12-25T11:50:00.000Z%,8000050,8003292,8005809,8000354,8005929,8000807,8001443,8003632,8001071,8000294,;602
2021-12-25T12:10:00.000Z;Osterholz-Scharmbeck;RE;RE 9;9;4456;8004702;8004702%2021-12-25T12:10:00.000Z%,8000051,8001168,;602
2021-12-25T12:50:00.000Z;Osterholz-Scharmbeck;RE;RE 8;8;4421;8004702;8004702%2021-12-25T12:50:00.000Z%,8000050,8001160,8000413,8006076,8001489,8001949,8000279,8004322,8000268,8000152,;602
2021-12-25T13:10:00.000Z;Osterholz-Scharmbeck;RE;RE 8;8;4416;8004702;8004702%2021-12-25T13:10:00.000Z%,8000051,8001168,;602
2021-12-25T13:50:00.000Z;Osterholz-Scharmbeck;RE;RE 9;9;4461;8004702;8004702%2021-12-25T13:50:00.000Z%,8000050,8001157,8003292,8005809,8000354,8005929,8000807,8001443,8003632,8001071,8000294,;602
2021-12-25T14:10:00.000Z;Osterholz-Scharmbeck;RE;RE 9;9;4458;8004702;8004702%2021-12-25T14:10:00.000Z%,8000051,8001168,;602
2021-12-25T14:24:00.000Z;Osterholz-Scharmbeck;IC;IC 2202;35;2202;8004702;8004702%2021-12-25T14:24:00.000Z%,8000051,8001168,;468
2021-12-25T14:50:00.000Z;Osterholz-Scharmbeck;RE;RE 8;8;4425;8004702;8004702%2021-12-25T14:50:00.000Z%,8000050,8001160,8000413,8006076,8001489,8001949,8000279,8004322,8000268,8000152,;602
2021-12-25T15:10:00.000Z;Osterholz-Scharmbeck;RE;RE 8;8;4420;8004702;8004702%2021-12-25T15:10:00.000Z%,8000051,8001168,;602
2021-12-25T15:50:00.000Z;Osterholz-Scharmbeck;RE;RE 9;9;4463;8004702;8004702%2021-12-25T15:50:00.000Z%,8000050,8003292,8005809,8000354,8005929,8000807,8001443,8003632,8001071,8000294,;602
2021-12-25T16:10:00.000Z;Osterholz-Scharmbeck;RE;RE 9;9;4460;8004702;8004702%2021-12-25T16:10:00.000Z%,8000051,8001168,;602
2021-12-25T16:50:00.000Z;Osterholz-Scharmbeck;RE;RE 8;8;4429;8004702;8004702%2021-12-25T16:50:00.000Z%,8000050,8001160,8000413,8006076,8001489,8001949,8000279,8004322,8000268,8000152,;602
2021-12-25T17:10:00.000Z;Osterholz-Scharmbeck;RE;RE 8;8;4424;8004702;8004702%2021-12-25T17:10:00.000Z%,8000051,8001168,;602
2021-12-25T17:50:00.000Z;Osterholz-Scharmbeck;RE;RE 9;9;4465;8004702;8004702%2021-12-25T17:50:00.000Z%,8000050,8003292,8005809,8000354,8005929,8000807,8001443,8003632,8001071,8000294,;602
2021-12-25T18:10:00.000Z;Osterholz-Scharmbeck;RE;RE 9;9;4462;8004702;8004702%2021-12-25T18:10:00.000Z%,8000051,8001168,;602
2021-12-25T18:50:00.000Z;Osterholz-Scharmbeck;RE;RE 8;8;4433;8004702;8004702%2021-12-25T18:50:00.000Z%,8000050,8001160,8000413,8006076,8001489,8001949,8000279,8004322,8000268,8000152,;602
2021-12-25T19:10:00.000Z;Osterholz-Scharmbeck;RE;RE 8;8;4428;8004702;8004702%2021-12-25T19:10:00.000Z%,8000051,8001168,;602
2021-12-25T19:50:00.000Z;Osterholz-Scharmbeck;RE;RE 9;9;4467;8004702;8004702%2021-12-25T19:50:00.000Z%,8000050,8003292,8005809,8000354,8005929,8000807,8001443,8003632,8001071,8000294,;602
2021-12-25T20:10:00.000Z;Osterholz-Scharmbeck;RE;RE 9;9;4464;8004702;8004702%2021-12-25T20:10:00.000Z%,8000051,8001168,;602
2021-12-24T20:55:00.000Z;Ostheim(b Butzbach);RB;RB 49;49;15099;8004712;8004712%2021-12-24T20:55:00.000Z%0,8000728,8000111,8000632,8000158,8004713,8001199,8002572,8000150,;426
2021-12-24T20:59:00.000Z;Ostheim(b Butzbach);RB;RB 49;49;15094;8004712;8004712%2021-12-24T21:00:00.000Z%1,8001312,8003262,8003520,8002410,8000124,;426
2021-12-24T21:54:00.000Z;Ostheim(b Butzbach);RB;RB 49;49;15157;8004712;8004712%2021-12-24T21:54:00.000Z%,8000728,8000111,8000632,8000158,8004713,8001199,8002572,8000150,;426
2021-12-24T22:08:00.000Z;Ostheim(b Butzbach);RB;RB 41;41;15034;8004712;8004712%2021-12-24T22:08:00.000Z%,8001312,8003262,8003520,8002410,8000124,8002269,8000234,8002100,8002134,8004417,8004420,8003856,8000337,;426
2021-12-24T22:08:00.000Z;Ostheim(b Butzbach);RB;RB 40;40;15134;8004712;8004712%2021-12-24T22:08:00.000Z%,8001312,8003262,8003520,8002410,8000124,8001618,8000383,8000633,8006340,8001694,8003213,8001668,8005577,8000161,8001271,8004405,8000074,;426
2021-12-24T22:33:00.000Z;Ostheim(b Butzbach);RB;RB 41;41;15035;8004712;8004712%2021-12-24T22:33:00.000Z%,8000728,8000111,8002042,8000105,;426
2021-12-24T22:59:00.000Z;Ostheim(b Butzbach);RB;RB 49;49;15096;8004712;8004712%2021-12-24T22:59:00.000Z%,8001312,8003262,8003520,8002410,8000124,;426
2021-12-24T23:43:00.000Z;Ostheim(b Butzbach);RB;RB 40;40;15137;8004712;8004712%2021-12-24T23:43:00.000Z%,8000728,8000111,8000760,8002042,8000105,;426
2021-12-25T00:43:00.000Z;Ostheim(b Butzbach);RB;RB 41;41;15037;8004712;8004712%2021-12-25T00:43:00.000Z%,8000728,8000111,8000760,8002042,8000105,;426
2021-12-25T01:00:00.000Z;Ostheim(b Butzbach);RB;RB 41;41;15138;8004712;8004712%2021-12-25T01:00:00.000Z%,8001312,8003262,8003520,8002410,8000124,8002269,8000234,8002100,8002134,8004417,8004420,8003856,8000337,;426
2021-12-25T01:32:00.000Z;Ostheim(b Butzbach);RB;RB 41;41;15038;8004712;8004712%2021-12-25T01:32:00.000Z%,8001312,8003262,8003520,8002410,8000124,8002269,8000234,8002100,8002134,8004417,8004420,8003856,8000337,;426
2021-12-25T02:25:00.000Z;Ostheim(b Butzbach);RB;RB 41;41;15058;8004712;8004712%2021-12-25T02:25:00.000Z%,8001312,8003262,8003520,8002410,8000124,;426
2021-12-25T03:49:00.000Z;Ostheim(b Butzbach);RB;RB 41;41;15039;8004712;8004712%2021-12-25T03:49:00.000Z%,8000728,8000111,8000760,8002042,8000105,;426
2021-12-25T04:43:00.000Z;Ostheim(b Butzbach);RE;RE 30;30;4170;8004712;8004712%2021-12-25T04:43:00.000Z%,8001312,8003262,8003520,8002410,8000124,8000337,8000435,8005661,8004328,8000129,8001098,8000368,8003200,8000193,;602
2021-12-25T04:54:00.000Z;Ostheim(b Butzbach);RB;RB 49;49;15153;8004712;8004712%2021-12-25T04:54:00.000Z%,8000728,8000111,;426
2021-12-25T05:48:00.000Z;Ostheim(b Butzbach);RB;RB 41;41;15043;8004712;8004712%2021-12-25T05:48:00.000Z%,8000728,8000111,8000760,8002042,8000105,;426
2021-12-25T05:48:00.000Z;Ostheim(b Butzbach);RB;RB 40;40;15101;8004712;8004712%2021-12-25T05:48:00.000Z%,8000728,8000111,8000760,8002042,8000105,;426
2021-12-25T05:59:00.000Z;Ostheim(b Butzbach);RB;RB 49;49;15072;8004712;8004712%2021-12-25T05:59:00.000Z%,8001312,8003262,8003520,8002410,8000124,;426
2021-12-25T06:54:00.000Z;Ostheim(b Butzbach);RB;RB 49;49;15075;8004712;8004712%2021-12-25T06:54:00.000Z%,8000728,8000111,8000632,8000158,8004713,8001199,8002572,8000150,;426
2021-12-25T07:06:00.000Z;Ostheim(b Butzbach);RB;RB 49;49;15074;8004712;8004712%2021-12-25T07:06:00.000Z%,8001312,8003262,8003520,8002410,8000124,;426
2021-12-25T07:47:00.000Z;Ostheim(b Butzbach);RB;RB 40;40;15105;8004712;8004712%2021-12-25T07:47:00.000Z%,8000728,8000111,8000760,8002042,8000105,;426
2021-12-25T08:08:00.000Z;Ostheim(b Butzbach);RB;RB 41;41;15006;8004712;8004712%2021-12-25T08:08:00.000Z%,8001312,8003262,8003520,8002410,8000124,8002269,8000234,8002100,8002134,8004417,8004420,8003856,8000337,;426
2021-12-25T08:08:00.000Z;Ostheim(b Butzbach);RB;RB 40;40;15106;8004712;8004712%2021-12-25T08:08:00.000Z%,8001312,8003262,8003520,8002410,8000124,8001618,8000383,8000633,8006340,8001694,8003213,8001668,8005577,8000161,8001271,8004405,8000074,;426
2021-12-25T08:54:00.000Z;Ostheim(b Butzbach);RB;RB 49;49;15077;8004712;8004712%2021-12-25T08:54:00.000Z%,8000728,8000111,8000632,8000158,8004713,8001199,8002572,8000150,;426
2021-12-25T09:06:00.000Z;Ostheim(b Butzbach);RB;RB 49;49;15076;8004712;8004712%2021-12-25T09:06:00.000Z%,8001312,8003262,8003520,8002410,8000124,;426
2021-12-25T09:48:00.000Z;Ostheim(b Butzbach);RB;RB 41;41;15009;8004712;8004712%2021-12-25T09:48:00.000Z%,8000728,8000111,8000760,8002042,8000105,;426
2021-12-25T09:48:00.000Z;Ostheim(b Butzbach);RB;RB 40;40;15109;8004712;8004712%2021-12-25T09:48:00.000Z%,8000728,8000111,8000760,8002042,8000105,;426
2021-12-25T10:08:00.000Z;Ostheim(b Butzbach);RB;RB 41;41;15010;8004712;8004712%2021-12-25T10:08:00.000Z%,8001312,8003262,8003520,8002410,8000124,8002269,8000234,8002100,8002134,8004417,8004420,8003856,8000337,;426
2021-12-25T10:08:00.000Z;Ostheim(b Butzbach);RB;RB 40;40;15110;8004712;8004712%2021-12-25T10:08:00.000Z%,8001312,8003262,8003520,8002410,8000124,8001618,8000383,8000633,8006340,8001694,8003213,8001668,8005577,8000161,8001271,8004405,8000074,;426
2021-12-25T10:54:00.000Z;Ostheim(b Butzbach);RB;RB 49;49;15079;8004712;8004712%2021-12-25T10:54:00.000Z%,8000728,8000111,8000632,8000158,8004713,8001199,8002572,8000150,;426
2021-12-25T11:06:00.000Z;Ostheim(b Butzbach);RB;RB 49;49;15078;8004712;8004712%2021-12-25T11:06:00.000Z%,8001312,8003262,8003520,8002410,8000124,;426
2021-12-25T11:48:00.000Z;Ostheim(b Butzbach);RB;RB 41;41;15013;8004712;8004712%2021-12-25T11:48:00.000Z%,8000728,8000111,8000760,8002042,8000105,;426
2021-12-25T11:48:00.000Z;Ostheim(b Butzbach);RB;RB 40;40;15113;8004712;8004712%2021-12-25T11:48:00.000Z%,8000728,8000111,8000760,8002042,8000105,;426
2021-12-25T12:08:00.000Z;Ostheim(b Butzbach);RB;RB 41;41;15014;8004712;8004712%2021-12-25T12:08:00.000Z%,8001312,8003262,8003520,8002410,8000124,8002269,8000234,8002100,8002134,8004417,8004420,8003856,8000337,;426
2021-12-25T12:08:00.000Z;Ostheim(b Butzbach);RB;RB 40;40;15114;8004712;8004712%2021-12-25T12:08:00.000Z%,8001312,8003262,8003520,8002410,8000124,8001618,8000383,8000633,8006340,8001694,8003213,8001668,8005577,8000161,8001271,8004405,8000074,;426
2021-12-25T12:54:00.000Z;Ostheim(b Butzbach);RB;RB 49;49;15083;8004712;8004712%2021-12-25T12:54:00.000Z%,8000728,8000111,8000632,8000158,8004713,8001199,8002572,8000150,;426
2021-12-25T13:06:00.000Z;Ostheim(b Butzbach);RB;RB 49;49;15080;8004712;8004712%2021-12-25T13:06:00.000Z%,8001312,8003262,8003520,8002410,8000124,;426
2021-12-25T13:48:00.000Z;Ostheim(b Butzbach);RB;RB 41;41;15017;8004712;8004712%2021-12-25T13:48:00.000Z%,8000728,8000111,8000760,8002042,8000105,;426
2021-12-25T13:48:00.000Z;Ostheim(b Butzbach);RB;RB 40;40;15117;8004712;8004712%2021-12-25T13:48:00.000Z%,8000728,8000111,8000760,8002042,8000105,;426
2021-12-25T14:08:00.000Z;Ostheim(b Butzbach);RB;RB 41;41;15018;8004712;8004712%2021-12-25T14:08:00.000Z%,8001312,8003262,8003520,8002410,8000124,8002269,8000234,8002100,8002134,8004417,8004420,8003856,8000337,;426
2021-12-25T14:08:00.000Z;Ostheim(b Butzbach);RB;RB 40;40;15118;8004712;8004712%2021-12-25T14:08:00.000Z%,8001312,8003262,8003520,8002410,8000124,8001618,8000383,8000633,8006340,8001694,8003213,8001668,8005577,8000161,8001271,8004405,8000074,;426
2021-12-25T14:54:00.000Z;Ostheim(b Butzbach);RB;RB 49;49;15089;8004712;8004712%2021-12-25T14:54:00.000Z%,8000728,8000111,8000632,8000158,8004713,8001199,8002572,8000150,;426
2021-12-25T15:06:00.000Z;Ostheim(b Butzbach);RB;RB 49;49;15086;8004712;8004712%2021-12-25T15:06:00.000Z%,8001312,8003262,8003520,8002410,8000124,;426
2021-12-25T15:48:00.000Z;Ostheim(b Butzbach);RB;RB 41;41;15021;8004712;8004712%2021-12-25T15:48:00.000Z%,8000728,8000111,8000760,8002042,8000105,;426
2021-12-25T15:48:00.000Z;Ostheim(b Butzbach);RB;RB 40;40;15121;8004712;8004712%2021-12-25T15:48:00.000Z%,8000728,8000111,8000760,8002042,8000105,;426
2021-12-25T16:08:00.000Z;Ostheim(b Butzbach);RB;RB 41;41;15022;8004712;8004712%2021-12-25T16:08:00.000Z%,8001312,8003262,8003520,8002410,8000124,8002269,8000234,8002100,8002134,8004417,8004420,8003856,8000337,;426
2021-12-25T16:08:00.000Z;Ostheim(b Butzbach);RB;RB 40;40;15122;8004712;8004712%2021-12-25T16:08:00.000Z%,8001312,8003262,8003520,8002410,8000124,8001618,8000383,8000633,8006340,8001694,8003213,8001668,8005577,8000161,8001271,8004405,8000074,;426
2021-12-25T16:54:00.000Z;Ostheim(b Butzbach);RB;RB 49;49;15095;8004712;8004712%2021-12-25T16:54:00.000Z%,8000728,8000111,8000632,8000158,8004713,8001199,8002572,8000150,;426
2021-12-25T17:06:00.000Z;Ostheim(b Butzbach);RB;RB 49;49;15088;8004712;8004712%2021-12-25T17:06:00.000Z%,8001312,8003262,8003520,8002410,8000124,;426
2021-12-25T17:48:00.000Z;Ostheim(b Butzbach);RB;RB 41;41;15025;8004712;8004712%2021-12-25T17:48:00.000Z%,8000728,8000111,8000760,8002042,8000105,;426
2021-12-25T17:48:00.000Z;Ostheim(b Butzbach);RB;RB 40;40;15125;8004712;8004712%2021-12-25T17:48:00.000Z%,8000728,8000111,8000760,8002042,8000105,;426
2021-12-25T18:08:00.000Z;Ostheim(b Butzbach);RB;RB 41;41;15026;8004712;8004712%2021-12-25T18:08:00.000Z%,8001312,8003262,8003520,8002410,8000124,8002269,8000234,8002100,8002134,8004417,8004420,8003856,8000337,;426
2021-12-25T18:08:00.000Z;Ostheim(b Butzbach);RB;RB 40;40;15126;8004712;8004712%2021-12-25T18:08:00.000Z%,8001312,8003262,8003520,8002410,8000124,8001618,8000383,8000633,8006340,8001694,8003213,8001668,8005577,8000161,8001271,8004405,8000074,;426
2021-12-25T18:54:00.000Z;Ostheim(b Butzbach);RB;RB 49;49;15097;8004712;8004712%2021-12-25T18:54:00.000Z%,8000728,8000111,8000632,8000158,8004713,8001199,8002572,8000150,;426
2021-12-25T19:06:00.000Z;Ostheim(b Butzbach);RB;RB 49;49;15090;8004712;8004712%2021-12-25T19:06:00.000Z%,8001312,8003262,8003520,8002410,8000124,;426
2021-12-25T19:50:00.000Z;Ostheim(b Butzbach);RB;RB 41;41;15029;8004712;8004712%2021-12-25T19:50:00.000Z%,8000728,8000111,8000760,8002042,8000105,;426
2021-12-25T19:50:00.000Z;Ostheim(b Butzbach);RB;RB 40;40;15129;8004712;8004712%2021-12-25T19:50:00.000Z%,8000728,8000111,8000760,8002042,8000105,;426
2021-12-25T20:08:00.000Z;Ostheim(b Butzbach);RB;RB 41;41;15030;8004712;8004712%2021-12-25T20:08:00.000Z%,8001312,8003262,8003520,8002410,8000124,8002269,8000234,8002100,8002134,8004417,8004420,8003856,8000337,;426
2021-12-25T20:08:00.000Z;Ostheim(b Butzbach);RB;RB 40;40;15130;8004712;8004712%2021-12-25T20:08:00.000Z%,8001312,8003262,8003520,8002410,8000124,8001618,8000383,8000633,8006340,8001694,8003213,8001668,8005577,8000161,8001271,8004405,8000074,;426
2021-12-25T06:53:00.000Z;Worms-Pfeddersheim;RB;RB 35;35;13832;8004788;8004788%2021-12-25T06:53:00.000Z%,8000663,8004345,8002473,8001813,8000558,8000007,8000468,8000602,8006183,8002191,8005637,8006312,8000121,8000976,;426
2021-12-25T07:04:00.000Z;Worms-Pfeddersheim;RB;RB 35;35;13831;8004788;8004788%2021-12-25T07:04:00.000Z%,8000257,;426
2021-12-25T07:55:00.000Z;Worms-Pfeddersheim;RB;RB 35;35;13834;8004788;8004788%2021-12-25T07:55:00.000Z%,8000663,8004345,8002473,8001813,8000558,8000007,8000468,8000602,8006183,8002191,8005637,8006312,8000121,8000976,;426
2021-12-25T08:03:00.000Z;Worms-Pfeddersheim;RB;RB 35;35;13833;8004788;8004788%2021-12-25T08:03:00.000Z%,8000257,;426
2021-12-25T08:55:00.000Z;Worms-Pfeddersheim;RB;RB 35;35;13836;8004788;8004788%2021-12-25T08:55:00.000Z%,8000663,8004345,8002473,8001813,8000558,8000007,8000468,8000602,8006183,8002191,8005637,8006312,8000121,8000976,;426
2021-12-25T09:03:00.000Z;Worms-Pfeddersheim;RB;RB 35;35;13837;8004788;8004788%2021-12-25T09:03:00.000Z%,8000257,;426
2021-12-25T09:55:00.000Z;Worms-Pfeddersheim;RB;RB 35;35;13838;8004788;8004788%2021-12-25T09:55:00.000Z%,8000663,8004345,8002473,8001813,8000558,8000007,8000468,8000602,8006183,8002191,8005637,8006312,8000121,8000976,;426
2021-12-25T10:03:00.000Z;Worms-Pfeddersheim;RB;RB 35;35;13839;8004788;8004788%2021-12-25T10:03:00.000Z%,8000257,;426
2021-12-25T10:55:00.000Z;Worms-Pfeddersheim;RB;RB 35;35;13840;8004788;8004788%2021-12-25T10:55:00.000Z%,8000663,8004345,8002473,8001813,8000558,8000007,8000468,8000602,8006183,8002191,8005637,8006312,8000121,8000976,;426
2021-12-25T11:03:00.000Z;Worms-Pfeddersheim;RB;RB 35;35;13841;8004788;8004788%2021-12-25T11:03:00.000Z%,8000257,;426
2021-12-25T11:55:00.000Z;Worms-Pfeddersheim;RB;RB 35;35;13842;8004788;8004788%2021-12-25T11:55:00.000Z%,8000663,8004345,8002473,8001813,8000558,8000007,8000468,8000602,8006183,8002191,8005637,8006312,8000121,8000976,;426
2021-12-25T12:03:00.000Z;Worms-Pfeddersheim;RB;RB 35;35;13843;8004788;8004788%2021-12-25T12:03:00.000Z%,8000257,;426
2021-12-25T12:55:00.000Z;Worms-Pfeddersheim;RB;RB 35;35;13848;8004788;8004788%2021-12-25T12:55:00.000Z%,8000663,8004345,8002473,8001813,8000558,8000007,8000468,8000602,8006183,8002191,8005637,8006312,8000121,8000976,;426
2021-12-25T13:04:00.000Z;Worms-Pfeddersheim;RB;RB 35;35;13847;8004788;8004788%2021-12-25T13:04:00.000Z%,8000257,;426
2021-12-25T13:55:00.000Z;Worms-Pfeddersheim;RB;RB 35;35;13852;8004788;8004788%2021-12-25T13:55:00.000Z%,8000663,8004345,8002473,8001813,8000558,8000007,8000468,8000602,8006183,8002191,8005637,8006312,8000121,8000976,;426
2021-12-25T14:03:00.000Z;Worms-Pfeddersheim;RB;RB 35;35;13851;8004788;8004788%2021-12-25T14:03:00.000Z%,8000257,;426
2021-12-25T14:55:00.000Z;Worms-Pfeddersheim;RB;RB 35;35;13856;8004788;8004788%2021-12-25T14:55:00.000Z%,8000663,8004345,8002473,8001813,8000558,8000007,8000468,8000602,8006183,8002191,8005637,8006312,8000121,8000976,;426
2021-12-25T15:03:00.000Z;Worms-Pfeddersheim;RB;RB 35;35;13855;8004788;8004788%2021-12-25T15:03:00.000Z%,8000257,;426
2021-12-25T15:55:00.000Z;Worms-Pfeddersheim;RB;RB 35;35;13862;8004788;8004788%2021-12-25T15:55:00.000Z%,8000663,8004345,8002473,8001813,8000558,8000007,8000468,8000602,8006183,8002191,8005637,8006312,8000121,8000976,;426
2021-12-25T16:04:00.000Z;Worms-Pfeddersheim;RB;RB 35;35;13859;8004788;8004788%2021-12-25T16:04:00.000Z%,8000257,;426
2021-12-25T16:55:00.000Z;Worms-Pfeddersheim;RB;RB 35;35;13866;8004788;8004788%2021-12-25T16:55:00.000Z%,8000663,8004345,8002473,8001813,8000558,8000007,8000468,8000602,8006183,8002191,8005637,8006312,8000121,8000976,;426
2021-12-25T17:03:00.000Z;Worms-Pfeddersheim;RB;RB 35;35;13863;8004788;8004788%2021-12-25T17:03:00.000Z%,8000257,;426
2021-12-25T17:55:00.000Z;Worms-Pfeddersheim;RB;RB 35;35;13872;8004788;8004788%2021-12-25T17:55:00.000Z%,8000663,8004345,8002473,8001813,8000558,8000007,8000468,8000602,8006183,8002191,8005637,8006312,8000121,8000976,;426
2021-12-25T18:03:00.000Z;Worms-Pfeddersheim;RB;RB 35;35;13867;8004788;8004788%2021-12-25T18:03:00.000Z%,8000257,;426
2021-12-25T18:55:00.000Z;Worms-Pfeddersheim;RB;RB 35;35;13876;8004788;8004788%2021-12-25T18:55:00.000Z%,8000663,8004345,8002473,8001813,8000558,8000007,8000468,8000602,8006183,8002191,8005637,8006312,8000121,8000976,;426
2021-12-25T19:03:00.000Z;Worms-Pfeddersheim;RB;RB 35;35;13869;8004788;8004788%2021-12-25T19:03:00.000Z%,8000257,;426
2021-12-25T19:55:00.000Z;Worms-Pfeddersheim;RB;RB 35;35;13878;8004788;8004788%2021-12-25T19:55:00.000Z%,8000663,8004345,8002473,8001813,8000558,8000007,;426
2021-12-25T20:03:00.000Z;Worms-Pfeddersheim;RB;RB 35;35;13871;8004788;8004788%2021-12-25T20:03:00.000Z%,8000257,;426
2021-12-24T21:54:00.000Z;Pforzheim-Weißenstein;RB;RB 74;74;17959;8004801;8004801%2021-12-24T21:54:00.000Z%,8006008,8004077,8000721,8002852,8000063,8000757,8006432,8004196,8004201,8004195,8004202,8000389,8001944,8000177,;426
2021-12-24T22:21:00.000Z;Pforzheim-Weißenstein;RB;RB 74;74;17960;8004801;8004801%2021-12-24T22:21:00.000Z%,8004799,8004804,8000299,;426
2021-12-24T22:59:00.000Z;Pforzheim-Weißenstein;RB;RB 74;74;17961;8004801;8004801%2021-12-24T22:59:00.000Z%,8006008,8004077,8000721,8002852,8000063,8000757,8006432,8004196,8004201,;426
2021-12-25T00:21:00.000Z;Pforzheim-Weißenstein;RB;RB 74;74;17962;8004801;8004801%2021-12-25T00:21:00.000Z%,8004799,8004804,8000299,;426
2021-12-25T05:45:00.000Z;Pforzheim-Weißenstein;RB;RB 74;74;17905;8004801;8004801%2021-12-25T05:45:00.000Z%,8006008,8004077,8000721,8002852,8000063,8000757,8006432,8004196,8004201,8004195,8004202,8000389,8001944,8000177,8004104,8001946,8000959,8005197,8003248,8000141,;426
2021-12-25T06:50:00.000Z;Pforzheim-Weißenstein;RB;RB 74;74;17978;8004801;8004801%2021-12-25T06:50:00.000Z%,8004799,8004804,8000299,;426
2021-12-25T07:45:00.000Z;Pforzheim-Weißenstein;RB;RB 74;74;17915;8004801;8004801%2021-12-25T07:45:00.000Z%,8006008,8004077,8000721,8002852,8000063,8000757,8006432,8004196,8004201,8004195,8004202,8000389,8001944,8000177,8004104,8001946,8000959,8005197,8003248,8000141,;426
2021-12-25T08:14:00.000Z;Pforzheim-Weißenstein;RB;RB 74;74;17914;8004801;8004801%2021-12-25T08:14:00.000Z%,8004799,8004804,8000299,;426
2021-12-25T08:46:00.000Z;Pforzheim-Weißenstein;RB;RB 74;74;17917;8004801;8004801%2021-12-25T08:46:00.000Z%,8006008,8004077,8000721,8002852,8000063,8000757,8006432,8004196,8004201,8004195,8004202,8000389,8001944,8000177,;426
2021-12-25T09:14:00.000Z;Pforzheim-Weißenstein;RB;RB 74;74;17920;8004801;8004801%2021-12-25T09:14:00.000Z%,8004799,8004804,8000299,;426
2021-12-25T09:45:00.000Z;Pforzheim-Weißenstein;RB;RB 74;74;17919;8004801;8004801%2021-12-25T09:45:00.000Z%,8006008,8004077,8000721,8002852,8000063,8000757,8006432,8004196,8004201,8004195,8004202,8000389,8001944,8000177,8004104,8001946,8000959,8005197,8003248,8000141,;426
2021-12-25T10:14:00.000Z;Pforzheim-Weißenstein;RB;RB 74;74;17922;8004801;8004801%2021-12-25T10:14:00.000Z%,8004799,8004804,8000299,;426
2021-12-25T10:46:00.000Z;Pforzheim-Weißenstein;RB;RB 74;74;17923;8004801;8004801%2021-12-25T10:46:00.000Z%,8006008,8004077,8000721,8002852,8000063,8000757,8006432,8004196,8004201,8004195,8004202,8000389,8001944,8000177,;426
2021-12-25T11:14:00.000Z;Pforzheim-Weißenstein;RB;RB 74;74;17924;8004801;8004801%2021-12-25T11:14:00.000Z%,8004799,8004804,8000299,;426
2021-12-25T11:47:00.000Z;Pforzheim-Weißenstein;RB;RB 74;74;17927;8004801;8004801%2021-12-25T11:47:00.000Z%,8006008,8004077,8000721,8002852,8000063,8000757,8006432,8004196,8004201,8004195,8004202,8000389,8001944,8000177,8004104,8001946,8000959,8005197,8003248,8000141,;426
2021-12-25T12:14:00.000Z;Pforzheim-Weißenstein;RB;RB 74;74;17928;8004801;8004801%2021-12-25T12:14:00.000Z%,8004799,8004804,8000299,;426
2021-12-25T12:43:00.000Z;Pforzheim-Weißenstein;RB;RB 74;74;17931;8004801;8004801%2021-12-25T12:43:00.000Z%,8006008,8004077,8000721,8002852,8000063,8000757,8006432,8004196,8004201,8004195,8004202,8000389,8001944,8000177,;426
2021-12-25T13:14:00.000Z;Pforzheim-Weißenstein;RB;RB 74;74;17932;8004801;8004801%2021-12-25T13:14:00.000Z%,8004799,8004804,8000299,;426
2021-12-25T13:46:00.000Z;Pforzheim-Weißenstein;RB;RB 74;74;17935;8004801;8004801%2021-12-25T13:46:00.000Z%,8006008,8004077,8000721,8002852,8000063,8000757,8006432,8004196,8004201,8004195,8004202,8000389,8001944,8000177,;426
2021-12-25T14:14:00.000Z;Pforzheim-Weißenstein;RB;RB 74;74;17936;8004801;8004801%2021-12-25T14:14:00.000Z%,8004799,8004804,8000299,;426
2021-12-25T14:43:00.000Z;Pforzheim-Weißenstein;RB;RB 74;74;17939;8004801;8004801%2021-12-25T14:43:00.000Z%,8006008,8004077,8000721,8002852,8000063,8000757,8006432,8004196,8004201,8004195,8004202,8000389,8001944,8000177,;426
2021-12-25T15:14:00.000Z;Pforzheim-Weißenstein;RB;RB 74;74;17940;8004801;8004801%2021-12-25T15:14:00.000Z%,8004799,8004804,8000299,;426
2021-12-25T15:46:00.000Z;Pforzheim-Weißenstein;RB;RB 74;74;17943;8004801;8004801%2021-12-25T15:46:00.000Z%,8006008,8004077,8000721,8002852,8000063,8000757,8006432,8004196,8004201,8004195,8004202,8000389,8001944,8000177,;426
2021-12-25T16:14:00.000Z;Pforzheim-Weißenstein;RB;RB 74;74;17944;8004801;8004801%2021-12-25T16:14:00.000Z%,8004799,8004804,8000299,;426
2021-12-25T16:43:00.000Z;Pforzheim-Weißenstein;RB;RB 74;74;17947;8004801;8004801%2021-12-25T16:43:00.000Z%,8006008,8004077,8000721,8002852,8000063,8000757,8006432,8004196,8004201,8004195,8004202,8000389,8001944,8000177,;426
2021-12-25T17:14:00.000Z;Pforzheim-Weißenstein;RB;RB 74;74;17948;8004801;8004801%2021-12-25T17:14:00.000Z%,8004799,8004804,8000299,;426
2021-12-25T17:46:00.000Z;Pforzheim-Weißenstein;RB;RB 74;74;17951;8004801;8004801%2021-12-25T17:46:00.000Z%,8006008,8004077,8000721,8002852,8000063,8000757,8006432,8004196,8004201,8004195,8004202,8000389,8001944,8000177,8004104,8001946,8000959,8005197,8003248,8000141,;426
2021-12-25T18:14:00.000Z;Pforzheim-Weißenstein;RB;RB 74;74;17952;8004801;8004801%2021-12-25T18:14:00.000Z%,8004799,8004804,8000299,;426
2021-12-25T18:43:00.000Z;Pforzheim-Weißenstein;RB;RB 74;74;17955;8004801;8004801%2021-12-25T18:43:00.000Z%,8006008,8004077,8000721,8002852,8000063,8000757,8006432,8004196,8004201,8004195,8004202,8000389,8001944,8000177,;426
2021-12-25T19:14:00.000Z;Pforzheim-Weißenstein;RB;RB 74;74;17954;8004801;8004801%2021-12-25T19:14:00.000Z%,8004799,8004804,8000299,;426
2021-12-25T19:46:00.000Z;Pforzheim-Weißenstein;RB;RB 74;74;17957;8004801;8004801%2021-12-25T19:46:00.000Z%,8006008,8004077,8000721,8002852,8000063,8000757,8006432,8004196,8004201,8004195,8004202,8000389,8001944,8000177,8004104,8001946,8000959,8005197,8003248,8000141,;426
2021-12-25T20:14:00.000Z;Pforzheim-Weißenstein;RB;RB 74;74;17958;8004801;8004801%2021-12-25T20:14:00.000Z%,8004799,8004804,8000299,;426
2021-12-25T05:41:00.000Z;Pirmasens Hbf;RB;RB 64;64;12804;8004822;8004822%2021-12-25T05:41:00.000Z%,8000876,8006156,8005689,8005423,8002943,8002175,8000189,;426
2021-12-25T06:02:00.000Z;Pirmasens Hbf;RB;RB 55;55;12339;8004822;8004822%2021-12-25T06:02:00.000Z%,8000876,8005113,8004166,8002847,8002649,8002648,8006441,8005103,8005257,8000582,8000466,8005551,8002300,8003508,8003507,8000216,;426
2021-12-25T06:41:00.000Z;Pirmasens Hbf;RB;RB 64;64;12810;8004822;8004822%2021-12-25T06:41:00.000Z%,8000876,8006156,8005689,8005423,8002943,8002175,8000189,;426
2021-12-25T07:02:00.000Z;Pirmasens Hbf;RB;RB 55;55;12341;8004822;8004822%2021-12-25T07:02:00.000Z%,8000876,8005113,8004166,8002847,8002649,8002648,8006441,8005103,8005257,8000582,8000466,8005551,8002300,8003508,8003507,8000216,;426
2021-12-25T07:32:00.000Z;Pirmasens Hbf;RB;RB 68;68;12909;8004822;8004822%2021-12-25T07:32:00.000Z%,8000876,8005843,8002895,8005094,8001407,8001406,8005673,8001341,8006682,8006680,8000371,8000357,8001027,8006581,8002625,8000319,8005649,8005241,8000323,;426
2021-12-25T07:41:00.000Z;Pirmasens Hbf;RB;RB 64;64;12812;8004822;8004822%2021-12-25T07:41:00.000Z%,8000876,8006156,8005689,8005423,8002943,8002175,8000189,;426
2021-12-25T08:02:00.000Z;Pirmasens Hbf;RB;RB 55;55;12343;8004822;8004822%2021-12-25T08:02:00.000Z%,8000876,8005113,8004166,8002847,8002649,8002648,8006441,8005103,8005257,8000582,8000466,8005551,8002300,8003508,8003507,8000216,;426
2021-12-25T08:32:00.000Z;Pirmasens Hbf;RB;RB 68;68;12911;8004822;8004822%2021-12-25T08:32:00.000Z%,8000876,8005843,8002895,8005094,8001407,8001406,8005673,8001341,8006682,8006680,8000371,8000357,8001027,8006581,8002625,8000319,8005649,8005241,8000323,;426
2021-12-25T08:41:00.000Z;Pirmasens Hbf;RB;RB 64;64;12814;8004822;8004822%2021-12-25T08:41:00.000Z%,8000876,8006156,8005689,8005423,8002943,8002175,8000189,;426
2021-12-25T09:02:00.000Z;Pirmasens Hbf;RB;RB 55;55;12347;8004822;8004822%2021-12-25T09:02:00.000Z%,8000876,8005113,8004166,8002847,8002649,8002648,8006441,8005103,8005257,8000582,8000466,8005551,8002300,8003508,8003507,8000216,;426
2021-12-25T09:32:00.000Z;Pirmasens Hbf;RB;RB 68;68;12913;8004822;8004822%2021-12-25T09:32:00.000Z%,8000876,8005843,8002895,8005094,8001407,8001406,8005673,8001341,8006682,8006680,8000371,8000357,8001027,8006581,8002625,8000319,8005649,8005241,8000323,;426
2021-12-25T09:41:00.000Z;Pirmasens Hbf;RB;RB 64;64;12816;8004822;8004822%2021-12-25T09:41:00.000Z%,8000876,8006156,8005689,8005423,8002943,8002175,8000189,;426
2021-12-25T10:02:00.000Z;Pirmasens Hbf;RB;RB 55;55;12351;8004822;8004822%2021-12-25T10:02:00.000Z%,8000876,8005113,8004166,8002847,8002649,8002648,8006441,8005103,8005257,8000582,8000466,8005551,8002300,8003508,8003507,8000216,;426
2021-12-25T10:32:00.000Z;Pirmasens Hbf;RB;RB 68;68;12915;8004822;8004822%2021-12-25T10:32:00.000Z%,8000876,8005843,8002895,8005094,8001407,8001406,8005673,8001341,8006682,8006680,8000371,8000357,8001027,8006581,8002625,8000319,8005649,8005241,8000323,;426
2021-12-25T10:41:00.000Z;Pirmasens Hbf;RB;RB 64;64;12818;8004822;8004822%2021-12-25T10:41:00.000Z%,8000876,8006156,8005689,8005423,8002943,8002175,8000189,;426
2021-12-25T11:02:00.000Z;Pirmasens Hbf;RB;RB 55;55;12353;8004822;8004822%2021-12-25T11:02:00.000Z%,8000876,8005113,8004166,8002847,8002649,8002648,8006441,8005103,8005257,8000582,8000466,8005551,8002300,8003508,8003507,8000216,;426
2021-12-25T11:32:00.000Z;Pirmasens Hbf;RB;RB 68;68;12917;8004822;8004822%2021-12-25T11:32:00.000Z%,8000876,8005843,8002895,8005094,8001407,8001406,8005673,8001341,8006682,8006680,8000371,8000357,8001027,8006581,8002625,8000319,8005649,8005241,8000323,;426
2021-12-25T11:41:00.000Z;Pirmasens Hbf;RB;RB 64;64;12820;8004822;8004822%2021-12-25T11:41:00.000Z%,8000876,8006156,8005689,8005423,8002943,8002175,8000189,;426
2021-12-25T12:02:00.000Z;Pirmasens Hbf;RB;RB 55;55;12355;8004822;8004822%2021-12-25T12:02:00.000Z%,8000876,8005113,8004166,8002847,8002649,8002648,8006441,8005103,8005257,8000582,8000466,8005551,8002300,8003508,8003507,8000216,;426
2021-12-25T12:32:00.000Z;Pirmasens Hbf;RB;RB 68;68;12919;8004822;8004822%2021-12-25T12:32:00.000Z%,8000876,8005843,8002895,8005094,8001407,8001406,8005673,8001341,8006682,8006680,8000371,8000357,8001027,8006581,8002625,8000319,8005649,8005241,8000323,;426
2021-12-25T12:41:00.000Z;Pirmasens Hbf;RB;RB 64;64;12822;8004822;8004822%2021-12-25T12:41:00.000Z%,8000876,8006156,8005689,8005423,8002943,8002175,8000189,;426
2021-12-25T13:02:00.000Z;Pirmasens Hbf;RB;RB 55;55;12357;8004822;8004822%2021-12-25T13:02:00.000Z%,8000876,8005113,8004166,8002847,8002649,8002648,8006441,8005103,8005257,8000582,8000466,8005551,8002300,8003508,8003507,8000216,;426
2021-12-25T13:32:00.000Z;Pirmasens Hbf;RB;RB 68;68;12921;8004822;8004822%2021-12-25T13:32:00.000Z%,8000876,8005843,8002895,8005094,8001407,8001406,8005673,8001341,8006682,8006680,8000371,8000357,8001027,8006581,8002625,8000319,8005649,8005306,8000323,;426
2021-12-25T13:41:00.000Z;Pirmasens Hbf;RB;RB 64;64;12824;8004822;8004822%2021-12-25T13:41:00.000Z%,8000876,8006156,8005689,8005423,8002943,8002175,8000189,;426
2021-12-25T14:02:00.000Z;Pirmasens Hbf;RB;RB 55;55;12361;8004822;8004822%2021-12-25T14:02:00.000Z%,8000876,8005113,8004166,8002847,8002649,8002648,8006441,8005103,8005257,8000582,8000466,8005551,8002300,8003508,8003507,8000216,;426
2021-12-25T14:32:00.000Z;Pirmasens Hbf;RB;RB 68;68;12923;8004822;8004822%2021-12-25T14:32:00.000Z%,8000876,8005843,8002895,8005094,8001407,8001406,8005673,8001341,8006682,8006680,8000371,8000357,8001027,8006581,8002625,8000319,8005649,8005306,8000323,;426
2021-12-25T14:41:00.000Z;Pirmasens Hbf;RB;RB 64;64;12826;8004822;8004822%2021-12-25T14:41:00.000Z%,8000876,8006156,8005689,8005423,8002943,8002175,8000189,;426
2021-12-25T15:02:00.000Z;Pirmasens Hbf;RB;RB 55;55;12363;8004822;8004822%2021-12-25T15:02:00.000Z%,8000876,8005113,8004166,8002847,8002649,8002648,8006441,8005103,8005257,8000582,8000466,8005551,8002300,8003508,8003507,8000216,;426
2021-12-25T15:32:00.000Z;Pirmasens Hbf;RB;RB 68;68;12925;8004822;8004822%2021-12-25T15:32:00.000Z%,8000876,8005843,8002895,8005094,8001407,8001406,8005673,8001341,8006682,8006680,8000371,8000357,8001027,8006581,8002625,8000319,8005649,8005306,8000323,;426
2021-12-25T15:41:00.000Z;Pirmasens Hbf;RB;RB 64;64;12828;8004822;8004822%2021-12-25T15:41:00.000Z%,8000876,8006156,8005689,8005423,8002943,8002175,8000189,;426
2021-12-25T16:02:00.000Z;Pirmasens Hbf;RB;RB 55;55;12365;8004822;8004822%2021-12-25T16:02:00.000Z%,8000876,8005113,8004166,8002847,8002649,8002648,8006441,8005103,8005257,8000582,8000466,8005551,8002300,8003508,8003507,8000216,;426
2021-12-25T16:32:00.000Z;Pirmasens Hbf;RB;RB 68;68;12927;8004822;8004822%2021-12-25T16:32:00.000Z%,8000876,8005843,8002895,8005094,8001407,8001406,8005673,8001341,8006682,8006680,8000371,8000357,8001027,8006581,8002625,8000319,8005649,8005241,8000323,;426
2021-12-25T16:41:00.000Z;Pirmasens Hbf;RB;RB 64;64;12830;8004822;8004822%2021-12-25T16:41:00.000Z%,8000876,8006156,8005689,8005423,8002943,8002175,8000189,;426
2021-12-25T17:02:00.000Z;Pirmasens Hbf;RB;RB 55;55;12367;8004822;8004822%2021-12-25T17:02:00.000Z%,8000876,8005113,8004166,8002847,8002649,8002648,8006441,8005103,8005257,8000582,8000466,8005551,8002300,8003508,8003507,8000216,;426
2021-12-25T17:32:00.000Z;Pirmasens Hbf;RB;RB 68;68;12929;8004822;8004822%2021-12-25T17:32:00.000Z%,8000876,8005843,8002895,8005094,8001407,8001406,8005673,8001341,8006682,8006680,8000371,8000357,8001027,8006581,8002625,8000319,8005649,8005241,8000323,;426
2021-12-25T17:41:00.000Z;Pirmasens Hbf;RB;RB 64;64;12832;8004822;8004822%2021-12-25T17:41:00.000Z%,8000876,8006156,8005689,8005423,8002943,8002175,8000189,;426
2021-12-25T18:02:00.000Z;Pirmasens Hbf;RB;RB 55;55;12369;8004822;8004822%2021-12-25T18:02:00.000Z%,8000876,8005113,8004166,8002847,8002649,8002648,8006441,8005103,8005257,8000582,8000466,8005551,8002300,8003508,8003507,8000216,;426
2021-12-25T18:32:00.000Z;Pirmasens Hbf;RB;RB 68;68;12931;8004822;8004822%2021-12-25T18:32:00.000Z%,8000876,8005843,8002895,8005094,8001407,8001406,8005673,8001341,8006682,8006680,8000371,8000357,8001027,8006581,8002625,8000319,8005649,8005241,8000323,;426
2021-12-25T18:41:00.000Z;Pirmasens Hbf;RB;RB 64;64;12834;8004822;8004822%2021-12-25T18:41:00.000Z%,8000876,8006156,8005689,8005423,8002943,8002175,8000189,;426
2021-12-25T19:02:00.000Z;Pirmasens Hbf;RB;RB 55;55;12371;8004822;8004822%2021-12-25T19:02:00.000Z%,8000876,8005113,8004166,8002847,8002649,8002648,8006441,8005103,8005257,8000582,8000466,8005551,8002300,8003508,8003507,8000216,;426
2021-12-25T19:32:00.000Z;Pirmasens Hbf;RB;RB 68;68;12933;8004822;8004822%2021-12-25T19:32:00.000Z%,8000876,8005843,8002895,8005094,8001407,8001406,8005673,8001341,8006682,8006680,8000371,8000357,8001027,8006581,8002625,8000319,8005649,8005241,8000323,;426
2021-12-25T19:41:00.000Z;Pirmasens Hbf;RB;RB 64;64;12836;8004822;8004822%2021-12-25T19:41:00.000Z%,8000876,8006156,8005689,8005423,8002943,8002175,8000189,;426
2021-12-24T20:22:00.000Z;Pönitz(Holst);RE;RE 83;83;11132;8004848;8004848%2021-12-24T20:22:00.000Z%0,8001941,8003829,8004841,8000011,8004879,8004924,8000199,;602
2021-12-24T21:39:00.000Z;Pönitz(Holst);RB;RB 84;84;11139;8004848;8004848%2021-12-24T21:39:00.000Z%0,8004750,8000749,8000237,;426
2021-12-25T05:20:00.000Z;Pönitz(Holst);RB;RB 84;84;11142;8004848;8004848%2021-12-25T05:20:00.000Z%,8001941,8003829,8004841,8000011,8004879,8004924,8000199,;426
2021-12-25T05:39:00.000Z;Pönitz(Holst);RB;RB 84;84;11147;8004848;8004848%2021-12-25T05:39:00.000Z%,8004750,8000749,8000237,8003785,8003781,8004952,8004057,8000058,8003577,8001646,8000238,;426
2021-12-25T06:37:00.000Z;Pönitz(Holst);RE;RE 83;83;11149;8004848;8004848%2021-12-25T06:37:00.000Z%,8000749,8000237,8003785,8003781,8004952,8004057,8000058,8003577,8001646,8000238,;602
2021-12-25T06:49:00.000Z;Pönitz(Holst);RB;RB 84;84;11154;8004848;8004848%2021-12-25T06:49:00.000Z%,8001941,8003829,8004841,8000011,8004879,8004924,8003477,8000199,;426
2021-12-25T07:09:00.000Z;Pönitz(Holst);RB;RB 84;84;11161;8004848;8004848%2021-12-25T07:09:00.000Z%,8004750,8000749,8000237,;426
2021-12-25T07:49:00.000Z;Pönitz(Holst);RB;RB 84;84;11156;8004848;8004848%2021-12-25T07:49:00.000Z%,8001941,8003829,8004841,8000011,8004879,8004924,8003477,8000199,;426
2021-12-25T08:09:00.000Z;Pönitz(Holst);RB;RB 84;84;11163;8004848;8004848%2021-12-25T08:09:00.000Z%,8004750,8000749,8000237,;426
2021-12-25T08:49:00.000Z;Pönitz(Holst);RB;RB 84;84;11158;8004848;8004848%2021-12-25T08:49:00.000Z%,8001941,8003829,8004841,8000011,8004879,8004924,8003477,8000199,;426
2021-12-25T09:09:00.000Z;Pönitz(Holst);RB;RB 84;84;11165;8004848;8004848%2021-12-25T09:09:00.000Z%,8004750,8000749,8000237,;426
2021-12-25T09:49:00.000Z;Pönitz(Holst);RB;RB 84;84;11160;8004848;8004848%2021-12-25T09:49:00.000Z%,8001941,8003829,8004841,8000011,8004879,8004924,8003477,8000199,;426
2021-12-25T10:09:00.000Z;Pönitz(Holst);RB;RB 84;84;11167;8004848;8004848%2021-12-25T10:09:00.000Z%,8004750,8000749,8000237,;426
2021-12-25T10:49:00.000Z;Pönitz(Holst);RB;RB 84;84;11162;8004848;8004848%2021-12-25T10:49:00.000Z%,8001941,8003829,8004841,8000011,8004879,8004924,8003477,8000199,;426
2021-12-25T11:09:00.000Z;Pönitz(Holst);RB;RB 84;84;11169;8004848;8004848%2021-12-25T11:09:00.000Z%,8004750,8000749,8000237,;426
2021-12-25T11:49:00.000Z;Pönitz(Holst);RB;RB 84;84;11164;8004848;8004848%2021-12-25T11:49:00.000Z%,8001941,8003829,8004841,8000011,8004879,8004924,8003477,8000199,;426
2021-12-25T12:09:00.000Z;Pönitz(Holst);RB;RB 84;84;11171;8004848;8004848%2021-12-25T12:09:00.000Z%,8004750,8000749,8000237,;426
2021-12-25T12:49:00.000Z;Pönitz(Holst);RB;RB 84;84;11166;8004848;8004848%2021-12-25T12:49:00.000Z%,8001941,8003829,8004841,8000011,8004879,8004924,8003477,8000199,;426
2021-12-25T13:09:00.000Z;Pönitz(Holst);RB;RB 84;84;11173;8004848;8004848%2021-12-25T13:09:00.000Z%,8004750,8000749,8000237,;426
2021-12-25T13:49:00.000Z;Pönitz(Holst);RB;RB 84;84;11168;8004848;8004848%2021-12-25T13:49:00.000Z%,8001941,8003829,8004841,8000011,8004879,8004924,8003477,8000199,;426
2021-12-25T14:09:00.000Z;Pönitz(Holst);RB;RB 84;84;11175;8004848;8004848%2021-12-25T14:09:00.000Z%,8004750,8000749,8000237,;426
2021-12-25T14:49:00.000Z;Pönitz(Holst);RB;RB 84;84;11170;8004848;8004848%2021-12-25T14:49:00.000Z%,8001941,8003829,8004841,8000011,8004879,8004924,8003477,8000199,;426
2021-12-25T15:09:00.000Z;Pönitz(Holst);RB;RB 84;84;11177;8004848;8004848%2021-12-25T15:09:00.000Z%,8004750,8000749,8000237,;426
2021-12-25T15:49:00.000Z;Pönitz(Holst);RB;RB 84;84;11172;8004848;8004848%2021-12-25T15:49:00.000Z%,8001941,8003829,8004841,8000011,8004879,8004924,8003477,8000199,;426
2021-12-25T16:09:00.000Z;Pönitz(Holst);RB;RB 84;84;11179;8004848;8004848%2021-12-25T16:09:00.000Z%,8004750,8000749,8000237,;426
2021-12-25T16:49:00.000Z;Pönitz(Holst);RB;RB 84;84;11174;8004848;8004848%2021-12-25T16:49:00.000Z%,8001941,8003829,8004841,8000011,8004879,8004924,8003477,8000199,;426
2021-12-25T17:09:00.000Z;Pönitz(Holst);RB;RB 84;84;11181;8004848;8004848%2021-12-25T17:09:00.000Z%,8004750,8000749,8000237,;426
2021-12-25T17:49:00.000Z;Pönitz(Holst);RB;RB 84;84;11176;8004848;8004848%2021-12-25T17:49:00.000Z%,8001941,8003829,8004841,8000011,8004879,8004924,8003477,8000199,;426
2021-12-25T18:09:00.000Z;Pönitz(Holst);RB;RB 84;84;11183;8004848;8004848%2021-12-25T18:09:00.000Z%,8004750,8000749,8000237,;426
2021-12-25T18:49:00.000Z;Pönitz(Holst);RB;RB 84;84;11178;8004848;8004848%2021-12-25T18:49:00.000Z%,8001941,8003829,8004841,8000011,8004879,8004924,8003477,8000199,;426
2021-12-25T19:09:00.000Z;Pönitz(Holst);RB;RB 84;84;11185;8004848;8004848%2021-12-25T19:09:00.000Z%,8004750,8000749,8000237,;426
2021-12-25T19:49:00.000Z;Pönitz(Holst);RB;RB 84;84;11180;8004848;8004848%2021-12-25T19:49:00.000Z%,8001941,8003829,8004841,8000011,8004879,8004924,8000199,;426
2021-12-25T20:09:00.000Z;Pönitz(Holst);RB;RB 84;84;11187;8004848;8004848%2021-12-25T20:09:00.000Z%,8004750,8000749,8000237,;426
2021-12-24T20:25:00.000Z;Porta Westfalica;RE;RE 6;6;89733;8004868;8004868%2021-12-24T20:25:00.000Z%,8000252,;602
2021-12-24T20:33:00.000Z;Porta Westfalica;RE;RE 6;6;89740;8004868;8004868%2021-12-24T20:33:00.000Z%0,8000732,8000233,8000162,8000036,8002461,8000315,8004626,8004251,8000441,8002680,8000149,8003168,8000080,8000041,8006226,8000098,8000259,8000086,8000082,8000085,;602
2021-12-24T20:51:00.000Z;Porta Westfalica;RE;RE 78;78;52289;8004868;8004868%2021-12-24T20:51:00.000Z%,8000252,;602
2021-12-24T21:07:00.000Z;Porta Westfalica;RE;RE 78;78;52290;8004868;8004868%2021-12-24T21:07:00.000Z%0,8000732,8000233,8000162,8000036,;602
2021-12-24T21:25:00.000Z;Porta Westfalica;RE;RE 6;6;89735;8004868;8004868%2021-12-24T21:27:00.000Z%2,8000252,;602
2021-12-24T21:33:00.000Z;Porta Westfalica;RE;RE 6;6;89742;8004868;8004868%2021-12-24T21:33:00.000Z%,8000732,8000233,8000162,8000036,8002461,8000315,8004626,8004251,8000441,8002680,8000149,8003168,8000080,8000041,8006226,8000098,8000259,8000086,8000082,8000085,;602
2021-12-24T22:26:00.000Z;Porta Westfalica;RE;RE 6;6;89737;8004868;8004868%2021-12-24T22:26:00.000Z%0,8000252,;602
2021-12-24T22:54:00.000Z;Porta Westfalica;RE;RE 78;78;52291;8004868;8004868%2021-12-24T22:54:00.000Z%,8000252,;602
2021-12-24T23:35:00.000Z;Porta Westfalica;RE;RE 78;78;52292;8004868;8004868%2021-12-24T23:35:00.000Z%,8000732,8000233,8000162,8001118,8000036,;602
2021-12-25T00:03:00.000Z;Porta Westfalica;RE;RE 78;78;52293;8004868;8004868%2021-12-25T00:03:00.000Z%,8000252,;602
2021-12-25T00:35:00.000Z;Porta Westfalica;RE;RE 78;78;52294;8004868;8004868%2021-12-25T00:35:00.000Z%,8000732,8000233,8000162,8001118,8000036,;602
2021-12-25T01:27:00.000Z;Porta Westfalica;RE;RE 78;78;52295;8004868;8004868%2021-12-25T01:27:00.000Z%,8000252,;602
2021-12-25T05:33:00.000Z;Porta Westfalica;RE;RE 6;6;89710;8004868;8004868%2021-12-25T05:33:00.000Z%,8000732,8000233,8000162,8000036,8002461,8000315,8004626,8004251,8000441,8002680,8000149,8003168,8000080,8000041,8006226,8000098,8000259,8000086,8000082,8000085,8000207,;602
2021-12-25T06:52:00.000Z;Porta Westfalica;RE;RE 78;78;52275;8004868;8004868%2021-12-25T06:52:00.000Z%,8000252,8004777,8000335,8000279,;602
2021-12-25T07:25:00.000Z;Porta Westfalica;RE;RE 6;6;89749;8004868;8004868%2021-12-25T07:25:00.000Z%,8000252,;602
2021-12-25T07:33:00.000Z;Porta Westfalica;RE;RE 6;6;89714;8004868;8004868%2021-12-25T07:33:00.000Z%,8000732,8000233,8000162,8000036,8002461,8000315,8004626,8004251,8000441,8002680,8000149,8003168,8000080,8000041,8006226,8000098,8000259,8000086,8000082,8000085,8000207,;602
2021-12-25T08:25:00.000Z;Porta Westfalica;RE;RE 6;6;89709;8004868;8004868%2021-12-25T08:25:00.000Z%,8000252,;602
2021-12-25T08:33:00.000Z;Porta Westfalica;RE;RE 6;6;89716;8004868;8004868%2021-12-25T08:33:00.000Z%,8000732,8000233,8000162,8000036,8002461,8000315,8004626,8004251,8000441,8002680,8000149,8003168,8000080,8000041,8006226,8000098,8000259,8000086,8000082,8000085,8000207,;602
2021-12-25T08:51:00.000Z;Porta Westfalica;RE;RE 78;78;52277;8004868;8004868%2021-12-25T08:51:00.000Z%,8000252,8004777,8000335,8000279,;602
2021-12-25T09:07:00.000Z;Porta Westfalica;RE;RE 78;78;52278;8004868;8004868%2021-12-25T09:07:00.000Z%,8000732,8000233,8000162,8000036,;602
2021-12-25T09:25:00.000Z;Porta Westfalica;RE;RE 6;6;89711;8004868;8004868%2021-12-25T09:25:00.000Z%,8000252,;602
2021-12-25T09:33:00.000Z;Porta Westfalica;RE;RE 6;6;89718;8004868;8004868%2021-12-25T09:33:00.000Z%,8000732,8000233,8000162,8000036,8002461,8000315,8004626,8004251,8000441,8002680,8000149,8003168,8000080,8000041,8006226,8000098,8000259,8000086,8000082,8000085,8000207,;602
2021-12-25T10:25:00.000Z;Porta Westfalica;RE;RE 6;6;89713;8004868;8004868%2021-12-25T10:25:00.000Z%,8000252,;602
2021-12-25T10:33:00.000Z;Porta Westfalica;RE;RE 6;6;89720;8004868;8004868%2021-12-25T10:33:00.000Z%,8000732,8000233,8000162,8000036,8002461,8000315,8004626,8004251,8000441,8002680,8000149,8003168,8000080,8000041,8006226,8000098,8000259,8000086,8000082,8000085,8000207,;602
2021-12-25T10:51:00.000Z;Porta Westfalica;RE;RE 78;78;52279;8004868;8004868%2021-12-25T10:51:00.000Z%,8000252,8004777,8000335,8000279,;602
2021-12-25T11:07:00.000Z;Porta Westfalica;RE;RE 78;78;52280;8004868;8004868%2021-12-25T11:07:00.000Z%,8000732,8000233,8000162,8000036,;602
2021-12-25T11:25:00.000Z;Porta Westfalica;RE;RE 6;6;89715;8004868;8004868%2021-12-25T11:25:00.000Z%,8000252,;602
2021-12-25T11:33:00.000Z;Porta Westfalica;RE;RE 6;6;89722;8004868;8004868%2021-12-25T11:33:00.000Z%,8000732,8000233,8000162,8000036,8002461,8000315,8004626,8004251,8000441,8002680,8000149,8003168,8000080,8000041,8006226,8000098,8000259,8000086,8000082,8000085,8000207,;602
2021-12-25T12:25:00.000Z;Porta Westfalica;RE;RE 6;6;89717;8004868;8004868%2021-12-25T12:25:00.000Z%,8000252,;602
2021-12-25T12:33:00.000Z;Porta Westfalica;RE;RE 6;6;89724;8004868;8004868%2021-12-25T12:33:00.000Z%,8000732,8000233,8000162,8000036,8002461,8000315,8004626,8004251,8000441,8002680,8000149,8003168,8000080,8000041,8006226,8000098,8000259,8000086,8000082,8000085,8000207,;602
2021-12-25T12:51:00.000Z;Porta Westfalica;RE;RE 78;78;52281;8004868;8004868%2021-12-25T12:51:00.000Z%,8000252,8004777,8000335,8000279,;602
2021-12-25T13:07:00.000Z;Porta Westfalica;RE;RE 78;78;52282;8004868;8004868%2021-12-25T13:07:00.000Z%,8000732,8000233,8000162,8000036,;602
2021-12-25T13:25:00.000Z;Porta Westfalica;RE;RE 6;6;89719;8004868;8004868%2021-12-25T13:25:00.000Z%,8000252,;602
2021-12-25T13:33:00.000Z;Porta Westfalica;RE;RE 6;6;89726;8004868;8004868%2021-12-25T13:33:00.000Z%,8000732,8000233,8000162,8000036,8002461,8000315,8004626,8004251,8000441,8002680,8000149,8003168,8000080,8000041,8006226,8000098,8000259,8000086,8000082,8000085,8000207,;602
2021-12-25T14:25:00.000Z;Porta Westfalica;RE;RE 6;6;89721;8004868;8004868%2021-12-25T14:25:00.000Z%,8000252,;602
2021-12-25T14:33:00.000Z;Porta Westfalica;RE;RE 6;6;89728;8004868;8004868%2021-12-25T14:33:00.000Z%,8000732,8000233,8000162,8000036,8002461,8000315,8004626,8004251,8000441,8002680,8000149,8003168,8000080,8000041,8006226,8000098,8000259,8000086,8000082,8000085,8000207,;602
2021-12-25T14:51:00.000Z;Porta Westfalica;RE;RE 78;78;52283;8004868;8004868%2021-12-25T14:51:00.000Z%,8000252,8004777,8000335,8000279,;602
2021-12-25T15:07:00.000Z;Porta Westfalica;RE;RE 78;78;52284;8004868;8004868%2021-12-25T15:07:00.000Z%,8000732,8000233,8000162,8000036,;602
2021-12-25T15:25:00.000Z;Porta Westfalica;RE;RE 6;6;89723;8004868;8004868%2021-12-25T15:25:00.000Z%,8000252,;602
2021-12-25T15:33:00.000Z;Porta Westfalica;RE;RE 6;6;89730;8004868;8004868%2021-12-25T15:33:00.000Z%,8000732,8000233,8000162,8000036,8002461,8000315,8004626,8004251,8000441,8002680,8000149,8003168,8000080,8000041,8006226,8000098,8000259,8000086,8000082,8000085,8000207,;602
2021-12-25T16:25:00.000Z;Porta Westfalica;RE;RE 6;6;89725;8004868;8004868%2021-12-25T16:25:00.000Z%,8000252,;602
2021-12-25T16:33:00.000Z;Porta Westfalica;RE;RE 6;6;89732;8004868;8004868%2021-12-25T16:33:00.000Z%,8000732,8000233,8000162,8000036,8002461,8000315,8004626,8004251,8000441,8002680,8000149,8003168,8000080,8000041,8006226,8000098,8000259,8000086,8000082,8000085,8000207,;602
2021-12-25T16:51:00.000Z;Porta Westfalica;RE;RE 78;78;52285;8004868;8004868%2021-12-25T16:51:00.000Z%,8000252,8004777,8000335,8000279,;602
2021-12-25T17:07:00.000Z;Porta Westfalica;RE;RE 78;78;52286;8004868;8004868%2021-12-25T17:07:00.000Z%,8000732,8000233,8000162,8000036,;602
2021-12-25T17:25:00.000Z;Porta Westfalica;RE;RE 6;6;89727;8004868;8004868%2021-12-25T17:25:00.000Z%,8000252,;602
2021-12-25T17:33:00.000Z;Porta Westfalica;RE;RE 6;6;89734;8004868;8004868%2021-12-25T17:33:00.000Z%,8000732,8000233,8000162,8000036,8002461,8000315,8004626,8004251,8000441,8002680,8000149,8003168,8000080,8000041,8006226,8000098,8000259,8000086,8000082,8000085,8000207,;602
2021-12-25T18:25:00.000Z;Porta Westfalica;RE;RE 6;6;89729;8004868;8004868%2021-12-25T18:25:00.000Z%,8000252,;602
2021-12-25T18:33:00.000Z;Porta Westfalica;RE;RE 6;6;89736;8004868;8004868%2021-12-25T18:33:00.000Z%,8000732,8000233,8000162,8000036,8002461,8000315,8004626,8004251,8000441,8002680,8000149,8003168,8000080,8000041,8006226,8000098,8000259,8000086,8000082,8000085,8000207,;602
2021-12-25T18:51:00.000Z;Porta Westfalica;RE;RE 78;78;52287;8004868;8004868%2021-12-25T18:51:00.000Z%,8000252,8004777,8000335,8000279,;602
2021-12-25T19:07:00.000Z;Porta Westfalica;RE;RE 78;78;52288;8004868;8004868%2021-12-25T19:07:00.000Z%,8000732,8000233,8000162,8000036,;602
2021-12-25T19:25:00.000Z;Porta Westfalica;RE;RE 6;6;89731;8004868;8004868%2021-12-25T19:25:00.000Z%,8000252,;602
2021-12-25T19:33:00.000Z;Porta Westfalica;RE;RE 6;6;89738;8004868;8004868%2021-12-25T19:33:00.000Z%,8000732,8000233,8000162,8000036,8002461,8000315,8004626,8004251,8000441,8002680,8000149,8003168,8000080,8000041,8006226,8000098,8000259,8000086,8000082,8000085,8000207,;602
2021-12-24T20:41:00.000Z;Raisdorf;RB;RB 84;84;11180;8004924;8004924%2021-12-24T20:41:00.000Z%0,8000199,;426
2021-12-24T20:54:00.000Z;Raisdorf;RB;RB 84;84;11139;8004924;8004924%2021-12-24T20:54:00.000Z%0,8004879,8000011,8004841,8003829,8001941,8004848,8004750,8000749,8000237,;426
2021-12-24T21:07:00.000Z;Raisdorf;RE;RE 83;83;11132;8004924;8004924%2021-12-24T21:08:00.000Z%1,8000199,;602
2021-12-25T04:54:00.000Z;Raisdorf;RB;RB 84;84;11147;8004924;8004924%2021-12-25T04:54:00.000Z%,8004879,8000011,8004841,8003829,8001941,8004848,8004750,8000749,8000237,8003785,8003781,8004952,8004057,8000058,8003577,8001646,8000238,;426
2021-12-25T05:52:00.000Z;Raisdorf;RE;RE 83;83;11149;8004924;8004924%2021-12-25T05:52:00.000Z%,8004879,8000011,8004841,8003829,8001941,8004848,8000749,8000237,8003785,8003781,8004952,8004057,8000058,8003577,8001646,8000238,;602
2021-12-25T06:07:00.000Z;Raisdorf;RB;RB 84;84;11142;8004924;8004924%2021-12-25T06:07:00.000Z%,8000199,;426
2021-12-25T06:19:00.000Z;Raisdorf;RB;RB 84;84;11161;8004924;8004924%2021-12-25T06:19:00.000Z%,8004879,8000011,8004841,8003829,8001941,8004848,8004750,8000749,8000237,;426
2021-12-25T06:52:00.000Z;Raisdorf;RE;RE 83;83;11111;8004924;8004924%2021-12-25T06:52:00.000Z%,8004879,8004841,8003829,8001941,8000749,8000237,8003785,8003781,8004952,8004057,8000058,8003577,8001646,8000238,;602
2021-12-25T07:07:00.000Z;Raisdorf;RE;RE 83;83;11144;8004924;8004924%2021-12-25T07:07:00.000Z%,8000199,;602
2021-12-25T07:19:00.000Z;Raisdorf;RB;RB 84;84;11163;8004924;8004924%2021-12-25T07:19:00.000Z%,8004879,8000011,8004841,8003829,8001941,8004848,8004750,8000749,8000237,;426
2021-12-25T07:41:00.000Z;Raisdorf;RB;RB 84;84;11154;8004924;8004924%2021-12-25T07:41:00.000Z%,8003477,8000199,;426
2021-12-25T07:52:00.000Z;Raisdorf;RE;RE 83;83;11113;8004924;8004924%2021-12-25T07:52:00.000Z%,8004879,8004841,8003829,8001941,8000749,8000237,8003785,8003781,8004952,8004057,8000058,8003577,8001646,8000238,;602
2021-12-25T08:07:00.000Z;Raisdorf;RE;RE 83;83;11106;8004924;8004924%2021-12-25T08:07:00.000Z%,8000199,;602
2021-12-25T08:19:00.000Z;Raisdorf;RB;RB 84;84;11165;8004924;8004924%2021-12-25T08:19:00.000Z%,8004879,8000011,8004841,8003829,8001941,8004848,8004750,8000749,8000237,;426
2021-12-25T08:41:00.000Z;Raisdorf;RB;RB 84;84;11156;8004924;8004924%2021-12-25T08:41:00.000Z%,8003477,8000199,;426
2021-12-25T08:52:00.000Z;Raisdorf;RE;RE 83;83;11115;8004924;8004924%2021-12-25T08:52:00.000Z%,8004879,8004841,8003829,8001941,8000749,8000237,8003785,8003781,8004952,8004057,8000058,8003577,8001646,8000238,;602
2021-12-25T09:07:00.000Z;Raisdorf;RE;RE 83;83;11108;8004924;8004924%2021-12-25T09:07:00.000Z%,8000199,;602
2021-12-25T09:19:00.000Z;Raisdorf;RB;RB 84;84;11167;8004924;8004924%2021-12-25T09:19:00.000Z%,8004879,8000011,8004841,8003829,8001941,8004848,8004750,8000749,8000237,;426
2021-12-25T09:41:00.000Z;Raisdorf;RB;RB 84;84;11158;8004924;8004924%2021-12-25T09:41:00.000Z%,8003477,8000199,;426
2021-12-25T09:52:00.000Z;Raisdorf;RE;RE 83;83;11117;8004924;8004924%2021-12-25T09:52:00.000Z%,8004879,8004841,8003829,8001941,8000749,8000237,8003785,8003781,8004952,8004057,8000058,8003577,8001646,8000238,;602
2021-12-25T10:07:00.000Z;Raisdorf;RE;RE 83;83;11110;8004924;8004924%2021-12-25T10:07:00.000Z%,8000199,;602
2021-12-25T10:19:00.000Z;Raisdorf;RB;RB 84;84;11169;8004924;8004924%2021-12-25T10:19:00.000Z%,8004879,8000011,8004841,8003829,8001941,8004848,8004750,8000749,8000237,;426
2021-12-25T10:41:00.000Z;Raisdorf;RB;RB 84;84;11160;8004924;8004924%2021-12-25T10:41:00.000Z%,8003477,8000199,;426
2021-12-25T10:52:00.000Z;Raisdorf;RE;RE 83;83;11119;8004924;8004924%2021-12-25T10:52:00.000Z%,8004879,8004841,8003829,8001941,8000749,8000237,8003785,8003781,8004952,8004057,8000058,8003577,8001646,8000238,;602
2021-12-25T11:07:00.000Z;Raisdorf;RE;RE 83;83;11112;8004924;8004924%2021-12-25T11:07:00.000Z%,8000199,;602
2021-12-25T11:19:00.000Z;Raisdorf;RB;RB 84;84;11171;8004924;8004924%2021-12-25T11:19:00.000Z%,8004879,8000011,8004841,8003829,8001941,8004848,8004750,8000749,8000237,;426
2021-12-25T11:41:00.000Z;Raisdorf;RB;RB 84;84;11162;8004924;8004924%2021-12-25T11:41:00.000Z%,8003477,8000199,;426
2021-12-25T11:52:00.000Z;Raisdorf;RE;RE 83;83;11121;8004924;8004924%2021-12-25T11:52:00.000Z%,8004879,8004841,8003829,8001941,8000749,8000237,8003785,8003781,8004952,8004057,8000058,8003577,8001646,8000238,;602
2021-12-25T12:07:00.000Z;Raisdorf;RE;RE 83;83;11114;8004924;8004924%2021-12-25T12:07:00.000Z%,8000199,;602
2021-12-25T12:19:00.000Z;Raisdorf;RB;RB 84;84;11173;8004924;8004924%2021-12-25T12:19:00.000Z%,8004879,8000011,8004841,8003829,8001941,8004848,8004750,8000749,8000237,;426
2021-12-25T12:41:00.000Z;Raisdorf;RB;RB 84;84;11164;8004924;8004924%2021-12-25T12:41:00.000Z%,8003477,8000199,;426
2021-12-25T12:52:00.000Z;Raisdorf;RE;RE 83;83;11123;8004924;8004924%2021-12-25T12:52:00.000Z%,8004879,8004841,8003829,8001941,8000749,8000237,8003785,8003781,8004952,8004057,8000058,8003577,8001646,8000238,;602
2021-12-25T13:07:00.000Z;Raisdorf;RE;RE 83;83;11116;8004924;8004924%2021-12-25T13:07:00.000Z%,8000199,;602
2021-12-25T13:19:00.000Z;Raisdorf;RB;RB 84;84;11175;8004924;8004924%2021-12-25T13:19:00.000Z%,8004879,8000011,8004841,8003829,8001941,8004848,8004750,8000749,8000237,;426
2021-12-25T13:41:00.000Z;Raisdorf;RB;RB 84;84;11166;8004924;8004924%2021-12-25T13:41:00.000Z%,8003477,8000199,;426
2021-12-25T13:52:00.000Z;Raisdorf;RE;RE 83;83;11125;8004924;8004924%2021-12-25T13:52:00.000Z%,8004879,8004841,8003829,8001941,8000749,8000237,8003785,8003781,8004952,8004057,8000058,8003577,8001646,8000238,;602
2021-12-25T14:07:00.000Z;Raisdorf;RE;RE 83;83;11118;8004924;8004924%2021-12-25T14:07:00.000Z%,8000199,;602
2021-12-25T14:19:00.000Z;Raisdorf;RB;RB 84;84;11177;8004924;8004924%2021-12-25T14:19:00.000Z%,8004879,8000011,8004841,8003829,8001941,8004848,8004750,8000749,8000237,;426
2021-12-25T14:41:00.000Z;Raisdorf;RB;RB 84;84;11168;8004924;8004924%2021-12-25T14:41:00.000Z%,8003477,8000199,;426
2021-12-25T14:52:00.000Z;Raisdorf;RE;RE 83;83;11127;8004924;8004924%2021-12-25T14:52:00.000Z%,8004879,8004841,8003829,8001941,8000749,8000237,8003785,8003781,8004952,8004057,8000058,8003577,8001646,8000238,;602
2021-12-25T15:07:00.000Z;Raisdorf;RE;RE 83;83;11120;8004924;8004924%2021-12-25T15:07:00.000Z%,8000199,;602
2021-12-25T15:19:00.000Z;Raisdorf;RB;RB 84;84;11179;8004924;8004924%2021-12-25T15:19:00.000Z%,8004879,8000011,8004841,8003829,8001941,8004848,8004750,8000749,8000237,;426
2021-12-25T15:41:00.000Z;Raisdorf;RB;RB 84;84;11170;8004924;8004924%2021-12-25T15:41:00.000Z%,8003477,8000199,;426
2021-12-25T15:52:00.000Z;Raisdorf;RE;RE 83;83;11129;8004924;8004924%2021-12-25T15:52:00.000Z%,8004879,8004841,8003829,8001941,8000749,8000237,8003785,8003781,8004952,8004057,8000058,8003577,8001646,8000238,;602
2021-12-25T16:07:00.000Z;Raisdorf;RE;RE 83;83;11122;8004924;8004924%2021-12-25T16:07:00.000Z%,8000199,;602
2021-12-25T16:19:00.000Z;Raisdorf;RB;RB 84;84;11181;8004924;8004924%2021-12-25T16:19:00.000Z%,8004879,8000011,8004841,8003829,8001941,8004848,8004750,8000749,8000237,;426
2021-12-25T16:41:00.000Z;Raisdorf;RB;RB 84;84;11172;8004924;8004924%2021-12-25T16:41:00.000Z%,8003477,8000199,;426
2021-12-25T16:52:00.000Z;Raisdorf;RE;RE 83;83;11131;8004924;8004924%2021-12-25T16:52:00.000Z%,8004879,8004841,8003829,8001941,8000749,8000237,8003785,8003781,8004952,8004057,8000058,8003577,8001646,8000238,;602
2021-12-25T17:07:00.000Z;Raisdorf;RE;RE 83;83;11124;8004924;8004924%2021-12-25T17:07:00.000Z%,8000199,;602
2021-12-25T17:19:00.000Z;Raisdorf;RB;RB 84;84;11183;8004924;8004924%2021-12-25T17:19:00.000Z%,8004879,8000011,8004841,8003829,8001941,8004848,8004750,8000749,8000237,;426
2021-12-25T17:41:00.000Z;Raisdorf;RB;RB 84;84;11174;8004924;8004924%2021-12-25T17:41:00.000Z%,8003477,8000199,;426
2021-12-25T17:52:00.000Z;Raisdorf;RE;RE 83;83;11133;8004924;8004924%2021-12-25T17:52:00.000Z%,8004879,8004841,8003829,8001941,8000749,8000237,8003785,8003781,8004952,8004057,8000058,8003577,8001646,8000238,;602
2021-12-25T18:07:00.000Z;Raisdorf;RE;RE 83;83;11126;8004924;8004924%2021-12-25T18:07:00.000Z%,8000199,;602
2021-12-25T18:19:00.000Z;Raisdorf;RB;RB 84;84;11185;8004924;8004924%2021-12-25T18:19:00.000Z%,8004879,8000011,8004841,8003829,8001941,8004848,8004750,8000749,8000237,;426
2021-12-25T18:41:00.000Z;Raisdorf;RB;RB 84;84;11176;8004924;8004924%2021-12-25T18:41:00.000Z%,8003477,8000199,;426
2021-12-25T18:52:00.000Z;Raisdorf;RE;RE 83;83;11135;8004924;8004924%2021-12-25T18:52:00.000Z%,8004879,8004841,8003829,8001941,8000749,8000237,8003785,8003781,8004952,8004057,8000058,8003577,8001646,8000238,;602
2021-12-25T19:07:00.000Z;Raisdorf;RE;RE 83;83;11128;8004924;8004924%2021-12-25T19:07:00.000Z%,8000199,;602
2021-12-25T19:19:00.000Z;Raisdorf;RB;RB 84;84;11187;8004924;8004924%2021-12-25T19:19:00.000Z%,8004879,8000011,8004841,8003829,8001941,8004848,8004750,8000749,8000237,;426
2021-12-25T19:41:00.000Z;Raisdorf;RB;RB 84;84;11178;8004924;8004924%2021-12-25T19:41:00.000Z%,8003477,8000199,;426
2021-12-25T19:52:00.000Z;Raisdorf;RE;RE 83;83;11137;8004924;8004924%2021-12-25T19:52:00.000Z%,8004879,8000011,8004841,8003829,8001941,8000749,8000237,8003785,8003781,8004952,8004057,8000058,8003577,8001646,8000238,;602
2021-12-25T20:07:00.000Z;Raisdorf;RE;RE 83;83;11130;8004924;8004924%2021-12-25T20:07:00.000Z%,8000199,;602
2021-12-24T21:13:00.000Z;Ramsenthal;RE;RE 38;38;59298;8004936;8004936%2021-12-24T21:13:00.000Z%,8002605,8005895,8000267,8003763,8006017,8003476,8003813,8001289,8002878,8000228,;602
2021-12-25T04:53:00.000Z;Ramsenthal;RE;RE 38;38;59318;8004936;8004936%2021-12-25T04:53:00.000Z%,8002605,8005895,8000267,8006017,8003476,8003813,8001289,8002878,8000228,;602
2021-12-25T05:50:00.000Z;Ramsenthal;RE;RE 38;38;59321;8004936;8004936%2021-12-25T05:50:00.000Z%,8000974,8000028,;602
2021-12-24T22:32:00.000Z;Regensburg-Prüfening;RE;RE 50;50;59494;8004983;8004983%2021-12-24T22:32:00.000Z%,8001925,8005966,8001430,8003485,8000882,8003921,8004755,8005543,8000822,8001400,8004305,8000284,;602
2021-12-24T23:23:00.000Z;Regensburg-Prüfening;RE;RE 50;50;59499;8004983;8004983%2021-12-24T23:23:00.000Z%,8000309,;602
2021-12-25T04:35:00.000Z;Regensburg-Prüfening;RE;RE 50;50;59496;8004983;8004983%2021-12-25T04:35:00.000Z%,8000882,8004755,8005543,8000822,8004305,8000284,;602
2021-12-24T21:01:00.000Z;Reichertshausen(Ilm);RB;RB 16;16;59108;8005008;8005008%2021-12-24T21:01:00.000Z%0,8004781,8000256,8000678,8000183,8003076,8003074,8002171,8001734,8005828,8000419,8001708,8001495,8005593,8004753,8000122,8006298,8001749,8004835,8004115,8002237,8005995,8005185,8005439,8000284,;426
2021-12-24T21:03:00.000Z;Reichertshausen(Ilm);RB;RB 16;16;59107;8005008;8005008%2021-12-24T21:04:00.000Z%1,8004747,8004775,8001354,8000261,;426
2021-12-24T21:56:00.000Z;Reichertshausen(Ilm);RB;RB 16;16;59174;8005008;8005008%2021-12-24T21:56:00.000Z%,8004781,8000256,8000678,8000183,8003076,;426
2021-12-24T22:05:00.000Z;Reichertshausen(Ilm);RB;RB 16;16;59163;8005008;8005008%2021-12-24T22:07:00.000Z%2,8004747,8004775,8001354,8000261,;426
2021-12-24T22:59:00.000Z;Reichertshausen(Ilm);RB;RB 16;16;59176;8005008;8005008%2021-12-24T22:59:00.000Z%,8004781,8000256,8000678,8000183,8003076,;426
2021-12-24T23:09:00.000Z;Reichertshausen(Ilm);RB;RB 16;16;59109;8005008;8005008%2021-12-24T23:10:00.000Z%1,8004747,8004775,8001354,8000261,;426
2021-12-25T00:00:00.000Z;Reichertshausen(Ilm);RB;RB 16;16;59170;8005008;8005008%2021-12-25T00:00:00.000Z%,8004781,8000256,8000678,8000183,8003076,;426
2021-12-25T05:04:00.000Z;Reichertshausen(Ilm);RB;RB 16;16;59173;8005008;8005008%2021-12-25T05:04:00.000Z%,8004747,8004775,8001354,8000261,;426
2021-12-25T05:48:00.000Z;Reichertshausen(Ilm);RB;RB 16;16;59146;8005008;8005008%2021-12-25T05:48:00.000Z%,8004781,8000256,8000678,8000183,8003076,8003074,8002171,8001734,8005828,8000419,8001708,8001495,8005593,8004753,8000122,8006298,8001749,8004835,8004115,8002237,8005995,8005185,8005439,8000284,;426
2021-12-25T05:59:00.000Z;Reichertshausen(Ilm);RB;RB 16;16;59143;8005008;8005008%2021-12-25T05:59:00.000Z%,8004747,8004775,8001354,8000261,;426
2021-12-25T06:55:00.000Z;Reichertshausen(Ilm);RB;RB 16;16;59090;8005008;8005008%2021-12-25T06:55:00.000Z%,8004781,8000256,8000678,8000183,8003076,8003074,8002171,8001734,8005828,8000419,8001708,8001495,8005593,8004753,8000122,8006298,8001749,8004835,8004115,8002237,8005995,8005185,8005439,8000284,;426
2021-12-25T07:03:00.000Z;Reichertshausen(Ilm);RB;RB 16;16;59087;8005008;8005008%2021-12-25T07:03:00.000Z%,8004747,8004775,8001354,8000261,;426
2021-12-25T07:54:00.000Z;Reichertshausen(Ilm);RB;RB 16;16;59148;8005008;8005008%2021-12-25T07:54:00.000Z%,8004781,8000256,8000678,8000183,8003076,8003074,8002171,8001734,8005828,8000419,8001708,8001495,8005593,8004753,8000122,;426
2021-12-25T07:59:00.000Z;Reichertshausen(Ilm);RB;RB 16;16;59155;8005008;8005008%2021-12-25T07:59:00.000Z%,8004747,8004775,8001354,8000261,;426
2021-12-25T08:57:00.000Z;Reichertshausen(Ilm);RB;RB 16;16;59092;8005008;8005008%2021-12-25T08:57:00.000Z%,8004781,8000256,8000678,8000183,8003076,8003074,8002171,8001734,8005828,8000419,8001708,8001495,8005593,8004753,8000122,8006298,8001749,8004835,8004115,8002237,8005995,8005185,8005439,8000284,;426
2021-12-25T09:07:00.000Z;Reichertshausen(Ilm);RB;RB 16;16;59089;8005008;8005008%2021-12-25T09:07:00.000Z%,8004747,8004775,8001354,8000261,;426
2021-12-25T09:56:00.000Z;Reichertshausen(Ilm);RB;RB 16;16;59150;8005008;8005008%2021-12-25T09:56:00.000Z%,8004781,8000256,8000678,8000183,8003076,8003074,8002171,8001734,8005828,8000419,8001708,8001495,8005593,8004753,8000122,;426
2021-12-25T10:04:00.000Z;Reichertshausen(Ilm);RB;RB 16;16;59147;8005008;8005008%2021-12-25T10:04:00.000Z%,8004747,8004775,8001354,8000261,;426
2021-12-25T10:56:00.000Z;Reichertshausen(Ilm);RB;RB 16;16;59096;8005008;8005008%2021-12-25T10:56:00.000Z%,8004781,8000256,8000678,8000183,8003076,8003074,8002171,8001734,8005828,8000419,8001708,8001495,8005593,8004753,8000122,8006298,8001749,8004835,8004115,8002237,8005995,8005185,8005439,8000284,;426
2021-12-25T11:02:00.000Z;Reichertshausen(Ilm);RB;RB 16;16;59093;8005008;8005008%2021-12-25T11:02:00.000Z%,8004747,8004775,8001354,8000261,;426
2021-12-25T11:56:00.000Z;Reichertshausen(Ilm);RB;RB 16;16;59154;8005008;8005008%2021-12-25T11:56:00.000Z%,8004781,8000256,8000678,8000183,8003076,8003074,8002171,8001734,8005828,8000419,8001708,8001495,8005593,8004753,8000122,;426
2021-12-25T12:03:00.000Z;Reichertshausen(Ilm);RB;RB 16;16;59151;8005008;8005008%2021-12-25T12:03:00.000Z%,8004747,8004775,8001354,8000261,;426
2021-12-25T12:54:00.000Z;Reichertshausen(Ilm);RB;RB 16;16;59098;8005008;8005008%2021-12-25T12:54:00.000Z%,8004781,8000256,8000678,8000183,8003076,8003074,8002171,8001734,8005828,8000419,8001708,8001495,8005593,8004753,8000122,8006298,8001749,8004835,8004115,8002237,8005995,8005185,8005439,8000284,;426
2021-12-25T13:02:00.000Z;Reichertshausen(Ilm);RB;RB 16;16;59095;8005008;8005008%2021-12-25T13:02:00.000Z%,8004747,8004775,8001354,8000261,;426
2021-12-25T13:55:00.000Z;Reichertshausen(Ilm);RB;RB 16;16;59156;8005008;8005008%2021-12-25T13:55:00.000Z%,8004781,8000256,8000678,8000183,8003076,8003074,8002171,8001734,8005828,8000419,8001708,8001495,8005593,8004753,8000122,;426
2021-12-25T14:05:00.000Z;Reichertshausen(Ilm);RB;RB 16;16;59153;8005008;8005008%2021-12-25T14:05:00.000Z%,8004747,8004775,8001354,8000261,;426
2021-12-25T14:56:00.000Z;Reichertshausen(Ilm);RB;RB 16;16;59102;8005008;8005008%2021-12-25T14:56:00.000Z%,8004781,8000256,8000678,8000183,8003076,8003074,8002171,8001734,8005828,8000419,8001708,8001495,8005593,8004753,8000122,8006298,8001749,8004835,8004115,8002237,8005995,8005185,8005439,8000284,;426
2021-12-25T15:05:00.000Z;Reichertshausen(Ilm);RB;RB 16;16;59097;8005008;8005008%2021-12-25T15:05:00.000Z%,8004747,8004775,8001354,8000261,;426
2021-12-25T15:57:00.000Z;Reichertshausen(Ilm);RB;RB 16;16;59160;8005008;8005008%2021-12-25T15:57:00.000Z%,8004781,8000256,8000678,8000183,8003076,8003074,8002171,8001734,8005828,8000419,8001708,8001495,8005593,8004753,8000122,;426
2021-12-25T16:03:00.000Z;Reichertshausen(Ilm);RB;RB 16;16;59157;8005008;8005008%2021-12-25T16:03:00.000Z%,8004747,8004775,8001354,8000261,;426
2021-12-25T16:56:00.000Z;Reichertshausen(Ilm);RB;RB 16;16;59104;8005008;8005008%2021-12-25T16:56:00.000Z%,8004781,8000256,8000678,8000183,8003076,8003074,8002171,8001734,8005828,8000419,8001708,8001495,8005593,8004753,8000122,8006298,8001749,8004835,8004115,8002237,8005995,8005185,8005439,8000284,;426
2021-12-25T17:04:00.000Z;Reichertshausen(Ilm);RB;RB 16;16;59099;8005008;8005008%2021-12-25T17:04:00.000Z%,8004747,8004775,8001354,8000261,;426
2021-12-25T17:56:00.000Z;Reichertshausen(Ilm);RB;RB 16;16;59162;8005008;8005008%2021-12-25T17:56:00.000Z%,8004781,8000256,8000678,8000183,8003076,8003074,8002171,8001734,8005828,8000419,8001708,8001495,8005593,8004753,8000122,;426
2021-12-25T18:06:00.000Z;Reichertshausen(Ilm);RB;RB 16;16;59159;8005008;8005008%2021-12-25T18:06:00.000Z%,8004747,8004775,8001354,8000261,;426
2021-12-25T18:53:00.000Z;Reichertshausen(Ilm);RB;RB 16;16;59106;8005008;8005008%2021-12-25T18:53:00.000Z%,8004781,8000256,8000678,8000183,8003076,8003074,8002171,8001734,8005828,8000419,8001708,8001495,8005593,8004753,8000122,8006298,8001749,8004835,8004115,8002237,8005995,8005185,8005439,8000284,;426
2021-12-25T19:08:00.000Z;Reichertshausen(Ilm);RB;RB 16;16;59101;8005008;8005008%2021-12-25T19:08:00.000Z%,8004747,8004775,8001354,8000261,;426
2021-12-25T19:56:00.000Z;Reichertshausen(Ilm);RB;RB 16;16;59166;8005008;8005008%2021-12-25T19:56:00.000Z%,8004781,8000256,8000678,8000183,8003076,8003074,8002171,8001734,8005828,8000419,8001708,8001495,8005593,8004753,8000122,8006298,8001749,8004835,8004115,8002237,8005995,8005185,8005439,8000284,;426
2021-12-25T20:04:00.000Z;Reichertshausen(Ilm);RB;RB 16;16;59161;8005008;8005008%2021-12-25T20:04:00.000Z%,8004747,8004775,8001354,8000261,;426
2021-12-24T20:20:00.000Z;Reinfeld(Holst);RE;RE 8;8;11435;8005019;8005019%2021-12-24T20:25:00.000Z%5,8000023,8002549,;602
2021-12-24T20:39:00.000Z;Reinfeld(Holst);RE;RE 8;8;11434;8005019;8005019%2021-12-24T20:42:00.000Z%3,8000237,;602
2021-12-24T21:20:00.000Z;Reinfeld(Holst);RE;RE 8;8;11437;8005019;8005019%2021-12-24T21:20:00.000Z%,8000023,8002549,;602
2021-12-24T21:39:00.000Z;Reinfeld(Holst);RE;RE 8;8;11436;8005019;8005019%2021-12-24T21:39:00.000Z%,8000237,;602
2021-12-25T00:42:00.000Z;Reinfeld(Holst);RB;RB 8;8;11342;8005019;8005019%2021-12-25T00:42:00.000Z%,8000237,;426
2021-12-25T01:28:00.000Z;Reinfeld(Holst);RB;RB 8;8;11345;8005019;8005019%2021-12-25T01:28:00.000Z%,8000023,8003478,8000804,8000480,8000446,8002558,8006197,8002628,8002549,;426
2021-12-25T05:20:00.000Z;Reinfeld(Holst);RE;RE 8;8;11405;8005019;8005019%2021-12-25T05:20:00.000Z%,8000023,8002549,;602
2021-12-25T05:39:00.000Z;Reinfeld(Holst);RE;RE 8;8;11404;8005019;8005019%2021-12-25T05:39:00.000Z%,8000237,;602
2021-12-25T06:20:00.000Z;Reinfeld(Holst);RE;RE 8;8;11407;8005019;8005019%2021-12-25T06:20:00.000Z%,8000023,8002549,;602
2021-12-25T06:39:00.000Z;Reinfeld(Holst);RE;RE 8;8;11406;8005019;8005019%2021-12-25T06:39:00.000Z%,8000237,;602
2021-12-25T06:52:00.000Z;Reinfeld(Holst);RE;RE 80;80;11459;8005019;8005019%2021-12-25T06:52:00.000Z%,8000023,8000446,8002549,;602
2021-12-25T07:10:00.000Z;Reinfeld(Holst);RE;RE 80;80;11456;8005019;8005019%2021-12-25T07:10:00.000Z%,8000237,;602
2021-12-25T07:20:00.000Z;Reinfeld(Holst);RE;RE 8;8;11409;8005019;8005019%2021-12-25T07:20:00.000Z%,8000023,8002549,;602
2021-12-25T07:39:00.000Z;Reinfeld(Holst);RE;RE 8;8;11408;8005019;8005019%2021-12-25T07:39:00.000Z%,8000237,;602
2021-12-25T07:48:00.000Z;Reinfeld(Holst);RE;RE 80;80;11461;8005019;8005019%2021-12-25T07:48:00.000Z%,8000023,8000446,8002549,;602
2021-12-25T08:10:00.000Z;Reinfeld(Holst);RE;RE 80;80;11458;8005019;8005019%2021-12-25T08:10:00.000Z%,8000237,;602
2021-12-25T08:20:00.000Z;Reinfeld(Holst);RE;RE 8;8;11411;8005019;8005019%2021-12-25T08:20:00.000Z%,8000023,8002549,;602
2021-12-25T08:39:00.000Z;Reinfeld(Holst);RE;RE 8;8;11410;8005019;8005019%2021-12-25T08:39:00.000Z%,8000237,;602
2021-12-25T08:48:00.000Z;Reinfeld(Holst);RE;RE 80;80;11463;8005019;8005019%2021-12-25T08:48:00.000Z%,8000023,8000446,8002549,;602
2021-12-25T09:10:00.000Z;Reinfeld(Holst);RE;RE 80;80;11460;8005019;8005019%2021-12-25T09:10:00.000Z%,8000237,;602
2021-12-25T09:20:00.000Z;Reinfeld(Holst);RE;RE 8;8;11413;8005019;8005019%2021-12-25T09:20:00.000Z%,8000023,8002549,;602
2021-12-25T09:39:00.000Z;Reinfeld(Holst);RE;RE 8;8;11412;8005019;8005019%2021-12-25T09:39:00.000Z%,8000237,;602
2021-12-25T09:48:00.000Z;Reinfeld(Holst);RE;RE 80;80;11465;8005019;8005019%2021-12-25T09:48:00.000Z%,8000023,8000446,8002549,;602
2021-12-25T10:10:00.000Z;Reinfeld(Holst);RE;RE 80;80;11462;8005019;8005019%2021-12-25T10:10:00.000Z%,8000237,;602
2021-12-25T10:20:00.000Z;Reinfeld(Holst);RE;RE 8;8;11415;8005019;8005019%2021-12-25T10:20:00.000Z%,8000023,8002549,;602
2021-12-25T10:39:00.000Z;Reinfeld(Holst);RE;RE 8;8;11414;8005019;8005019%2021-12-25T10:39:00.000Z%,8000237,;602
2021-12-25T10:48:00.000Z;Reinfeld(Holst);RE;RE 80;80;11467;8005019;8005019%2021-12-25T10:48:00.000Z%,8000023,8000446,8002549,;602
2021-12-25T11:10:00.000Z;Reinfeld(Holst);RE;RE 80;80;11464;8005019;8005019%2021-12-25T11:10:00.000Z%,8000237,;602
2021-12-25T11:20:00.000Z;Reinfeld(Holst);RE;RE 8;8;11417;8005019;8005019%2021-12-25T11:20:00.000Z%,8000023,8002549,;602
2021-12-25T11:39:00.000Z;Reinfeld(Holst);RE;RE 8;8;11416;8005019;8005019%2021-12-25T11:39:00.000Z%,8000237,;602
2021-12-25T11:48:00.000Z;Reinfeld(Holst);RE;RE 80;80;11469;8005019;8005019%2021-12-25T11:48:00.000Z%,8000023,8000446,8002549,;602
2021-12-25T12:10:00.000Z;Reinfeld(Holst);RE;RE 80;80;11466;8005019;8005019%2021-12-25T12:10:00.000Z%,8000237,;602
2021-12-25T12:20:00.000Z;Reinfeld(Holst);RE;RE 8;8;11419;8005019;8005019%2021-12-25T12:20:00.000Z%,8000023,8002549,;602
2021-12-25T12:39:00.000Z;Reinfeld(Holst);RE;RE 8;8;11418;8005019;8005019%2021-12-25T12:39:00.000Z%,8000237,;602
2021-12-25T12:48:00.000Z;Reinfeld(Holst);RE;RE 80;80;11471;8005019;8005019%2021-12-25T12:48:00.000Z%,8000023,8000446,8002549,;602
2021-12-25T13:10:00.000Z;Reinfeld(Holst);RE;RE 80;80;11468;8005019;8005019%2021-12-25T13:10:00.000Z%,8000237,;602
2021-12-25T13:20:00.000Z;Reinfeld(Holst);RE;RE 8;8;11421;8005019;8005019%2021-12-25T13:20:00.000Z%,8000023,8002549,;602
2021-12-25T13:39:00.000Z;Reinfeld(Holst);RE;RE 8;8;11420;8005019;8005019%2021-12-25T13:39:00.000Z%,8000237,;602
2021-12-25T13:48:00.000Z;Reinfeld(Holst);RE;RE 80;80;11473;8005019;8005019%2021-12-25T13:48:00.000Z%,8000023,8000446,8002549,;602
2021-12-25T14:10:00.000Z;Reinfeld(Holst);RE;RE 80;80;11470;8005019;8005019%2021-12-25T14:10:00.000Z%,8000237,;602
2021-12-25T14:20:00.000Z;Reinfeld(Holst);RE;RE 8;8;11423;8005019;8005019%2021-12-25T14:20:00.000Z%,8000023,8002549,;602
2021-12-25T14:39:00.000Z;Reinfeld(Holst);RE;RE 8;8;11422;8005019;8005019%2021-12-25T14:39:00.000Z%,8000237,;602
2021-12-25T14:48:00.000Z;Reinfeld(Holst);RE;RE 80;80;11475;8005019;8005019%2021-12-25T14:48:00.000Z%,8000023,8000446,8002549,;602
2021-12-25T15:10:00.000Z;Reinfeld(Holst);RE;RE 80;80;11472;8005019;8005019%2021-12-25T15:10:00.000Z%,8000237,;602
2021-12-25T15:20:00.000Z;Reinfeld(Holst);RE;RE 8;8;11425;8005019;8005019%2021-12-25T15:20:00.000Z%,8000023,8002549,;602
2021-12-25T15:39:00.000Z;Reinfeld(Holst);RE;RE 8;8;11424;8005019;8005019%2021-12-25T15:39:00.000Z%,8000237,;602
2021-12-25T15:48:00.000Z;Reinfeld(Holst);RE;RE 80;80;11477;8005019;8005019%2021-12-25T15:48:00.000Z%,8000023,8000446,8002549,;602
2021-12-25T16:10:00.000Z;Reinfeld(Holst);RE;RE 80;80;11474;8005019;8005019%2021-12-25T16:10:00.000Z%,8000237,;602
2021-12-25T16:20:00.000Z;Reinfeld(Holst);RE;RE 8;8;11427;8005019;8005019%2021-12-25T16:20:00.000Z%,8000023,8002549,;602
2021-12-25T16:39:00.000Z;Reinfeld(Holst);RE;RE 8;8;11426;8005019;8005019%2021-12-25T16:39:00.000Z%,8000237,;602
2021-12-25T16:48:00.000Z;Reinfeld(Holst);RE;RE 80;80;11479;8005019;8005019%2021-12-25T16:48:00.000Z%,8000023,8000446,8002549,;602
2021-12-25T17:10:00.000Z;Reinfeld(Holst);RE;RE 80;80;11476;8005019;8005019%2021-12-25T17:10:00.000Z%,8000237,;602
2021-12-25T17:20:00.000Z;Reinfeld(Holst);RE;RE 8;8;11429;8005019;8005019%2021-12-25T17:20:00.000Z%,8000023,8002549,;602
2021-12-25T17:39:00.000Z;Reinfeld(Holst);RE;RE 8;8;11428;8005019;8005019%2021-12-25T17:39:00.000Z%,8000237,;602
2021-12-25T17:48:00.000Z;Reinfeld(Holst);RE;RE 80;80;11481;8005019;8005019%2021-12-25T17:48:00.000Z%,8000023,8000446,8002549,;602
2021-12-25T18:10:00.000Z;Reinfeld(Holst);RE;RE 80;80;11478;8005019;8005019%2021-12-25T18:10:00.000Z%,8000237,;602
2021-12-25T18:20:00.000Z;Reinfeld(Holst);RE;RE 8;8;11431;8005019;8005019%2021-12-25T18:20:00.000Z%,8000023,8002549,;602
2021-12-25T18:39:00.000Z;Reinfeld(Holst);RE;RE 8;8;11430;8005019;8005019%2021-12-25T18:39:00.000Z%,8000237,;602
2021-12-25T18:48:00.000Z;Reinfeld(Holst);RE;RE 80;80;11483;8005019;8005019%2021-12-25T18:48:00.000Z%,8000023,8000446,8002549,;602
2021-12-25T19:10:00.000Z;Reinfeld(Holst);RE;RE 80;80;11480;8005019;8005019%2021-12-25T19:10:00.000Z%,8000237,;602
2021-12-25T19:20:00.000Z;Reinfeld(Holst);RE;RE 8;8;11433;8005019;8005019%2021-12-25T19:20:00.000Z%,8000023,8002549,;602
2021-12-25T19:39:00.000Z;Reinfeld(Holst);RE;RE 8;8;11432;8005019;8005019%2021-12-25T19:39:00.000Z%,8000237,;602
2021-12-25T20:10:00.000Z;Reinfeld(Holst);RE;RE 80;80;11482;8005019;8005019%2021-12-25T20:10:00.000Z%,8000237,;602
2021-12-24T20:42:00.000Z;Rheinhausen Ost;RB;RB 33;33;10345;8005065;8005065%2021-12-24T20:44:00.000Z%2,8000317,8002941,8003427,8003426,8000212,8000211,8002027,8000584,8000174,8000253,8000318,8006391,8002784,8001839,8000677,8001113,8003697,8002206,8005935,8002806,8003395,8000404,8070704,8000001,;426
2021-12-24T21:17:00.000Z;Rheinhausen Ost;RB;RB 33;33;10340;8005065;8005065%2021-12-24T21:18:00.000Z%1,8001605,8000086,8000687,8000259,8001898,8000098,;426
2021-12-24T21:42:00.000Z;Rheinhausen Ost;RB;RB 33;33;10347;8005065;8005065%2021-12-24T21:42:00.000Z%,8000317,8002941,8003427,8003426,8000212,8000211,8002027,8000584,8000174,8000253,8000318,8006391,8002784,8001839,8000677,8001113,8003697,8002206,8005935,8002806,8003395,8000404,8070704,8000001,;426
2021-12-24T22:17:00.000Z;Rheinhausen Ost;RB;RB 33;33;10342;8005065;8005065%2021-12-24T22:17:00.000Z%0,8001605,8000086,;426
2021-12-24T22:42:00.000Z;Rheinhausen Ost;RB;RB 33;33;10349;8005065;8005065%2021-12-24T22:42:00.000Z%,8000317,8002941,8003427,8003426,8000212,8000211,8002027,8000584,8000174,8000253,8000318,8006391,8002784,8001839,8000677,8001113,8003697,8002206,8005935,8002806,8003395,8000404,8070704,8000001,;426
2021-12-24T23:17:00.000Z;Rheinhausen Ost;RB;RB 33;33;10344;8005065;8005065%2021-12-24T23:17:00.000Z%,8001605,8000086,;426
2021-12-24T23:42:00.000Z;Rheinhausen Ost;RB;RB 33;33;10301;8005065;8005065%2021-12-24T23:42:00.000Z%,8000317,8002941,8003427,8003426,8000212,8000211,8002027,8000584,8000174,8000253,;426
2021-12-25T00:17:00.000Z;Rheinhausen Ost;RB;RB 33;33;10346;8005065;8005065%2021-12-25T00:17:00.000Z%,8001605,8000086,;426
2021-12-25T00:42:00.000Z;Rheinhausen Ost;RB;RB 33;33;10303;8005065;8005065%2021-12-25T00:42:00.000Z%,8000317,8002941,8003427,8003426,8000212,8000211,8002027,8000584,8000174,8000253,;426
2021-12-25T01:17:00.000Z;Rheinhausen Ost;RB;RB 33;33;10300;8005065;8005065%2021-12-25T01:17:00.000Z%,8001605,8000086,;426
2021-12-25T01:42:00.000Z;Rheinhausen Ost;RB;RB 33;33;10305;8005065;8005065%2021-12-25T01:42:00.000Z%,8000317,8002941,8003427,8003426,8000212,8000211,8002027,8000584,8000174,8000253,;426
2021-12-25T02:17:00.000Z;Rheinhausen Ost;RB;RB 33;33;10302;8005065;8005065%2021-12-25T02:17:00.000Z%,8001605,8000086,;426
2021-12-25T02:42:00.000Z;Rheinhausen Ost;RB;RB 33;33;10307;8005065;8005065%2021-12-25T02:42:00.000Z%,8000317,8002941,8003427,8003426,8000212,8000211,8002027,8000584,8000174,8000253,;426
2021-12-25T03:17:00.000Z;Rheinhausen Ost;RB;RB 33;33;10304;8005065;8005065%2021-12-25T03:17:00.000Z%,8001605,8000086,;426
2021-12-25T03:42:00.000Z;Rheinhausen Ost;RB;RB 33;33;10311;8005065;8005065%2021-12-25T03:42:00.000Z%,8000317,8002941,8003427,8003426,8000212,8000211,8002027,8000584,8000174,8000253,;426
2021-12-25T04:17:00.000Z;Rheinhausen Ost;RB;RB 33;33;10306;8005065;8005065%2021-12-25T04:17:00.000Z%,8001605,8000086,;426
2021-12-25T04:42:00.000Z;Rheinhausen Ost;RB;RB 33;33;10313;8005065;8005065%2021-12-25T04:42:00.000Z%,8000317,8002941,8003427,8003426,8000212,8000211,8002027,8000584,8000174,8000253,8000318,8006391,8002784,8001839,8000677,8001113,8003697,8002206,8005935,8002806,8003395,8000404,8070704,8000001,;426
2021-12-25T05:17:00.000Z;Rheinhausen Ost;RB;RB 33;33;10308;8005065;8005065%2021-12-25T05:17:00.000Z%,8001605,8000086,8000687,8000259,8001898,8000098,;426
2021-12-25T05:42:00.000Z;Rheinhausen Ost;RB;RB 33;33;10315;8005065;8005065%2021-12-25T05:42:00.000Z%,8000317,8002941,8003427,8003426,8000212,8000211,8002027,8000584,8000174,8000253,8000318,8006391,8002784,8001839,8000677,8001113,8003697,8002206,8005935,8002806,8003395,8000404,8070704,8000001,;426
2021-12-25T06:17:00.000Z;Rheinhausen Ost;RB;RB 33;33;10310;8005065;8005065%2021-12-25T06:17:00.000Z%,8001605,8000086,8000687,8000259,8001898,8000098,;426
2021-12-25T06:42:00.000Z;Rheinhausen Ost;RB;RB 33;33;10317;8005065;8005065%2021-12-25T06:42:00.000Z%,8000317,8002941,8003427,8003426,8000212,8000211,8002027,8000584,8000174,8000253,8000318,8006391,8002784,8001839,8000677,8001113,8003697,8002206,8005935,8002806,8003395,8000404,8070704,8000001,;426
2021-12-25T07:17:00.000Z;Rheinhausen Ost;RB;RB 33;33;10312;8005065;8005065%2021-12-25T07:17:00.000Z%,8001605,8000086,8000687,8000259,8001898,8000098,;426
2021-12-25T07:42:00.000Z;Rheinhausen Ost;RB;RB 33;33;10319;8005065;8005065%2021-12-25T07:42:00.000Z%,8000317,8002941,8003427,8003426,8000212,8000211,8002027,8000584,8000174,8000253,8000318,8006391,8002784,8001839,8000677,8001113,8003697,8002206,8005935,8002806,8003395,8000404,8070704,8000001,;426
2021-12-25T08:17:00.000Z;Rheinhausen Ost;RB;RB 33;33;10314;8005065;8005065%2021-12-25T08:17:00.000Z%,8001605,8000086,8000687,8000259,8001898,8000098,;426
2021-12-25T08:42:00.000Z;Rheinhausen Ost;RB;RB 33;33;10321;8005065;8005065%2021-12-25T08:42:00.000Z%,8000317,8002941,8003427,8003426,8000212,8000211,8002027,8000584,8000174,8000253,8000318,8006391,8002784,8001839,8000677,8001113,8003697,8002206,8005935,8002806,8003395,8000404,8070704,8000001,;426
2021-12-25T09:17:00.000Z;Rheinhausen Ost;RB;RB 33;33;10316;8005065;8005065%2021-12-25T09:17:00.000Z%,8001605,8000086,8000687,8000259,8001898,8000098,;426
2021-12-25T09:42:00.000Z;Rheinhausen Ost;RB;RB 33;33;10323;8005065;8005065%2021-12-25T09:42:00.000Z%,8000317,8002941,8003427,8003426,8000212,8000211,8002027,8000584,8000174,8000253,8000318,8006391,8002784,8001839,8000677,8001113,8003697,8002206,8005935,8002806,8003395,8000404,8070704,8000001,;426
2021-12-25T10:17:00.000Z;Rheinhausen Ost;RB;RB 33;33;10318;8005065;8005065%2021-12-25T10:17:00.000Z%,8001605,8000086,8000687,8000259,8001898,8000098,;426
2021-12-25T10:42:00.000Z;Rheinhausen Ost;RB;RB 33;33;10325;8005065;8005065%2021-12-25T10:42:00.000Z%,8000317,8002941,8003427,8003426,8000212,8000211,8002027,8000584,8000174,8000253,8000318,8006391,8002784,8001839,8000677,8001113,8003697,8002206,8005935,8002806,8003395,8000404,8070704,8000001,;426
2021-12-25T11:17:00.000Z;Rheinhausen Ost;RB;RB 33;33;10320;8005065;8005065%2021-12-25T11:17:00.000Z%,8001605,8000086,8000687,8000259,8001898,8000098,;426
2021-12-25T11:42:00.000Z;Rheinhausen Ost;RB;RB 33;33;10327;8005065;8005065%2021-12-25T11:42:00.000Z%,8000317,8002941,8003427,8003426,8000212,8000211,8002027,8000584,8000174,8000253,8000318,8006391,8002784,8001839,8000677,8001113,8003697,8002206,8005935,8002806,8003395,8000404,8070704,8000001,;426
2021-12-25T12:17:00.000Z;Rheinhausen Ost;RB;RB 33;33;10322;8005065;8005065%2021-12-25T12:17:00.000Z%,8001605,8000086,8000687,8000259,8001898,8000098,;426
2021-12-25T12:42:00.000Z;Rheinhausen Ost;RB;RB 33;33;10329;8005065;8005065%2021-12-25T12:42:00.000Z%,8000317,8002941,8003427,8003426,8000212,8000211,8002027,8000584,8000174,8000253,8000318,8006391,8002784,8001839,8000677,8001113,8003697,8002206,8005935,8002806,8003395,8000404,8070704,8000001,;426
2021-12-25T13:17:00.000Z;Rheinhausen Ost;RB;RB 33;33;10324;8005065;8005065%2021-12-25T13:17:00.000Z%,8001605,8000086,8000687,8000259,8001898,8000098,;426
2021-12-25T13:42:00.000Z;Rheinhausen Ost;RB;RB 33;33;10331;8005065;8005065%2021-12-25T13:42:00.000Z%,8000317,8002941,8003427,8003426,8000212,8000211,8002027,8000584,8000174,8000253,8000318,8006391,8002784,8001839,8000677,8001113,8003697,8002206,8005935,8002806,8003395,8000404,8070704,8000001,;426
2021-12-25T14:17:00.000Z;Rheinhausen Ost;RB;RB 33;33;10326;8005065;8005065%2021-12-25T14:17:00.000Z%,8001605,8000086,8000687,8000259,8001898,8000098,;426
2021-12-25T14:42:00.000Z;Rheinhausen Ost;RB;RB 33;33;10333;8005065;8005065%2021-12-25T14:42:00.000Z%,8000317,8002941,8003427,8003426,8000212,8000211,8002027,8000584,8000174,8000253,8000318,8006391,8002784,8001839,8000677,8001113,8003697,8002206,8005935,8002806,8003395,8000404,8070704,8000001,;426
2021-12-25T15:17:00.000Z;Rheinhausen Ost;RB;RB 33;33;10328;8005065;8005065%2021-12-25T15:17:00.000Z%,8001605,8000086,8000687,8000259,8001898,8000098,;426
2021-12-25T15:42:00.000Z;Rheinhausen Ost;RB;RB 33;33;10335;8005065;8005065%2021-12-25T15:42:00.000Z%,8000317,8002941,8003427,8003426,8000212,8000211,8002027,8000584,8000174,8000253,8000318,8006391,8002784,8001839,8000677,8001113,8003697,8002206,8005935,8002806,8003395,8000404,8070704,8000001,;426
2021-12-25T16:17:00.000Z;Rheinhausen Ost;RB;RB 33;33;10330;8005065;8005065%2021-12-25T16:17:00.000Z%,8001605,8000086,8000687,8000259,8001898,8000098,;426
2021-12-25T16:42:00.000Z;Rheinhausen Ost;RB;RB 33;33;10337;8005065;8005065%2021-12-25T16:42:00.000Z%,8000317,8002941,8003427,8003426,8000212,8000211,8002027,8000584,8000174,8000253,8000318,8006391,8002784,8001839,8000677,8001113,8003697,8002206,8005935,8002806,8003395,8000404,8070704,8000001,;426
2021-12-25T17:17:00.000Z;Rheinhausen Ost;RB;RB 33;33;10332;8005065;8005065%2021-12-25T17:17:00.000Z%,8001605,8000086,8000687,8000259,8001898,8000098,;426
2021-12-25T17:42:00.000Z;Rheinhausen Ost;RB;RB 33;33;10339;8005065;8005065%2021-12-25T17:42:00.000Z%,8000317,8002941,8003427,8003426,8000212,8000211,8002027,8000584,8000174,8000253,8000318,8006391,8002784,8001839,8000677,8001113,8003697,8002206,8005935,8002806,8003395,8000404,8070704,8000001,;426
2021-12-25T18:17:00.000Z;Rheinhausen Ost;RB;RB 33;33;10334;8005065;8005065%2021-12-25T18:17:00.000Z%,8001605,8000086,8000687,8000259,8001898,8000098,;426
2021-12-25T18:42:00.000Z;Rheinhausen Ost;RB;RB 33;33;10341;8005065;8005065%2021-12-25T18:42:00.000Z%,8000317,8002941,8003427,8003426,8000212,8000211,8002027,8000584,8000174,8000253,8000318,8006391,8002784,8001839,8000677,8001113,8003697,8002206,8005935,8002806,8003395,8000404,8070704,8000001,;426
2021-12-25T19:17:00.000Z;Rheinhausen Ost;RB;RB 33;33;10336;8005065;8005065%2021-12-25T19:17:00.000Z%,8001605,8000086,8000687,8000259,8001898,8000098,;426
2021-12-25T19:41:00.000Z;Rheinhausen Ost;RB;RB 33;33;10343;8005065;8005065%2021-12-25T19:41:00.000Z%,8000317,8002941,8003427,8003426,8000212,8000211,8002027,8000584,8000174,8000253,8000318,8006391,8002784,8001839,8000677,8001113,8003697,8002206,8005935,8002806,8003395,8000404,8070704,8000001,;426
2021-12-25T20:17:00.000Z;Rheinhausen Ost;RB;RB 33;33;10338;8005065;8005065%2021-12-25T20:17:00.000Z%,8001605,8000086,8000687,8000259,8001898,8000098,;426
2021-12-24T20:27:00.000Z;Rödental Mitte;RE;RE 49;49;59367;8005122;8005122%2021-12-24T20:27:00.000Z%0,8004633,8001484,8001334,8001338,;602
2021-12-24T20:37:00.000Z;Rödental Mitte;RE;RE 49;49;59378;8005122;8005122%2021-12-24T20:37:00.000Z%0,8004064,8004325,8013008,;602
2021-12-24T21:19:00.000Z;Rödental Mitte;RE;RE 49;49;59379;8005122;8005122%2021-12-24T21:19:00.000Z%,8004633,8001484,8001334,8001338,8001347,8002434,8001636,8005391,8000228,;602
2021-12-24T21:28:00.000Z;Rödental Mitte;RE;RE 49;49;59394;8005122;8005122%2021-12-24T21:28:00.000Z%,8004064,8004325,8013008,;602
2021-12-24T22:47:00.000Z;Rödental Mitte;RE;RE 49;49;4936;8005122;8005122%2021-12-24T22:47:00.000Z%0,8004064,8004325,8013008,;602
2021-12-25T04:50:00.000Z;Rödental Mitte;RE;RE 19;19;4951;8005122;8005122%2021-12-25T04:50:00.000Z%,8004633,8001484,8001334,8001338,8000025,8002853,8002024,8001844,8000114,8000284,;602
2021-12-25T06:17:00.000Z;Rödental Mitte;RE;RE 49;49;4945;8005122;8005122%2021-12-25T06:17:00.000Z%,8004633,8001484,8001334,8001338,8001636,8000228,8005670,8001149,8000025,8002853,8002024,8001844,8000114,8000284,;602
2021-12-25T06:38:00.000Z;Rödental Mitte;RE;RE 49;49;59354;8005122;8005122%2021-12-25T06:38:00.000Z%,8004064,8004325,8013008,;602
2021-12-25T07:17:00.000Z;Rödental Mitte;RE;RE 49;49;59353;8005122;8005122%2021-12-25T07:17:00.000Z%,8004633,8001484,8001334,8001338,;602
2021-12-25T07:42:00.000Z;Rödental Mitte;RE;RE 49;49;4948;8005122;8005122%2021-12-25T07:42:00.000Z%,8004064,8004325,8013008,;602
2021-12-25T08:17:00.000Z;Rödental Mitte;RE;RE 49;49;4925;8005122;8005122%2021-12-25T08:17:00.000Z%,8004633,8001484,8001334,8001338,8001636,8000228,8005670,8001149,8000025,8002853,8002024,8001844,8000114,8000284,;602
2021-12-25T08:42:00.000Z;Rödental Mitte;RE;RE 19;19;4954;8005122;8005122%2021-12-25T08:42:00.000Z%,8004064,8004325,8013008,;602
2021-12-25T09:17:00.000Z;Rödental Mitte;RE;RE 19;19;4959;8005122;8005122%2021-12-25T09:17:00.000Z%,8004633,8001484,8001334,8001338,8000025,8002853,8002024,8001844,8000114,8000284,;602
2021-12-25T09:42:00.000Z;Rödental Mitte;RE;RE 49;49;4924;8005122;8005122%2021-12-25T09:42:00.000Z%,8004064,8004325,8013008,;602
2021-12-25T10:15:00.000Z;Rödental Mitte;RE;RE 49;49;4927;8005122;8005122%2021-12-25T10:15:00.000Z%,8004633,8001484,8001334,8001338,8001636,8000228,8005670,8001149,8000025,8002853,8002024,8001844,8000114,8000284,;602
2021-12-25T10:44:00.000Z;Rödental Mitte;RE;RE 49;49;59374;8005122;8005122%2021-12-25T10:44:00.000Z%,8004064,8004325,8013008,;602
2021-12-25T11:14:00.000Z;Rödental Mitte;RE;RE 49;49;59377;8005122;8005122%2021-12-25T11:14:00.000Z%,8004633,8001484,8001334,8001338,8002434,8001636,8005391,8000228,;602
2021-12-25T11:42:00.000Z;Rödental Mitte;RE;RE 49;49;4926;8005122;8005122%2021-12-25T11:42:00.000Z%,8004064,8004325,8013008,;602
2021-12-25T12:17:00.000Z;Rödental Mitte;RE;RE 49;49;4929;8005122;8005122%2021-12-25T12:17:00.000Z%,8004633,8001484,8001334,8001338,8001347,8002434,8001636,8005391,8000228,8005670,8001149,8000025,8002853,8002024,8001844,8000114,8000284,;602
2021-12-25T12:42:00.000Z;Rödental Mitte;RE;RE 19;19;4960;8005122;8005122%2021-12-25T12:42:00.000Z%,8004064,8004325,8013008,;602
2021-12-25T13:17:00.000Z;Rödental Mitte;RE;RE 19;19;4963;8005122;8005122%2021-12-25T13:17:00.000Z%,8004633,8001484,8001334,8001338,8000025,8002853,8002024,8001844,8000114,8000284,;602
2021-12-25T13:44:00.000Z;Rödental Mitte;RE;RE 49;49;4928;8005122;8005122%2021-12-25T13:44:00.000Z%,8004064,8004325,8013008,;602
2021-12-25T14:16:00.000Z;Rödental Mitte;RE;RE 49;49;4931;8005122;8005122%2021-12-25T14:16:00.000Z%,8004633,8001484,8001334,8001338,8001636,8000228,8005670,8001149,8000025,8002853,8002024,8001844,8000114,8000284,;602
2021-12-25T14:44:00.000Z;Rödental Mitte;RE;RE 49;49;59372;8005122;8005122%2021-12-25T14:44:00.000Z%,8004064,8004325,8013008,;602
2021-12-25T15:14:00.000Z;Rödental Mitte;RE;RE 49;49;59371;8005122;8005122%2021-12-25T15:14:00.000Z%,8004633,8001484,8001334,8001338,8002434,8001636,8000228,;602
2021-12-25T15:44:00.000Z;Rödental Mitte;RE;RE 49;49;4930;8005122;8005122%2021-12-25T15:44:00.000Z%,8004064,8004325,8013008,;602
2021-12-25T16:17:00.000Z;Rödental Mitte;RE;RE 49;49;4933;8005122;8005122%2021-12-25T16:17:00.000Z%,8004633,8001484,8001334,8001338,8001636,8000228,8005670,8001149,8000025,8002853,8002024,8001844,8000114,8000284,;602
2021-12-25T16:42:00.000Z;Rödental Mitte;RE;RE 19;19;4966;8005122;8005122%2021-12-25T16:42:00.000Z%,8004064,8004325,8013008,;602
2021-12-25T17:17:00.000Z;Rödental Mitte;RE;RE 19;19;4971;8005122;8005122%2021-12-25T17:17:00.000Z%,8004633,8001484,8001334,8001338,8000025,8002853,8002024,8001844,8000114,8000284,;602
2021-12-25T17:42:00.000Z;Rödental Mitte;RE;RE 49;49;4932;8005122;8005122%2021-12-25T17:42:00.000Z%,8004064,8004325,8013008,;602
2021-12-25T18:17:00.000Z;Rödental Mitte;RE;RE 49;49;4935;8005122;8005122%2021-12-25T18:17:00.000Z%,8004633,8001484,8001334,8001338,8002434,8001636,8000228,8005670,8001149,8000025,8002853,8002024,8001844,8000114,8000284,;602
2021-12-25T18:42:00.000Z;Rödental Mitte;RE;RE 19;19;4968;8005122;8005122%2021-12-25T18:42:00.000Z%,8004064,8004325,8013008,;602
2021-12-25T19:16:00.000Z;Rödental Mitte;RE;RE 49;49;59365;8005122;8005122%2021-12-25T19:16:00.000Z%,8004633,8001484,8001334,8001338,8002434,8001636,8000228,;602
2021-12-25T19:42:00.000Z;Rödental Mitte;RE;RE 49;49;4934;8005122;8005122%2021-12-25T19:42:00.000Z%,8004064,8004325,8013008,;602
2021-12-24T20:19:00.000Z;Rösrath-Stümpen;RB;RB 25;25;10579;8005143;8005143%2021-12-24T20:21:00.000Z%2,8003358,8003320,8003368,8000207,8003392,;426
2021-12-24T20:40:00.000Z;Rösrath-Stümpen;RB;RB 25;25;10582;8005143;8005143%2021-12-24T20:41:00.000Z%1,8005134,8002932,8002988,8004739,8001789,8005218,8000363,8002462,8070483,8003950,;426
2021-12-24T20:49:00.000Z;Rösrath-Stümpen;RB;RB 25;25;10581;8005143;8005143%2021-12-24T20:50:00.000Z%1,8003358,8003320,8003368,8000207,8003392,;426
2021-12-24T21:10:00.000Z;Rösrath-Stümpen;RB;RB 25;25;10584;8005143;8005143%2021-12-24T21:10:00.000Z%,8005134,8002932,8002988,8004739,8001789,;426
2021-12-24T21:19:00.000Z;Rösrath-Stümpen;RB;RB 25;25;10583;8005143;8005143%2021-12-24T21:20:00.000Z%1,8003358,8003320,8003368,8000207,8003392,;426
2021-12-24T21:40:00.000Z;Rösrath-Stümpen;RB;RB 25;25;10586;8005143;8005143%2021-12-24T21:40:00.000Z%,8005134,8002932,8002988,8004739,8001789,8005218,8000363,8002462,8070483,8003950,;426
2021-12-24T21:49:00.000Z;Rösrath-Stümpen;RB;RB 25;25;10585;8005143;8005143%2021-12-24T21:49:00.000Z%,8003358,8003320,8003368,8000207,8003392,;426
2021-12-24T22:10:00.000Z;Rösrath-Stümpen;RB;RB 25;25;10588;8005143;8005143%2021-12-24T22:10:00.000Z%,8005134,8002932,8002988,8004739,8001789,8005218,8000363,8002462,;426
2021-12-24T22:19:00.000Z;Rösrath-Stümpen;RB;RB 25;25;10587;8005143;8005143%2021-12-24T22:20:00.000Z%1,8003358,8003320,8003368,8000207,8003392,;426
2021-12-24T22:40:00.000Z;Rösrath-Stümpen;RB;RB 25;25;10590;8005143;8005143%2021-12-24T22:40:00.000Z%,8005134,8002932,8002988,8004739,8001789,8005218,8000363,8002462,8070483,8003950,;426
2021-12-24T22:49:00.000Z;Rösrath-Stümpen;RB;RB 25;25;10589;8005143;8005143%2021-12-24T22:49:00.000Z%,8003358,8003320,8003368,8000207,8003392,;426
2021-12-24T23:10:00.000Z;Rösrath-Stümpen;RB;RB 25;25;10592;8005143;8005143%2021-12-24T23:10:00.000Z%,8005134,8002932,8002988,8004739,8001789,8005218,8000363,8002462,;426
2021-12-24T23:19:00.000Z;Rösrath-Stümpen;RB;RB 25;25;10591;8005143;8005143%2021-12-24T23:19:00.000Z%,8003358,8003320,8003368,8000207,8003392,;426
2021-12-24T23:40:00.000Z;Rösrath-Stümpen;RB;RB 25;25;10594;8005143;8005143%2021-12-24T23:40:00.000Z%,8005134,8002932,8002988,8004739,8001789,8005218,8000363,8002462,8070483,8003950,;426
2021-12-25T00:40:00.000Z;Rösrath-Stümpen;RB;RB 25;25;10596;8005143;8005143%2021-12-25T00:40:00.000Z%,8005134,8002932,8002988,8004739,8001789,8005218,8000363,8002462,;426
2021-12-25T05:19:00.000Z;Rösrath-Stümpen;RB;RB 25;25;10505;8005143;8005143%2021-12-25T05:19:00.000Z%,8003358,8003320,8003368,8000207,8003392,;426
2021-12-25T06:19:00.000Z;Rösrath-Stümpen;RB;RB 25;25;10513;8005143;8005143%2021-12-25T06:19:00.000Z%,8003358,8003320,8003368,8000207,8003392,;426
2021-12-25T06:40:00.000Z;Rösrath-Stümpen;RB;RB 25;25;10522;8005143;8005143%2021-12-25T06:40:00.000Z%,8005134,8002932,8002988,8004739,8001789,8005218,8000363,8002462,8070483,8003950,8003297,8002535,8001213,8003782,;426
2021-12-25T07:19:00.000Z;Rösrath-Stümpen;RB;RB 25;25;10521;8005143;8005143%2021-12-25T07:19:00.000Z%,8003358,8003320,8003368,8000207,8003392,;426
2021-12-25T07:40:00.000Z;Rösrath-Stümpen;RB;RB 25;25;10528;8005143;8005143%2021-12-25T07:40:00.000Z%,8005134,8002932,8002988,8004739,8001789,8005218,8000363,8002462,8070483,8003950,8003297,8002535,8001213,8003782,;426
2021-12-25T08:19:00.000Z;Rösrath-Stümpen;RB;RB 25;25;10525;8005143;8005143%2021-12-25T08:19:00.000Z%,8003358,8003320,8003368,8000207,8003392,;426
2021-12-25T08:40:00.000Z;Rösrath-Stümpen;RB;RB 25;25;10532;8005143;8005143%2021-12-25T08:40:00.000Z%,8005134,8002932,8002988,8004739,8001789,8005218,8000363,8002462,8070483,8003950,8003297,8002535,8001213,8003782,;426
2021-12-25T09:19:00.000Z;Rösrath-Stümpen;RB;RB 25;25;10531;8005143;8005143%2021-12-25T09:19:00.000Z%,8003358,8003320,8003368,8000207,8003392,;426
2021-12-25T09:40:00.000Z;Rösrath-Stümpen;RB;RB 25;25;10536;8005143;8005143%2021-12-25T09:40:00.000Z%,8005134,8002932,8002988,8004739,8001789,8005218,8000363,8002462,8070483,8003950,8003297,8002535,8001213,8003782,;426
2021-12-25T10:19:00.000Z;Rösrath-Stümpen;RB;RB 25;25;10535;8005143;8005143%2021-12-25T10:19:00.000Z%,8003358,8003320,8003368,8000207,8003392,;426
2021-12-25T10:40:00.000Z;Rösrath-Stümpen;RB;RB 25;25;10540;8005143;8005143%2021-12-25T10:40:00.000Z%,8005134,8002932,8002988,8004739,8001789,8005218,8000363,8002462,8070483,8003950,8003297,8002535,8001213,8003782,;426
2021-12-25T10:49:00.000Z;Rösrath-Stümpen;RB;RB 25;25;10537;8005143;8005143%2021-12-25T10:49:00.000Z%,8003358,8003320,8003368,8000207,8003392,;426
2021-12-25T11:10:00.000Z;Rösrath-Stümpen;RB;RB 25;25;10542;8005143;8005143%2021-12-25T11:10:00.000Z%,8005134,8002932,8002988,8004739,8001789,;426
2021-12-25T11:19:00.000Z;Rösrath-Stümpen;RB;RB 25;25;10539;8005143;8005143%2021-12-25T11:19:00.000Z%,8003358,8003320,8003368,8000207,8003392,;426
2021-12-25T11:40:00.000Z;Rösrath-Stümpen;RB;RB 25;25;10544;8005143;8005143%2021-12-25T11:40:00.000Z%,8005134,8002932,8002988,8004739,8001789,8005218,8000363,8002462,8070483,8003950,8003297,8002535,8001213,8003782,;426
2021-12-25T11:49:00.000Z;Rösrath-Stümpen;RB;RB 25;25;10541;8005143;8005143%2021-12-25T11:49:00.000Z%,8003358,8003320,8003368,8000207,8003392,;426
2021-12-25T12:10:00.000Z;Rösrath-Stümpen;RB;RB 25;25;10546;8005143;8005143%2021-12-25T12:10:00.000Z%,8005134,8002932,8002988,8004739,8001789,;426
2021-12-25T12:19:00.000Z;Rösrath-Stümpen;RB;RB 25;25;10543;8005143;8005143%2021-12-25T12:19:00.000Z%,8003358,8003320,8003368,8000207,8003392,;426
2021-12-25T12:40:00.000Z;Rösrath-Stümpen;RB;RB 25;25;10548;8005143;8005143%2021-12-25T12:40:00.000Z%,8005134,8002932,8002988,8004739,8001789,8005218,8000363,8002462,8070483,8003950,8003297,8002535,8001213,8003782,;426
2021-12-25T12:49:00.000Z;Rösrath-Stümpen;RB;RB 25;25;10545;8005143;8005143%2021-12-25T12:49:00.000Z%,8003358,8003320,8003368,8000207,8003392,;426
2021-12-25T13:10:00.000Z;Rösrath-Stümpen;RB;RB 25;25;10550;8005143;8005143%2021-12-25T13:10:00.000Z%,8005134,8002932,8002988,8004739,8001789,;426
2021-12-25T13:19:00.000Z;Rösrath-Stümpen;RB;RB 25;25;10547;8005143;8005143%2021-12-25T13:19:00.000Z%,8003358,8003320,8003368,8000207,8003392,;426
2021-12-25T13:40:00.000Z;Rösrath-Stümpen;RB;RB 25;25;10552;8005143;8005143%2021-12-25T13:40:00.000Z%,8005134,8002932,8002988,8004739,8001789,8005218,8000363,8002462,8070483,8003950,8003297,8002535,8001213,8003782,;426
2021-12-25T13:49:00.000Z;Rösrath-Stümpen;RB;RB 25;25;10549;8005143;8005143%2021-12-25T13:49:00.000Z%,8003358,8003320,8003368,8000207,8003392,;426
2021-12-25T14:10:00.000Z;Rösrath-Stümpen;RB;RB 25;25;10554;8005143;8005143%2021-12-25T14:10:00.000Z%,8005134,8002932,8002988,8004739,8001789,;426
2021-12-25T14:19:00.000Z;Rösrath-Stümpen;RB;RB 25;25;10551;8005143;8005143%2021-12-25T14:19:00.000Z%,8003358,8003320,8003368,8000207,8003392,;426
2021-12-25T14:40:00.000Z;Rösrath-Stümpen;RB;RB 25;25;10556;8005143;8005143%2021-12-25T14:40:00.000Z%,8005134,8002932,8002988,8004739,8001789,8005218,8000363,8002462,8070483,8003950,8003297,8002535,8001213,8003782,;426
2021-12-25T14:49:00.000Z;Rösrath-Stümpen;RB;RB 25;25;10553;8005143;8005143%2021-12-25T14:49:00.000Z%,8003358,8003320,8003368,8000207,8003392,;426
2021-12-25T15:10:00.000Z;Rösrath-Stümpen;RB;RB 25;25;10558;8005143;8005143%2021-12-25T15:10:00.000Z%,8005134,8002932,8002988,8004739,8001789,;426
2021-12-25T15:19:00.000Z;Rösrath-Stümpen;RB;RB 25;25;10555;8005143;8005143%2021-12-25T15:19:00.000Z%,8003358,8003320,8003368,8000207,8003392,;426
2021-12-25T15:40:00.000Z;Rösrath-Stümpen;RB;RB 25;25;10562;8005143;8005143%2021-12-25T15:40:00.000Z%,8005134,8002932,8002988,8004739,8001789,8005218,8000363,8002462,8070483,8003950,8003297,8002535,8001213,8003782,;426
2021-12-25T15:49:00.000Z;Rösrath-Stümpen;RB;RB 25;25;10559;8005143;8005143%2021-12-25T15:49:00.000Z%,8003358,8003320,8003368,8000207,8003392,;426
2021-12-25T16:10:00.000Z;Rösrath-Stümpen;RB;RB 25;25;10564;8005143;8005143%2021-12-25T16:10:00.000Z%,8005134,8002932,8002988,8004739,8001789,;426
2021-12-25T16:19:00.000Z;Rösrath-Stümpen;RB;RB 25;25;10561;8005143;8005143%2021-12-25T16:19:00.000Z%,8003358,8003320,8003368,8000207,8003392,;426
2021-12-25T16:40:00.000Z;Rösrath-Stümpen;RB;RB 25;25;10566;8005143;8005143%2021-12-25T16:40:00.000Z%,8005134,8002932,8002988,8004739,8001789,8005218,8000363,8002462,8070483,8003950,8003297,8002535,8001213,8003782,;426
2021-12-25T16:49:00.000Z;Rösrath-Stümpen;RB;RB 25;25;10563;8005143;8005143%2021-12-25T16:49:00.000Z%,8003358,8003320,8003368,8000207,8003392,;426
2021-12-25T17:10:00.000Z;Rösrath-Stümpen;RB;RB 25;25;10568;8005143;8005143%2021-12-25T17:10:00.000Z%,8005134,8002932,8002988,8004739,8001789,;426
2021-12-25T17:19:00.000Z;Rösrath-Stümpen;RB;RB 25;25;10565;8005143;8005143%2021-12-25T17:19:00.000Z%,8003358,8003320,8003368,8000207,8003392,;426
2021-12-25T17:40:00.000Z;Rösrath-Stümpen;RB;RB 25;25;10570;8005143;8005143%2021-12-25T17:40:00.000Z%,8005134,8002932,8002988,8004739,8001789,8005218,8000363,8002462,8070483,8003950,8003297,8002535,8001213,8003782,;426
2021-12-25T17:49:00.000Z;Rösrath-Stümpen;RB;RB 25;25;10567;8005143;8005143%2021-12-25T17:49:00.000Z%,8003358,8003320,8003368,8000207,8003392,;426
2021-12-25T18:10:00.000Z;Rösrath-Stümpen;RB;RB 25;25;10572;8005143;8005143%2021-12-25T18:10:00.000Z%,8005134,8002932,8002988,8004739,8001789,;426
2021-12-25T18:19:00.000Z;Rösrath-Stümpen;RB;RB 25;25;10569;8005143;8005143%2021-12-25T18:19:00.000Z%,8003358,8003320,8003368,8000207,8003392,;426
2021-12-25T18:40:00.000Z;Rösrath-Stümpen;RB;RB 25;25;10574;8005143;8005143%2021-12-25T18:40:00.000Z%,8005134,8002932,8002988,8004739,8001789,8005218,8000363,8002462,8070483,8003950,8003297,8002535,8001213,8003782,;426
2021-12-25T18:49:00.000Z;Rösrath-Stümpen;RB;RB 25;25;10571;8005143;8005143%2021-12-25T18:49:00.000Z%,8003358,8003320,8003368,8000207,8003392,;426
2021-12-25T19:10:00.000Z;Rösrath-Stümpen;RB;RB 25;25;10576;8005143;8005143%2021-12-25T19:10:00.000Z%,8005134,8002932,8002988,8004739,8001789,;426
2021-12-25T19:19:00.000Z;Rösrath-Stümpen;RB;RB 25;25;10575;8005143;8005143%2021-12-25T19:19:00.000Z%,8003358,8003320,8003368,8000207,8003392,;426
2021-12-25T19:40:00.000Z;Rösrath-Stümpen;RB;RB 25;25;10578;8005143;8005143%2021-12-25T19:40:00.000Z%,8005134,8002932,8002988,8004739,8001789,8005218,8000363,8002462,8070483,8003950,8003297,8002535,8001213,8003782,;426
2021-12-25T19:49:00.000Z;Rösrath-Stümpen;RB;RB 25;25;10577;8005143;8005143%2021-12-25T19:49:00.000Z%,8003358,8003320,8003368,8000207,8003392,;426
2021-12-25T20:10:00.000Z;Rösrath-Stümpen;RB;RB 25;25;10580;8005143;8005143%2021-12-25T20:10:00.000Z%,8005134,8002932,8002988,8004739,8001789,;426
2021-12-24T19:11:00.000Z;Rommerskirchen;RB;RB 27;27;10637;8005159;8005159%2021-12-24T20:40:00.000Z%89,8005746,8004898,8000208,8000207,8003368,8003330,8000135,8002104,8003966,8001083,8001086,8004366,8003386,8005074,8000713,8005970,8001858,8003708,8003660,8000711,8005062,8003665,8000276,8003341,8000206,;426
2021-12-24T20:35:00.000Z;Rommerskirchen;RE;RE 8;8;10837;8005159;8005159%2021-12-24T20:35:00.000Z%0,8005746,8004898,8000208,8000207,8003368,8004869,8000135,8002104,8003966,8001083,8001086,8004366,8003386,8005074,8000713,8005970,8003708,8000711,8005062,8000276,8006036,8003352,8003341,8000206,;602
2021-12-24T20:47:00.000Z;Rommerskirchen;RB;RB 27;27;10632;8005159;8005159%2021-12-24T20:49:00.000Z%2,8000133,8003130,8000390,8005073,8000318,8000253,;426
2021-12-24T21:11:00.000Z;Rommerskirchen;RB;RB 27;27;10641;8005159;8005159%2021-12-24T21:12:00.000Z%1,8005746,8004898,8000208,8000207,8003368,8003330,8000135,8002104,8003966,8001083,8001086,8004366,8003386,8005074,8000713,8005970,8001858,8003708,8003660,8000711,8005062,8003665,8000276,8003341,8000206,;426
2021-12-24T21:36:00.000Z;Rommerskirchen;RE;RE 8;8;10839;8005159;8005159%2021-12-24T21:36:00.000Z%,8005746,8004898,8000208,8000207,8003368,8004869,8000135,8002104,8003966,8001083,8001086,8004366,8003386,8005074,8000713,8005970,8003708,;602
2021-12-24T21:48:00.000Z;Rommerskirchen;RB;RB 27;27;10634;8005159;8005159%2021-12-24T21:49:00.000Z%1,8000133,8003130,8000390,8005073,8000318,8000253,;426
2021-12-24T22:11:00.000Z;Rommerskirchen;RB;RB 27;27;10643;8005159;8005159%2021-12-24T22:11:00.000Z%,8005746,8004898,8000208,8000207,8003368,8003330,8000135,8002104,8003966,8001083,8001086,8004366,8003386,8005074,8000713,8005970,8001858,8003708,8003660,8000711,8005062,8003665,8000276,8003341,8000206,;426
2021-12-24T22:36:00.000Z;Rommerskirchen;RE;RE 8;8;10841;8005159;8005159%2021-12-24T22:36:00.000Z%,8005746,8004898,8000208,8000207,8003368,8004869,8000135,8002104,8003966,8001083,8001086,8004366,8003386,8005074,8000713,8005970,8003708,;602
2021-12-24T22:47:00.000Z;Rommerskirchen;RB;RB 27;27;10636;8005159;8005159%2021-12-24T22:49:00.000Z%2,8000133,8003130,8000390,8005073,8000318,8000253,;426
2021-12-24T23:11:00.000Z;Rommerskirchen;RB;RB 27;27;10645;8005159;8005159%2021-12-24T23:11:00.000Z%,8005746,8004898,8000208,8000207,8003368,8003330,8000135,8002104,8003966,8001083,8001086,8004366,8003386,8005074,8000713,8005970,8001858,8003708,8003660,8000711,8005062,8003665,8000276,8003341,8000206,;426
2021-12-24T23:36:00.000Z;Rommerskirchen;RE;RE 8;8;10843;8005159;8005159%2021-12-24T23:36:00.000Z%,8005746,8004898,8000208,8000207,8003368,;602
2021-12-24T23:47:00.000Z;Rommerskirchen;RB;RB 27;27;10638;8005159;8005159%2021-12-24T23:47:00.000Z%,8000133,8003130,8000390,8005073,8000318,8000253,;426
2021-12-25T00:11:00.000Z;Rommerskirchen;RB;RB 27;27;10647;8005159;8005159%2021-12-25T00:11:00.000Z%,8005746,8004898,8000208,8000207,8003368,8003330,8000135,8002104,8003966,8001083,8001086,8004366,8003386,8005074,8000713,8005970,8001858,8003708,;426
2021-12-25T00:47:00.000Z;Rommerskirchen;RB;RB 27;27;10640;8005159;8005159%2021-12-25T00:47:00.000Z%,8000133,8003130,8000390,8005073,8000318,8000253,;426
2021-12-25T05:11:00.000Z;Rommerskirchen;RB;RB 27;27;10609;8005159;8005159%2021-12-25T05:11:00.000Z%,8005746,8004898,8000208,8000207,8003368,8003330,8000135,8002104,8003966,8001083,8001086,8004366,8003386,8005074,8000713,8005970,8001858,8003708,8003660,8000711,8005062,8003665,8000276,8003341,8000206,;426
2021-12-25T05:47:00.000Z;Rommerskirchen;RB;RB 27;27;10602;8005159;8005159%2021-12-25T05:47:00.000Z%,8000133,8003130,8000390,8005073,8000318,8000253,;426
2021-12-25T06:11:00.000Z;Rommerskirchen;RB;RB 27;27;10611;8005159;8005159%2021-12-25T06:11:00.000Z%,8005746,8004898,8000208,8000207,8003368,8003330,8000135,8002104,8003966,8001083,8001086,8004366,8003386,8005074,8000713,8005970,8001858,8003708,8003660,8000711,8005062,8003665,8000276,8003341,8000206,;426
2021-12-25T06:36:00.000Z;Rommerskirchen;RE;RE 8;8;10809;8005159;8005159%2021-12-25T06:36:00.000Z%,8005746,8004898,8000208,8000207,8003368,8004869,8000135,8002104,8003966,8001083,8001086,8004366,8003386,8005074,8000713,8005970,8003708,8000711,8005062,8000276,8006036,8003352,8003341,8000206,;602
2021-12-25T06:47:00.000Z;Rommerskirchen;RB;RB 27;27;10604;8005159;8005159%2021-12-25T06:47:00.000Z%,8000133,8003130,8000390,8005073,8000318,8000253,;426
2021-12-25T07:11:00.000Z;Rommerskirchen;RB;RB 27;27;10613;8005159;8005159%2021-12-25T07:11:00.000Z%,8005746,8004898,8000208,8000207,8003368,8003330,8000135,8002104,8003966,8001083,8001086,8004366,8003386,8005074,8000713,8005970,8001858,8003708,8003660,8000711,8005062,8003665,8000276,8003341,8000206,;426
2021-12-25T07:36:00.000Z;Rommerskirchen;RE;RE 8;8;10811;8005159;8005159%2021-12-25T07:36:00.000Z%,8005746,8004898,8000208,8000207,8003368,8004869,8000135,8002104,8003966,8001083,8001086,8004366,8003386,8005074,8000713,8005970,8003708,8000711,8005062,8000276,8006036,8003352,8003341,8000206,;602
2021-12-25T07:47:00.000Z;Rommerskirchen;RB;RB 27;27;10606;8005159;8005159%2021-12-25T07:47:00.000Z%,8000133,8003130,8000390,8005073,8000318,8000253,;426
2021-12-25T08:11:00.000Z;Rommerskirchen;RB;RB 27;27;10615;8005159;8005159%2021-12-25T08:11:00.000Z%,8005746,8004898,8000208,8000207,8003368,8003330,8000135,8002104,8003966,8001083,8001086,8004366,8003386,8005074,8000713,8005970,8001858,8003708,8003660,8000711,8005062,8003665,8000276,8003341,8000206,;426
2021-12-25T08:36:00.000Z;Rommerskirchen;RE;RE 8;8;10813;8005159;8005159%2021-12-25T08:36:00.000Z%,8005746,8004898,8000208,8000207,8003368,8004869,8000135,8002104,8003966,8001083,8001086,8004366,8003386,8005074,8000713,8005970,8003708,8000711,8005062,8000276,8006036,8003352,8003341,8000206,;602
2021-12-25T08:47:00.000Z;Rommerskirchen;RB;RB 27;27;10608;8005159;8005159%2021-12-25T08:47:00.000Z%,8000133,8003130,8000390,8005073,8000318,8000253,;426
2021-12-25T09:11:00.000Z;Rommerskirchen;RB;RB 27;27;10617;8005159;8005159%2021-12-25T09:11:00.000Z%,8005746,8004898,8000208,8000207,8003368,8003330,8000135,8002104,8003966,8001083,8001086,8004366,8003386,8005074,8000713,8005970,8001858,8003708,8003660,8000711,8005062,8003665,8000276,8003341,8000206,;426
2021-12-25T09:36:00.000Z;Rommerskirchen;RE;RE 8;8;10815;8005159;8005159%2021-12-25T09:36:00.000Z%,8005746,8004898,8000208,8000207,8003368,8004869,8000135,8002104,8003966,8001083,8001086,8004366,8003386,8005074,8000713,8005970,8003708,8000711,8005062,8000276,8006036,8003352,8003341,8000206,;602
2021-12-25T09:47:00.000Z;Rommerskirchen;RB;RB 27;27;10610;8005159;8005159%2021-12-25T09:47:00.000Z%,8000133,8003130,8000390,8005073,8000318,8000253,;426
2021-12-25T10:11:00.000Z;Rommerskirchen;RB;RB 27;27;10619;8005159;8005159%2021-12-25T10:11:00.000Z%,8005746,8004898,8000208,8000207,8003368,8003330,8000135,8002104,8003966,8001083,8001086,8004366,8003386,8005074,8000713,8005970,8001858,8003708,8003660,8000711,8005062,8003665,8000276,8003341,8000206,;426
2021-12-25T10:36:00.000Z;Rommerskirchen;RE;RE 8;8;10817;8005159;8005159%2021-12-25T10:36:00.000Z%,8005746,8004898,8000208,8000207,8003368,8004869,8000135,8002104,8003966,8001083,8001086,8004366,8003386,8005074,8000713,8005970,8003708,8000711,8005062,8000276,8006036,8003352,8003341,8000206,;602
2021-12-25T10:47:00.000Z;Rommerskirchen;RB;RB 27;27;10612;8005159;8005159%2021-12-25T10:47:00.000Z%,8000133,8003130,8000390,8005073,8000318,8000253,;426
2021-12-25T11:11:00.000Z;Rommerskirchen;RB;RB 27;27;10621;8005159;8005159%2021-12-25T11:11:00.000Z%,8005746,8004898,8000208,8000207,8003368,8003330,8000135,8002104,8003966,8001083,8001086,8004366,8003386,8005074,8000713,8005970,8001858,8003708,8003660,8000711,8005062,8003665,8000276,8003341,8000206,;426
2021-12-25T11:36:00.000Z;Rommerskirchen;RE;RE 8;8;10819;8005159;8005159%2021-12-25T11:36:00.000Z%,8005746,8004898,8000208,8000207,8003368,8004869,8000135,8002104,8003966,8001083,8001086,8004366,8003386,8005074,8000713,8005970,8003708,8000711,8005062,8000276,8006036,8003352,8003341,8000206,;602
2021-12-25T11:47:00.000Z;Rommerskirchen;RB;RB 27;27;10614;8005159;8005159%2021-12-25T11:47:00.000Z%,8000133,8003130,8000390,8005073,8000318,8000253,;426
2021-12-25T12:11:00.000Z;Rommerskirchen;RB;RB 27;27;10623;8005159;8005159%2021-12-25T12:11:00.000Z%,8005746,8004898,8000208,8000207,8003368,8003330,8000135,8002104,8003966,8001083,8001086,8004366,8003386,8005074,8000713,8005970,8001858,8003708,8003660,8000711,8005062,8003665,8000276,8003341,8000206,;426
2021-12-25T12:36:00.000Z;Rommerskirchen;RE;RE 8;8;10821;8005159;8005159%2021-12-25T12:36:00.000Z%,8005746,8004898,8000208,8000207,8003368,8004869,8000135,8002104,8003966,8001083,8001086,8004366,8003386,8005074,8000713,8005970,8003708,8000711,8005062,8000276,8006036,8003352,8003341,8000206,;602
2021-12-25T12:47:00.000Z;Rommerskirchen;RB;RB 27;27;10616;8005159;8005159%2021-12-25T12:47:00.000Z%,8000133,8003130,8000390,8005073,8000318,8000253,;426
2021-12-25T13:11:00.000Z;Rommerskirchen;RB;RB 27;27;10625;8005159;8005159%2021-12-25T13:11:00.000Z%,8005746,8004898,8000208,8000207,8003368,8003330,8000135,8002104,8003966,8001083,8001086,8004366,8003386,8005074,8000713,8005970,8001858,8003708,8003660,8000711,8005062,8003665,8000276,8003341,8000206,;426
2021-12-25T13:36:00.000Z;Rommerskirchen;RE;RE 8;8;10823;8005159;8005159%2021-12-25T13:36:00.000Z%,8005746,8004898,8000208,8000207,8003368,8004869,8000135,8002104,8003966,8001083,8001086,8004366,8003386,8005074,8000713,8005970,8003708,8000711,8005062,8000276,8006036,8003352,8003341,8000206,;602
2021-12-25T13:47:00.000Z;Rommerskirchen;RB;RB 27;27;10618;8005159;8005159%2021-12-25T13:47:00.000Z%,8000133,8003130,8000390,8005073,8000318,8000253,;426
2021-12-25T14:11:00.000Z;Rommerskirchen;RB;RB 27;27;10627;8005159;8005159%2021-12-25T14:11:00.000Z%,8005746,8004898,8000208,8000207,8003368,8003330,8000135,8002104,8003966,8001083,8001086,8004366,8003386,8005074,8000713,8005970,8001858,8003708,8003660,8000711,8005062,8003665,8000276,8003341,8000206,;426
2021-12-25T14:36:00.000Z;Rommerskirchen;RE;RE 8;8;10825;8005159;8005159%2021-12-25T14:36:00.000Z%,8005746,8004898,8000208,8000207,8003368,8004869,8000135,8002104,8003966,8001083,8001086,8004366,8003386,8005074,8000713,8005970,8003708,8000711,8005062,8000276,8006036,8003352,8003341,8000206,;602
2021-12-25T14:47:00.000Z;Rommerskirchen;RB;RB 27;27;10620;8005159;8005159%2021-12-25T14:47:00.000Z%,8000133,8003130,8000390,8005073,8000318,8000253,;426
2021-12-25T15:11:00.000Z;Rommerskirchen;RB;RB 27;27;10629;8005159;8005159%2021-12-25T15:11:00.000Z%,8005746,8004898,8000208,8000207,8003368,8003330,8000135,8002104,8003966,8001083,8001086,8004366,8003386,8005074,8000713,8005970,8001858,8003708,8003660,8000711,8005062,8003665,8000276,8003341,8000206,;426
2021-12-25T15:36:00.000Z;Rommerskirchen;RE;RE 8;8;10827;8005159;8005159%2021-12-25T15:36:00.000Z%,8005746,8004898,8000208,8000207,8003368,8004869,8000135,8002104,8003966,8001083,8001086,8004366,8003386,8005074,8000713,8005970,8003708,8000711,8005062,8000276,8006036,8003352,8003341,8000206,;602
2021-12-25T15:47:00.000Z;Rommerskirchen;RB;RB 27;27;10622;8005159;8005159%2021-12-25T15:47:00.000Z%,8000133,8003130,8000390,8005073,8000318,8000253,;426
2021-12-25T16:11:00.000Z;Rommerskirchen;RB;RB 27;27;10631;8005159;8005159%2021-12-25T16:11:00.000Z%,8005746,8004898,8000208,8000207,8003368,8003330,8000135,8002104,8003966,8001083,8001086,8004366,8003386,8005074,8000713,8005970,8001858,8003708,8003660,8000711,8005062,8003665,8000276,8003341,8000206,;426
2021-12-25T16:36:00.000Z;Rommerskirchen;RE;RE 8;8;10829;8005159;8005159%2021-12-25T16:36:00.000Z%,8005746,8004898,8000208,8000207,8003368,8004869,8000135,8002104,8003966,8001083,8001086,8004366,8003386,8005074,8000713,8005970,8003708,8000711,8005062,8000276,8006036,8003352,8003341,8000206,;602
2021-12-25T16:47:00.000Z;Rommerskirchen;RB;RB 27;27;10624;8005159;8005159%2021-12-25T16:47:00.000Z%,8000133,8003130,8000390,8005073,8000318,8000253,;426
2021-12-25T17:11:00.000Z;Rommerskirchen;RB;RB 27;27;10633;8005159;8005159%2021-12-25T17:11:00.000Z%,8005746,8004898,8000208,8000207,8003368,8003330,8000135,8002104,8003966,8001083,8001086,8004366,8003386,8005074,8000713,8005970,8001858,8003708,8003660,8000711,8005062,8003665,8000276,8003341,8000206,;426
2021-12-25T17:36:00.000Z;Rommerskirchen;RE;RE 8;8;10831;8005159;8005159%2021-12-25T17:36:00.000Z%,8005746,8004898,8000208,8000207,8003368,8004869,8000135,8002104,8003966,8001083,8001086,8004366,8003386,8005074,8000713,8005970,8003708,8000711,8005062,8000276,8006036,8003352,8003341,8000206,;602
2021-12-25T17:48:00.000Z;Rommerskirchen;RB;RB 27;27;10626;8005159;8005159%2021-12-25T17:48:00.000Z%,8000133,8003130,8000390,8005073,8000318,8000253,;426
2021-12-25T18:11:00.000Z;Rommerskirchen;RB;RB 27;27;10635;8005159;8005159%2021-12-25T18:11:00.000Z%,8005746,8004898,8000208,8000207,8003368,8003330,8000135,8002104,8003966,8001083,8001086,8004366,8003386,8005074,8000713,8005970,8001858,8003708,8003660,8000711,8005062,8003665,8000276,8003341,8000206,;426
2021-12-25T18:36:00.000Z;Rommerskirchen;RE;RE 8;8;10833;8005159;8005159%2021-12-25T18:36:00.000Z%,8005746,8004898,8000208,8000207,8003368,8004869,8000135,8002104,8003966,8001083,8001086,8004366,8003386,8005074,8000713,8005970,8003708,8000711,8005062,8000276,8006036,8003352,8003341,8000206,;602
2021-12-25T18:47:00.000Z;Rommerskirchen;RB;RB 27;27;10628;8005159;8005159%2021-12-25T18:47:00.000Z%,8000133,8003130,8000390,8005073,8000318,8000253,;426
2021-12-25T19:36:00.000Z;Rommerskirchen;RE;RE 8;8;10835;8005159;8005159%2021-12-25T19:36:00.000Z%,8005746,8004898,8000208,8000207,8003368,8004869,8000135,8002104,8003966,8001083,8001086,8004366,8003386,8005074,8000713,8005970,8003708,8000711,8005062,8000276,8006036,8003352,8003341,8000206,;602
2021-12-25T19:47:00.000Z;Rommerskirchen;RB;RB 27;27;10630;8005159;8005159%2021-12-25T19:47:00.000Z%,8000133,8003130,8000390,8005073,8000318,8000253,;426
2021-12-25T20:11:00.000Z;Rommerskirchen;RB;RB 27;27;10639;8005159;8005159%2021-12-25T20:11:00.000Z%,8005746,8004898,8000208,8000207,8003368,8003330,8000135,8002104,8003966,8001083,8001086,8004366,8003386,8005074,8000713,8005970,8001858,8003708,8003660,8000711,8005062,8003665,8000276,8003341,8000206,;426
2021-12-24T20:36:00.000Z;Rottershausen;RB;RB 40;40;80758;8005199;8005199%2021-12-24T20:36:00.000Z%0,8004169,8001290,8000730,8003959,8012750,8011183,8013329,8010142,;426
2021-12-24T21:14:00.000Z;Rottershausen;RB;RB 40;40;80761;8005199;8005199%2021-12-24T21:14:00.000Z%0,8001620,8004865,8000032,8005479,8005481,;426
2021-12-24T21:46:00.000Z;Rottershausen;RB;RB 40;40;80760;8005199;8005199%2021-12-24T21:46:00.000Z%0,8004169,8001290,8000730,8003959,8012750,8011183,8013329,8012770,8010230,;426
2021-12-24T22:22:00.000Z;Rottershausen;RB;RB 40;40;80763;8005199;8005199%2021-12-24T22:22:00.000Z%0,8001620,8004865,8004453,8000032,;426
2021-12-24T23:11:00.000Z;Rottershausen;RB;RB 40;40;80762;8005199;8005199%2021-12-24T23:11:00.000Z%0,8004169,8001290,8000730,;426
2021-12-25T05:14:00.000Z;Rottershausen;RB;RB 40;40;80727;8005199;8005199%2021-12-25T05:14:00.000Z%,8001620,8004865,8004453,8000032,8005479,8005481,;426
2021-12-25T05:49:00.000Z;Rottershausen;RE;RE 7;7;3751;8005199;8005199%2021-12-25T05:49:00.000Z%,8001620,8004865,8004453,8000032,8005198,8000260,;602
2021-12-25T06:42:00.000Z;Rottershausen;RB;RB 40;40;80728;8005199;8005199%2021-12-25T06:42:00.000Z%,8004169,8001290,8000730,8003959,8012750,8011183,8013329,8012770,8010230,;426
2021-12-25T07:14:00.000Z;Rottershausen;RB;RB 40;40;80731;8005199;8005199%2021-12-25T07:14:00.000Z%,8001620,8004865,8000032,;426
2021-12-25T07:31:00.000Z;Rottershausen;RB;RB 40;40;80730;8005199;8005199%2021-12-25T07:31:00.000Z%,8004169,8001290,8000730,;426
2021-12-25T08:21:00.000Z;Rottershausen;RB;RB 40;40;80733;8005199;8005199%2021-12-25T08:21:00.000Z%,8001620,8004865,8004453,8000032,8005479,8005481,;426
2021-12-25T08:36:00.000Z;Rottershausen;RB;RB 40;40;80732;8005199;8005199%2021-12-25T08:36:00.000Z%,8004169,8001290,8000730,8003959,8012750,8011183,8013329,8012770,8010230,;426
2021-12-25T09:14:00.000Z;Rottershausen;RB;RB 40;40;80735;8005199;8005199%2021-12-25T09:14:00.000Z%,8001620,8004865,8000032,;426
2021-12-25T09:31:00.000Z;Rottershausen;RB;RB 40;40;80734;8005199;8005199%2021-12-25T09:31:00.000Z%,8004169,8001290,8000730,;426
2021-12-25T10:21:00.000Z;Rottershausen;RB;RB 40;40;80737;8005199;8005199%2021-12-25T10:21:00.000Z%,8001620,8004865,8004453,8000032,8005479,8005481,;426
2021-12-25T10:36:00.000Z;Rottershausen;RB;RB 40;40;80736;8005199;8005199%2021-12-25T10:36:00.000Z%,8004169,8001290,8000730,8003959,8012750,8011183,8013329,8012770,8010230,;426
2021-12-25T11:14:00.000Z;Rottershausen;RB;RB 40;40;80739;8005199;8005199%2021-12-25T11:14:00.000Z%,8001620,8004865,8000032,;426
2021-12-25T11:23:00.000Z;Rottershausen;RB;RB 40;40;80738;8005199;8005199%2021-12-25T11:23:00.000Z%,8004169,8001290,8000730,;426
2021-12-25T12:21:00.000Z;Rottershausen;RB;RB 40;40;80741;8005199;8005199%2021-12-25T12:21:00.000Z%,8001620,8004865,8004453,8000032,8005479,8005481,;426
2021-12-25T12:36:00.000Z;Rottershausen;RB;RB 40;40;80742;8005199;8005199%2021-12-25T12:36:00.000Z%,8004169,8001290,8000730,8003959,8012750,8011183,8013329,8012770,8010230,;426
2021-12-25T13:13:00.000Z;Rottershausen;RB;RB 40;40;80745;8005199;8005199%2021-12-25T13:13:00.000Z%,8001620,8004865,8000032,;426
2021-12-25T13:31:00.000Z;Rottershausen;RB;RB 40;40;80744;8005199;8005199%2021-12-25T13:31:00.000Z%,8004169,8001290,8000730,;426
2021-12-25T14:21:00.000Z;Rottershausen;RB;RB 40;40;80747;8005199;8005199%2021-12-25T14:21:00.000Z%,8001620,8004865,8004453,8000032,8005479,8005481,;426
2021-12-25T14:36:00.000Z;Rottershausen;RB;RB 40;40;80748;8005199;8005199%2021-12-25T14:36:00.000Z%,8004169,8001290,8000730,8003959,8012750,8011183,8013329,8012770,8010230,;426
2021-12-25T15:07:00.000Z;Rottershausen;RB;RB 40;40;80750;8005199;8005199%2021-12-25T15:07:00.000Z%,8004169,8001290,8000730,;426
2021-12-25T15:26:00.000Z;Rottershausen;RB;RB 40;40;80751;8005199;8005199%2021-12-25T15:26:00.000Z%,8001620,8004865,8004453,8000032,;426
2021-12-25T16:21:00.000Z;Rottershausen;RB;RB 40;40;80753;8005199;8005199%2021-12-25T16:21:00.000Z%,8001620,8004865,8004453,8000032,8005479,8005481,;426
2021-12-25T16:36:00.000Z;Rottershausen;RB;RB 40;40;80752;8005199;8005199%2021-12-25T16:36:00.000Z%,8004169,8001290,8000730,8003959,8012750,8011183,8013329,8012770,8010230,;426
2021-12-25T17:14:00.000Z;Rottershausen;RB;RB 40;40;80755;8005199;8005199%2021-12-25T17:14:00.000Z%,8001620,8004865,8000032,8005479,8005481,;426
2021-12-25T18:36:00.000Z;Rottershausen;RB;RB 40;40;80756;8005199;8005199%2021-12-25T18:36:00.000Z%,8004169,8001290,8000730,8003959,8012750,8011183,8013329,8012770,8010230,;426
2021-12-25T19:14:00.000Z;Rottershausen;RB;RB 40;40;80759;8005199;8005199%2021-12-25T19:14:00.000Z%,8001620,8004865,8000032,8005479,8005481,;426
2021-12-24T20:51:00.000Z;Rückersbacher Schlucht;RE;RE 54;54;4632;8005208;8005208%2021-12-24T20:52:00.000Z%1,8001427,8003143,8002425,8002400,8000150,8002573,8002574,8002877,8000996,8002048,8002039,8002041,8000105,;602
2021-12-24T21:58:00.000Z;Rückersbacher Schlucht;RE;RE 54;54;4634;8005208;8005208%2021-12-24T21:59:00.000Z%1,8001427,8003143,8002425,8002400,8000150,8002573,8002574,8002877,8000996,8002048,8002039,8002041,8000105,;602
2021-12-24T22:14:00.000Z;Rückersbacher Schlucht;RE;RE 54;54;4635;8005208;8005208%2021-12-24T22:14:00.000Z%,8003314,8000010,8002918,8003582,8002696,8006426,8004756,8003740,8003548,8000120,8003189,8005049,8000260,;602
2021-12-24T22:59:00.000Z;Rückersbacher Schlucht;RE;RE 54;54;4636;8005208;8005208%2021-12-24T22:59:00.000Z%,8001427,8003143,8002425,8002400,8000150,8002573,8002574,8002877,8000996,8002048,8002039,8002041,8000105,;602
2021-12-24T23:14:00.000Z;Rückersbacher Schlucht;RE;RE 54;54;4637;8005208;8005208%2021-12-24T23:14:00.000Z%,8003314,8000010,8002918,8003582,8002696,8006426,8004756,8003740,8003548,8000120,8003189,8005049,8000260,;602
2021-12-25T00:14:00.000Z;Rückersbacher Schlucht;RE;RE 54;54;4639;8005208;8005208%2021-12-25T00:14:00.000Z%,8003314,8000010,;602
2021-12-24T20:20:00.000Z;Saarhölzbach;RB;RB 71;71;12586;8005246;8005246%2021-12-24T20:21:00.000Z%1,8005812,8005539,8005245,8005392,8006461,8003173,8003402,8000402,8005905,8000134,;426
2021-12-24T20:39:00.000Z;Saarhölzbach;RB;RB 71;71;12589;8005246;8005246%2021-12-24T20:40:00.000Z%1,8004004,8000926,8003991,8003992,8002083,8000840,8000075,8005247,8001799,8001110,8000175,8003796,8001302,8005243,8000323,8005241,8005306,8005332,8005044,8005649,8000319,8003294,8003684,8000176,;426
2021-12-24T21:20:00.000Z;Saarhölzbach;RB;RB 71;71;12588;8005246;8005246%2021-12-24T21:22:00.000Z%2,8005812,8005539,8005245,8005392,8006461,8003173,8003402,8000402,8005905,8000134,;426
2021-12-24T21:39:00.000Z;Saarhölzbach;RB;RB 71;71;12591;8005246;8005246%2021-12-24T21:39:00.000Z%,8004004,8000926,8003991,8003992,8002083,8000840,8000075,8005247,8001799,8001110,8000175,8003796,8001302,8005243,8000323,8005241,8005306,8005332,8005044,8005649,8000319,8003294,8003684,8000176,;426
2021-12-24T22:21:00.000Z;Saarhölzbach;RB;RB 71;71;12590;8005246;8005246%2021-12-24T22:21:00.000Z%,8005812,8005539,8005245,8005392,8006461,8003173,8003402,8000402,8005905,8000134,;426
2021-12-24T22:39:00.000Z;Saarhölzbach;RB;RB 71;71;12593;8005246;8005246%2021-12-24T22:39:00.000Z%,8004004,8000926,8003991,8003992,8002083,8000840,8000075,8005247,8001799,8001110,8000175,8003796,8001302,8005243,8000323,;426
2021-12-24T23:24:00.000Z;Saarhölzbach;RE;RE 1;1;4134;8005246;8005246%2021-12-24T23:24:00.000Z%,8004004,8000926,8003991,8003992,8002083,8000840,8000075,8005247,8001799,8001110,8000175,8003796,8001302,8005243,8000323,;602
2021-12-24T23:24:00.000Z;Saarhölzbach;RE;RE 1;1;4145;8005246;8005246%2021-12-24T23:24:00.000Z%,8005812,8005539,8005245,8005392,8006461,8003173,8003402,8000402,8005905,8000134,;602
2021-12-25T05:05:00.000Z;Saarhölzbach;RB;RB 71;71;12552;8005246;8005246%2021-12-25T05:05:00.000Z%,8005812,8005539,8005245,8005392,8006461,8003173,8003402,8000402,8005905,8000134,;426
2021-12-25T05:30:00.000Z;Saarhölzbach;RB;RB 71;71;12553;8005246;8005246%2021-12-25T05:30:00.000Z%,8004004,8000926,8003991,8003992,8002083,8000840,8000075,8005247,8001799,8001110,8000175,8003796,8001302,8005243,8000323,8005241,8005306,8005332,8005044,8005649,8000319,8003294,8003684,8000176,;426
2021-12-25T07:20:00.000Z;Saarhölzbach;RB;RB 71;71;12558;8005246;8005246%2021-12-25T07:20:00.000Z%,8005812,8005539,8005245,8005392,8006461,8003173,8003402,8000402,8005905,8000134,;426
2021-12-25T07:39:00.000Z;Saarhölzbach;RB;RB 71;71;12559;8005246;8005246%2021-12-25T07:39:00.000Z%,8004004,8000926,8003991,8003992,8002083,8000840,8000075,8005247,8001799,8001110,8000175,8003796,8001302,8005243,8000323,8005241,8005306,8005332,8005044,8005649,8000319,8003294,8003684,8000176,;426
2021-12-25T08:20:00.000Z;Saarhölzbach;RB;RB 71;71;12560;8005246;8005246%2021-12-25T08:20:00.000Z%,8005812,8005539,8005245,8005392,8006461,8003173,8003402,8000402,8005905,8000134,;426
2021-12-25T08:39:00.000Z;Saarhölzbach;RB;RB 71;71;12561;8005246;8005246%2021-12-25T08:39:00.000Z%,8004004,8000926,8003991,8003992,8002083,8000840,8000075,8005247,8001799,8001110,8000175,8003796,8001302,8005243,8000323,8005241,8005306,8005332,8005044,8005649,8000319,8003294,8003684,8000176,;426
2021-12-25T09:20:00.000Z;Saarhölzbach;RB;RB 71;71;12562;8005246;8005246%2021-12-25T09:20:00.000Z%,8005812,8005539,8005245,8005392,8006461,8003173,8003402,8000402,8005905,8000134,;426
2021-12-25T09:39:00.000Z;Saarhölzbach;RB;RB 71;71;12563;8005246;8005246%2021-12-25T09:39:00.000Z%,8004004,8000926,8003991,8003992,8002083,8000840,8000075,8005247,8001799,8001110,8000175,8003796,8001302,8005243,8000323,8005241,8005306,8005332,8005044,8005649,8000319,8003294,8003684,8000176,;426
2021-12-25T10:20:00.000Z;Saarhölzbach;RB;RB 71;71;12564;8005246;8005246%2021-12-25T10:20:00.000Z%,8005812,8005539,8005245,8005392,8006461,8003173,8003402,8000402,8005905,8000134,;426
2021-12-25T10:39:00.000Z;Saarhölzbach;RB;RB 71;71;12565;8005246;8005246%2021-12-25T10:39:00.000Z%,8004004,8000926,8003991,8003992,8002083,8000840,8000075,8005247,8001799,8001110,8000175,8003796,8001302,8005243,8000323,8005241,8005306,8005332,8005044,8005649,8000319,8003294,8003684,8000176,;426
2021-12-25T11:20:00.000Z;Saarhölzbach;RB;RB 71;71;12566;8005246;8005246%2021-12-25T11:20:00.000Z%,8005812,8005539,8005245,8005392,8006461,8003173,8003402,8000402,8005905,8000134,;426
2021-12-25T11:39:00.000Z;Saarhölzbach;RB;RB 71;71;12567;8005246;8005246%2021-12-25T11:39:00.000Z%,8004004,8000926,8003991,8003992,8002083,8000840,8000075,8005247,8001799,8001110,8000175,8003796,8001302,8005243,8000323,8005241,8005306,8005332,8005044,8005649,8000319,8003294,8003684,8000176,;426
2021-12-25T12:20:00.000Z;Saarhölzbach;RB;RB 71;71;12570;8005246;8005246%2021-12-25T12:20:00.000Z%,8005812,8005539,8005245,8005392,8006461,8003173,8003402,8000402,8005905,8000134,;426
2021-12-25T12:39:00.000Z;Saarhölzbach;RB;RB 71;71;12571;8005246;8005246%2021-12-25T12:39:00.000Z%,8004004,8000926,8003991,8003992,8002083,8000840,8000075,8005247,8001799,8001110,8000175,8003796,8001302,8005243,8000323,8005241,8005306,8005332,8005044,8005649,8000319,8003294,8003684,8000176,;426
2021-12-25T13:20:00.000Z;Saarhölzbach;RB;RB 71;71;12572;8005246;8005246%2021-12-25T13:20:00.000Z%,8005812,8005539,8005245,8005392,8006461,8003173,8003402,8000402,8005905,8000134,;426
2021-12-25T13:39:00.000Z;Saarhölzbach;RB;RB 71;71;12575;8005246;8005246%2021-12-25T13:39:00.000Z%,8004004,8000926,8003991,8003992,8002083,8000840,8000075,8005247,8001799,8001110,8000175,8003796,8001302,8005243,8000323,8005241,8005306,8005332,8005044,8005649,8000319,8003294,8003684,8000176,;426
2021-12-25T14:20:00.000Z;Saarhölzbach;RB;RB 71;71;12574;8005246;8005246%2021-12-25T14:20:00.000Z%,8005812,8005539,8005245,8005392,8006461,8003173,8003402,8000402,8005905,8000134,;426
2021-12-25T14:39:00.000Z;Saarhölzbach;RB;RB 71;71;12577;8005246;8005246%2021-12-25T14:39:00.000Z%,8004004,8000926,8003991,8003992,8002083,8000840,8000075,8005247,8001799,8001110,8000175,8003796,8001302,8005243,8000323,8005241,8005306,8005332,8005044,8005649,8000319,8003294,8003684,8000176,;426
2021-12-25T15:20:00.000Z;Saarhölzbach;RB;RB 71;71;12576;8005246;8005246%2021-12-25T15:20:00.000Z%,8005812,8005539,8005245,8005392,8006461,8003173,8003402,8000402,8005905,8000134,;426
2021-12-25T15:39:00.000Z;Saarhölzbach;RB;RB 71;71;12579;8005246;8005246%2021-12-25T15:39:00.000Z%,8004004,8000926,8003991,8003992,8002083,8000840,8000075,8005247,8001799,8001110,8000175,8003796,8001302,8005243,8000323,8005241,8005306,8005332,8005044,8005649,8000319,8003294,8003684,8000176,;426
2021-12-25T16:20:00.000Z;Saarhölzbach;RB;RB 71;71;12578;8005246;8005246%2021-12-25T16:20:00.000Z%,8005812,8005539,8005245,8005392,8006461,8003173,8003402,8000402,8005905,8000134,;426
2021-12-25T16:39:00.000Z;Saarhölzbach;RB;RB 71;71;12581;8005246;8005246%2021-12-25T16:39:00.000Z%,8004004,8000926,8003991,8003992,8002083,8000840,8000075,8005247,8001799,8001110,8000175,8003796,8001302,8005243,8000323,8005241,8005306,8005332,8005044,8005649,8000319,8003294,8003684,8000176,;426
2021-12-25T17:20:00.000Z;Saarhölzbach;RB;RB 71;71;12580;8005246;8005246%2021-12-25T17:20:00.000Z%,8005812,8005539,8005245,8005392,8006461,8003173,8003402,8000402,8005905,8000134,;426
2021-12-25T17:39:00.000Z;Saarhölzbach;RB;RB 71;71;12583;8005246;8005246%2021-12-25T17:39:00.000Z%,8004004,8000926,8003991,8003992,8002083,8000840,8000075,8005247,8001799,8001110,8000175,8003796,8001302,8005243,8000323,8005241,8005306,8005332,8005044,8005649,8000319,8003294,8003684,8000176,;426
2021-12-25T18:20:00.000Z;Saarhölzbach;RB;RB 71;71;12582;8005246;8005246%2021-12-25T18:20:00.000Z%,8005812,8005539,8005245,8005392,8006461,8003173,8003402,8000402,8005905,8000134,;426
2021-12-25T18:39:00.000Z;Saarhölzbach;RB;RB 71;71;12585;8005246;8005246%2021-12-25T18:39:00.000Z%,8004004,8000926,8003991,8003992,8002083,8000840,8000075,8005247,8001799,8001110,8000175,8003796,8001302,8005243,8000323,8005241,8005306,8005332,8005044,8005649,8000319,8003294,8003684,8000176,;426
2021-12-25T19:20:00.000Z;Saarhölzbach;RB;RB 71;71;12584;8005246;8005246%2021-12-25T19:20:00.000Z%,8005812,8005539,8005245,8005392,8006461,8003173,8003402,8000402,8005905,8000134,;426
2021-12-25T19:39:00.000Z;Saarhölzbach;RB;RB 71;71;12587;8005246;8005246%2021-12-25T19:39:00.000Z%,8004004,8000926,8003991,8003992,8002083,8000840,8000075,8005247,8001799,8001110,8000175,8003796,8001302,8005243,8000323,8005241,8005306,8005332,8005044,8005649,8000319,8003294,8003684,8000176,;426
2021-12-24T20:20:00.000Z;Salzgitter-Watenstedt;RB;RB 44;44;14393;8005275;8005275%2021-12-24T20:20:00.000Z%0,8005269,8005274,8000049,;426
2021-12-24T20:37:00.000Z;Salzgitter-Watenstedt;RB;RB 44;44;14392;8005275;8005275%2021-12-24T20:37:00.000Z%0,8005270,;426
2021-12-24T21:20:00.000Z;Salzgitter-Watenstedt;RB;RB 44;44;14395;8005275;8005275%2021-12-24T21:20:00.000Z%,8005269,8005274,8000049,;426
2021-12-24T21:37:00.000Z;Salzgitter-Watenstedt;RB;RB 44;44;14394;8005275;8005275%2021-12-24T21:37:00.000Z%,8005270,;426
2021-12-24T22:20:00.000Z;Salzgitter-Watenstedt;RB;RB 44;44;14397;8005275;8005275%2021-12-24T22:20:00.000Z%,8005269,8005274,8000049,;426
2021-12-24T22:37:00.000Z;Salzgitter-Watenstedt;RB;RB 44;44;14396;8005275;8005275%2021-12-24T22:37:00.000Z%,8005270,;426
2021-12-24T23:20:00.000Z;Salzgitter-Watenstedt;RB;RB 44;44;14399;8005275;8005275%2021-12-24T23:20:00.000Z%,8005269,8005274,8000049,;426
2021-12-25T06:20:00.000Z;Salzgitter-Watenstedt;RB;RB 44;44;14365;8005275;8005275%2021-12-25T06:20:00.000Z%,8005269,8005274,8000049,;426
2021-12-25T06:37:00.000Z;Salzgitter-Watenstedt;RB;RB 44;44;14364;8005275;8005275%2021-12-25T06:37:00.000Z%,8005270,;426
2021-12-25T07:20:00.000Z;Salzgitter-Watenstedt;RB;RB 44;44;14367;8005275;8005275%2021-12-25T07:20:00.000Z%,8005269,8005274,8000049,;426
2021-12-25T07:37:00.000Z;Salzgitter-Watenstedt;RB;RB 44;44;14366;8005275;8005275%2021-12-25T07:37:00.000Z%,8005270,;426
2021-12-25T08:20:00.000Z;Salzgitter-Watenstedt;RB;RB 44;44;14369;8005275;8005275%2021-12-25T08:20:00.000Z%,8005269,8005274,8000049,;426
2021-12-25T08:37:00.000Z;Salzgitter-Watenstedt;RB;RB 44;44;14368;8005275;8005275%2021-12-25T08:37:00.000Z%,8005270,;426
2021-12-25T09:20:00.000Z;Salzgitter-Watenstedt;RB;RB 44;44;14371;8005275;8005275%2021-12-25T09:20:00.000Z%,8005269,8005274,8000049,;426
2021-12-25T09:37:00.000Z;Salzgitter-Watenstedt;RB;RB 44;44;14370;8005275;8005275%2021-12-25T09:37:00.000Z%,8005270,;426
2021-12-25T10:20:00.000Z;Salzgitter-Watenstedt;RB;RB 44;44;14373;8005275;8005275%2021-12-25T10:20:00.000Z%,8005269,8005274,8000049,;426
2021-12-25T10:37:00.000Z;Salzgitter-Watenstedt;RB;RB 44;44;14372;8005275;8005275%2021-12-25T10:37:00.000Z%,8005270,;426
2021-12-25T11:20:00.000Z;Salzgitter-Watenstedt;RB;RB 44;44;14375;8005275;8005275%2021-12-25T11:20:00.000Z%,8005269,8005274,8000049,;426
2021-12-25T11:37:00.000Z;Salzgitter-Watenstedt;RB;RB 44;44;14374;8005275;8005275%2021-12-25T11:37:00.000Z%,8005270,;426
2021-12-25T12:20:00.000Z;Salzgitter-Watenstedt;RB;RB 44;44;14377;8005275;8005275%2021-12-25T12:20:00.000Z%,8005269,8005274,8000049,;426
2021-12-25T12:37:00.000Z;Salzgitter-Watenstedt;RB;RB 44;44;14376;8005275;8005275%2021-12-25T12:37:00.000Z%,8005270,;426
2021-12-25T13:20:00.000Z;Salzgitter-Watenstedt;RB;RB 44;44;14379;8005275;8005275%2021-12-25T13:20:00.000Z%,8005269,8005274,8000049,;426
2021-12-25T13:37:00.000Z;Salzgitter-Watenstedt;RB;RB 44;44;14378;8005275;8005275%2021-12-25T13:37:00.000Z%,8005270,;426
2021-12-25T14:20:00.000Z;Salzgitter-Watenstedt;RB;RB 44;44;14381;8005275;8005275%2021-12-25T14:20:00.000Z%,8005269,8005274,8000049,;426
2021-12-25T14:37:00.000Z;Salzgitter-Watenstedt;RB;RB 44;44;14380;8005275;8005275%2021-12-25T14:37:00.000Z%,8005270,;426
2021-12-25T15:20:00.000Z;Salzgitter-Watenstedt;RB;RB 44;44;14383;8005275;8005275%2021-12-25T15:20:00.000Z%,8005269,8005274,8000049,;426
2021-12-25T15:37:00.000Z;Salzgitter-Watenstedt;RB;RB 44;44;14382;8005275;8005275%2021-12-25T15:37:00.000Z%,8005270,;426
2021-12-25T16:20:00.000Z;Salzgitter-Watenstedt;RB;RB 44;44;14385;8005275;8005275%2021-12-25T16:20:00.000Z%,8005269,8005274,8000049,;426
2021-12-25T16:37:00.000Z;Salzgitter-Watenstedt;RB;RB 44;44;14384;8005275;8005275%2021-12-25T16:37:00.000Z%,8005270,;426
2021-12-25T17:20:00.000Z;Salzgitter-Watenstedt;RB;RB 44;44;14387;8005275;8005275%2021-12-25T17:20:00.000Z%,8005269,8005274,8000049,;426
2021-12-25T17:37:00.000Z;Salzgitter-Watenstedt;RB;RB 44;44;14386;8005275;8005275%2021-12-25T17:37:00.000Z%,8005270,;426
2021-12-25T18:20:00.000Z;Salzgitter-Watenstedt;RB;RB 44;44;14389;8005275;8005275%2021-12-25T18:20:00.000Z%,8005269,8005274,8000049,;426
2021-12-25T18:37:00.000Z;Salzgitter-Watenstedt;RB;RB 44;44;14388;8005275;8005275%2021-12-25T18:37:00.000Z%,8005270,;426
2021-12-25T19:20:00.000Z;Salzgitter-Watenstedt;RB;RB 44;44;14391;8005275;8005275%2021-12-25T19:20:00.000Z%,8005269,8005274,8000049,;426
2021-12-25T19:37:00.000Z;Salzgitter-Watenstedt;RB;RB 44;44;14390;8005275;8005275%2021-12-25T19:37:00.000Z%,8005270,;426
2021-12-25T05:48:00.000Z;Sand(Niederbay);RB;RB 32;32;27604;8005279;8005279%2021-12-25T05:48:00.000Z%,8001069,;426
2021-12-25T06:03:00.000Z;Sand(Niederbay);RB;RB 32;32;27609;8005279;8005279%2021-12-25T06:03:00.000Z%,8003100,8006745,8000095,8004917,8004770,8002209,8005259,8003488,8003830,8004391,8004554,8000688,;426
2021-12-25T06:40:00.000Z;Sand(Niederbay);RB;RB 32;32;27606;8005279;8005279%2021-12-25T06:40:00.000Z%,8001069,;426
2021-12-25T06:51:00.000Z;Sand(Niederbay);RB;RB 32;32;27611;8005279;8005279%2021-12-25T06:51:00.000Z%,8003100,8006745,8000095,8004917,8004770,8002209,8005259,8003488,8003830,8004391,8004554,8000688,;426
2021-12-25T07:52:00.000Z;Sand(Niederbay);RB;RB 32;32;27610;8005279;8005279%2021-12-25T07:52:00.000Z%,8001069,;426
2021-12-25T08:07:00.000Z;Sand(Niederbay);RB;RB 32;32;27613;8005279;8005279%2021-12-25T08:07:00.000Z%,8003100,8006745,8000095,8004917,8004770,8002209,8005259,8003488,8003830,8004391,8004554,8000688,;426
2021-12-25T08:52:00.000Z;Sand(Niederbay);RB;RB 32;32;27612;8005279;8005279%2021-12-25T08:52:00.000Z%,8001069,;426
2021-12-25T09:07:00.000Z;Sand(Niederbay);RB;RB 32;32;27615;8005279;8005279%2021-12-25T09:07:00.000Z%,8003100,8006745,8000095,8004917,8004770,8002209,8005259,8003488,8003830,8004391,8004554,8000688,;426
2021-12-25T09:52:00.000Z;Sand(Niederbay);RB;RB 32;32;27614;8005279;8005279%2021-12-25T09:52:00.000Z%,8001069,;426
2021-12-25T10:07:00.000Z;Sand(Niederbay);RB;RB 32;32;27617;8005279;8005279%2021-12-25T10:07:00.000Z%,8003100,8006745,8000095,8004917,8004770,8002209,8005259,8003488,8003830,8004391,8004554,8000688,;426
2021-12-25T10:52:00.000Z;Sand(Niederbay);RB;RB 32;32;27616;8005279;8005279%2021-12-25T10:52:00.000Z%,8001069,;426
2021-12-25T11:07:00.000Z;Sand(Niederbay);RB;RB 32;32;27619;8005279;8005279%2021-12-25T11:07:00.000Z%,8003100,8006745,8000095,8004917,8004770,8002209,8005259,8003488,8003830,8004391,8004554,8000688,;426
2021-12-25T11:52:00.000Z;Sand(Niederbay);RB;RB 32;32;27618;8005279;8005279%2021-12-25T11:52:00.000Z%,8001069,;426
2021-12-25T12:07:00.000Z;Sand(Niederbay);RB;RB 32;32;27623;8005279;8005279%2021-12-25T12:07:00.000Z%,8003100,8006745,8000095,8004917,8004770,8002209,8005259,8003488,8003830,8004391,8004554,8000688,;426
2021-12-25T12:52:00.000Z;Sand(Niederbay);RB;RB 32;32;27620;8005279;8005279%2021-12-25T12:52:00.000Z%,8001069,;426
2021-12-25T13:07:00.000Z;Sand(Niederbay);RB;RB 32;32;27625;8005279;8005279%2021-12-25T13:07:00.000Z%,8003100,8006745,8000095,8004917,8004770,8002209,8005259,8003488,8003830,8004391,8004554,8000688,;426
2021-12-25T13:52:00.000Z;Sand(Niederbay);RB;RB 32;32;27622;8005279;8005279%2021-12-25T13:52:00.000Z%,8001069,;426
2021-12-25T14:07:00.000Z;Sand(Niederbay);RB;RB 32;32;27627;8005279;8005279%2021-12-25T14:07:00.000Z%,8003100,8006745,8000095,8004917,8004770,8002209,8005259,8003488,8003830,8004391,8004554,8000688,;426
2021-12-25T14:52:00.000Z;Sand(Niederbay);RB;RB 32;32;27624;8005279;8005279%2021-12-25T14:52:00.000Z%,8001069,;426
2021-12-25T15:07:00.000Z;Sand(Niederbay);RB;RB 32;32;27629;8005279;8005279%2021-12-25T15:07:00.000Z%,8003100,8006745,8000095,8004917,8004770,8002209,8005259,8003488,8003830,8004391,8004554,8000688,;426
2021-12-25T15:52:00.000Z;Sand(Niederbay);RB;RB 32;32;27626;8005279;8005279%2021-12-25T15:52:00.000Z%,8001069,;426
2021-12-25T16:07:00.000Z;Sand(Niederbay);RB;RB 32;32;27631;8005279;8005279%2021-12-25T16:07:00.000Z%,8003100,8006745,8000095,8004917,8004770,8002209,8005259,8003488,8003830,8004391,8004554,8000688,;426
2021-12-25T16:52:00.000Z;Sand(Niederbay);RB;RB 32;32;27628;8005279;8005279%2021-12-25T16:52:00.000Z%,8001069,;426
2021-12-25T17:07:00.000Z;Sand(Niederbay);RB;RB 32;32;27633;8005279;8005279%2021-12-25T17:07:00.000Z%,8003100,8006745,8000095,8004917,8004770,8002209,8005259,8003488,8003830,8004391,8004554,8000688,;426
2021-12-25T17:52:00.000Z;Sand(Niederbay);RB;RB 32;32;27630;8005279;8005279%2021-12-25T17:52:00.000Z%,8001069,;426
2021-12-25T18:07:00.000Z;Sand(Niederbay);RB;RB 32;32;27635;8005279;8005279%2021-12-25T18:07:00.000Z%,8003100,8006745,8000095,8004917,8004770,8002209,8005259,8003488,8003830,8004391,8004554,8000688,;426
2021-12-25T18:52:00.000Z;Sand(Niederbay);RB;RB 32;32;27632;8005279;8005279%2021-12-25T18:52:00.000Z%,8001069,;426
2021-12-25T19:07:00.000Z;Sand(Niederbay);RB;RB 32;32;27637;8005279;8005279%2021-12-25T19:07:00.000Z%,8003100,8006745,8000095,8004917,8004770,8002209,8005259,8003488,8003830,8004391,8004554,8000688,;426
2021-12-25T19:52:00.000Z;Sand(Niederbay);RB;RB 32;32;27634;8005279;8005279%2021-12-25T19:52:00.000Z%,8001069,;426
2021-12-25T20:07:00.000Z;Sand(Niederbay);RB;RB 32;32;27639;8005279;8005279%2021-12-25T20:07:00.000Z%,8003100,8006745,8000095,8004917,8004770,8002209,8005259,8003488,8003830,8004391,8004554,8000688,;426
2021-12-25T07:10:00.000Z;Schirnding;RE;RE 33;33;5281;8005352;8005352%2021-12-25T07:10:00.000Z%,5400004,;602
2021-12-25T08:49:00.000Z;Schirnding;RE;RE 33;33;5282;8005352;8005352%2021-12-25T08:49:00.000Z%,8000247,8000201,8004759,8004284,8000284,;602
2021-12-25T11:10:00.000Z;Schirnding;RE;RE 33;33;5285;8005352;8005352%2021-12-25T11:10:00.000Z%,5400004,;602
2021-12-25T12:49:00.000Z;Schirnding;RE;RE 33;33;5286;8005352;8005352%2021-12-25T12:49:00.000Z%,8000247,8000201,8004759,8004284,8000284,;602
2021-12-25T13:10:00.000Z;Schirnding;RE;RE 33;33;5287;8005352;8005352%2021-12-25T13:10:00.000Z%,5400004,;602
2021-12-25T14:49:00.000Z;Schirnding;RE;RE 33;33;5288;8005352;8005352%2021-12-25T14:49:00.000Z%,8000247,8000201,8004759,8004284,8000284,;602
2021-12-25T15:10:00.000Z;Schirnding;RE;RE 33;33;5289;8005352;8005352%2021-12-25T15:10:00.000Z%,5400004,;602
2021-12-25T16:49:00.000Z;Schirnding;RE;RE 33;33;5290;8005352;8005352%2021-12-25T16:49:00.000Z%,8000247,8000201,8004759,8004284,8000284,;602
2021-12-25T17:10:00.000Z;Schirnding;RE;RE 33;33;5291;8005352;8005352%2021-12-25T17:10:00.000Z%,5400004,;602
2021-12-25T18:49:00.000Z;Schirnding;RE;RE 33;33;5292;8005352;8005352%2021-12-25T18:49:00.000Z%,8000247,8000201,8004759,8004284,8000284,;602
2021-12-24T20:31:00.000Z;Schopfloch(b Freudenstadt);RE;RE 14B;14B;17667;8005421;8005421%2021-12-24T20:31:00.000Z%0,8001512,8001510,8002445,8000110,;602
2021-12-24T21:30:00.000Z;Schopfloch(b Freudenstadt);RB;RB 14B;14B;17686;8005421;8005421%2021-12-24T21:30:00.000Z%,8001002,8002998,8000389,8001944,8000101,;426
2021-12-24T22:30:00.000Z;Schopfloch(b Freudenstadt);RB;RB 14A;14A;17679;8005421;8005421%2021-12-24T22:30:00.000Z%,8001512,8001510,8002445,8000110,;426
2021-12-25T05:31:00.000Z;Schopfloch(b Freudenstadt);RB;RB 14B;14B;17624;8005421;8005421%2021-12-25T05:31:00.000Z%,8001002,8002998,8000389,8001944,8000101,;426
2021-12-25T06:31:00.000Z;Schopfloch(b Freudenstadt);RB;RB 14B;14B;17613;8005421;8005421%2021-12-25T06:31:00.000Z%,8001512,8001510,8002445,8000110,;426
2021-12-25T07:30:00.000Z;Schopfloch(b Freudenstadt);RB;RB 14B;14B;17642;8005421;8005421%2021-12-25T07:30:00.000Z%,8001002,8002998,8000389,8001944,8000101,;426
2021-12-25T08:31:00.000Z;Schopfloch(b Freudenstadt);RB;RB 14B;14B;17625;8005421;8005421%2021-12-25T08:31:00.000Z%,8001512,8001510,8002445,8000110,;426
2021-12-25T09:30:00.000Z;Schopfloch(b Freudenstadt);RE;RE 14B;14B;17650;8005421;8005421%2021-12-25T09:30:00.000Z%,8001002,8002998,8000389,8001944,8000101,8001833,8001080,8002166,8002785,8001055,8000096,;602
2021-12-25T10:31:00.000Z;Schopfloch(b Freudenstadt);RE;RE 14B;14B;17631;8005421;8005421%2021-12-25T10:31:00.000Z%,8001512,8001510,8002445,8000110,;602
2021-12-25T11:30:00.000Z;Schopfloch(b Freudenstadt);RE;RE 14B;14B;17654;8005421;8005421%2021-12-25T11:30:00.000Z%,8001002,8002998,8000389,8001944,8000101,8001833,8001080,8002166,8002785,8001055,8000096,;602
2021-12-25T12:31:00.000Z;Schopfloch(b Freudenstadt);RE;RE 14B;14B;17637;8005421;8005421%2021-12-25T12:31:00.000Z%,8001512,8001510,8002445,8000110,;602
2021-12-25T13:30:00.000Z;Schopfloch(b Freudenstadt);RE;RE 14B;14B;17658;8005421;8005421%2021-12-25T13:30:00.000Z%,8001002,8002998,8000389,8001944,8000101,8001833,8001080,8002166,8002785,8001055,8000096,;602
2021-12-25T14:31:00.000Z;Schopfloch(b Freudenstadt);RE;RE 14B;14B;17645;8005421;8005421%2021-12-25T14:31:00.000Z%,8001512,8001510,8002445,8000110,;602
2021-12-25T15:31:00.000Z;Schopfloch(b Freudenstadt);RE;RE 14B;14B;17664;8005421;8005421%2021-12-25T15:31:00.000Z%,8001002,8002998,8000389,8000101,8001833,8001080,8002166,8002785,8001055,8000096,;602
2021-12-25T16:31:00.000Z;Schopfloch(b Freudenstadt);RE;RE 14B;14B;17653;8005421;8005421%2021-12-25T16:31:00.000Z%,8001512,8001510,8002445,8000110,;602
2021-12-25T17:30:00.000Z;Schopfloch(b Freudenstadt);RE;RE 14B;14B;17668;8005421;8005421%2021-12-25T17:30:00.000Z%,8001002,8002998,8000389,8001944,8000101,;602
2021-12-25T18:31:00.000Z;Schopfloch(b Freudenstadt);RE;RE 14B;14B;17661;8005421;8005421%2021-12-25T18:31:00.000Z%,8001512,8001510,8002445,8000110,;602
2021-12-25T19:30:00.000Z;Schopfloch(b Freudenstadt);RB;RB 14B;14B;17676;8005421;8005421%2021-12-25T19:30:00.000Z%,8001002,8002998,8000389,8001944,8000101,8001833,8001080,8002166,8002785,8001055,8000096,;426
2021-12-24T20:55:00.000Z;Schülldorf;RB;RB 75;75;21282;8005435;8005435%2021-12-24T20:56:00.000Z%1,8000312,;426
2021-12-24T22:03:00.000Z;Schülldorf;RB;RB 75;75;21291;8005435;8005435%2021-12-24T22:03:00.000Z%,8001136,8001977,8000416,8003960,8003253,8003474,8000199,;426
2021-12-25T05:55:00.000Z;Schülldorf;RB;RB 75;75;21252;8005435;8005435%2021-12-25T05:55:00.000Z%,8000312,;426
2021-12-25T06:55:00.000Z;Schülldorf;RB;RB 75;75;21254;8005435;8005435%2021-12-25T06:55:00.000Z%,8000312,8005362,8000103,;426
2021-12-25T07:03:00.000Z;Schülldorf;RB;RB 75;75;21261;8005435;8005435%2021-12-25T07:03:00.000Z%,8001136,8001977,8000416,8003960,8003253,8003474,8000199,;426
2021-12-25T07:55:00.000Z;Schülldorf;RB;RB 75;75;21256;8005435;8005435%2021-12-25T07:55:00.000Z%,8000312,;426
2021-12-25T08:03:00.000Z;Schülldorf;RB;RB 75;75;21263;8005435;8005435%2021-12-25T08:03:00.000Z%,8001136,8001977,8000416,8003960,8003253,8003474,8000199,;426
2021-12-25T08:55:00.000Z;Schülldorf;RB;RB 75;75;21258;8005435;8005435%2021-12-25T08:55:00.000Z%,8000312,;426
2021-12-25T09:03:00.000Z;Schülldorf;RB;RB 75;75;21265;8005435;8005435%2021-12-25T09:03:00.000Z%,8001136,8001977,8000416,8003960,8003253,8003474,8000199,;426
2021-12-25T09:55:00.000Z;Schülldorf;RB;RB 75;75;21260;8005435;8005435%2021-12-25T09:55:00.000Z%,8000312,;426
2021-12-25T10:03:00.000Z;Schülldorf;RB;RB 75;75;21267;8005435;8005435%2021-12-25T10:03:00.000Z%,8001136,8001977,8000416,8003960,8003253,8003474,8000199,;426
2021-12-25T10:55:00.000Z;Schülldorf;RB;RB 75;75;21262;8005435;8005435%2021-12-25T10:55:00.000Z%,8000312,;426
2021-12-25T11:03:00.000Z;Schülldorf;RB;RB 75;75;21269;8005435;8005435%2021-12-25T11:03:00.000Z%,8001136,8001977,8000416,8003960,8003253,8003474,8000199,;426
2021-12-25T11:55:00.000Z;Schülldorf;RB;RB 75;75;21264;8005435;8005435%2021-12-25T11:55:00.000Z%,8000312,;426
2021-12-25T12:03:00.000Z;Schülldorf;RB;RB 75;75;21271;8005435;8005435%2021-12-25T12:03:00.000Z%,8001136,8001977,8000416,8003960,8003253,8003474,8000199,;426
2021-12-25T12:55:00.000Z;Schülldorf;RB;RB 75;75;21266;8005435;8005435%2021-12-25T12:55:00.000Z%,8000312,;426
2021-12-25T13:03:00.000Z;Schülldorf;RB;RB 75;75;21273;8005435;8005435%2021-12-25T13:03:00.000Z%,8001136,8001977,8000416,8003960,8003253,8003474,8000199,;426
2021-12-25T13:55:00.000Z;Schülldorf;RB;RB 75;75;21268;8005435;8005435%2021-12-25T13:55:00.000Z%,8000312,;426
2021-12-25T14:03:00.000Z;Schülldorf;RB;RB 75;75;21275;8005435;8005435%2021-12-25T14:03:00.000Z%,8001136,8001977,8000416,8003960,8003253,8003474,8000199,;426
2021-12-25T14:55:00.000Z;Schülldorf;RB;RB 75;75;21270;8005435;8005435%2021-12-25T14:55:00.000Z%,8000312,;426
2021-12-25T15:03:00.000Z;Schülldorf;RB;RB 75;75;21277;8005435;8005435%2021-12-25T15:03:00.000Z%,8001136,8001977,8000416,8003960,8003253,8003474,8000199,;426
2021-12-25T15:55:00.000Z;Schülldorf;RB;RB 75;75;21272;8005435;8005435%2021-12-25T15:55:00.000Z%,8000312,8005362,8000103,;426
2021-12-25T16:03:00.000Z;Schülldorf;RB;RB 75;75;21279;8005435;8005435%2021-12-25T16:03:00.000Z%,8001136,8001977,8000416,8003960,8003253,8003474,8000199,;426
2021-12-25T16:55:00.000Z;Schülldorf;RB;RB 75;75;21274;8005435;8005435%2021-12-25T16:55:00.000Z%,8000312,;426
2021-12-25T17:03:00.000Z;Schülldorf;RB;RB 75;75;21281;8005435;8005435%2021-12-25T17:03:00.000Z%,8001136,8001977,8000416,8003960,8003253,8003474,8000199,;426
2021-12-25T17:55:00.000Z;Schülldorf;RB;RB 75;75;21276;8005435;8005435%2021-12-25T17:55:00.000Z%,8000312,8005362,8000103,;426
2021-12-25T18:03:00.000Z;Schülldorf;RB;RB 75;75;21283;8005435;8005435%2021-12-25T18:03:00.000Z%,8001136,8001977,8000416,8003960,8003253,8003474,8000199,;426
2021-12-25T18:55:00.000Z;Schülldorf;RB;RB 75;75;21278;8005435;8005435%2021-12-25T18:55:00.000Z%,8000312,;426
2021-12-25T19:03:00.000Z;Schülldorf;RB;RB 75;75;21285;8005435;8005435%2021-12-25T19:03:00.000Z%,8001136,8001977,8000416,8003960,8003253,8003474,8000199,;426
2021-12-25T19:55:00.000Z;Schülldorf;RB;RB 75;75;21280;8005435;8005435%2021-12-25T19:55:00.000Z%,8000312,;426
2021-12-25T20:03:00.000Z;Schülldorf;RB;RB 75;75;21287;8005435;8005435%2021-12-25T20:03:00.000Z%,8001136,8001977,8000416,8003960,8003253,8003474,8000199,;426
2021-12-24T20:42:00.000Z;Schweinfurt Stadt;RB;RB 53;53;58275;8005481;8005481%2021-12-24T20:43:00.000Z%1,8005400,8002630,8006635,8001619,8004533,8000025,;426
2021-12-24T21:15:00.000Z;Schweinfurt Stadt;RE;RE 55;55;58404;8005481;8005481%2021-12-24T21:16:00.000Z%1,8005479,8000032,8006147,8001919,8000902,8005523,8005198,8000260,;602
2021-12-24T22:39:00.000Z;Schweinfurt Stadt;RB;RB 53;53;58272;8005481;8005481%2021-12-24T22:39:00.000Z%,8005479,8000032,8006147,8001919,8000902,8005523,8005198,8000260,;426
2021-12-24T22:50:00.000Z;Schweinfurt Stadt;RB;RB 53;53;58279;8005481;8005481%2021-12-24T22:50:00.000Z%,8005400,8002630,8006635,8001619,8004533,8000025,;426
2021-12-25T00:11:00.000Z;Schweinfurt Stadt;RB;RB 53;53;58274;8005481;8005481%2021-12-25T00:11:00.000Z%,8005479,8000032,;426
2021-12-25T04:19:00.000Z;Schweinfurt Stadt;RB;RB 53;53;58254;8005481;8005481%2021-12-25T04:19:00.000Z%,8005479,8000032,8006147,8001919,8000902,8005523,8005198,8000260,;426
2021-12-25T05:38:00.000Z;Schweinfurt Stadt;RB;RB 53;53;58253;8005481;8005481%2021-12-25T05:38:00.000Z%,8005400,8002630,8006635,8001619,8004533,8000025,;426
2021-12-25T06:06:00.000Z;Schweinfurt Stadt;RB;RB 53;53;58012;8005481;8005481%2021-12-25T06:06:00.000Z%,8005479,8000032,8006147,8001919,8000902,8005523,8005198,8000260,8006586,8006065,8005864,8005049,8002845,8003189,8006349,8000120,8005092,8001293,8004040,8004583,8003129,;426
2021-12-25T06:11:00.000Z;Schweinfurt Stadt;RB;RB 50;50;80708;8005481;8005481%2021-12-25T06:11:00.000Z%,8005479,8000032,8004865,8001620,8004629,8000714,;426
2021-12-25T06:11:00.000Z;Schweinfurt Stadt;RB;RB 40;40;80728;8005481;8005481%2021-12-25T06:11:00.000Z%,8005479,8000032,8004865,8001620,8005199,8004169,8001290,8000730,8003959,8012750,8011183,8013329,8012770,8010230,;426
2021-12-25T07:06:00.000Z;Schweinfurt Stadt;RB;RB 50;50;80678;8005481;8005481%2021-12-25T07:06:00.000Z%,8005479,8000032,8004453,8004865,8001620,8004629,8000714,8001935,8001742,8006380,8002568,8002567,8001435,8004090,8006257,8004013,8002341,8006554,8003329,8000120,;426
2021-12-25T07:06:00.000Z;Schweinfurt Stadt;RB;RB 40;40;80730;8005481;8005481%2021-12-25T07:06:00.000Z%,8005479,8000032,8004453,8004865,8001620,8005199,8004169,8001290,8000730,;426
2021-12-25T07:14:00.000Z;Schweinfurt Stadt;RB;RB 53;53;58016;8005481;8005481%2021-12-25T07:14:00.000Z%,8005479,8000032,8006147,8001919,8000902,8005523,8005198,8000260,8006586,8006065,8005864,8005049,8002845,8003189,8006349,8000120,8005092,8001293,8004040,8004583,8003129,8005720,8000891,;426
2021-12-25T07:42:00.000Z;Schweinfurt Stadt;RB;RB 53;53;58259;8005481;8005481%2021-12-25T07:42:00.000Z%,8005400,8002630,8006635,8001619,8004533,8000025,;426
2021-12-25T08:14:00.000Z;Schweinfurt Stadt;RB;RB 53;53;58020;8005481;8005481%2021-12-25T08:14:00.000Z%,8005479,8000032,8006147,8001919,8000902,8005523,8005198,8000260,8006586,8006065,8005864,8005049,8002845,8003189,8006349,8000120,8005092,8001293,8004040,8004583,8003129,;426
2021-12-25T08:42:00.000Z;Schweinfurt Stadt;RB;RB 53;53;58021;8005481;8005481%2021-12-25T08:42:00.000Z%,8005400,8002630,8006635,8001619,8004533,8000025,;426
2021-12-25T09:06:00.000Z;Schweinfurt Stadt;RB;RB 50;50;80680;8005481;8005481%2021-12-25T09:06:00.000Z%,8005479,8000032,8004453,8004865,8001620,8004629,8000714,8001935,8001742,8006380,8002568,8002567,8001435,8004090,8006257,8004013,8002341,8006554,8003329,8000120,;426
2021-12-25T09:06:00.000Z;Schweinfurt Stadt;RB;RB 40;40;80734;8005481;8005481%2021-12-25T09:06:00.000Z%,8005479,8000032,8004453,8004865,8001620,8005199,8004169,8001290,8000730,;426
2021-12-25T09:14:00.000Z;Schweinfurt Stadt;RB;RB 53;53;58024;8005481;8005481%2021-12-25T09:14:00.000Z%,8005479,8000032,8006147,8001919,8000902,8005523,8005198,8000260,8006586,8006065,8005864,8005049,8002845,8003189,8006349,8000120,8005092,8001293,8004040,8004583,8003129,8005720,8000891,;426
2021-12-25T09:42:00.000Z;Schweinfurt Stadt;RB;RB 53;53;58023;8005481;8005481%2021-12-25T09:42:00.000Z%,8005400,8002630,8006635,8001619,8004533,8000025,;426
2021-12-25T10:14:00.000Z;Schweinfurt Stadt;RB;RB 53;53;58028;8005481;8005481%2021-12-25T10:14:00.000Z%,8005479,8000032,8006147,8001919,8000902,8005523,8005198,8000260,8006586,8006065,8005864,8005049,8002845,8003189,8006349,8000120,8005092,8001293,8004040,8004583,8003129,;426
2021-12-25T10:42:00.000Z;Schweinfurt Stadt;RB;RB 53;53;58029;8005481;8005481%2021-12-25T10:42:00.000Z%,8005400,8002630,8006635,8001619,8004533,8000025,;426
2021-12-25T10:58:00.000Z;Schweinfurt Stadt;RB;RB 50;50;80682;8005481;8005481%2021-12-25T10:58:00.000Z%,8005479,8000032,8004453,8004865,8001620,8004629,8000714,8001935,8001742,8006380,8002568,8002567,8001435,8004090,8006257,8004013,8002341,8006554,8003329,8000120,;426
2021-12-25T10:58:00.000Z;Schweinfurt Stadt;RB;RB 40;40;80738;8005481;8005481%2021-12-25T10:58:00.000Z%,8005479,8000032,8004453,8004865,8001620,8005199,8004169,8001290,8000730,;426
2021-12-25T11:14:00.000Z;Schweinfurt Stadt;RB;RB 53;53;58032;8005481;8005481%2021-12-25T11:14:00.000Z%,8005479,8000032,8006147,8001919,8000902,8005523,8005198,8000260,8006586,8006065,8005864,8005049,8002845,8003189,8006349,8000120,8005092,8001293,8004040,8004583,8003129,8005720,8000891,;426
2021-12-25T11:42:00.000Z;Schweinfurt Stadt;RB;RB 53;53;58037;8005481;8005481%2021-12-25T11:42:00.000Z%,8005400,8002630,8006635,8001619,8004533,8000025,;426
2021-12-25T12:14:00.000Z;Schweinfurt Stadt;RB;RB 53;53;58036;8005481;8005481%2021-12-25T12:14:00.000Z%,8005479,8000032,8006147,8001919,8000902,8005523,8005198,8000260,8006586,8006065,8005864,8005049,8002845,8003189,8006349,8000120,8005092,8001293,8004040,8004583,8003129,;426
2021-12-25T12:42:00.000Z;Schweinfurt Stadt;RB;RB 53;53;58041;8005481;8005481%2021-12-25T12:42:00.000Z%,8005400,8002630,8006635,8001619,8004533,8000025,;426
2021-12-25T13:02:00.000Z;Schweinfurt Stadt;RB;RB 50;50;80686;8005481;8005481%2021-12-25T13:02:00.000Z%,8005479,8000032,8004453,8004865,8001620,8004629,8000714,8001935,8001742,8006380,8002568,8002567,8001435,8004090,8006257,8004013,8002341,8006554,8003329,8000120,;426
2021-12-25T13:02:00.000Z;Schweinfurt Stadt;RB;RB 50;50;80744;8005481;8005481%2021-12-25T13:02:00.000Z%,8005479,8000032,8004453,8004865,8001620,8005199,8004169,8001290,8000730,;426
2021-12-25T13:14:00.000Z;Schweinfurt Stadt;RB;RB 53;53;58044;8005481;8005481%2021-12-25T13:14:00.000Z%,8005479,8000032,8006147,8001919,8000902,8005523,8005198,8000260,8006586,8006065,8005864,8005049,8002845,8003189,8006349,8000120,8005092,8001293,8004040,8004583,8003129,8005720,8000891,;426
2021-12-25T13:42:00.000Z;Schweinfurt Stadt;RB;RB 53;53;58043;8005481;8005481%2021-12-25T13:42:00.000Z%,8005400,8002630,8006635,8001619,8004533,8000025,;426
2021-12-25T14:15:00.000Z;Schweinfurt Stadt;RB;RB 53;53;58050;8005481;8005481%2021-12-25T14:15:00.000Z%,8005479,8000032,8006147,8001919,8000902,8005523,8005198,8000260,8006586,8006065,8005864,8005049,8002845,8003189,8006349,8000120,8005092,8001293,8004040,8004583,8003129,;426
2021-12-25T14:42:00.000Z;Schweinfurt Stadt;RB;RB 53;53;58049;8005481;8005481%2021-12-25T14:42:00.000Z%,8005400,8002630,8006635,8001619,8004533,8000025,;426
2021-12-25T15:02:00.000Z;Schweinfurt Stadt;RB;RB 50;50;80690;8005481;8005481%2021-12-25T15:02:00.000Z%,8005479,8000032,8004453,8004865,8001620,8004629,8000714,8001935,8001742,8006380,8002568,8002567,8001435,8004090,8006257,8004013,8002341,8006554,8003329,8000120,;426
2021-12-25T15:14:00.000Z;Schweinfurt Stadt;RB;RB 53;53;58054;8005481;8005481%2021-12-25T15:14:00.000Z%,8005479,8000032,8006147,8001919,8000902,8005523,8005198,8000260,8006586,8006065,8005864,8005049,8002845,8003189,8006349,8000120,8005092,8001293,8004040,8004583,8003129,8005720,8000891,;426
2021-12-25T15:42:00.000Z;Schweinfurt Stadt;RB;RB 53;53;58053;8005481;8005481%2021-12-25T15:42:00.000Z%,8005400,8002630,8006635,8001619,8004533,8000025,;426
2021-12-25T16:15:00.000Z;Schweinfurt Stadt;RB;RB 53;53;58062;8005481;8005481%2021-12-25T16:15:00.000Z%,8005479,8000032,8006147,8001919,8000902,8005523,8005198,8000260,8006586,8006065,8005864,8005049,8002845,8003189,8006349,8000120,8005092,8001293,8004040,8004583,8003129,;426
2021-12-25T16:42:00.000Z;Schweinfurt Stadt;RB;RB 53;53;58057;8005481;8005481%2021-12-25T16:42:00.000Z%,8005400,8002630,8006635,8001619,8004533,8000025,;426
2021-12-25T17:02:00.000Z;Schweinfurt Stadt;RB;RB 50;50;80694;8005481;8005481%2021-12-25T17:02:00.000Z%,8005479,8000032,8004453,8004865,8001620,8004629,8000714,8001935,8001742,8006380,8002568,8002567,8001435,8004090,8006257,8004013,8002341,8006554,8003329,8000120,;426
2021-12-25T17:15:00.000Z;Schweinfurt Stadt;RB;RB 53;53;58068;8005481;8005481%2021-12-25T17:15:00.000Z%,8005479,8000032,8006147,8001919,8000902,8005523,8005198,8000260,8006586,8006065,8005864,8005049,8002845,8003189,8006349,8000120,8005092,8001293,8004040,8004583,8003129,8005720,8000891,;426
2021-12-25T17:42:00.000Z;Schweinfurt Stadt;RB;RB 53;53;58061;8005481;8005481%2021-12-25T17:42:00.000Z%,8005400,8002630,8006635,8001619,8004533,8000025,;426
2021-12-25T18:05:00.000Z;Schweinfurt Stadt;RB;RB 50;50;80696;8005481;8005481%2021-12-25T18:05:00.000Z%,8005479,8000032,8004865,8001620,8004629,8000714,8001935,8001742,8006380,8002568,8002567,8001435,8004090,8006257,8004013,8002341,8006554,8003329,8000120,;426
2021-12-25T18:05:00.000Z;Schweinfurt Stadt;RB;RB 40;40;80756;8005481;8005481%2021-12-25T18:05:00.000Z%,8005479,8000032,8004865,8001620,8005199,8004169,8001290,8000730,8003959,8012750,8011183,8013329,8012770,8010230,;426
2021-12-25T18:15:00.000Z;Schweinfurt Stadt;RB;RB 53;53;58264;8005481;8005481%2021-12-25T18:15:00.000Z%,8005479,8000032,8006147,8001919,8000902,8005523,8005198,8000260,;426
2021-12-25T18:42:00.000Z;Schweinfurt Stadt;RB;RB 53;53;58069;8005481;8005481%2021-12-25T18:42:00.000Z%,8005400,8002630,8006635,8001619,8004533,8000025,;426
2021-12-25T19:02:00.000Z;Schweinfurt Stadt;RB;RB 50;50;80698;8005481;8005481%2021-12-25T19:02:00.000Z%,8005479,8000032,8004453,8004865,8001620,8004629,8000714,8001935,8001742,8006380,8002568,8002567,8001435,8004090,8006257,8004013,8002341,8006554,8003329,8000120,;426
2021-12-25T19:14:00.000Z;Schweinfurt Stadt;RB;RB 53;53;58266;8005481;8005481%2021-12-25T19:14:00.000Z%,8005479,8000032,8006147,8001919,8000902,8005523,8005198,8000260,;426
2021-12-25T19:42:00.000Z;Schweinfurt Stadt;RB;RB 53;53;58071;8005481;8005481%2021-12-25T19:42:00.000Z%,8005400,8002630,8006635,8001619,8004533,8000025,;426
2021-12-25T20:07:00.000Z;Schweinfurt Stadt;RB;RB 50;50;80700;8005481;8005481%2021-12-25T20:07:00.000Z%,8005479,8000032,8004865,8001620,8004629,8000714,8001935,8001742,8006380,8002568,8002567,;426
2021-12-25T20:07:00.000Z;Schweinfurt Stadt;RB;RB 40;40;80758;8005481;8005481%2021-12-25T20:07:00.000Z%,8005479,8000032,8004865,8001620,8005199,8004169,8001290,8000730,8003959,8012750,8011183,8013329,8010142,;426
2021-12-25T20:15:00.000Z;Schweinfurt Stadt;RB;RB 53;53;58268;8005481;8005481%2021-12-25T20:15:00.000Z%,8005479,8000032,8006147,8001919,8000902,8005523,8005198,8000260,;426
2021-12-24T22:54:00.000Z;Seubersdorf;RE;RE 50;50;59499;8005543;8005543%2021-12-24T22:54:00.000Z%,8004755,8000882,8004983,8000309,;602
2021-12-24T23:07:00.000Z;Seubersdorf;RE;RE 50;50;59494;8005543;8005543%2021-12-24T23:07:00.000Z%,8000822,8001400,8004305,8000284,;602
2021-12-25T05:03:00.000Z;Seubersdorf;RE;RE 50;50;59496;8005543;8005543%2021-12-25T05:03:00.000Z%,8000822,8004305,8000284,;602
2021-12-25T07:47:00.000Z;Speyer Hbf;RE;RE 4;4;4484;8005628;8005628%2021-12-25T07:47:00.000Z%,8000326,8000236,8000332,8000257,8000240,8002872,8000106,8000105,;602
2021-12-25T08:13:00.000Z;Speyer Hbf;RE;RE 4;4;4473;8005628;8005628%2021-12-25T08:13:00.000Z%,8000376,8004813,8000131,8000191,;602
2021-12-25T09:47:00.000Z;Speyer Hbf;RE;RE 4;4;4472;8005628;8005628%2021-12-25T09:47:00.000Z%,8000326,8000236,8000332,8000257,8000240,8002872,8000106,8000105,;602
2021-12-25T10:13:00.000Z;Speyer Hbf;RE;RE 4;4;4475;8005628;8005628%2021-12-25T10:13:00.000Z%,8000376,8004813,8000131,8000191,;602
2021-12-25T11:47:00.000Z;Speyer Hbf;RE;RE 4;4;4474;8005628;8005628%2021-12-25T11:47:00.000Z%,8000326,8000236,8000332,8000257,8000240,8002872,8000106,8000105,;602
2021-12-25T12:13:00.000Z;Speyer Hbf;RE;RE 4;4;4477;8005628;8005628%2021-12-25T12:13:00.000Z%,8000376,8004813,8000131,8000191,;602
2021-12-25T13:47:00.000Z;Speyer Hbf;RE;RE 4;4;4476;8005628;8005628%2021-12-25T13:47:00.000Z%,8000326,8000236,8000332,8000257,8000240,8002872,8000106,8000105,;602
2021-12-25T14:13:00.000Z;Speyer Hbf;RE;RE 4;4;4479;8005628;8005628%2021-12-25T14:13:00.000Z%,8000376,8004813,8000131,8000191,;602
2021-12-25T15:47:00.000Z;Speyer Hbf;RE;RE 4;4;4478;8005628;8005628%2021-12-25T15:47:00.000Z%,8000326,8000236,8000332,8000257,8000240,;602
2021-12-25T16:13:00.000Z;Speyer Hbf;RE;RE 4;4;4481;8005628;8005628%2021-12-25T16:13:00.000Z%,8000376,8004813,8000131,8000191,;602
2021-12-25T17:47:00.000Z;Speyer Hbf;RE;RE 4;4;4480;8005628;8005628%2021-12-25T17:47:00.000Z%,8000326,8000236,8000332,8000257,8000240,8002872,8000106,8000105,;602
2021-12-25T18:13:00.000Z;Speyer Hbf;RE;RE 4;4;4483;8005628;8005628%2021-12-25T18:13:00.000Z%,8000376,8004813,8000131,8000191,;602
2021-12-24T21:00:00.000Z;St Goar;RB;RB 26;26;25442;8005645;8005645%2021-12-24T21:00:00.000Z%0,8002861,8000742,8000045,8005622,8005070,8000206,8003341,8003352,8006035,8006303,8000331,8004200,8001186,8000694,8005580,8000310,8004604,8005153,8001085,8001082,8001091,8000044,8005152,8005499,8001215,8003160,8003361,8003363,8000207,8003368,8003330,;426
2021-12-24T21:19:00.000Z;St Goar;RB;RB 26;26;25439;8005645;8005645%2021-12-24T21:19:00.000Z%0,8004601,8000683,8004379,8005896,8000039,8000976,8000975,8000375,8003075,8002692,8005950,8001237,8003821,8000240,;426
2021-12-24T21:38:00.000Z;St Goar;RE;RE 2;2;4266;8005645;8005645%2021-12-24T21:39:00.000Z%1,8002861,8000742,8000045,8005622,8005070,8000206,;602
2021-12-24T22:30:00.000Z;St Goar;RB;RB 26;26;25441;8005645;8005645%2021-12-24T22:30:00.000Z%0,8004601,8000683,8004379,8005896,8000039,;426
2021-12-24T22:56:00.000Z;St Goar;RB;RB 26;26;25394;8005645;8005645%2021-12-24T22:56:00.000Z%0,8002861,8000742,8000045,8005622,8005070,8000206,8003341,8003352,8006035,8006303,8000331,8004200,8001186,8000694,8005580,8000310,;426
2021-12-24T23:30:00.000Z;St Goar;RB;RB 26;26;25443;8005645;8005645%2021-12-24T23:30:00.000Z%0,8004601,8000683,8004379,8005896,8000039,;426
2021-12-25T00:03:00.000Z;St Goar;RB;RB 26;26;25398;8005645;8005645%2021-12-25T00:04:00.000Z%1,8002861,8000742,8000045,8005622,8005070,8000206,;426
2021-12-25T05:55:00.000Z;St Goar;RB;RB 26;26;25412;8005645;8005645%2021-12-25T05:55:00.000Z%,8002861,8000742,8000045,8005622,8005070,8000206,8003341,8003352,8006035,8006303,8000331,8004200,8001186,8000694,8005580,8000310,8004604,8005153,8001085,8001082,8001091,8000044,8005152,8005499,8001215,8003160,8003361,8003363,8000207,8003368,;426
2021-12-25T06:19:00.000Z;St Goar;RB;RB 26;26;25399;8005645;8005645%2021-12-25T06:19:00.000Z%,8004601,8000683,8004379,8005896,8000039,8000976,8000975,8000375,8003075,8002692,8005950,8001237,8003821,8000240,;426
2021-12-25T06:56:00.000Z;St Goar;RB;RB 26;26;25351;8005645;8005645%2021-12-25T06:56:00.000Z%,8004601,8000683,8004379,8005896,8000039,8000976,8000975,8000375,8003075,8002692,8005950,8001237,8003821,8000240,;426
2021-12-25T07:00:00.000Z;St Goar;RB;RB 26;26;25414;8005645;8005645%2021-12-25T07:00:00.000Z%,8002861,8000742,8000045,8005622,8005070,8000206,8003341,8003352,8006035,8006303,8000331,8004200,8001186,8000694,8005580,8000310,8004604,8005153,8001085,8001082,8001091,8000044,8005152,8005499,8001215,8003160,8003361,8003363,8000207,8003368,;426
2021-12-25T07:56:00.000Z;St Goar;RB;RB 26;26;25353;8005645;8005645%2021-12-25T07:56:00.000Z%,8004601,8000683,8004379,8005896,8000039,8000976,8000975,8000375,8003075,8002692,8005950,8001237,8003821,8000240,;426
2021-12-25T08:00:00.000Z;St Goar;RB;RB 26;26;25416;8005645;8005645%2021-12-25T08:00:00.000Z%,8002861,8000742,8000045,8005622,8005070,8000206,8003341,8003352,8006035,8006303,8000331,8004200,8001186,8000694,8005580,8000310,8004604,8005153,8001085,8001082,8001091,8000044,8005152,8005499,8001215,8003160,8003361,8003363,8000207,8003368,;426
2021-12-25T08:56:00.000Z;St Goar;RB;RB 26;26;25415;8005645;8005645%2021-12-25T08:56:00.000Z%,8004601,8000683,8004379,8005896,8000039,8000976,8000975,8000375,8003075,8002692,8005950,8001237,8003821,8000240,;426
2021-12-25T09:00:00.000Z;St Goar;RB;RB 26;26;25418;8005645;8005645%2021-12-25T09:00:00.000Z%,8002861,8000742,8000045,8005622,8005070,8000206,8003341,8003352,8006035,8006303,8000331,8004200,8001186,8000694,8005580,8000310,8004604,8005153,8001085,8001082,8001091,8000044,8005152,8005499,8001215,8003160,8003361,8003363,8000207,8003368,;426
2021-12-25T09:56:00.000Z;St Goar;RB;RB 26;26;25417;8005645;8005645%2021-12-25T09:56:00.000Z%,8004601,8000683,8004379,8005896,8000039,8000976,8000975,8000375,8003075,8002692,8005950,8001237,8003821,8000240,;426
2021-12-25T10:00:00.000Z;St Goar;RB;RB 26;26;25420;8005645;8005645%2021-12-25T10:00:00.000Z%,8002861,8000742,8000045,8005622,8005070,8000206,8003341,8003352,8006035,8006303,8000331,8004200,8001186,8000694,8005580,8000310,8004604,8005153,8001085,8001082,8001091,8000044,8005152,8005499,8001215,8003160,8003361,8003363,8000207,8003368,;426
2021-12-25T10:56:00.000Z;St Goar;RB;RB 26;26;25419;8005645;8005645%2021-12-25T10:56:00.000Z%,8004601,8000683,8004379,8005896,8000039,8000976,8000975,8000375,8003075,8002692,8005950,8001237,8003821,8000240,;426
2021-12-25T11:00:00.000Z;St Goar;RB;RB 26;26;25422;8005645;8005645%2021-12-25T11:00:00.000Z%,8002861,8000742,8000045,8005622,8005070,8000206,8003341,8003352,8006035,8006303,8000331,8004200,8001186,8000694,8005580,8000310,8004604,8005153,8001085,8001082,8001091,8000044,8005152,8005499,8001215,8003160,8003361,8003363,8000207,8003368,;426
2021-12-25T11:56:00.000Z;St Goar;RB;RB 26;26;25421;8005645;8005645%2021-12-25T11:56:00.000Z%,8004601,8000683,8004379,8005896,8000039,8000976,8000975,8000375,8003075,8002692,8005950,8001237,8003821,8000240,;426
2021-12-25T12:00:00.000Z;St Goar;RB;RB 26;26;25424;8005645;8005645%2021-12-25T12:00:00.000Z%,8002861,8000742,8000045,8005622,8005070,8000206,8003341,8003352,8006035,8006303,8000331,8004200,8001186,8000694,8005580,8000310,8004604,8005153,8001085,8001082,8001091,8000044,8005152,8005499,8001215,8003160,8003361,8003363,8000207,8003368,;426
2021-12-25T12:56:00.000Z;St Goar;RB;RB 26;26;25423;8005645;8005645%2021-12-25T12:56:00.000Z%,8004601,8000683,8004379,8005896,8000039,8000976,8000975,8000375,8003075,8002692,8005950,8001237,8003821,8000240,;426
2021-12-25T13:00:00.000Z;St Goar;RB;RB 26;26;25426;8005645;8005645%2021-12-25T13:00:00.000Z%,8002861,8000742,8000045,8005622,8005070,8000206,8003341,8003352,8006035,8006303,8000331,8004200,8001186,8000694,8005580,8000310,8004604,8005153,8001085,8001082,8001091,8000044,8005152,8005499,8001215,8003160,8003361,8003363,8000207,8003368,;426
2021-12-25T13:56:00.000Z;St Goar;RB;RB 26;26;25425;8005645;8005645%2021-12-25T13:56:00.000Z%,8004601,8000683,8004379,8005896,8000039,8000976,8000975,8000375,8003075,8002692,8005950,8001237,8003821,8000240,;426
2021-12-25T14:00:00.000Z;St Goar;RB;RB 26;26;25428;8005645;8005645%2021-12-25T14:00:00.000Z%,8002861,8000742,8000045,8005622,8005070,8000206,8003341,8003352,8006035,8006303,8000331,8004200,8001186,8000694,8005580,8000310,8004604,8005153,8001085,8001082,8001091,8000044,8005152,8005499,8001215,8003160,8003361,8003363,8000207,8003368,;426
2021-12-25T14:56:00.000Z;St Goar;RB;RB 26;26;25427;8005645;8005645%2021-12-25T14:56:00.000Z%,8004601,8000683,8004379,8005896,8000039,8000976,8000975,8000375,8003075,8002692,8005950,8001237,8003821,8000240,;426
2021-12-25T15:00:00.000Z;St Goar;RB;RB 26;26;25430;8005645;8005645%2021-12-25T15:00:00.000Z%,8002861,8000742,8000045,8005622,8005070,8000206,8003341,8003352,8006035,8006303,8000331,8004200,8001186,8000694,8005580,8000310,8004604,8005153,8001085,8001082,8001091,8000044,8005152,8005499,8001215,8003160,8003361,8003363,8000207,8003368,;426
2021-12-25T15:56:00.000Z;St Goar;RB;RB 26;26;25429;8005645;8005645%2021-12-25T15:56:00.000Z%,8004601,8000683,8004379,8005896,8000039,8000976,8000975,8000375,8003075,8002692,8005950,8001237,8003821,8000240,;426
2021-12-25T16:00:00.000Z;St Goar;RB;RB 26;26;25432;8005645;8005645%2021-12-25T16:00:00.000Z%,8002861,8000742,8000045,8005622,8005070,8000206,8003341,8003352,8006035,8006303,8000331,8004200,8001186,8000694,8005580,8000310,8004604,8005153,8001085,8001082,8001091,8000044,8005152,8005499,8001215,8003160,8003361,8003363,8000207,8003368,;426
2021-12-25T16:56:00.000Z;St Goar;RB;RB 26;26;25431;8005645;8005645%2021-12-25T16:56:00.000Z%,8004601,8000683,8004379,8005896,8000039,8000976,8000975,8000375,8003075,8002692,8005950,8001237,8003821,8000240,;426
2021-12-25T17:00:00.000Z;St Goar;RB;RB 26;26;25434;8005645;8005645%2021-12-25T17:00:00.000Z%,8002861,8000742,8000045,8005622,8005070,8000206,8003341,8003352,8006035,8006303,8000331,8004200,8001186,8000694,8005580,8000310,8004604,8005153,8001085,8001082,8001091,8000044,8005152,8005499,8001215,8003160,8003361,8003363,8000207,8003368,;426
2021-12-25T17:56:00.000Z;St Goar;RB;RB 26;26;25433;8005645;8005645%2021-12-25T17:56:00.000Z%,8004601,8000683,8004379,8005896,8000039,8000976,8000975,8000375,8003075,8002692,8005950,8001237,8003821,8000240,;426
2021-12-25T18:00:00.000Z;St Goar;RB;RB 26;26;25436;8005645;8005645%2021-12-25T18:00:00.000Z%,8002861,8000742,8000045,8005622,8005070,8000206,8003341,8003352,8006035,8006303,8000331,8004200,8001186,8000694,8005580,8000310,8004604,8005153,8001085,8001082,8001091,8000044,8005152,8005499,8001215,8003160,8003361,8003363,8000207,8003368,;426
2021-12-25T18:56:00.000Z;St Goar;RB;RB 26;26;25435;8005645;8005645%2021-12-25T18:56:00.000Z%,8004601,8000683,8004379,8005896,8000039,8000976,8000975,8000375,8003075,8002692,8005950,8001237,8003821,8000240,;426
2021-12-25T19:00:00.000Z;St Goar;RB;RB 26;26;25438;8005645;8005645%2021-12-25T19:00:00.000Z%,8002861,8000742,8000045,8005622,8005070,8000206,8003341,8003352,8006035,8006303,8000331,8004200,8001186,8000694,8005580,8000310,8004604,8005153,8001085,8001082,8001091,8000044,8005152,8005499,8001215,8003160,8003361,8003363,8000207,8003368,;426
2021-12-25T19:56:00.000Z;St Goar;RB;RB 26;26;25437;8005645;8005645%2021-12-25T19:56:00.000Z%,8004601,8000683,8004379,8005896,8000039,8000976,8000975,8000375,8003075,8002692,8005950,8001237,8003821,8000240,;426
2021-12-25T20:00:00.000Z;St Goar;RB;RB 26;26;25440;8005645;8005645%2021-12-25T20:00:00.000Z%,8002861,8000742,8000045,8005622,8005070,8000206,8003341,8003352,8006035,8006303,8000331,8004200,8001186,8000694,8005580,8000310,8004604,8005153,8001085,8001082,8001091,8000044,8005152,8005499,8001215,8003160,8003361,8003363,8000207,8003368,;426
2021-12-24T20:24:00.000Z;St Michaelisdonn;RB;RB 62;62;11937;8005655;8005655%2021-12-24T20:24:00.000Z%0,8001273,8006460,8003102,;426
2021-12-24T20:36:00.000Z;St Michaelisdonn;RB;RB 62;62;11932;8005655;8005655%2021-12-24T20:38:00.000Z%2,8003954,8000155,8000181,;426
2021-12-24T21:20:00.000Z;St Michaelisdonn;RE;RE 6;6;11039;8005655;8005655%2021-12-24T21:21:00.000Z%1,8001273,8006460,8003102,8000092,8002553,;602
2021-12-24T21:52:00.000Z;St Michaelisdonn;RE;RE 6;6;11034;8005655;8005655%2021-12-24T22:35:00.000Z%43,8003954,8000155,8003798,8002115,8000181,;602
2021-12-25T07:09:00.000Z;St Michaelisdonn;RE;RE 6;6;11001;8005655;8005655%2021-12-25T07:09:00.000Z%,8001273,8006460,8003102,8000092,8002553,;602
2021-12-25T08:36:00.000Z;St Michaelisdonn;RB;RB 62;62;11908;8005655;8005655%2021-12-25T08:36:00.000Z%,8003954,8000155,;426
2021-12-25T09:22:00.000Z;St Michaelisdonn;RB;RB 62;62;11915;8005655;8005655%2021-12-25T09:22:00.000Z%,8001273,8006460,8003102,;426
2021-12-25T10:28:00.000Z;St Michaelisdonn;RB;RB 62;62;11912;8005655;8005655%2021-12-25T10:28:00.000Z%,8003954,8000155,;426
2021-12-25T10:29:00.000Z;St Michaelisdonn;RB;RB 62;62;11917;8005655;8005655%2021-12-25T10:29:00.000Z%,8001273,8006460,8003102,;426
2021-12-25T11:22:00.000Z;St Michaelisdonn;RB;RB 62;62;11919;8005655;8005655%2021-12-25T11:22:00.000Z%,8001273,8006460,8003102,;426
2021-12-25T11:36:00.000Z;St Michaelisdonn;RB;RB 62;62;11914;8005655;8005655%2021-12-25T11:36:00.000Z%,8003954,8000155,;426
2021-12-25T12:22:00.000Z;St Michaelisdonn;RB;RB 62;62;11921;8005655;8005655%2021-12-25T12:22:00.000Z%,8001273,8006460,8003102,;426
2021-12-25T12:36:00.000Z;St Michaelisdonn;RB;RB 62;62;11916;8005655;8005655%2021-12-25T12:36:00.000Z%,8003954,8000155,;426
2021-12-25T13:22:00.000Z;St Michaelisdonn;RB;RB 62;62;11923;8005655;8005655%2021-12-25T13:22:00.000Z%,8001273,8006460,8003102,;426
2021-12-25T13:28:00.000Z;St Michaelisdonn;RB;RB 62;62;11918;8005655;8005655%2021-12-25T13:28:00.000Z%,8003954,8000155,;426
2021-12-25T14:22:00.000Z;St Michaelisdonn;RB;RB 62;62;11925;8005655;8005655%2021-12-25T14:22:00.000Z%,8001273,8006460,8003102,;426
2021-12-25T14:36:00.000Z;St Michaelisdonn;RB;RB 62;62;11920;8005655;8005655%2021-12-25T14:36:00.000Z%,8003954,8000155,;426
2021-12-25T15:29:00.000Z;St Michaelisdonn;RB;RB 62;62;11927;8005655;8005655%2021-12-25T15:29:00.000Z%,8001273,8006460,8003102,;426
2021-12-25T15:36:00.000Z;St Michaelisdonn;RB;RB 62;62;11922;8005655;8005655%2021-12-25T15:36:00.000Z%,8003954,8000155,;426
2021-12-25T16:22:00.000Z;St Michaelisdonn;RB;RB 62;62;11929;8005655;8005655%2021-12-25T16:22:00.000Z%,8001273,8006460,8003102,;426
2021-12-25T16:36:00.000Z;St Michaelisdonn;RB;RB 62;62;11924;8005655;8005655%2021-12-25T16:36:00.000Z%,8003954,8000155,;426
2021-12-25T17:22:00.000Z;St Michaelisdonn;RB;RB 62;62;11931;8005655;8005655%2021-12-25T17:22:00.000Z%,8001273,8006460,8003102,;426
2021-12-25T17:36:00.000Z;St Michaelisdonn;RB;RB 62;62;11926;8005655;8005655%2021-12-25T17:36:00.000Z%,8003954,8000155,;426
2021-12-25T18:22:00.000Z;St Michaelisdonn;RB;RB 62;62;11933;8005655;8005655%2021-12-25T18:22:00.000Z%,8001273,8006460,8003102,;426
2021-12-25T18:36:00.000Z;St Michaelisdonn;RB;RB 62;62;11928;8005655;8005655%2021-12-25T18:36:00.000Z%,8003954,8000155,;426
2021-12-25T19:22:00.000Z;St Michaelisdonn;RB;RB 62;62;11935;8005655;8005655%2021-12-25T19:22:00.000Z%,8001273,8006460,8003102,;426
2021-12-25T19:36:00.000Z;St Michaelisdonn;RB;RB 62;62;11930;8005655;8005655%2021-12-25T19:36:00.000Z%,8003954,8000155,;426
2021-12-24T20:56:00.000Z;Bad Staffelstein;RE;RE 14;14;4916;8005670;8005670%2021-12-24T20:58:00.000Z%2,8000228,8004011,8002878,8004979,8003472,8004319,8003446,8002467,8005737,8004881,8002020,8005692,8003770,8010288,;602
2021-12-24T21:17:00.000Z;Bad Staffelstein;RE;RE 49;49;4937;8005670;8005670%2021-12-24T21:17:00.000Z%,8001623,8006634,8001640,8001149,8002542,8000025,8002853,8002024,8001844,8000114,8000284,;602
2021-12-24T21:58:00.000Z;Bad Staffelstein;RE;RE 42;42;4998;8005670;8005670%2021-12-24T22:00:00.000Z%2,8000228,8004011,8002878,8004979,8003472,8004319,8003446,8002467,8005737,8004881,8002020,8005692,8003770,;602
2021-12-24T21:58:00.000Z;Bad Staffelstein;RE;RE 49;49;4936;8005670;8005670%2021-12-24T22:00:00.000Z%2,8000228,8005391,8001636,8002434,8001347,8001338,8001334,8001484,8004633,8005122,8004064,8004325,8013008,;602
2021-12-24T22:20:00.000Z;Bad Staffelstein;RE;RE 42;42;4997;8005670;8005670%2021-12-24T22:21:00.000Z%1,8001623,8006634,8001640,8001149,8002542,8000025,;602
2021-12-24T23:01:00.000Z;Bad Staffelstein;RE;RE 49;49;4938;8005670;8005670%2021-12-24T23:01:00.000Z%,8000228,8005391,8001636,8002434,8001347,8001338,;602
2021-12-24T23:55:00.000Z;Bad Staffelstein;RE;RE 49;49;4940;8005670;8005670%2021-12-24T23:55:00.000Z%,8000228,;602
2021-12-25T04:14:00.000Z;Bad Staffelstein;RE;RE 49;49;4939;8005670;8005670%2021-12-25T04:14:00.000Z%,8001623,8006634,8001640,8001149,8002542,8000025,8002853,8002024,8001844,8000114,8000284,;602
2021-12-25T04:27:00.000Z;Bad Staffelstein;RE;RE 14;14;4900;8005670;8005670%2021-12-25T04:27:00.000Z%,8000228,;602
2021-12-25T05:07:00.000Z;Bad Staffelstein;RE;RE 49;49;59393;8005670;8005670%2021-12-25T05:07:00.000Z%,8001623,8006634,8001640,8001149,8002542,8000025,;602
2021-12-25T05:48:00.000Z;Bad Staffelstein;RE;RE 42;42;4982;8005670;8005670%2021-12-25T05:48:00.000Z%,8000228,8004011,8002878,8004979,8003472,8004319,8003446,8005737,8004881,8005692,8003770,8010288,8013171,8012000,8010309,8010307,8010306,8011985,8010133,8011956,8013474,8010240,8010368,8010205,;602
2021-12-25T06:13:00.000Z;Bad Staffelstein;RE;RE 14;14;4981;8005670;8005670%2021-12-25T06:13:00.000Z%,8001623,8006634,8001640,8001149,8002542,8000025,8002853,8002024,8001844,8000114,8000284,;602
2021-12-25T06:37:00.000Z;Bad Staffelstein;RE;RE 14;14;4922;8005670;8005670%2021-12-25T06:37:00.000Z%,8000228,8003472,8003446,8005737,8004881,8005692,8003770,8010288,8012000,8010309,;602
2021-12-25T06:37:00.000Z;Bad Staffelstein;RE;RE 49;49;4948;8005670;8005670%2021-12-25T06:37:00.000Z%,8000228,8005391,8001636,8002434,8001347,8001338,8001334,8001484,8004633,8005122,8004064,8004325,8013008,;602
2021-12-25T07:22:00.000Z;Bad Staffelstein;RE;RE 49;49;4945;8005670;8005670%2021-12-25T07:22:00.000Z%,8001149,8000025,8002853,8002024,8001844,8000114,8000284,;602
2021-12-25T07:22:00.000Z;Bad Staffelstein;RE;RE 42;42;4943;8005670;8005670%2021-12-25T07:22:00.000Z%,8001149,8000025,8002853,8002024,8001844,8000114,8000284,;602
2021-12-25T07:36:00.000Z;Bad Staffelstein;RB;RB 25;25;59331;8005670;8005670%2021-12-25T07:36:00.000Z%,8001623,8006634,8001640,8001149,8002542,8000025,;426
2021-12-25T07:40:00.000Z;Bad Staffelstein;RE;RE 42;42;4984;8005670;8005670%2021-12-25T07:40:00.000Z%,8000228,8004011,8002878,8004979,8003472,8004319,8003446,8002467,8005737,8004881,8002020,8005692,8003770,8010288,8013171,8012000,8011267,8010309,8010307,8010306,8011985,8010133,8011956,8013474,8010240,8010368,8010205,;602
2021-12-25T08:16:00.000Z;Bad Staffelstein;RE;RE 42;42;4983;8005670;8005670%2021-12-25T08:16:00.000Z%,8001623,8006634,8001149,8000025,8002853,8002024,8001844,8000114,8000284,;602
2021-12-25T08:24:00.000Z;Bad Staffelstein;RB;RB 25;25;59330;8005670;8005670%2021-12-25T08:24:00.000Z%,8000228,8004011,8002878,8004979,8003472,8004319,8003446,;426
2021-12-25T08:36:00.000Z;Bad Staffelstein;RE;RE 14;14;4904;8005670;8005670%2021-12-25T08:36:00.000Z%,8000228,8003472,8003446,8005737,8004881,8005692,8003770,8010288,8012000,8010309,;602
2021-12-25T08:36:00.000Z;Bad Staffelstein;RE;RE 49;49;4924;8005670;8005670%2021-12-25T08:36:00.000Z%,8000228,8001636,8001338,8001334,8001484,8004633,8005122,8004064,8004325,8013008,;602
2021-12-25T09:22:00.000Z;Bad Staffelstein;RE;RE 49;49;4925;8005670;8005670%2021-12-25T09:22:00.000Z%,8001149,8000025,8002853,8002024,8001844,8000114,8000284,;602
2021-12-25T09:22:00.000Z;Bad Staffelstein;RE;RE 14;14;4905;8005670;8005670%2021-12-25T09:22:00.000Z%,8001149,8000025,8002853,8002024,8001844,8000114,8000284,;602
2021-12-25T09:31:00.000Z;Bad Staffelstein;RB;RB 25;25;59333;8005670;8005670%2021-12-25T09:31:00.000Z%,8001623,8006634,8001640,8001149,8002542,8000025,;426
2021-12-25T09:40:00.000Z;Bad Staffelstein;RE;RE 42;42;4986;8005670;8005670%2021-12-25T09:40:00.000Z%,8000228,8004011,8002878,8004979,8003472,8004319,8003446,8002467,8005737,8004881,8002020,8005692,8003770,8010288,8013171,8012000,8011267,8010309,8010307,8010306,8011985,8010133,8011956,8013474,8010240,8010368,8010205,;602
2021-12-25T10:16:00.000Z;Bad Staffelstein;RE;RE 42;42;4985;8005670;8005670%2021-12-25T10:16:00.000Z%,8001623,8006634,8001149,8000025,8002853,8002024,8001844,8000114,8000284,;602
2021-12-25T10:23:00.000Z;Bad Staffelstein;RB;RB 25;25;59332;8005670;8005670%2021-12-25T10:23:00.000Z%,8000228,8004011,8002878,8004979,8003472,8004319,8003446,;426
2021-12-25T10:36:00.000Z;Bad Staffelstein;RE;RE 14;14;4906;8005670;8005670%2021-12-25T10:36:00.000Z%,8000228,8003472,8003446,8005737,8004881,8005692,8003770,8010288,8012000,8010309,;602
2021-12-25T10:36:00.000Z;Bad Staffelstein;RE;RE 49;49;4926;8005670;8005670%2021-12-25T10:36:00.000Z%,8000228,8001636,8001338,8001334,8001484,8004633,8005122,8004064,8004325,8013008,;602
2021-12-25T11:22:00.000Z;Bad Staffelstein;RE;RE 49;49;4927;8005670;8005670%2021-12-25T11:22:00.000Z%,8001149,8000025,8002853,8002024,8001844,8000114,8000284,;602
2021-12-25T11:22:00.000Z;Bad Staffelstein;RE;RE 14;14;4907;8005670;8005670%2021-12-25T11:22:00.000Z%,8001149,8000025,8002853,8002024,8001844,8000114,8000284,;602
2021-12-25T11:39:00.000Z;Bad Staffelstein;RB;RB 25;25;59335;8005670;8005670%2021-12-25T11:39:00.000Z%,8001623,8006634,8001640,8001149,8002542,8000025,;426
2021-12-25T11:40:00.000Z;Bad Staffelstein;RE;RE 42;42;4988;8005670;8005670%2021-12-25T11:40:00.000Z%,8000228,8004011,8002878,8004979,8003472,8004319,8003446,8002467,8005737,8004881,8002020,8005692,8003770,8010288,8013171,8012000,8011267,8010309,8010307,8010306,8011985,8010133,8011956,8013474,8010240,8010368,8010205,;602
2021-12-25T12:16:00.000Z;Bad Staffelstein;RE;RE 42;42;4987;8005670;8005670%2021-12-25T12:16:00.000Z%,8001623,8006634,8001149,8000025,8002853,8002024,8001844,8000114,8000284,;602
2021-12-25T12:27:00.000Z;Bad Staffelstein;RB;RB 25;25;59336;8005670;8005670%2021-12-25T12:27:00.000Z%,8000228,8004011,8002878,8004979,8003472,8004319,8003446,;426
2021-12-25T12:36:00.000Z;Bad Staffelstein;RE;RE 14;14;4918;8005670;8005670%2021-12-25T12:36:00.000Z%,8000228,8003472,8003446,8005737,8004881,8005692,8003770,8010288,8012000,8010309,;602
2021-12-25T12:36:00.000Z;Bad Staffelstein;RE;RE 49;49;4928;8005670;8005670%2021-12-25T12:36:00.000Z%,8000228,8005391,8001636,8002434,8001347,8001338,8001334,8001484,8004633,8005122,8004064,8004325,8013008,;602
2021-12-25T13:22:00.000Z;Bad Staffelstein;RE;RE 49;49;4929;8005670;8005670%2021-12-25T13:22:00.000Z%,8001149,8000025,8002853,8002024,8001844,8000114,8000284,;602
2021-12-25T13:22:00.000Z;Bad Staffelstein;RE;RE 14;14;4909;8005670;8005670%2021-12-25T13:22:00.000Z%,8001149,8000025,8002853,8002024,8001844,8000114,8000284,;602
2021-12-25T13:34:00.000Z;Bad Staffelstein;RB;RB 25;25;59339;8005670;8005670%2021-12-25T13:34:00.000Z%,8001623,8006634,8001640,8001149,8002542,8000025,;426
2021-12-25T13:40:00.000Z;Bad Staffelstein;RE;RE 42;42;4990;8005670;8005670%2021-12-25T13:40:00.000Z%,8000228,8004011,8002878,8004979,8003472,8004319,8003446,8002467,8005737,8004881,8002020,8005692,8003770,8010288,8013171,8012000,8011267,8010309,8010307,8010306,8011985,8010133,8011956,8013474,8010240,8010368,8010205,;602
2021-12-25T14:16:00.000Z;Bad Staffelstein;RE;RE 42;42;4989;8005670;8005670%2021-12-25T14:16:00.000Z%,8001623,8006634,8001149,8000025,8002853,8002024,8001844,8000114,8000284,;602
2021-12-25T14:22:00.000Z;Bad Staffelstein;RB;RB 25;25;59340;8005670;8005670%2021-12-25T14:22:00.000Z%,8000228,8004011,8002878,8004979,8003472,8004319,8003446,;426
2021-12-25T14:36:00.000Z;Bad Staffelstein;RE;RE 14;14;4910;8005670;8005670%2021-12-25T14:36:00.000Z%,8000228,8003472,8003446,8005737,8004881,8005692,8003770,8010288,8012000,8010309,;602
2021-12-25T14:36:00.000Z;Bad Staffelstein;RE;RE 49;49;4930;8005670;8005670%2021-12-25T14:36:00.000Z%,8000228,8001636,8001338,8001334,8001484,8004633,8005122,8004064,8004325,8013008,;602
2021-12-25T15:22:00.000Z;Bad Staffelstein;RE;RE 49;49;4931;8005670;8005670%2021-12-25T15:22:00.000Z%,8001149,8000025,8002853,8002024,8001844,8000114,8000284,;602
2021-12-25T15:22:00.000Z;Bad Staffelstein;RE;RE 14;14;4911;8005670;8005670%2021-12-25T15:22:00.000Z%,8001149,8000025,8002853,8002024,8001844,8000114,8000284,;602
2021-12-25T15:31:00.000Z;Bad Staffelstein;RB;RB 25;25;59341;8005670;8005670%2021-12-25T15:31:00.000Z%,8001623,8006634,8001640,8001149,8002542,8000025,;426
2021-12-25T15:40:00.000Z;Bad Staffelstein;RE;RE 42;42;4992;8005670;8005670%2021-12-25T15:40:00.000Z%,8000228,8004011,8002878,8004979,8003472,8004319,8003446,8002467,8005737,8004881,8002020,8005692,8003770,8010288,8013171,8012000,8011267,8010309,8010307,8010306,8011985,8010133,8011956,8013474,8010240,8010368,8010205,;602
2021-12-25T16:16:00.000Z;Bad Staffelstein;RE;RE 42;42;4991;8005670;8005670%2021-12-25T16:16:00.000Z%,8001623,8006634,8001149,8000025,8002853,8002024,8001844,8000114,8000284,;602
2021-12-25T16:27:00.000Z;Bad Staffelstein;RB;RB 25;25;59342;8005670;8005670%2021-12-25T16:27:00.000Z%,8000228,8004011,8002878,8004979,8003472,8004319,8003446,;426
2021-12-25T16:38:00.000Z;Bad Staffelstein;RE;RE 14;14;4912;8005670;8005670%2021-12-25T16:38:00.000Z%,8000228,8003472,8003446,8005737,8004881,8005692,8003770,8010288,8012000,8010309,;602
2021-12-25T16:38:00.000Z;Bad Staffelstein;RE;RE 49;49;4932;8005670;8005670%2021-12-25T16:38:00.000Z%,8000228,8001636,8001338,8001334,8001484,8004633,8005122,8004064,8004325,8013008,;602
2021-12-25T17:22:00.000Z;Bad Staffelstein;RE;RE 49;49;4933;8005670;8005670%2021-12-25T17:22:00.000Z%,8001149,8000025,8002853,8002024,8001844,8000114,8000284,;602
2021-12-25T17:22:00.000Z;Bad Staffelstein;RE;RE 14;14;4913;8005670;8005670%2021-12-25T17:22:00.000Z%,8001149,8000025,8002853,8002024,8001844,8000114,8000284,;602
2021-12-25T17:31:00.000Z;Bad Staffelstein;RB;RB 25;25;59343;8005670;8005670%2021-12-25T17:31:00.000Z%,8001623,8006634,8001640,8001149,8002542,8000025,;426
2021-12-25T17:40:00.000Z;Bad Staffelstein;RE;RE 42;42;4994;8005670;8005670%2021-12-25T17:40:00.000Z%,8000228,8004011,8002878,8004979,8003472,8004319,8003446,8002467,8005737,8004881,8002020,8005692,8003770,8010288,8013171,8012000,8011267,8010309,8010307,8010306,8011985,8010133,8011956,8013474,8010240,8010368,8010205,;602
2021-12-25T18:16:00.000Z;Bad Staffelstein;RE;RE 42;42;4993;8005670;8005670%2021-12-25T18:16:00.000Z%,8001623,8006634,8001149,8000025,8002853,8002024,8001844,8000114,8000284,;602
2021-12-25T18:26:00.000Z;Bad Staffelstein;RB;RB 25;25;59344;8005670;8005670%2021-12-25T18:26:00.000Z%,8000228,;426
2021-12-25T18:41:00.000Z;Bad Staffelstein;RE;RE 14;14;4914;8005670;8005670%2021-12-25T18:41:00.000Z%,8000228,8002878,8004979,8003472,8004319,8003446,8005737,8004881,8005692,8003770,8010288,8012000,8010309,;602
2021-12-25T18:41:00.000Z;Bad Staffelstein;RE;RE 49;49;4934;8005670;8005670%2021-12-25T18:41:00.000Z%,8000228,8001636,8002434,8001338,8001334,8001484,8004633,8005122,8004064,8004325,8013008,;602
2021-12-25T19:22:00.000Z;Bad Staffelstein;RE;RE 49;49;4935;8005670;8005670%2021-12-25T19:22:00.000Z%,8001149,8000025,8002853,8002024,8001844,8000114,8000284,;602
2021-12-25T19:22:00.000Z;Bad Staffelstein;RE;RE 14;14;4915;8005670;8005670%2021-12-25T19:22:00.000Z%,8001149,8000025,8002853,8002024,8001844,8000114,8000284,;602
2021-12-25T19:32:00.000Z;Bad Staffelstein;RB;RB 25;25;59345;8005670;8005670%2021-12-25T19:32:00.000Z%,8001623,8006634,8001640,8001149,8002542,8000025,;426
2021-12-25T19:41:00.000Z;Bad Staffelstein;RE;RE 42;42;4996;8005670;8005670%2021-12-25T19:41:00.000Z%,8000228,8004011,8002878,8004979,8003472,8004319,8003446,8002467,8005737,8004881,8002020,8005692,8003770,8010288,8013171,8012000,8011267,8010309,8010307,8010306,8011985,8010133,8011956,8011058,;602
2021-12-25T20:17:00.000Z;Bad Staffelstein;RE;RE 42;42;4995;8005670;8005670%2021-12-25T20:17:00.000Z%,8001623,8006634,8001640,8001149,8000025,8002853,8002024,8001844,8000114,8000284,;602
2021-12-24T20:37:00.000Z;Iffeldorf;RB;RB 66;66;59648;8005672;8005672%2021-12-24T20:39:00.000Z%2,8005508,8000918,8005927,;426
2021-12-24T21:17:00.000Z;Iffeldorf;RB;RB 66;66;59657;8005672;8005672%2021-12-24T21:17:00.000Z%,8004767,8000945,8000869,8003355,;426
2021-12-24T21:37:00.000Z;Iffeldorf;RB;RB 66;66;59650;8005672;8005672%2021-12-24T21:37:00.000Z%,8005508,8000918,8005927,;426
2021-12-24T22:17:00.000Z;Iffeldorf;RB;RB 66;66;59659;8005672;8005672%2021-12-24T22:17:00.000Z%,8004767,8000945,8000869,8003355,;426
2021-12-24T22:37:00.000Z;Iffeldorf;RB;RB 66;66;59652;8005672;8005672%2021-12-24T22:37:00.000Z%,8005508,8000918,8005927,;426
2021-12-24T23:17:00.000Z;Iffeldorf;RB;RB 66;66;59599;8005672;8005672%2021-12-24T23:17:00.000Z%,8004767,8000945,8000869,8003355,;426
2021-12-25T04:28:00.000Z;Iffeldorf;RB;RB 66;66;59602;8005672;8005672%2021-12-25T04:28:00.000Z%,8005508,8000918,8005927,8004158,8098261,;426
2021-12-25T06:06:00.000Z;Iffeldorf;RB;RB 66;66;59630;8005672;8005672%2021-12-25T06:06:00.000Z%,8005508,8000918,8005927,8005676,8004158,8098261,;426
2021-12-25T06:49:00.000Z;Iffeldorf;RB;RB 66;66;59615;8005672;8005672%2021-12-25T06:49:00.000Z%,8004767,8000945,8000869,8003355,;426
2021-12-25T07:08:00.000Z;Iffeldorf;RB;RB 66;66;59608;8005672;8005672%2021-12-25T07:08:00.000Z%,8005508,8000918,8005927,8005676,8004158,8098261,;426
2021-12-25T07:47:00.000Z;Iffeldorf;RB;RB 66;66;59613;8005672;8005672%2021-12-25T07:47:00.000Z%,8004767,8000945,8000869,8003355,;426
2021-12-25T08:07:00.000Z;Iffeldorf;RB;RB 66;66;59610;8005672;8005672%2021-12-25T08:07:00.000Z%,8005508,8000918,8005927,8005676,8004158,8098261,;426
2021-12-25T08:47:00.000Z;Iffeldorf;RB;RB 66;66;59617;8005672;8005672%2021-12-25T08:47:00.000Z%,8004767,8000945,8000869,8003355,;426
2021-12-25T09:07:00.000Z;Iffeldorf;RB;RB 66;66;59612;8005672;8005672%2021-12-25T09:07:00.000Z%,8005508,8000918,8005927,8005676,8004158,8098261,;426
2021-12-25T09:47:00.000Z;Iffeldorf;RB;RB 66;66;59619;8005672;8005672%2021-12-25T09:47:00.000Z%,8004767,8000945,8000869,8003355,;426
2021-12-25T10:07:00.000Z;Iffeldorf;RB;RB 66;66;59614;8005672;8005672%2021-12-25T10:07:00.000Z%,8005508,8000918,8005927,8005676,8004158,8098261,;426
2021-12-25T11:04:00.000Z;Iffeldorf;RB;RB 66;66;59616;8005672;8005672%2021-12-25T11:04:00.000Z%,8005508,8000918,8005927,8005676,8004158,8098261,;426
2021-12-25T11:17:00.000Z;Iffeldorf;RB;RB 66;66;59621;8005672;8005672%2021-12-25T11:17:00.000Z%,8004767,8000945,8000869,8003355,;426
2021-12-25T11:47:00.000Z;Iffeldorf;RB;RB 66;66;59623;8005672;8005672%2021-12-25T11:47:00.000Z%,8004767,8000945,8000869,8003355,;426
2021-12-25T12:07:00.000Z;Iffeldorf;RB;RB 66;66;59618;8005672;8005672%2021-12-25T12:07:00.000Z%,8005508,8000918,8005927,8005676,8004158,8098261,;426
2021-12-25T12:47:00.000Z;Iffeldorf;RB;RB 66;66;59627;8005672;8005672%2021-12-25T12:47:00.000Z%,8004767,8000945,8000869,8003355,;426
2021-12-25T13:07:00.000Z;Iffeldorf;RB;RB 66;66;59640;8005672;8005672%2021-12-25T13:07:00.000Z%,8005508,8000918,8005927,8005676,8004158,8098261,;426
2021-12-25T13:47:00.000Z;Iffeldorf;RB;RB 66;66;59629;8005672;8005672%2021-12-25T13:47:00.000Z%,8004767,8000945,8000869,8003355,;426
2021-12-25T14:07:00.000Z;Iffeldorf;RB;RB 66;66;59620;8005672;8005672%2021-12-25T14:07:00.000Z%,8005508,8000918,8005927,8005676,8004158,8098261,;426
2021-12-25T14:47:00.000Z;Iffeldorf;RB;RB 66;66;59631;8005672;8005672%2021-12-25T14:47:00.000Z%,8004767,8000945,8000869,8003355,;426
2021-12-25T15:07:00.000Z;Iffeldorf;RB;RB 66;66;59644;8005672;8005672%2021-12-25T15:07:00.000Z%,8005508,8000918,8005927,8005676,8004158,8098261,;426
2021-12-25T15:47:00.000Z;Iffeldorf;RB;RB 66;66;59633;8005672;8005672%2021-12-25T15:47:00.000Z%,8004767,8000945,8000869,8003355,;426
2021-12-25T16:07:00.000Z;Iffeldorf;RB;RB 66;66;59622;8005672;8005672%2021-12-25T16:07:00.000Z%,8005508,8000918,8005927,8005676,8004158,8098261,;426
2021-12-25T16:47:00.000Z;Iffeldorf;RB;RB 66;66;59635;8005672;8005672%2021-12-25T16:47:00.000Z%,8004767,8000945,8000869,8003355,;426
2021-12-25T17:07:00.000Z;Iffeldorf;RB;RB 66;66;59624;8005672;8005672%2021-12-25T17:07:00.000Z%,8005508,8000918,8005927,8005676,8004158,8098261,;426
2021-12-25T17:47:00.000Z;Iffeldorf;RB;RB 66;66;59637;8005672;8005672%2021-12-25T17:47:00.000Z%,8004767,8000945,8000869,8003355,;426
2021-12-25T18:07:00.000Z;Iffeldorf;RB;RB 66;66;59626;8005672;8005672%2021-12-25T18:07:00.000Z%,8005508,8000918,8005927,8005676,8004158,8098261,;426
2021-12-25T18:47:00.000Z;Iffeldorf;RB;RB 66;66;59639;8005672;8005672%2021-12-25T18:47:00.000Z%,8004767,8000945,8000869,8003355,;426
2021-12-25T19:07:00.000Z;Iffeldorf;RB;RB 66;66;59628;8005672;8005672%2021-12-25T19:07:00.000Z%,8005508,8000918,8005927,8005676,8004158,8098261,;426
2021-12-25T19:47:00.000Z;Iffeldorf;RB;RB 66;66;59597;8005672;8005672%2021-12-25T19:47:00.000Z%,8004767,8000945,8000869,8003355,;426
2021-12-25T20:17:00.000Z;Iffeldorf;RB;RB 66;66;59655;8005672;8005672%2021-12-25T20:17:00.000Z%,8004767,8000945,8000869,8003355,;426
2021-12-24T20:57:00.000Z;Stammbach;RE;RE 35;35;59319;8005674;8005674%2021-12-24T20:57:00.000Z%0,8004126,8005466,8000287,8002924,;602
2021-12-24T23:30:00.000Z;Stammbach;RE;RE 30;30;3099;8005674;8005674%2021-12-24T23:30:00.000Z%,8004126,8005466,8000287,8002924,;602
2021-12-25T04:54:00.000Z;Stammbach;RE;RE 39;39;59320;8005674;8005674%2021-12-25T04:54:00.000Z%,8003887,8000267,8006017,8003476,8003813,8001289,8002878,8000228,;602
2021-12-25T05:41:00.000Z;Stammbach;RE;RE 39;39;3465;8005674;8005674%2021-12-25T05:41:00.000Z%,8004126,8005545,8002019,8005466,8000287,8002924,;602
2021-12-25T06:06:00.000Z;Stammbach;RE;RE 35;35;59280;8005674;8005674%2021-12-25T06:06:00.000Z%,8003887,8000267,8006017,8003476,8001289,8000228,;602
2021-12-25T06:46:00.000Z;Stammbach;RE;RE 39;39;59301;8005674;8005674%2021-12-25T06:46:00.000Z%,8004126,8005466,8002924,;602
2021-12-25T07:50:00.000Z;Stammbach;RE;RE 39;39;59327;8005674;8005674%2021-12-25T07:50:00.000Z%,8004126,8005466,8002924,;602
2021-12-25T08:06:00.000Z;Stammbach;RE;RE 39;39;59282;8005674;8005674%2021-12-25T08:06:00.000Z%,8003887,8000267,8006017,8003476,8001289,8002878,8000228,;602
2021-12-25T09:51:00.000Z;Stammbach;RE;RE 39;39;59307;8005674;8005674%2021-12-25T09:51:00.000Z%,8004126,8005466,8002924,;602
2021-12-25T10:06:00.000Z;Stammbach;RE;RE 39;39;59284;8005674;8005674%2021-12-25T10:06:00.000Z%,8003887,8000267,8006017,8003476,8001289,8000228,;602
2021-12-25T11:51:00.000Z;Stammbach;RE;RE 39;39;59309;8005674;8005674%2021-12-25T11:51:00.000Z%,8004126,8005466,8002924,;602
2021-12-25T12:06:00.000Z;Stammbach;RE;RE 39;39;59286;8005674;8005674%2021-12-25T12:06:00.000Z%,8003887,8000267,8003476,8001289,8002878,8000228,;602
2021-12-25T12:48:00.000Z;Stammbach;RE;RE 35;35;3492;8005674;8005674%2021-12-25T12:48:00.000Z%,8004126,8005466,8002924,;602
2021-12-25T13:51:00.000Z;Stammbach;RE;RE 39;39;59311;8005674;8005674%2021-12-25T13:51:00.000Z%,8004126,8005466,8002924,;602
2021-12-25T14:06:00.000Z;Stammbach;RE;RE 39;39;59288;8005674;8005674%2021-12-25T14:06:00.000Z%,8003887,8000267,8006017,8003476,8001289,8000228,;602
2021-12-25T14:48:00.000Z;Stammbach;RE;RE 35;35;3494;8005674;8005674%2021-12-25T14:48:00.000Z%,8004126,8005466,8002924,;602
2021-12-25T15:51:00.000Z;Stammbach;RE;RE 39;39;59313;8005674;8005674%2021-12-25T15:51:00.000Z%,8004126,8005466,8002924,;602
2021-12-25T16:06:00.000Z;Stammbach;RE;RE 39;39;59290;8005674;8005674%2021-12-25T16:06:00.000Z%,8003887,8000267,8006017,8003476,8001289,8000228,;602
2021-12-25T17:52:00.000Z;Stammbach;RE;RE 39;39;59315;8005674;8005674%2021-12-25T17:52:00.000Z%,8004126,8005466,8002924,;602
2021-12-25T18:06:00.000Z;Stammbach;RE;RE 35;35;59294;8005674;8005674%2021-12-25T18:06:00.000Z%,8003887,8000267,8003476,8001289,8002878,8000228,;602
2021-12-25T20:07:00.000Z;Stammbach;RE;RE 39;39;59296;8005674;8005674%2021-12-25T20:07:00.000Z%,8003887,8000267,8006017,8003476,8003813,8001289,8002878,8000228,;602
2021-12-24T22:44:00.000Z;Steinach(Baden);RE;RE 2;2;4747;8005688;8005688%2021-12-24T22:44:00.000Z%,8002621,8000333,;602
2021-12-25T05:12:00.000Z;Steinach(Baden);RE;RE 2;2;4707;8005688;8005688%2021-12-25T05:12:00.000Z%,8002621,8000333,8003001,8005902,8005644,8000366,8000077,8000182,8001790,8000073,8000880,8000496,8003401,8003400,;602
2021-12-25T05:29:00.000Z;Steinach(Baden);RE;RE 2;2;4704;8005688;8005688%2021-12-25T05:29:00.000Z%,8000942,8002235,8000290,8000596,8005037,8000412,8001252,8000774,8000306,8004178,8003832,8000191,;602
2021-12-25T06:13:00.000Z;Steinach(Baden);RE;RE 2;2;4709;8005688;8005688%2021-12-25T06:13:00.000Z%,8002621,8000333,8003001,8005902,8005644,8000366,8000077,8000182,8001790,8000073,8000880,8000496,8003401,8003400,;602
2021-12-25T20:15:00.000Z;Steinach(Baden);RE;RE 2;2;4741;8005688;8005688%2021-12-25T20:15:00.000Z%,8002621,8000333,8003001,8005902,8005644,8000366,8000077,8002214,8000182,8001790,8006321,8004107,8005560,8000073,8000880,8000496,8003401,8003400,;602
2021-12-24T20:37:00.000Z;Steinfurt-Grottenkamp;RB;RB 64;64;20232;8005712;8005712%2021-12-24T20:38:00.000Z%1,8000062,8004001,8004613,8000382,8400011,8400012,8400212,;426
2021-12-24T21:11:00.000Z;Steinfurt-Grottenkamp;RB;RB 64;64;20231;8005712;8005712%2021-12-24T21:11:00.000Z%0,8001096,8004461,8000518,8004426,8004173,8000263,;426
2021-12-24T21:37:00.000Z;Steinfurt-Grottenkamp;RB;RB 64;64;20234;8005712;8005712%2021-12-24T21:37:00.000Z%,8000062,8004001,8004613,8000382,8400011,8400012,8400212,;426
2021-12-24T22:11:00.000Z;Steinfurt-Grottenkamp;RB;RB 64;64;20233;8005712;8005712%2021-12-24T22:11:00.000Z%,8001096,8004461,8000518,8004426,8004173,8000263,;426
2021-12-24T22:37:00.000Z;Steinfurt-Grottenkamp;RB;RB 64;64;20236;8005712;8005712%2021-12-24T22:37:00.000Z%,8000062,8004001,8004613,8000382,8400011,8400012,8400212,;426
2021-12-24T23:11:00.000Z;Steinfurt-Grottenkamp;RB;RB 64;64;20235;8005712;8005712%2021-12-24T23:11:00.000Z%,8001096,8004461,8000518,8004426,8004173,8000263,;426
2021-12-24T23:37:00.000Z;Steinfurt-Grottenkamp;RB;RB 64;64;20238;8005712;8005712%2021-12-24T23:37:00.000Z%,8000062,8004001,8004613,8000382,8400011,8400012,8400212,;426
2021-12-25T00:38:00.000Z;Steinfurt-Grottenkamp;RB;RB 64;64;20240;8005712;8005712%2021-12-25T00:38:00.000Z%,8000062,8004001,8004613,8000382,;426
2021-12-25T07:11:00.000Z;Steinfurt-Grottenkamp;RB;RB 64;64;20203;8005712;8005712%2021-12-25T07:11:00.000Z%,8001096,8004461,8000518,8004426,8004173,8000263,;426
2021-12-25T07:37:00.000Z;Steinfurt-Grottenkamp;RB;RB 64;64;20206;8005712;8005712%2021-12-25T07:37:00.000Z%,8000062,8004001,8004613,8000382,8400011,8400012,8400212,;426
2021-12-25T08:11:00.000Z;Steinfurt-Grottenkamp;RB;RB 64;64;20205;8005712;8005712%2021-12-25T08:11:00.000Z%,8001096,8004461,8000518,8004426,8004173,8000263,;426
2021-12-25T08:37:00.000Z;Steinfurt-Grottenkamp;RB;RB 64;64;20208;8005712;8005712%2021-12-25T08:37:00.000Z%,8000062,8004001,8004613,8000382,8400011,8400012,8400212,;426
2021-12-25T09:11:00.000Z;Steinfurt-Grottenkamp;RB;RB 64;64;20207;8005712;8005712%2021-12-25T09:11:00.000Z%,8001096,8004461,8000518,8004426,8004173,8000263,;426
2021-12-25T09:37:00.000Z;Steinfurt-Grottenkamp;RB;RB 64;64;20210;8005712;8005712%2021-12-25T09:37:00.000Z%,8000062,8004001,8004613,8000382,8400011,8400012,8400212,;426
2021-12-25T10:11:00.000Z;Steinfurt-Grottenkamp;RB;RB 64;64;20209;8005712;8005712%2021-12-25T10:11:00.000Z%,8001096,8004461,8000518,8004426,8004173,8000263,;426
2021-12-25T10:37:00.000Z;Steinfurt-Grottenkamp;RB;RB 64;64;20212;8005712;8005712%2021-12-25T10:37:00.000Z%,8000062,8004001,8004613,8000382,8400011,8400012,8400212,;426
2021-12-25T11:11:00.000Z;Steinfurt-Grottenkamp;RB;RB 64;64;20211;8005712;8005712%2021-12-25T11:11:00.000Z%,8001096,8004461,8000518,8004426,8004173,8000263,;426
2021-12-25T11:37:00.000Z;Steinfurt-Grottenkamp;RB;RB 64;64;20214;8005712;8005712%2021-12-25T11:37:00.000Z%,8000062,8004001,8004613,8000382,8400011,8400012,8400212,;426
2021-12-25T12:11:00.000Z;Steinfurt-Grottenkamp;RB;RB 64;64;20213;8005712;8005712%2021-12-25T12:11:00.000Z%,8001096,8004461,8000518,8004426,8004173,8000263,;426
2021-12-25T12:37:00.000Z;Steinfurt-Grottenkamp;RB;RB 64;64;20216;8005712;8005712%2021-12-25T12:37:00.000Z%,8000062,8004001,8004613,8000382,8400011,8400012,8400212,;426
2021-12-25T13:11:00.000Z;Steinfurt-Grottenkamp;RB;RB 64;64;20215;8005712;8005712%2021-12-25T13:11:00.000Z%,8001096,8004461,8000518,8004426,8004173,8000263,;426
2021-12-25T13:37:00.000Z;Steinfurt-Grottenkamp;RB;RB 64;64;20218;8005712;8005712%2021-12-25T13:37:00.000Z%,8000062,8004001,8004613,8000382,8400011,8400012,8400212,;426
2021-12-25T14:11:00.000Z;Steinfurt-Grottenkamp;RB;RB 64;64;20217;8005712;8005712%2021-12-25T14:11:00.000Z%,8001096,8004461,8000518,8004426,8004173,8000263,;426
2021-12-25T14:37:00.000Z;Steinfurt-Grottenkamp;RB;RB 64;64;20220;8005712;8005712%2021-12-25T14:37:00.000Z%,8000062,8004001,8004613,8000382,8400011,8400012,8400212,;426
2021-12-25T15:11:00.000Z;Steinfurt-Grottenkamp;RB;RB 64;64;20219;8005712;8005712%2021-12-25T15:11:00.000Z%,8001096,8004461,8000518,8004426,8004173,8000263,;426
2021-12-25T15:37:00.000Z;Steinfurt-Grottenkamp;RB;RB 64;64;20222;8005712;8005712%2021-12-25T15:37:00.000Z%,8000062,8004001,8004613,8000382,8400011,8400012,8400212,;426
2021-12-25T16:11:00.000Z;Steinfurt-Grottenkamp;RB;RB 64;64;20221;8005712;8005712%2021-12-25T16:11:00.000Z%,8001096,8004461,8000518,8004426,8004173,8000263,;426
2021-12-25T16:37:00.000Z;Steinfurt-Grottenkamp;RB;RB 64;64;20224;8005712;8005712%2021-12-25T16:37:00.000Z%,8000062,8004001,8004613,8000382,8400011,8400012,8400212,;426
2021-12-25T17:11:00.000Z;Steinfurt-Grottenkamp;RB;RB 64;64;20223;8005712;8005712%2021-12-25T17:11:00.000Z%,8001096,8004461,8000518,8004426,8004173,8000263,;426
2021-12-25T17:37:00.000Z;Steinfurt-Grottenkamp;RB;RB 64;64;20226;8005712;8005712%2021-12-25T17:37:00.000Z%,8000062,8004001,8004613,8000382,8400011,8400012,8400212,;426
2021-12-25T18:11:00.000Z;Steinfurt-Grottenkamp;RB;RB 64;64;20225;8005712;8005712%2021-12-25T18:11:00.000Z%,8001096,8004461,8000518,8004426,8004173,8000263,;426
2021-12-25T18:37:00.000Z;Steinfurt-Grottenkamp;RB;RB 64;64;20228;8005712;8005712%2021-12-25T18:37:00.000Z%,8000062,8004001,8004613,8000382,8400011,8400012,8400212,;426
2021-12-25T19:11:00.000Z;Steinfurt-Grottenkamp;RB;RB 64;64;20227;8005712;8005712%2021-12-25T19:11:00.000Z%,8001096,8004461,8000518,8004426,8004173,8000263,;426
2021-12-25T19:37:00.000Z;Steinfurt-Grottenkamp;RB;RB 64;64;20230;8005712;8005712%2021-12-25T19:37:00.000Z%,8000062,8004001,8004613,8000382,8400011,8400012,8400212,;426
2021-12-25T20:11:00.000Z;Steinfurt-Grottenkamp;RB;RB 64;64;20229;8005712;8005712%2021-12-25T20:11:00.000Z%,8001096,8004461,8000518,8004426,8004173,8000263,;426
2021-12-24T21:30:00.000Z;Stockheim(Oberfr);RE;RE 14;14;4916;8005737;8005737%2021-12-24T21:30:00.000Z%0,8004881,8002020,8005692,8003770,8010288,;602
2021-12-24T21:44:00.000Z;Stockheim(Oberfr);RE;RE 42;42;4997;8005737;8005737%2021-12-24T21:45:00.000Z%1,8002467,8003446,8004319,8003472,8004979,8002878,8004011,8000228,8005670,8001623,8006634,8001640,8001149,8002542,8000025,;602
2021-12-24T22:36:00.000Z;Stockheim(Oberfr);RE;RE 42;42;4998;8005737;8005737%2021-12-24T22:36:00.000Z%0,8004881,8002020,8005692,8003770,;602
2021-12-25T05:40:00.000Z;Stockheim(Oberfr);RE;RE 14;14;4981;8005737;8005737%2021-12-25T05:40:00.000Z%,8002467,8003446,8004319,8003472,8004979,8002878,8004011,8000228,8005670,8001623,8006634,8001640,8001149,8002542,8000025,8002853,8002024,8001844,8000114,8000284,;602
2021-12-25T06:18:00.000Z;Stockheim(Oberfr);RE;RE 42;42;4982;8005737;8005737%2021-12-25T06:18:00.000Z%,8004881,8005692,8003770,8010288,8013171,8012000,8010309,8010307,8010306,8011985,8010133,8011956,8013474,8010240,8010368,8010205,;602
2021-12-25T06:47:00.000Z;Stockheim(Oberfr);RE;RE 42;42;4943;8005737;8005737%2021-12-25T06:47:00.000Z%,8003446,8003472,8004979,8002878,8000228,8005670,8001149,8000025,8002853,8002024,8001844,8000114,8000284,;602
2021-12-25T07:02:00.000Z;Stockheim(Oberfr);RE;RE 14;14;4922;8005737;8005737%2021-12-25T07:02:00.000Z%,8004881,8005692,8003770,8010288,8012000,8010309,;602
2021-12-25T07:44:00.000Z;Stockheim(Oberfr);RE;RE 42;42;4983;8005737;8005737%2021-12-25T07:44:00.000Z%,8002467,8003446,8004319,8003472,8004979,8002878,8004011,8000228,8005670,8001623,8006634,8001149,8000025,8002853,8002024,8001844,8000114,8000284,;602
2021-12-25T08:12:00.000Z;Stockheim(Oberfr);RE;RE 42;42;4984;8005737;8005737%2021-12-25T08:12:00.000Z%,8004881,8002020,8005692,8003770,8010288,8013171,8012000,8011267,8010309,8010307,8010306,8011985,8010133,8011956,8013474,8010240,8010368,8010205,;602
2021-12-25T08:53:00.000Z;Stockheim(Oberfr);RE;RE 14;14;4905;8005737;8005737%2021-12-25T08:53:00.000Z%,8003446,8003472,8000228,8005670,8001149,8000025,8002853,8002024,8001844,8000114,8000284,;602
2021-12-25T09:02:00.000Z;Stockheim(Oberfr);RE;RE 14;14;4904;8005737;8005737%2021-12-25T09:02:00.000Z%,8004881,8005692,8003770,8010288,8012000,8010309,;602
2021-12-25T09:44:00.000Z;Stockheim(Oberfr);RE;RE 42;42;4985;8005737;8005737%2021-12-25T09:44:00.000Z%,8002467,8003446,8004319,8003472,8004979,8002878,8004011,8000228,8005670,8001623,8006634,8001149,8000025,8002853,8002024,8001844,8000114,8000284,;602
2021-12-25T10:12:00.000Z;Stockheim(Oberfr);RE;RE 42;42;4986;8005737;8005737%2021-12-25T10:12:00.000Z%,8004881,8002020,8005692,8003770,8010288,8013171,8012000,8011267,8010309,8010307,8010306,8011985,8010133,8011956,8013474,8010240,8010368,8010205,;602
2021-12-25T10:53:00.000Z;Stockheim(Oberfr);RE;RE 14;14;4907;8005737;8005737%2021-12-25T10:53:00.000Z%,8003446,8003472,8000228,8005670,8001149,8000025,8002853,8002024,8001844,8000114,8000284,;602
2021-12-25T11:02:00.000Z;Stockheim(Oberfr);RE;RE 14;14;4906;8005737;8005737%2021-12-25T11:02:00.000Z%,8004881,8005692,8003770,8010288,8012000,8010309,;602
2021-12-25T11:44:00.000Z;Stockheim(Oberfr);RE;RE 42;42;4987;8005737;8005737%2021-12-25T11:44:00.000Z%,8002467,8003446,8004319,8003472,8004979,8002878,8004011,8000228,8005670,8001623,8006634,8001149,8000025,8002853,8002024,8001844,8000114,8000284,;602
2021-12-25T12:16:00.000Z;Stockheim(Oberfr);RE;RE 42;42;4988;8005737;8005737%2021-12-25T12:16:00.000Z%,8004881,8002020,8005692,8003770,8010288,8013171,8012000,8011267,8010309,8010307,8010306,8011985,8010133,8011956,8013474,8010240,8010368,8010205,;602
2021-12-25T12:53:00.000Z;Stockheim(Oberfr);RE;RE 14;14;4909;8005737;8005737%2021-12-25T12:53:00.000Z%,8003446,8003472,8000228,8005670,8001149,8000025,8002853,8002024,8001844,8000114,8000284,;602
2021-12-25T13:02:00.000Z;Stockheim(Oberfr);RE;RE 14;14;4918;8005737;8005737%2021-12-25T13:02:00.000Z%,8004881,8005692,8003770,8010288,8012000,8010309,;602
2021-12-25T13:44:00.000Z;Stockheim(Oberfr);RE;RE 42;42;4989;8005737;8005737%2021-12-25T13:44:00.000Z%,8002467,8003446,8004319,8003472,8004979,8002878,8004011,8000228,8005670,8001623,8006634,8001149,8000025,8002853,8002024,8001844,8000114,8000284,;602
2021-12-25T14:12:00.000Z;Stockheim(Oberfr);RE;RE 42;42;4990;8005737;8005737%2021-12-25T14:12:00.000Z%,8004881,8002020,8005692,8003770,8010288,8013171,8012000,8011267,8010309,8010307,8010306,8011985,8010133,8011956,8013474,8010240,8010368,8010205,;602
2021-12-25T14:53:00.000Z;Stockheim(Oberfr);RE;RE 14;14;4911;8005737;8005737%2021-12-25T14:53:00.000Z%,8003446,8003472,8000228,8005670,8001149,8000025,8002853,8002024,8001844,8000114,8000284,;602
2021-12-25T15:02:00.000Z;Stockheim(Oberfr);RE;RE 14;14;4910;8005737;8005737%2021-12-25T15:02:00.000Z%,8004881,8005692,8003770,8010288,8012000,8010309,;602
2021-12-25T15:44:00.000Z;Stockheim(Oberfr);RE;RE 42;42;4991;8005737;8005737%2021-12-25T15:44:00.000Z%,8002467,8003446,8004319,8003472,8004979,8002878,8004011,8000228,8005670,8001623,8006634,8001149,8000025,8002853,8002024,8001844,8000114,8000284,;602
2021-12-25T16:12:00.000Z;Stockheim(Oberfr);RE;RE 42;42;4992;8005737;8005737%2021-12-25T16:12:00.000Z%,8004881,8002020,8005692,8003770,8010288,8013171,8012000,8011267,8010309,8010307,8010306,8011985,8010133,8011956,8013474,8010240,8010368,8010205,;602
2021-12-25T16:53:00.000Z;Stockheim(Oberfr);RE;RE 14;14;4913;8005737;8005737%2021-12-25T16:53:00.000Z%,8003446,8003472,8000228,8005670,8001149,8000025,8002853,8002024,8001844,8000114,8000284,;602
2021-12-25T17:03:00.000Z;Stockheim(Oberfr);RE;RE 14;14;4912;8005737;8005737%2021-12-25T17:03:00.000Z%,8004881,8005692,8003770,8010288,8012000,8010309,;602
2021-12-25T17:44:00.000Z;Stockheim(Oberfr);RE;RE 42;42;4993;8005737;8005737%2021-12-25T17:44:00.000Z%,8002467,8003446,8004319,8003472,8004979,8002878,8004011,8000228,8005670,8001623,8006634,8001149,8000025,8002853,8002024,8001844,8000114,8000284,;602
2021-12-25T18:12:00.000Z;Stockheim(Oberfr);RE;RE 42;42;4994;8005737;8005737%2021-12-25T18:12:00.000Z%,8004881,8002020,8005692,8003770,8010288,8013171,8012000,8011267,8010309,8010307,8010306,8011985,8010133,8011956,8013474,8010240,8010368,8010205,;602
2021-12-25T18:53:00.000Z;Stockheim(Oberfr);RE;RE 14;14;4915;8005737;8005737%2021-12-25T18:53:00.000Z%,8003446,8003472,8000228,8005670,8001149,8000025,8002853,8002024,8001844,8000114,8000284,;602
2021-12-25T19:12:00.000Z;Stockheim(Oberfr);RE;RE 14;14;4914;8005737;8005737%2021-12-25T19:12:00.000Z%,8004881,8005692,8003770,8010288,8012000,8010309,;602
2021-12-25T19:44:00.000Z;Stockheim(Oberfr);RE;RE 42;42;4995;8005737;8005737%2021-12-25T19:44:00.000Z%,8002467,8003446,8004319,8003472,8004979,8002878,8004011,8000228,8005670,8001623,8006634,8001640,8001149,8000025,8002853,8002024,8001844,8000114,8000284,;602
2021-12-25T20:13:00.000Z;Stockheim(Oberfr);RE;RE 42;42;4996;8005737;8005737%2021-12-25T20:13:00.000Z%,8004881,8002020,8005692,8003770,8010288,8013171,8012000,8011267,8010309,8010307,8010306,8011985,8010133,8011956,8011058,;602
2021-12-24T22:03:00.000Z;Storzingen;RB;RB 53;53;17820;8005747;8005747%2021-12-24T22:03:00.000Z%,8005750,8000473,;426
2021-12-25T05:42:00.000Z;Storzingen;RB;RB 53;53;17803;8005747;8005747%2021-12-25T05:42:00.000Z%,8000069,8005568,8003969,8000160,8002760,8005301,8000559,8000014,;426
2021-12-24T22:10:00.000Z;Straßberg-Winterlingen;RB;RB 53;53;17820;8005750;8005750%2021-12-24T22:10:00.000Z%,8000473,;426
2021-12-25T05:35:00.000Z;Straßberg-Winterlingen;RB;RB 53;53;17803;8005750;8005750%2021-12-25T05:35:00.000Z%,8005747,8000069,8005568,8003969,8000160,8002760,8005301,8000559,8000014,;426
2021-12-24T20:54:00.000Z;Suchsdorf;RB;RB 72;72;21932;8005781;8005781%2021-12-24T20:54:00.000Z%0,8002266,8001654,;426
2021-12-24T21:13:00.000Z;Suchsdorf;RB;RB 72;72;21939;8005781;8005781%2021-12-24T21:13:00.000Z%,8003479,8003474,8000199,;426
2021-12-24T22:18:00.000Z;Suchsdorf;RB;RB 72;72;21941;8005781;8005781%2021-12-24T22:18:00.000Z%,8003479,8003474,8000199,;426
2021-12-25T05:50:00.000Z;Suchsdorf;RE;RE 72;72;21902;8005781;8005781%2021-12-25T05:50:00.000Z%,8002266,8001654,;602
2021-12-25T06:20:00.000Z;Suchsdorf;RB;RB 73;73;21952;8005781;8005781%2021-12-25T06:20:00.000Z%,8002266,8001654,;426
2021-12-25T06:38:00.000Z;Suchsdorf;RB;RB 73;73;21961;8005781;8005781%2021-12-25T06:38:00.000Z%,8003479,8003474,8000199,;426
2021-12-25T06:50:00.000Z;Suchsdorf;RE;RE 72;72;21904;8005781;8005781%2021-12-25T06:50:00.000Z%,8002266,8001654,;602
2021-12-25T07:08:00.000Z;Suchsdorf;RE;RE 72;72;21911;8005781;8005781%2021-12-25T07:08:00.000Z%,8000199,;602
2021-12-25T07:20:00.000Z;Suchsdorf;RB;RB 73;73;21954;8005781;8005781%2021-12-25T07:20:00.000Z%,8002266,8001654,;426
2021-12-25T07:38:00.000Z;Suchsdorf;RB;RB 73;73;21963;8005781;8005781%2021-12-25T07:38:00.000Z%,8003479,8003474,8000199,;426
2021-12-25T07:50:00.000Z;Suchsdorf;RE;RE 72;72;21906;8005781;8005781%2021-12-25T07:50:00.000Z%,8002266,8001654,;602
2021-12-25T08:08:00.000Z;Suchsdorf;RE;RE 72;72;21913;8005781;8005781%2021-12-25T08:08:00.000Z%,8000199,;602
2021-12-25T08:20:00.000Z;Suchsdorf;RB;RB 73;73;21956;8005781;8005781%2021-12-25T08:20:00.000Z%,8002266,8001654,;426
2021-12-25T08:38:00.000Z;Suchsdorf;RB;RB 73;73;21965;8005781;8005781%2021-12-25T08:38:00.000Z%,8003479,8003474,8000199,;426
2021-12-25T08:50:00.000Z;Suchsdorf;RE;RE 72;72;21908;8005781;8005781%2021-12-25T08:50:00.000Z%,8002266,8001654,;602
2021-12-25T09:08:00.000Z;Suchsdorf;RE;RE 72;72;21915;8005781;8005781%2021-12-25T09:08:00.000Z%,8000199,;602
2021-12-25T09:20:00.000Z;Suchsdorf;RB;RB 73;73;21958;8005781;8005781%2021-12-25T09:20:00.000Z%,8002266,8001654,;426
2021-12-25T09:38:00.000Z;Suchsdorf;RB;RB 73;73;21967;8005781;8005781%2021-12-25T09:38:00.000Z%,8003479,8003474,8000199,;426
2021-12-25T09:50:00.000Z;Suchsdorf;RE;RE 72;72;21910;8005781;8005781%2021-12-25T09:50:00.000Z%,8002266,8001654,;602
2021-12-25T10:08:00.000Z;Suchsdorf;RE;RE 72;72;21917;8005781;8005781%2021-12-25T10:08:00.000Z%,8000199,;602
2021-12-25T10:20:00.000Z;Suchsdorf;RB;RB 73;73;21960;8005781;8005781%2021-12-25T10:20:00.000Z%,8002266,8001654,;426
2021-12-25T10:38:00.000Z;Suchsdorf;RB;RB 73;73;21969;8005781;8005781%2021-12-25T10:38:00.000Z%,8003479,8003474,8000199,;426
2021-12-25T10:50:00.000Z;Suchsdorf;RE;RE 72;72;21912;8005781;8005781%2021-12-25T10:50:00.000Z%,8002266,8001654,;602
2021-12-25T11:08:00.000Z;Suchsdorf;RE;RE 72;72;21919;8005781;8005781%2021-12-25T11:08:00.000Z%,8000199,;602
2021-12-25T11:20:00.000Z;Suchsdorf;RB;RB 73;73;21962;8005781;8005781%2021-12-25T11:20:00.000Z%,8002266,8001654,;426
2021-12-25T11:38:00.000Z;Suchsdorf;RB;RB 73;73;21971;8005781;8005781%2021-12-25T11:38:00.000Z%,8003479,8003474,8000199,;426
2021-12-25T11:50:00.000Z;Suchsdorf;RE;RE 72;72;21914;8005781;8005781%2021-12-25T11:50:00.000Z%,8002266,8001654,;602
2021-12-25T12:08:00.000Z;Suchsdorf;RE;RE 72;72;21921;8005781;8005781%2021-12-25T12:08:00.000Z%,8000199,;602
2021-12-25T12:20:00.000Z;Suchsdorf;RB;RB 73;73;21964;8005781;8005781%2021-12-25T12:20:00.000Z%,8002266,8001654,;426
2021-12-25T12:38:00.000Z;Suchsdorf;RB;RB 73;73;21973;8005781;8005781%2021-12-25T12:38:00.000Z%,8003479,8003474,8000199,;426
2021-12-25T12:50:00.000Z;Suchsdorf;RE;RE 72;72;21916;8005781;8005781%2021-12-25T12:50:00.000Z%,8002266,8001654,;602
2021-12-25T13:08:00.000Z;Suchsdorf;RE;RE 72;72;21923;8005781;8005781%2021-12-25T13:08:00.000Z%,8000199,;602
2021-12-25T13:20:00.000Z;Suchsdorf;RB;RB 73;73;21966;8005781;8005781%2021-12-25T13:20:00.000Z%,8002266,8001654,;426
2021-12-25T13:38:00.000Z;Suchsdorf;RB;RB 73;73;21975;8005781;8005781%2021-12-25T13:38:00.000Z%,8003479,8003474,8000199,;426
2021-12-25T13:50:00.000Z;Suchsdorf;RE;RE 72;72;21918;8005781;8005781%2021-12-25T13:50:00.000Z%,8002266,8001654,;602
2021-12-25T14:08:00.000Z;Suchsdorf;RE;RE 72;72;21925;8005781;8005781%2021-12-25T14:08:00.000Z%,8000199,;602
2021-12-25T14:20:00.000Z;Suchsdorf;RB;RB 73;73;21968;8005781;8005781%2021-12-25T14:20:00.000Z%,8002266,8001654,;426
2021-12-25T14:38:00.000Z;Suchsdorf;RB;RB 73;73;21977;8005781;8005781%2021-12-25T14:38:00.000Z%,8003479,8003474,8000199,;426
2021-12-25T14:50:00.000Z;Suchsdorf;RE;RE 72;72;21920;8005781;8005781%2021-12-25T14:50:00.000Z%,8002266,8001654,;602
2021-12-25T15:08:00.000Z;Suchsdorf;RE;RE 72;72;21927;8005781;8005781%2021-12-25T15:08:00.000Z%,8000199,;602
2021-12-25T15:20:00.000Z;Suchsdorf;RB;RB 73;73;21970;8005781;8005781%2021-12-25T15:20:00.000Z%,8002266,8001654,;426
2021-12-25T15:38:00.000Z;Suchsdorf;RB;RB 73;73;21979;8005781;8005781%2021-12-25T15:38:00.000Z%,8003479,8003474,8000199,;426
2021-12-25T15:50:00.000Z;Suchsdorf;RE;RE 72;72;21922;8005781;8005781%2021-12-25T15:50:00.000Z%,8002266,8001654,;602
2021-12-25T16:08:00.000Z;Suchsdorf;RE;RE 72;72;21929;8005781;8005781%2021-12-25T16:08:00.000Z%,8000199,;602
2021-12-25T16:20:00.000Z;Suchsdorf;RB;RB 73;73;21972;8005781;8005781%2021-12-25T16:20:00.000Z%,8002266,8001654,;426
2021-12-25T16:38:00.000Z;Suchsdorf;RB;RB 73;73;21981;8005781;8005781%2021-12-25T16:38:00.000Z%,8003479,8003474,8000199,;426
2021-12-25T16:50:00.000Z;Suchsdorf;RE;RE 72;72;21924;8005781;8005781%2021-12-25T16:50:00.000Z%,8002266,8001654,;602
2021-12-25T17:08:00.000Z;Suchsdorf;RE;RE 72;72;21931;8005781;8005781%2021-12-25T17:08:00.000Z%,8000199,;602
2021-12-25T17:20:00.000Z;Suchsdorf;RB;RB 73;73;21974;8005781;8005781%2021-12-25T17:20:00.000Z%,8002266,8001654,;426
2021-12-25T17:38:00.000Z;Suchsdorf;RB;RB 73;73;21983;8005781;8005781%2021-12-25T17:38:00.000Z%,8003479,8003474,8000199,;426
2021-12-25T17:50:00.000Z;Suchsdorf;RE;RE 72;72;21926;8005781;8005781%2021-12-25T17:50:00.000Z%,8002266,8001654,;602
2021-12-25T18:08:00.000Z;Suchsdorf;RE;RE 72;72;21933;8005781;8005781%2021-12-25T18:08:00.000Z%,8000199,;602
2021-12-25T18:20:00.000Z;Suchsdorf;RB;RB 73;73;21976;8005781;8005781%2021-12-25T18:20:00.000Z%,8002266,8001654,;426
2021-12-25T18:38:00.000Z;Suchsdorf;RB;RB 73;73;21985;8005781;8005781%2021-12-25T18:38:00.000Z%,8003479,8003474,8000199,;426
2021-12-25T18:50:00.000Z;Suchsdorf;RE;RE 72;72;21928;8005781;8005781%2021-12-25T18:50:00.000Z%,8002266,8001654,;602
2021-12-25T19:08:00.000Z;Suchsdorf;RE;RE 72;72;21935;8005781;8005781%2021-12-25T19:08:00.000Z%,8000199,;602
2021-12-25T19:20:00.000Z;Suchsdorf;RB;RB 73;73;21978;8005781;8005781%2021-12-25T19:20:00.000Z%,8002266,8001654,;426
2021-12-25T19:38:00.000Z;Suchsdorf;RB;RB 73;73;21987;8005781;8005781%2021-12-25T19:38:00.000Z%,8003479,8003474,8000199,;426
2021-12-25T19:50:00.000Z;Suchsdorf;RE;RE 72;72;21930;8005781;8005781%2021-12-25T19:50:00.000Z%,8002266,8001654,;602
2021-12-25T20:08:00.000Z;Suchsdorf;RE;RE 72;72;21937;8005781;8005781%2021-12-25T20:08:00.000Z%,8000199,;602
2021-12-25T04:48:00.000Z;Sulzbach(Saar)Altenwald;RB;RB 73;73;76704;8005797;8005797%2021-12-25T04:48:00.000Z%,8005796,8001570,8003108,8000323,;426
2021-12-25T06:30:00.000Z;Sulzbach(Saar)Altenwald;RB;RB 73;73;76710;8005797;8005797%2021-12-25T06:30:00.000Z%,8005796,8001570,8003108,8000323,;426
2021-12-25T06:47:00.000Z;Sulzbach(Saar)Altenwald;RB;RB 73;73;76705;8005797;8005797%2021-12-25T06:47:00.000Z%,8002117,8002132,8000967,8003516,8000272,8006392,8000875,8004392,8004555,8005659,8000792,8002929,8004199,8006170,8000154,8079083,8004253,;426
2021-12-25T07:47:00.000Z;Sulzbach(Saar)Altenwald;RB;RB 73;73;76707;8005797;8005797%2021-12-25T07:47:00.000Z%,8002117,8002132,8000967,8003516,8000272,8006392,8000875,8004392,8004555,8005659,8000792,8002929,8004199,8006170,8000154,8079083,8004253,;426
2021-12-25T08:47:00.000Z;Sulzbach(Saar)Altenwald;RB;RB 73;73;76709;8005797;8005797%2021-12-25T08:47:00.000Z%,8002117,8002132,8000967,8003516,8000272,8006392,8000875,8004392,8004555,8005659,8000792,8002929,8004199,8006170,8000154,8079083,8004253,;426
2021-12-25T09:11:00.000Z;Sulzbach(Saar)Altenwald;RB;RB 73;73;76716;8005797;8005797%2021-12-25T09:11:00.000Z%,8005796,8001570,8003108,8000323,;426
2021-12-25T09:47:00.000Z;Sulzbach(Saar)Altenwald;RB;RB 73;73;76711;8005797;8005797%2021-12-25T09:47:00.000Z%,8002117,8002132,8000967,8003516,8000272,8006392,8000875,8004392,8004555,8005659,8000792,8002929,8004199,8006170,8000154,8079083,8004253,;426
2021-12-25T10:11:00.000Z;Sulzbach(Saar)Altenwald;RB;RB 73;73;76718;8005797;8005797%2021-12-25T10:11:00.000Z%,8005796,8001570,8003108,8000323,;426
2021-12-25T10:47:00.000Z;Sulzbach(Saar)Altenwald;RB;RB 73;73;76713;8005797;8005797%2021-12-25T10:47:00.000Z%,8002117,8002132,8000967,8003516,8000272,8006392,8000875,8004392,8004555,8005659,8000792,8002929,8004199,8006170,8000154,8079083,8004253,;426
2021-12-25T11:11:00.000Z;Sulzbach(Saar)Altenwald;RB;RB 73;73;76720;8005797;8005797%2021-12-25T11:11:00.000Z%,8005796,8001570,8003108,8000323,;426
2021-12-25T11:47:00.000Z;Sulzbach(Saar)Altenwald;RB;RB 73;73;76715;8005797;8005797%2021-12-25T11:47:00.000Z%,8002117,8002132,8000967,8003516,8000272,8006392,8000875,8004392,8004555,8005659,8000792,8002929,8004199,8006170,8000154,8079083,8004253,;426
2021-12-25T12:11:00.000Z;Sulzbach(Saar)Altenwald;RB;RB 73;73;76722;8005797;8005797%2021-12-25T12:11:00.000Z%,8005796,8001570,8003108,8000323,;426
2021-12-25T12:47:00.000Z;Sulzbach(Saar)Altenwald;RB;RB 73;73;76717;8005797;8005797%2021-12-25T12:47:00.000Z%,8002117,8002132,8000967,8003516,8000272,8006392,8000875,8004392,8004555,8005659,8000792,8002929,8004199,8006170,8000154,8079083,8004253,;426
2021-12-25T13:11:00.000Z;Sulzbach(Saar)Altenwald;RB;RB 73;73;76724;8005797;8005797%2021-12-25T13:11:00.000Z%,8005796,8001570,8003108,8000323,;426
2021-12-25T13:47:00.000Z;Sulzbach(Saar)Altenwald;RB;RB 73;73;76719;8005797;8005797%2021-12-25T13:47:00.000Z%,8002117,8002132,8000967,8003516,8000272,8006392,8000875,8004392,8004555,8005659,8000792,8002929,8004199,8006170,8000154,8079083,8004253,;426
2021-12-25T14:11:00.000Z;Sulzbach(Saar)Altenwald;RB;RB 73;73;76726;8005797;8005797%2021-12-25T14:11:00.000Z%,8005796,8001570,8003108,8000323,;426
2021-12-25T14:47:00.000Z;Sulzbach(Saar)Altenwald;RB;RB 73;73;76721;8005797;8005797%2021-12-25T14:47:00.000Z%,8002117,8002132,8000967,8003516,8000272,8006392,8000875,8004392,8004555,8005659,8000792,8002929,8004199,8006170,8000154,8079083,8004253,;426
2021-12-25T15:11:00.000Z;Sulzbach(Saar)Altenwald;RB;RB 73;73;76728;8005797;8005797%2021-12-25T15:11:00.000Z%,8005796,8001570,8003108,8000323,;426
2021-12-25T15:47:00.000Z;Sulzbach(Saar)Altenwald;RB;RB 73;73;76723;8005797;8005797%2021-12-25T15:47:00.000Z%,8002117,8002132,8000967,8003516,8000272,8006392,8000875,8004392,8004555,8005659,8000792,8002929,8004199,8006170,8000154,8079083,8004253,;426
2021-12-25T16:11:00.000Z;Sulzbach(Saar)Altenwald;RB;RB 73;73;76730;8005797;8005797%2021-12-25T16:11:00.000Z%,8005796,8001570,8003108,8000323,;426
2021-12-25T16:47:00.000Z;Sulzbach(Saar)Altenwald;RB;RB 73;73;76725;8005797;8005797%2021-12-25T16:47:00.000Z%,8002117,8002132,8000967,8003516,8000272,8006392,8000875,8004392,8004555,8005659,8000792,8002929,8004199,8006170,8000154,8079083,8004253,;426
2021-12-25T17:11:00.000Z;Sulzbach(Saar)Altenwald;RB;RB 73;73;76732;8005797;8005797%2021-12-25T17:11:00.000Z%,8005796,8001570,8003108,8000323,;426
2021-12-25T17:47:00.000Z;Sulzbach(Saar)Altenwald;RB;RB 73;73;76727;8005797;8005797%2021-12-25T17:47:00.000Z%,8002117,8002132,8000967,8003516,8000272,8006392,8000875,8004392,8004555,8005659,8000792,8002929,8004199,8006170,8000154,8079083,8004253,;426
2021-12-25T18:11:00.000Z;Sulzbach(Saar)Altenwald;RB;RB 73;73;76734;8005797;8005797%2021-12-25T18:11:00.000Z%,8005796,8001570,8003108,8000323,;426
2021-12-25T18:47:00.000Z;Sulzbach(Saar)Altenwald;RB;RB 73;73;76729;8005797;8005797%2021-12-25T18:47:00.000Z%,8002117,8002132,8000967,8003516,8000272,8006392,8000875,8004392,8004555,8005659,8000792,8002929,8004199,8006170,8000154,8079083,8004253,;426
2021-12-25T19:13:00.000Z;Sulzbach(Saar)Altenwald;RB;RB 73;73;76738;8005797;8005797%2021-12-25T19:13:00.000Z%,8005796,8001570,8003108,8000323,;426
2021-12-25T19:47:00.000Z;Sulzbach(Saar)Altenwald;RB;RB 73;73;76731;8005797;8005797%2021-12-25T19:47:00.000Z%,8002117,8002132,8000967,8003516,8000272,8006392,8000875,8004392,8004555,8005659,8000792,8002929,8004199,8006170,8000154,8079083,8004253,;426
2021-12-25T20:11:00.000Z;Sulzbach(Saar)Altenwald;RB;RB 73;73;76740;8005797;8005797%2021-12-25T20:11:00.000Z%,8005796,8001570,8003108,8000323,;426
2021-12-24T20:24:00.000Z;Tarp;RE;RE 7;7;21089;8005825;8005825%2021-12-24T20:25:00.000Z%1,8000334,8005362,8004741,8000312,8004466,8000271,;602
2021-12-24T20:29:00.000Z;Tarp;RE;RE 7;7;21080;8005825;8005825%2021-12-24T21:00:00.000Z%31,8000103,;602
2021-12-24T21:29:00.000Z;Tarp;RE;RE 7;7;21082;8005825;8005825%2021-12-24T21:29:00.000Z%0,8000103,;602
2021-12-25T05:24:00.000Z;Tarp;RE;RE 7;7;21059;8005825;8005825%2021-12-25T05:24:00.000Z%,8000334,8005362,8004741,8000312,8004466,8000271,8000092,8002548,8002549,;602
2021-12-25T06:24:00.000Z;Tarp;RE;RE 7;7;21061;8005825;8005825%2021-12-25T06:24:00.000Z%,8000334,8005362,8004741,8000312,8004466,8000271,8000092,8002548,8002549,;602
2021-12-25T06:45:00.000Z;Tarp;RE;RE 7;7;21052;8005825;8005825%2021-12-25T06:45:00.000Z%,8000103,;602
2021-12-25T07:24:00.000Z;Tarp;RE;RE 7;7;21063;8005825;8005825%2021-12-25T07:24:00.000Z%,8000334,8005362,8004741,8000312,8004466,8000271,8000092,8002548,8002549,;602
2021-12-25T07:29:00.000Z;Tarp;RE;RE 7;7;21092;8005825;8005825%2021-12-25T07:29:00.000Z%,8000103,;602
2021-12-25T08:24:00.000Z;Tarp;RE;RE 7;7;21065;8005825;8005825%2021-12-25T08:24:00.000Z%,8000334,8005362,8004741,8000312,8004466,8000271,8000092,8002548,8002549,;602
2021-12-25T08:31:00.000Z;Tarp;RE;RE 7;7;21096;8005825;8005825%2021-12-25T08:31:00.000Z%,8000103,;602
2021-12-25T09:24:00.000Z;Tarp;RE;RE 7;7;21067;8005825;8005825%2021-12-25T09:24:00.000Z%,8000334,8005362,8004741,8000312,8004466,8000271,8000092,8002548,8002549,;602
2021-12-25T09:29:00.000Z;Tarp;RE;RE 7;7;21058;8005825;8005825%2021-12-25T09:29:00.000Z%,8000103,;602
2021-12-25T10:24:00.000Z;Tarp;RE;RE 7;7;21069;8005825;8005825%2021-12-25T10:24:00.000Z%,8000334,8005362,8004741,8000312,8004466,8000271,8000092,8002548,8002549,;602
2021-12-25T10:29:00.000Z;Tarp;RE;RE 7;7;21060;8005825;8005825%2021-12-25T10:29:00.000Z%,8000103,;602
2021-12-25T11:24:00.000Z;Tarp;RE;RE 7;7;21071;8005825;8005825%2021-12-25T11:24:00.000Z%,8000334,8005362,8004741,8000312,8004466,8000271,8000092,8002548,8002549,;602
2021-12-25T11:31:00.000Z;Tarp;RE;RE 7;7;21062;8005825;8005825%2021-12-25T11:31:00.000Z%,8000103,;602
2021-12-25T12:24:00.000Z;Tarp;RE;RE 7;7;21073;8005825;8005825%2021-12-25T12:24:00.000Z%,8000334,8005362,8004741,8000312,8004466,8000271,8000092,8002548,8002549,;602
2021-12-25T12:29:00.000Z;Tarp;RE;RE 7;7;21064;8005825;8005825%2021-12-25T12:29:00.000Z%,8000103,;602
2021-12-25T13:24:00.000Z;Tarp;RE;RE 7;7;21075;8005825;8005825%2021-12-25T13:24:00.000Z%,8000334,8005362,8004741,8000312,8004466,8000271,8000092,8002548,8002549,;602
2021-12-25T13:29:00.000Z;Tarp;RE;RE 7;7;21066;8005825;8005825%2021-12-25T13:29:00.000Z%,8000103,;602
2021-12-25T14:24:00.000Z;Tarp;RE;RE 7;7;21077;8005825;8005825%2021-12-25T14:24:00.000Z%,8000334,8005362,8004741,8000312,8004466,8000271,8000092,8004819,8002548,8002549,;602
2021-12-25T14:29:00.000Z;Tarp;RE;RE 7;7;21068;8005825;8005825%2021-12-25T14:29:00.000Z%,8000103,;602
2021-12-25T15:24:00.000Z;Tarp;RE;RE 7;7;21079;8005825;8005825%2021-12-25T15:24:00.000Z%,8000334,8005362,8004741,8000312,8004466,8000271,8000092,8004819,8002548,8002549,;602
2021-12-25T15:29:00.000Z;Tarp;RE;RE 7;7;21070;8005825;8005825%2021-12-25T15:29:00.000Z%,8000103,;602
2021-12-25T16:24:00.000Z;Tarp;RE;RE 7;7;21081;8005825;8005825%2021-12-25T16:24:00.000Z%,8000334,8005362,8004741,8000312,8004466,8000271,8000092,8004819,8002548,8002549,;602
2021-12-25T16:31:00.000Z;Tarp;RE;RE 7;7;21072;8005825;8005825%2021-12-25T16:31:00.000Z%,8000103,;602
2021-12-25T17:24:00.000Z;Tarp;RE;RE 7;7;21083;8005825;8005825%2021-12-25T17:24:00.000Z%,8000334,8005362,8004741,8000312,8004466,8000271,8000092,8004819,8002548,8002549,;602
2021-12-25T17:29:00.000Z;Tarp;RE;RE 7;7;21074;8005825;8005825%2021-12-25T17:29:00.000Z%,8000103,;602
2021-12-25T18:24:00.000Z;Tarp;RE;RE 7;7;21085;8005825;8005825%2021-12-25T18:24:00.000Z%,8000334,8005362,8004741,8000312,8004466,8000271,8000092,8004819,8002548,8002549,;602
2021-12-25T18:29:00.000Z;Tarp;RE;RE 7;7;21076;8005825;8005825%2021-12-25T18:29:00.000Z%,8000103,;602
2021-12-25T19:24:00.000Z;Tarp;RE;RE 7;7;21087;8005825;8005825%2021-12-25T19:24:00.000Z%,8000334,8005362,8004741,8000312,8004466,8000271,;602
2021-12-25T19:29:00.000Z;Tarp;RE;RE 7;7;21078;8005825;8005825%2021-12-25T19:29:00.000Z%,8000103,;602
2021-12-24T20:48:00.000Z;Tauberfeld;RB;RB 16;16;59164;8005828;8005828%2021-12-24T20:49:00.000Z%1,8000419,8001708,8001495,8005593,8004753,8000122,;426
2021-12-24T21:07:00.000Z;Tauberfeld;RB;RB 16;16;59163;8005828;8005828%2021-12-24T21:08:00.000Z%1,8001734,8002171,8003074,8003076,8000183,8000678,8000256,8004781,8005008,8004747,8004775,8001354,8000261,;426
2021-12-24T21:47:00.000Z;Tauberfeld;RB;RB 16;16;59108;8005828;8005828%2021-12-24T21:48:00.000Z%1,8000419,8001708,8001495,8005593,8004753,8000122,8006298,8001749,8004835,8004115,8002237,8005995,8005185,8005439,8000284,;426
2021-12-24T22:06:00.000Z;Tauberfeld;RB;RB 16;16;59109;8005828;8005828%2021-12-24T22:07:00.000Z%1,8001734,8002171,8003074,8003076,8000183,8000678,8000256,8004781,8005008,8004747,8004775,8001354,8000261,;426
2021-12-25T04:44:00.000Z;Tauberfeld;RB;RB 16;16;59144;8005828;8005828%2021-12-25T04:44:00.000Z%,8000419,8001708,8001495,8005593,8004753,8000122,8006298,8001749,8004835,8004115,8002237,8005995,8005185,8005439,8000284,;426
2021-12-25T05:04:00.000Z;Tauberfeld;RB;RB 16;16;59143;8005828;8005828%2021-12-25T05:04:00.000Z%,8001734,8002171,8003074,8003076,8000183,8000678,8000256,8004781,8005008,8004747,8004775,8001354,8000261,;426
2021-12-25T05:46:00.000Z;Tauberfeld;RB;RB 16;16;59086;8005828;8005828%2021-12-25T05:46:00.000Z%,8000419,8001708,8001495,8005593,8004753,8000122,8006298,8001749,8004835,8004115,8002237,8005995,8005185,8005439,8000284,;426
2021-12-25T06:03:00.000Z;Tauberfeld;RB;RB 16;16;59087;8005828;8005828%2021-12-25T06:03:00.000Z%,8001734,8002171,8003074,8003076,8000183,8000678,8000256,8004781,8005008,8004747,8004775,8001354,8000261,;426
2021-12-25T06:48:00.000Z;Tauberfeld;RB;RB 16;16;59146;8005828;8005828%2021-12-25T06:48:00.000Z%,8000419,8001708,8001495,8005593,8004753,8000122,8006298,8001749,8004835,8004115,8002237,8005995,8005185,8005439,8000284,;426
2021-12-25T07:07:00.000Z;Tauberfeld;RB;RB 16;16;59155;8005828;8005828%2021-12-25T07:07:00.000Z%,8001734,8002171,8003074,8003076,8000183,8000678,8000256,8004781,8005008,8004747,8004775,8001354,8000261,;426
2021-12-25T07:47:00.000Z;Tauberfeld;RB;RB 16;16;59090;8005828;8005828%2021-12-25T07:47:00.000Z%,8000419,8001708,8001495,8005593,8004753,8000122,8006298,8001749,8004835,8004115,8002237,8005995,8005185,8005439,8000284,;426
2021-12-25T08:08:00.000Z;Tauberfeld;RB;RB 16;16;59089;8005828;8005828%2021-12-25T08:08:00.000Z%,8001734,8002171,8003074,8003076,8000183,8000678,8000256,8004781,8005008,8004747,8004775,8001354,8000261,;426
2021-12-25T08:47:00.000Z;Tauberfeld;RB;RB 16;16;59148;8005828;8005828%2021-12-25T08:47:00.000Z%,8000419,8001708,8001495,8005593,8004753,8000122,;426
2021-12-25T09:07:00.000Z;Tauberfeld;RB;RB 16;16;59147;8005828;8005828%2021-12-25T09:07:00.000Z%,8001734,8002171,8003074,8003076,8000183,8000678,8000256,8004781,8005008,8004747,8004775,8001354,8000261,;426
2021-12-25T09:46:00.000Z;Tauberfeld;RB;RB 16;16;59092;8005828;8005828%2021-12-25T09:46:00.000Z%,8000419,8001708,8001495,8005593,8004753,8000122,8006298,8001749,8004835,8004115,8002237,8005995,8005185,8005439,8000284,;426
2021-12-25T10:06:00.000Z;Tauberfeld;RB;RB 16;16;59093;8005828;8005828%2021-12-25T10:06:00.000Z%,8001734,8002171,8003074,8003076,8000183,8000678,8000256,8004781,8005008,8004747,8004775,8001354,8000261,;426
2021-12-25T10:47:00.000Z;Tauberfeld;RB;RB 16;16;59150;8005828;8005828%2021-12-25T10:47:00.000Z%,8000419,8001708,8001495,8005593,8004753,8000122,;426
2021-12-25T11:07:00.000Z;Tauberfeld;RB;RB 16;16;59151;8005828;8005828%2021-12-25T11:07:00.000Z%,8001734,8002171,8003074,8003076,8000183,8000678,8000256,8004781,8005008,8004747,8004775,8001354,8000261,;426
2021-12-25T11:46:00.000Z;Tauberfeld;RB;RB 16;16;59096;8005828;8005828%2021-12-25T11:46:00.000Z%,8000419,8001708,8001495,8005593,8004753,8000122,8006298,8001749,8004835,8004115,8002237,8005995,8005185,8005439,8000284,;426
2021-12-25T12:06:00.000Z;Tauberfeld;RB;RB 16;16;59095;8005828;8005828%2021-12-25T12:06:00.000Z%,8001734,8002171,8003074,8003076,8000183,8000678,8000256,8004781,8005008,8004747,8004775,8001354,8000261,;426
2021-12-25T12:46:00.000Z;Tauberfeld;RB;RB 16;16;59154;8005828;8005828%2021-12-25T12:46:00.000Z%,8000419,8001708,8001495,8005593,8004753,8000122,;426
2021-12-25T13:08:00.000Z;Tauberfeld;RB;RB 16;16;59153;8005828;8005828%2021-12-25T13:08:00.000Z%,8001734,8002171,8003074,8003076,8000183,8000678,8000256,8004781,8005008,8004747,8004775,8001354,8000261,;426
2021-12-25T13:48:00.000Z;Tauberfeld;RB;RB 16;16;59098;8005828;8005828%2021-12-25T13:48:00.000Z%,8000419,8001708,8001495,8005593,8004753,8000122,8006298,8001749,8004835,8004115,8002237,8005995,8005185,8005439,8000284,;426
2021-12-25T14:06:00.000Z;Tauberfeld;RB;RB 16;16;59097;8005828;8005828%2021-12-25T14:06:00.000Z%,8001734,8002171,8003074,8003076,8000183,8000678,8000256,8004781,8005008,8004747,8004775,8001354,8000261,;426
2021-12-25T14:46:00.000Z;Tauberfeld;RB;RB 16;16;59156;8005828;8005828%2021-12-25T14:46:00.000Z%,8000419,8001708,8001495,8005593,8004753,8000122,;426
2021-12-25T15:07:00.000Z;Tauberfeld;RB;RB 16;16;59157;8005828;8005828%2021-12-25T15:07:00.000Z%,8001734,8002171,8003074,8003076,8000183,8000678,8000256,8004781,8005008,8004747,8004775,8001354,8000261,;426
2021-12-25T15:46:00.000Z;Tauberfeld;RB;RB 16;16;59102;8005828;8005828%2021-12-25T15:46:00.000Z%,8000419,8001708,8001495,8005593,8004753,8000122,8006298,8001749,8004835,8004115,8002237,8005995,8005185,8005439,8000284,;426
2021-12-25T16:06:00.000Z;Tauberfeld;RB;RB 16;16;59099;8005828;8005828%2021-12-25T16:06:00.000Z%,8001734,8002171,8003074,8003076,8000183,8000678,8000256,8004781,8005008,8004747,8004775,8001354,8000261,;426
2021-12-25T16:48:00.000Z;Tauberfeld;RB;RB 16;16;59160;8005828;8005828%2021-12-25T16:48:00.000Z%,8000419,8001708,8001495,8005593,8004753,8000122,;426
2021-12-25T17:07:00.000Z;Tauberfeld;RB;RB 16;16;59159;8005828;8005828%2021-12-25T17:07:00.000Z%,8001734,8002171,8003074,8003076,8000183,8000678,8000256,8004781,8005008,8004747,8004775,8001354,8000261,;426
2021-12-25T17:46:00.000Z;Tauberfeld;RB;RB 16;16;59104;8005828;8005828%2021-12-25T17:46:00.000Z%,8000419,8001708,8001495,8005593,8004753,8000122,8006298,8001749,8004835,8004115,8002237,8005995,8005185,8005439,8000284,;426
2021-12-25T18:06:00.000Z;Tauberfeld;RB;RB 16;16;59101;8005828;8005828%2021-12-25T18:06:00.000Z%,8001734,8002171,8003074,8003076,8000183,8000678,8000256,8004781,8005008,8004747,8004775,8001354,8000261,;426
2021-12-25T18:46:00.000Z;Tauberfeld;RB;RB 16;16;59162;8005828;8005828%2021-12-25T18:46:00.000Z%,8000419,8001708,8001495,8005593,8004753,8000122,;426
2021-12-25T19:07:00.000Z;Tauberfeld;RB;RB 16;16;59161;8005828;8005828%2021-12-25T19:07:00.000Z%,8001734,8002171,8003074,8003076,8000183,8000678,8000256,8004781,8005008,8004747,8004775,8001354,8000261,;426
2021-12-25T19:47:00.000Z;Tauberfeld;RB;RB 16;16;59106;8005828;8005828%2021-12-25T19:47:00.000Z%,8000419,8001708,8001495,8005593,8004753,8000122,8006298,8001749,8004835,8004115,8002237,8005995,8005185,8005439,8000284,;426
2021-12-25T20:06:00.000Z;Tauberfeld;RB;RB 16;16;59107;8005828;8005828%2021-12-25T20:06:00.000Z%,8001734,8002171,8003074,8003076,8000183,8000678,8000256,8004781,8005008,8004747,8004775,8001354,8000261,;426
2021-12-24T20:40:00.000Z;Teningen-Mundingen;RB;RB 26;26;17135;8005836;8005836%2021-12-24T20:40:00.000Z%0,8001771,8003398,8001415,8002465,8000107,;426
2021-12-24T21:17:00.000Z;Teningen-Mundingen;RB;RB 26;26;17134;8005836;8005836%2021-12-24T21:17:00.000Z%,8003374,8005090,8003233,8002763,8005101,8004683,8003494,8002123,8000290,;426
2021-12-24T21:41:00.000Z;Teningen-Mundingen;RB;RB 26;26;17137;8005836;8005836%2021-12-24T21:41:00.000Z%,8001771,8003398,8001415,8002465,8000107,;426
2021-12-24T22:20:00.000Z;Teningen-Mundingen;RB;RB 27;27;17139;8005836;8005836%2021-12-24T22:20:00.000Z%,8001771,8003398,8001415,8002465,8000107,8002069,8001643,8005317,8004464,8000718,8002727,8001262,8004124,8000657,8005364,8000864,8005068,8003325,8003098,8001671,8001715,8002546,8006272,8000026,;426
2021-12-24T22:35:00.000Z;Teningen-Mundingen;RB;RB 27;27;17136;8005836;8005836%2021-12-24T22:35:00.000Z%,8003374,8005090,8003233,8002763,8005101,8004683,8003494,8002123,8000290,;426
2021-12-24T22:51:00.000Z;Teningen-Mundingen;RB;RB 27;27;17141;8005836;8005836%2021-12-24T22:51:00.000Z%,8001771,8003398,8001415,8002465,8002071,8002067,8000107,8002069,8001643,8005317,8004464,8000718,8002727,8001262,8004124,8000657,8005364,8000864,8005068,8003325,8003098,8001671,8001715,8002546,8006272,8000026,;426
2021-12-24T23:29:00.000Z;Teningen-Mundingen;RE;RE 7;7;5338;8005836;8005836%2021-12-24T23:29:00.000Z%,8003374,8005090,8003233,8002763,8005101,8004683,8003494,8002123,8000290,;602
2021-12-25T04:10:00.000Z;Teningen-Mundingen;RB;RB 26;26;17100;8005836;8005836%2021-12-25T04:10:00.000Z%,8003374,8005090,8003233,8002763,8005101,8004683,8003494,8002123,8000290,;426
2021-12-25T05:08:00.000Z;Teningen-Mundingen;RB;RB 26;26;17102;8005836;8005836%2021-12-25T05:08:00.000Z%,8003374,8005090,8003233,8002763,8005101,8004683,8003494,8002123,8000290,;426
2021-12-25T05:26:00.000Z;Teningen-Mundingen;RB;RB 27;27;5333;8005836;8005836%2021-12-25T05:26:00.000Z%,8001771,8003398,8001415,8002465,8000107,8002069,8001643,8005317,8004464,8000718,8002727,8001262,8004124,8000657,8005364,8000864,8005068,8003325,8003098,8001671,8001715,8002546,8006272,8000026,;426
2021-12-25T06:40:00.000Z;Teningen-Mundingen;RB;RB 26;26;17107;8005836;8005836%2021-12-25T06:40:00.000Z%,8001771,8003398,8001415,8002465,8000107,;426
2021-12-25T07:17:00.000Z;Teningen-Mundingen;RB;RB 26;26;17106;8005836;8005836%2021-12-25T07:17:00.000Z%,8003374,8005090,8003233,8002763,8005101,8004683,8003494,8002123,8000290,;426
2021-12-25T07:40:00.000Z;Teningen-Mundingen;RB;RB 26;26;17109;8005836;8005836%2021-12-25T07:40:00.000Z%,8001771,8003398,8001415,8002465,8000107,;426
2021-12-25T08:17:00.000Z;Teningen-Mundingen;RB;RB 26;26;17108;8005836;8005836%2021-12-25T08:17:00.000Z%,8003374,8005090,8003233,8002763,8005101,8004683,8003494,8002123,8000290,;426
2021-12-25T08:40:00.000Z;Teningen-Mundingen;RB;RB 26;26;17111;8005836;8005836%2021-12-25T08:40:00.000Z%,8001771,8003398,8001415,8002465,8000107,;426
2021-12-25T09:17:00.000Z;Teningen-Mundingen;RB;RB 26;26;17110;8005836;8005836%2021-12-25T09:17:00.000Z%,8003374,8005090,8003233,8002763,8005101,8004683,8003494,8002123,8000290,;426
2021-12-25T09:40:00.000Z;Teningen-Mundingen;RB;RB 26;26;17113;8005836;8005836%2021-12-25T09:40:00.000Z%,8001771,8003398,8001415,8002465,8000107,;426
2021-12-25T10:17:00.000Z;Teningen-Mundingen;RB;RB 26;26;17112;8005836;8005836%2021-12-25T10:17:00.000Z%,8003374,8005090,8003233,8002763,8005101,8004683,8003494,8002123,8000290,;426
2021-12-25T10:40:00.000Z;Teningen-Mundingen;RB;RB 26;26;17115;8005836;8005836%2021-12-25T10:40:00.000Z%,8001771,8003398,8001415,8002465,8000107,;426
2021-12-25T11:17:00.000Z;Teningen-Mundingen;RB;RB 26;26;17114;8005836;8005836%2021-12-25T11:17:00.000Z%,8003374,8005090,8003233,8002763,8005101,8004683,8003494,8002123,8000290,;426
2021-12-25T11:35:00.000Z;Teningen-Mundingen;RB;RB 26;26;17117;8005836;8005836%2021-12-25T11:35:00.000Z%,8001771,8003398,8001415,8002465,8000107,;426
2021-12-25T12:40:00.000Z;Teningen-Mundingen;RB;RB 26;26;17119;8005836;8005836%2021-12-25T12:40:00.000Z%,8001771,8003398,8001415,8002465,8000107,;426
2021-12-25T13:17:00.000Z;Teningen-Mundingen;RB;RB 26;26;17118;8005836;8005836%2021-12-25T13:17:00.000Z%,8003374,8005090,8003233,8002763,8005101,8004683,8003494,8002123,8000290,;426
2021-12-25T13:40:00.000Z;Teningen-Mundingen;RB;RB 26;26;17121;8005836;8005836%2021-12-25T13:40:00.000Z%,8001771,8003398,8001415,8002465,8000107,;426
2021-12-25T14:40:00.000Z;Teningen-Mundingen;RB;RB 26;26;17123;8005836;8005836%2021-12-25T14:40:00.000Z%,8001771,8003398,8001415,8002465,8000107,;426
2021-12-25T15:17:00.000Z;Teningen-Mundingen;RB;RB 26;26;17122;8005836;8005836%2021-12-25T15:17:00.000Z%,8003374,8005090,8003233,8002763,8005101,8004683,8003494,8002123,8000290,;426
2021-12-25T15:40:00.000Z;Teningen-Mundingen;RB;RB 26;26;17125;8005836;8005836%2021-12-25T15:40:00.000Z%,8001771,8003398,8001415,8002465,8000107,;426
2021-12-25T16:17:00.000Z;Teningen-Mundingen;RB;RB 26;26;17124;8005836;8005836%2021-12-25T16:17:00.000Z%,8003374,8005090,8003233,8002763,8005101,8004683,8003494,8002123,8000290,;426
2021-12-25T16:40:00.000Z;Teningen-Mundingen;RB;RB 26;26;17127;8005836;8005836%2021-12-25T16:40:00.000Z%,8001771,8003398,8001415,8002465,8000107,;426
2021-12-25T17:17:00.000Z;Teningen-Mundingen;RB;RB 26;26;17126;8005836;8005836%2021-12-25T17:17:00.000Z%,8003374,8005090,8003233,8002763,8005101,8004683,8003494,8002123,8000290,;426
2021-12-25T17:41:00.000Z;Teningen-Mundingen;RB;RB 26;26;17129;8005836;8005836%2021-12-25T17:41:00.000Z%,8001771,8003398,8001415,8002465,8000107,;426
2021-12-25T18:17:00.000Z;Teningen-Mundingen;RB;RB 26;26;17128;8005836;8005836%2021-12-25T18:17:00.000Z%,8003374,8005090,8003233,8002763,8005101,8004683,8003494,8002123,8000290,;426
2021-12-25T18:43:00.000Z;Teningen-Mundingen;RB;RB 26;26;17131;8005836;8005836%2021-12-25T18:43:00.000Z%,8001771,8003398,8001415,8002465,8000107,;426
2021-12-25T19:17:00.000Z;Teningen-Mundingen;RB;RB 26;26;17130;8005836;8005836%2021-12-25T19:17:00.000Z%,8003374,8005090,8003233,8002763,8005101,8004683,8003494,8002123,8000290,;426
2021-12-25T19:40:00.000Z;Teningen-Mundingen;RB;RB 26;26;17133;8005836;8005836%2021-12-25T19:40:00.000Z%,8001771,8003398,8001415,8002465,8000107,;426
2021-12-25T20:17:00.000Z;Teningen-Mundingen;RB;RB 26;26;17132;8005836;8005836%2021-12-25T20:17:00.000Z%,8003374,8005090,8003233,8002763,8005101,8004683,8003494,8002123,8000290,;426
2021-12-24T20:20:00.000Z;Trier Süd;RE;RE 11;11;5135;8005905;8005905%2021-12-24T20:21:00.000Z%1,8000134,8005476,8000379,8001267,8001340,8003179,8003350,8000206,;602
2021-12-24T20:45:00.000Z;Trier Süd;RE;RE 11;11;5128;8005905;8005905%2021-12-24T20:45:00.000Z%0,8003434,8003042,8200340,8270930,8200100,;602
2021-12-24T20:56:00.000Z;Trier Süd;RB;RB 71;71;12586;8005905;8005905%2021-12-24T20:58:00.000Z%2,8000134,;426
2021-12-24T21:03:00.000Z;Trier Süd;RB;RB 71;71;12591;8005905;8005905%2021-12-24T21:03:00.000Z%,8000402,8003402,8003173,8006461,8005392,8005245,8005539,8005812,8005246,8004004,8000926,8003991,8003992,8002083,8000840,8000075,8005247,8001799,8001110,8000175,8003796,8001302,8005243,8000323,8005241,8005306,8005332,8005044,8005649,8000319,8003294,8003684,8000176,;426
2021-12-24T21:20:00.000Z;Trier Süd;RE;RE 11;11;5137;8005905;8005905%2021-12-24T21:20:00.000Z%0,8000134,;602
2021-12-24T21:24:00.000Z;Trier Süd;RB;RB 81;81;12128;8005905;8005905%2021-12-24T21:24:00.000Z%0,8000402,8003403,8006222,8004514,8005835,8006315,8004438,8006463,8006252,8004748,8004236,8000923,8004771,;426
2021-12-24T21:46:00.000Z;Trier Süd;RE;RE 11;11;5130;8005905;8005905%2021-12-24T21:46:00.000Z%,8003434,8003042,8200340,8270930,8200100,;602
2021-12-24T21:56:00.000Z;Trier Süd;RB;RB 71;71;12588;8005905;8005905%2021-12-24T21:58:00.000Z%2,8000134,;426
2021-12-24T22:03:00.000Z;Trier Süd;RB;RB 71;71;12593;8005905;8005905%2021-12-24T22:03:00.000Z%,8000402,8003402,8003173,8006461,8005392,8005245,8005539,8005812,8005246,8004004,8000926,8003991,8003992,8002083,8000840,8000075,8005247,8001799,8001110,8000175,8003796,8001302,8005243,8000323,;426
2021-12-24T22:20:00.000Z;Trier Süd;RE;RE 11;11;5139;8005905;8005905%2021-12-24T22:21:00.000Z%1,8000134,8005476,8000379,8001267,8001340,8003179,8003350,8000206,;602
2021-12-24T22:47:00.000Z;Trier Süd;RE;RE 1;1;4134;8005905;8005905%2021-12-24T22:47:00.000Z%,8000402,8003402,8003173,8006461,8005392,8005245,8005539,8005812,8005246,8004004,8000926,8003991,8003992,8002083,8000840,8000075,8005247,8001799,8001110,8000175,8003796,8001302,8005243,8000323,;602
2021-12-24T22:52:00.000Z;Trier Süd;RE;RE 11;11;5132;8005905;8005905%2021-12-24T22:52:00.000Z%,8003434,8003042,8200340,8270930,8200100,;602
2021-12-24T22:57:00.000Z;Trier Süd;RB;RB 71;71;12590;8005905;8005905%2021-12-24T22:57:00.000Z%,8000134,;426
2021-12-24T23:20:00.000Z;Trier Süd;RE;RE 11;11;5141;8005905;8005905%2021-12-24T23:20:00.000Z%,8000134,;602
2021-12-25T00:02:00.000Z;Trier Süd;RE;RE 1;1;4145;8005905;8005905%2021-12-25T00:02:00.000Z%,8000134,;602
2021-12-25T05:39:00.000Z;Trier Süd;RE;RE 11;11;5142;8005905;8005905%2021-12-25T05:39:00.000Z%,8003434,8003042,8200340,8270930,8200100,;602
2021-12-25T05:41:00.000Z;Trier Süd;RB;RB 71;71;12552;8005905;8005905%2021-12-25T05:41:00.000Z%,8000134,;426
2021-12-25T06:01:00.000Z;Trier Süd;RB;RB 82;82;12178;8005905;8005905%2021-12-25T06:01:00.000Z%,8000402,8003403,8006222,8004514,8005835,8006315,8004438,8006463,;426
2021-12-25T06:04:00.000Z;Trier Süd;RB;RB 11;11;5107;8005905;8005905%2021-12-25T06:04:00.000Z%,8000134,8005476,8000379,8001267,8001340,8003179,8003350,8000206,8000331,8000310,8000044,8000207,8000085,;426
2021-12-25T06:39:00.000Z;Trier Süd;RE;RE 11;11;5100;8005905;8005905%2021-12-25T06:39:00.000Z%,8003434,8003042,8200340,8270930,8200100,;602
2021-12-25T06:53:00.000Z;Trier Süd;RB;RB 82;82;12150;8005905;8005905%2021-12-25T06:53:00.000Z%,8000402,8003403,8006222,8004514,8005835,8006315,8004438,8006463,8006252,8004748,8004236,8000923,8004771,;426
2021-12-25T07:02:00.000Z;Trier Süd;RB;RB 82;82;12155;8005905;8005905%2021-12-25T07:02:00.000Z%,8000134,;426
2021-12-25T07:03:00.000Z;Trier Süd;RB;RB 71;71;12559;8005905;8005905%2021-12-25T07:03:00.000Z%,8000402,8003402,8003173,8006461,8005392,8005245,8005539,8005812,8005246,8004004,8000926,8003991,8003992,8002083,8000840,8000075,8005247,8001799,8001110,8000175,8003796,8001302,8005243,8000323,8005241,8005306,8005332,8005044,8005649,8000319,8003294,8003684,8000176,;426
2021-12-25T07:20:00.000Z;Trier Süd;RE;RE 11;11;5109;8005905;8005905%2021-12-25T07:20:00.000Z%,8000134,8005476,8000379,8001267,8001340,8003179,8003350,8000206,;602
2021-12-25T07:39:00.000Z;Trier Süd;RE;RE 11;11;5102;8005905;8005905%2021-12-25T07:39:00.000Z%,8003434,8003042,8200340,8270930,8200100,;602
2021-12-25T07:53:00.000Z;Trier Süd;RB;RB 82;82;12152;8005905;8005905%2021-12-25T07:53:00.000Z%,8000402,8003403,8006222,8004514,8005835,8006315,8004438,8006463,8006252,8004748,8004236,8000923,8004771,;426
2021-12-25T07:56:00.000Z;Trier Süd;RB;RB 71;71;12558;8005905;8005905%2021-12-25T07:56:00.000Z%,8000134,;426
2021-12-25T08:02:00.000Z;Trier Süd;RB;RB 82;82;12157;8005905;8005905%2021-12-25T08:02:00.000Z%,8000134,;426
2021-12-25T08:03:00.000Z;Trier Süd;RB;RB 71;71;12561;8005905;8005905%2021-12-25T08:03:00.000Z%,8000402,8003402,8003173,8006461,8005392,8005245,8005539,8005812,8005246,8004004,8000926,8003991,8003992,8002083,8000840,8000075,8005247,8001799,8001110,8000175,8003796,8001302,8005243,8000323,8005241,8005306,8005332,8005044,8005649,8000319,8003294,8003684,8000176,;426
2021-12-25T08:20:00.000Z;Trier Süd;RE;RE 11;11;5111;8005905;8005905%2021-12-25T08:20:00.000Z%,8000134,8005476,8000379,8001267,8001340,8003179,8003350,8000206,;602
2021-12-25T08:39:00.000Z;Trier Süd;RE;RE 11;11;5104;8005905;8005905%2021-12-25T08:39:00.000Z%,8003434,8003042,8200340,8270930,8200100,;602
2021-12-25T08:53:00.000Z;Trier Süd;RB;RB 82;82;12154;8005905;8005905%2021-12-25T08:53:00.000Z%,8000402,8003403,8006222,8004514,8005835,8006315,8004438,8006463,8006252,8004748,8004236,8000923,8004771,;426
2021-12-25T08:56:00.000Z;Trier Süd;RB;RB 71;71;12560;8005905;8005905%2021-12-25T08:56:00.000Z%,8000134,;426
2021-12-25T09:02:00.000Z;Trier Süd;RB;RB 82;82;12159;8005905;8005905%2021-12-25T09:02:00.000Z%,8000134,;426
2021-12-25T09:03:00.000Z;Trier Süd;RB;RB 71;71;12563;8005905;8005905%2021-12-25T09:03:00.000Z%,8000402,8003402,8003173,8006461,8005392,8005245,8005539,8005812,8005246,8004004,8000926,8003991,8003992,8002083,8000840,8000075,8005247,8001799,8001110,8000175,8003796,8001302,8005243,8000323,8005241,8005306,8005332,8005044,8005649,8000319,8003294,8003684,8000176,;426
2021-12-25T09:20:00.000Z;Trier Süd;RE;RE 11;11;5113;8005905;8005905%2021-12-25T09:20:00.000Z%,8000134,8005476,8000379,8001267,8001340,8003179,8003350,8000206,;602
2021-12-25T09:39:00.000Z;Trier Süd;RE;RE 11;11;5136;8005905;8005905%2021-12-25T09:39:00.000Z%,8003434,8003042,8200340,8270930,8200100,;602
2021-12-25T09:53:00.000Z;Trier Süd;RB;RB 82;82;12156;8005905;8005905%2021-12-25T09:53:00.000Z%,8000402,8003403,8006222,8004514,8005835,8006315,8004438,8006463,8006252,8004748,8004236,8000923,8004771,;426
2021-12-25T09:56:00.000Z;Trier Süd;RB;RB 71;71;12562;8005905;8005905%2021-12-25T09:56:00.000Z%,8000134,;426
2021-12-25T10:02:00.000Z;Trier Süd;RB;RB 82;82;12161;8005905;8005905%2021-12-25T10:02:00.000Z%,8000134,;426
2021-12-25T10:03:00.000Z;Trier Süd;RB;RB 71;71;12565;8005905;8005905%2021-12-25T10:03:00.000Z%,8000402,8003402,8003173,8006461,8005392,8005245,8005539,8005812,8005246,8004004,8000926,8003991,8003992,8002083,8000840,8000075,8005247,8001799,8001110,8000175,8003796,8001302,8005243,8000323,8005241,8005306,8005332,8005044,8005649,8000319,8003294,8003684,8000176,;426
2021-12-25T10:20:00.000Z;Trier Süd;RE;RE 11;11;5115;8005905;8005905%2021-12-25T10:20:00.000Z%,8000134,8005476,8000379,8001267,8001340,8003179,8003350,8000206,;602
2021-12-25T10:39:00.000Z;Trier Süd;RE;RE 11;11;5108;8005905;8005905%2021-12-25T10:39:00.000Z%,8003434,8003042,8200340,8270930,8200100,;602
2021-12-25T10:53:00.000Z;Trier Süd;RB;RB 82;82;12158;8005905;8005905%2021-12-25T10:53:00.000Z%,8000402,8003403,8006222,8004514,8005835,8006315,8004438,8006463,8006252,8004748,8004236,8000923,8004771,;426
2021-12-25T10:56:00.000Z;Trier Süd;RB;RB 71;71;12564;8005905;8005905%2021-12-25T10:56:00.000Z%,8000134,;426
2021-12-25T11:02:00.000Z;Trier Süd;RB;RB 82;82;12163;8005905;8005905%2021-12-25T11:02:00.000Z%,8000134,;426
2021-12-25T11:03:00.000Z;Trier Süd;RB;RB 71;71;12567;8005905;8005905%2021-12-25T11:03:00.000Z%,8000402,8003402,8003173,8006461,8005392,8005245,8005539,8005812,8005246,8004004,8000926,8003991,8003992,8002083,8000840,8000075,8005247,8001799,8001110,8000175,8003796,8001302,8005243,8000323,8005241,8005306,8005332,8005044,8005649,8000319,8003294,8003684,8000176,;426
2021-12-25T11:20:00.000Z;Trier Süd;RE;RE 11;11;5117;8005905;8005905%2021-12-25T11:20:00.000Z%,8000134,8005476,8000379,8001267,8001340,8003179,8003350,8000206,;602
2021-12-25T11:39:00.000Z;Trier Süd;RE;RE 11;11;5110;8005905;8005905%2021-12-25T11:39:00.000Z%,8003434,8003042,8200340,8270930,8200100,;602
2021-12-25T11:53:00.000Z;Trier Süd;RB;RB 82;82;12160;8005905;8005905%2021-12-25T11:53:00.000Z%,8000402,8003403,8006222,8004514,8005835,8006315,8004438,8006463,8006252,8004748,8004236,8000923,8004771,;426
2021-12-25T11:56:00.000Z;Trier Süd;RB;RB 71;71;12566;8005905;8005905%2021-12-25T11:56:00.000Z%,8000134,;426
2021-12-25T12:02:00.000Z;Trier Süd;RB;RB 82;82;12165;8005905;8005905%2021-12-25T12:02:00.000Z%,8000134,;426
2021-12-25T12:03:00.000Z;Trier Süd;RB;RB 71;71;12571;8005905;8005905%2021-12-25T12:03:00.000Z%,8000402,8003402,8003173,8006461,8005392,8005245,8005539,8005812,8005246,8004004,8000926,8003991,8003992,8002083,8000840,8000075,8005247,8001799,8001110,8000175,8003796,8001302,8005243,8000323,8005241,8005306,8005332,8005044,8005649,8000319,8003294,8003684,8000176,;426
2021-12-25T12:20:00.000Z;Trier Süd;RE;RE 11;11;5119;8005905;8005905%2021-12-25T12:20:00.000Z%,8000134,8005476,8000379,8001267,8001340,8003179,8003350,8000206,;602
2021-12-25T12:39:00.000Z;Trier Süd;RE;RE 11;11;5112;8005905;8005905%2021-12-25T12:39:00.000Z%,8003434,8003042,8200340,8270930,8200100,;602
2021-12-25T12:53:00.000Z;Trier Süd;RB;RB 82;82;12162;8005905;8005905%2021-12-25T12:53:00.000Z%,8000402,8003403,8006222,8004514,8005835,8006315,8004438,8006463,8006252,8004748,8004236,8000923,8004771,;426
2021-12-25T12:56:00.000Z;Trier Süd;RB;RB 71;71;12570;8005905;8005905%2021-12-25T12:56:00.000Z%,8000134,;426
2021-12-25T13:02:00.000Z;Trier Süd;RB;RB 82;82;12167;8005905;8005905%2021-12-25T13:02:00.000Z%,8000134,;426
2021-12-25T13:03:00.000Z;Trier Süd;RB;RB 71;71;12575;8005905;8005905%2021-12-25T13:03:00.000Z%,8000402,8003402,8003173,8006461,8005392,8005245,8005539,8005812,8005246,8004004,8000926,8003991,8003992,8002083,8000840,8000075,8005247,8001799,8001110,8000175,8003796,8001302,8005243,8000323,8005241,8005306,8005332,8005044,8005649,8000319,8003294,8003684,8000176,;426
2021-12-25T13:20:00.000Z;Trier Süd;RE;RE 11;11;5121;8005905;8005905%2021-12-25T13:20:00.000Z%,8000134,8005476,8000379,8001267,8001340,8003179,8003350,8000206,;602
2021-12-25T13:39:00.000Z;Trier Süd;RE;RE 11;11;5114;8005905;8005905%2021-12-25T13:39:00.000Z%,8003434,8003042,8200340,8270930,8200100,;602
2021-12-25T13:53:00.000Z;Trier Süd;RB;RB 82;82;12164;8005905;8005905%2021-12-25T13:53:00.000Z%,8000402,8003403,8006222,8004514,8005835,8006315,8004438,8006463,8006252,8004748,8004236,8000923,8004771,;426
2021-12-25T13:56:00.000Z;Trier Süd;RB;RB 71;71;12572;8005905;8005905%2021-12-25T13:56:00.000Z%,8000134,;426
2021-12-25T14:02:00.000Z;Trier Süd;RB;RB 82;82;12169;8005905;8005905%2021-12-25T14:02:00.000Z%,8000134,;426
2021-12-25T14:03:00.000Z;Trier Süd;RB;RB 71;71;12577;8005905;8005905%2021-12-25T14:03:00.000Z%,8000402,8003402,8003173,8006461,8005392,8005245,8005539,8005812,8005246,8004004,8000926,8003991,8003992,8002083,8000840,8000075,8005247,8001799,8001110,8000175,8003796,8001302,8005243,8000323,8005241,8005306,8005332,8005044,8005649,8000319,8003294,8003684,8000176,;426
2021-12-25T14:20:00.000Z;Trier Süd;RE;RE 11;11;5123;8005905;8005905%2021-12-25T14:20:00.000Z%,8000134,8005476,8000379,8001267,8001340,8003179,8003350,8000206,;602
2021-12-25T14:39:00.000Z;Trier Süd;RE;RE 11;11;5116;8005905;8005905%2021-12-25T14:39:00.000Z%,8003434,8003042,8200340,8270930,8200100,;602
2021-12-25T14:56:00.000Z;Trier Süd;RB;RB 71;71;12574;8005905;8005905%2021-12-25T14:56:00.000Z%,8000134,;426
2021-12-25T15:02:00.000Z;Trier Süd;RB;RB 82;82;12171;8005905;8005905%2021-12-25T15:02:00.000Z%,8000134,;426
2021-12-25T15:03:00.000Z;Trier Süd;RB;RB 71;71;12579;8005905;8005905%2021-12-25T15:03:00.000Z%,8000402,8003402,8003173,8006461,8005392,8005245,8005539,8005812,8005246,8004004,8000926,8003991,8003992,8002083,8000840,8000075,8005247,8001799,8001110,8000175,8003796,8001302,8005243,8000323,8005241,8005306,8005332,8005044,8005649,8000319,8003294,8003684,8000176,;426
2021-12-25T15:07:00.000Z;Trier Süd;RB;RB 82;82;12166;8005905;8005905%2021-12-25T15:07:00.000Z%,8000402,8003403,8006222,8004514,8005835,8006315,8004438,8006463,8006252,8004748,8004236,8000923,8004771,;426
2021-12-25T15:20:00.000Z;Trier Süd;RE;RE 11;11;5125;8005905;8005905%2021-12-25T15:20:00.000Z%,8000134,8005476,8000379,8001267,8001340,8003179,8003350,8000206,;602
2021-12-25T15:39:00.000Z;Trier Süd;RE;RE 11;11;5118;8005905;8005905%2021-12-25T15:39:00.000Z%,8003434,8003042,8200340,8270930,8200100,;602
2021-12-25T15:48:00.000Z;Trier Süd;RB;RB 83;83;5106;8005905;8005905%2021-12-25T15:48:00.000Z%,8003434,8003042,8200340,8270720,8270690,8271080,8270210,8270890,8270780,8270830,8270930,8270280,8200100,;426
2021-12-25T15:56:00.000Z;Trier Süd;RB;RB 71;71;12576;8005905;8005905%2021-12-25T15:56:00.000Z%,8000134,;426
2021-12-25T16:02:00.000Z;Trier Süd;RB;RB 82;82;12173;8005905;8005905%2021-12-25T16:02:00.000Z%,8000134,;426
2021-12-25T16:03:00.000Z;Trier Süd;RB;RB 71;71;12581;8005905;8005905%2021-12-25T16:03:00.000Z%,8000402,8003402,8003173,8006461,8005392,8005245,8005539,8005812,8005246,8004004,8000926,8003991,8003992,8002083,8000840,8000075,8005247,8001799,8001110,8000175,8003796,8001302,8005243,8000323,8005241,8005306,8005332,8005044,8005649,8000319,8003294,8003684,8000176,;426
2021-12-25T16:09:00.000Z;Trier Süd;RB;RB 82;82;12168;8005905;8005905%2021-12-25T16:09:00.000Z%,8000402,8003403,8006222,8004514,8005835,8006315,8004438,8006463,8006252,8004748,8004236,8000923,8004771,;426
2021-12-25T16:20:00.000Z;Trier Süd;RE;RE 11;11;5127;8005905;8005905%2021-12-25T16:20:00.000Z%,8000134,8005476,8000379,8001267,8001340,8003179,8003350,8000206,;602
2021-12-25T16:39:00.000Z;Trier Süd;RE;RE 11;11;5120;8005905;8005905%2021-12-25T16:39:00.000Z%,8003434,8003042,8200340,8270930,8200100,;602
2021-12-25T16:53:00.000Z;Trier Süd;RB;RB 82;82;12170;8005905;8005905%2021-12-25T16:53:00.000Z%,8000402,8003403,8006222,8004514,8005835,8006315,8004438,8006463,8006252,8004748,8004236,8000923,8004771,;426
2021-12-25T16:56:00.000Z;Trier Süd;RB;RB 71;71;12578;8005905;8005905%2021-12-25T16:56:00.000Z%,8000134,;426
2021-12-25T17:02:00.000Z;Trier Süd;RB;RB 82;82;12175;8005905;8005905%2021-12-25T17:02:00.000Z%,8000134,;426
2021-12-25T17:03:00.000Z;Trier Süd;RB;RB 71;71;12583;8005905;8005905%2021-12-25T17:03:00.000Z%,8000402,8003402,8003173,8006461,8005392,8005245,8005539,8005812,8005246,8004004,8000926,8003991,8003992,8002083,8000840,8000075,8005247,8001799,8001110,8000175,8003796,8001302,8005243,8000323,8005241,8005306,8005332,8005044,8005649,8000319,8003294,8003684,8000176,;426
2021-12-25T17:20:00.000Z;Trier Süd;RE;RE 11;11;5129;8005905;8005905%2021-12-25T17:20:00.000Z%,8000134,8005476,8000379,8001267,8001340,8003179,8003350,8000206,;602
2021-12-25T17:39:00.000Z;Trier Süd;RE;RE 11;11;5122;8005905;8005905%2021-12-25T17:39:00.000Z%,8003434,8003042,8200340,8270930,8200100,;602
2021-12-25T17:53:00.000Z;Trier Süd;RB;RB 82;82;12172;8005905;8005905%2021-12-25T17:53:00.000Z%,8000402,8003403,8006222,8004514,8005835,8006315,8004438,8006463,8006252,8004748,8004236,8000923,8004771,;426
2021-12-25T17:56:00.000Z;Trier Süd;RB;RB 71;71;12580;8005905;8005905%2021-12-25T17:56:00.000Z%,8000134,;426
2021-12-25T18:02:00.000Z;Trier Süd;RB;RB 82;82;12177;8005905;8005905%2021-12-25T18:02:00.000Z%,8000134,;426
2021-12-25T18:03:00.000Z;Trier Süd;RB;RB 71;71;12585;8005905;8005905%2021-12-25T18:03:00.000Z%,8000402,8003402,8003173,8006461,8005392,8005245,8005539,8005812,8005246,8004004,8000926,8003991,8003992,8002083,8000840,8000075,8005247,8001799,8001110,8000175,8003796,8001302,8005243,8000323,8005241,8005306,8005332,8005044,8005649,8000319,8003294,8003684,8000176,;426
2021-12-25T18:20:00.000Z;Trier Süd;RE;RE 11;11;5131;8005905;8005905%2021-12-25T18:20:00.000Z%,8000134,8005476,8000379,8001267,8001340,8003179,8003350,8000206,;602
2021-12-25T18:39:00.000Z;Trier Süd;RE;RE 11;11;5124;8005905;8005905%2021-12-25T18:39:00.000Z%,8003434,8003042,8200340,8270930,8200100,;602
2021-12-25T18:53:00.000Z;Trier Süd;RB;RB 82;82;12174;8005905;8005905%2021-12-25T18:53:00.000Z%,8000402,8003403,8006222,8004514,8005835,8006315,8004438,8006463,8006252,8004748,8004236,8000923,8004771,;426
2021-12-25T18:56:00.000Z;Trier Süd;RB;RB 71;71;12582;8005905;8005905%2021-12-25T18:56:00.000Z%,8000134,;426
2021-12-25T19:02:00.000Z;Trier Süd;RB;RB 82;82;12179;8005905;8005905%2021-12-25T19:02:00.000Z%,8000134,;426
2021-12-25T19:03:00.000Z;Trier Süd;RB;RB 71;71;12587;8005905;8005905%2021-12-25T19:03:00.000Z%,8000402,8003402,8003173,8006461,8005392,8005245,8005539,8005812,8005246,8004004,8000926,8003991,8003992,8002083,8000840,8000075,8005247,8001799,8001110,8000175,8003796,8001302,8005243,8000323,8005241,8005306,8005332,8005044,8005649,8000319,8003294,8003684,8000176,;426
2021-12-25T19:20:00.000Z;Trier Süd;RE;RE 11;11;5133;8005905;8005905%2021-12-25T19:20:00.000Z%,8000134,8005476,8000379,8001267,8001340,8003179,8003350,8000206,;602
2021-12-25T19:45:00.000Z;Trier Süd;RE;RE 11;11;5126;8005905;8005905%2021-12-25T19:45:00.000Z%,8003434,8003042,8200340,8270930,8200100,;602
2021-12-25T19:56:00.000Z;Trier Süd;RB;RB 71;71;12584;8005905;8005905%2021-12-25T19:56:00.000Z%,8000134,;426
2021-12-25T20:03:00.000Z;Trier Süd;RB;RB 82;82;12181;8005905;8005905%2021-12-25T20:03:00.000Z%,8000134,;426
2021-12-25T20:03:00.000Z;Trier Süd;RB;RB 71;71;12589;8005905;8005905%2021-12-25T20:03:00.000Z%,8000402,8003402,8003173,8006461,8005392,8005245,8005539,8005812,8005246,8004004,8000926,8003991,8003992,8002083,8000840,8000075,8005247,8001799,8001110,8000175,8003796,8001302,8005243,8000323,8005241,8005306,8005332,8005044,8005649,8000319,8003294,8003684,8000176,;426
2021-12-25T20:10:00.000Z;Trier Süd;RB;RB 82;82;12176;8005905;8005905%2021-12-25T20:10:00.000Z%,8000402,8003403,8006222,8004514,8005835,8006315,8004438,8006463,8006252,8004748,8004236,8000923,8004771,;426
2021-12-24T20:47:00.000Z;Tübingen-Lustnau;RB;RB 63;63;22842;8005918;8005918%2021-12-24T20:48:00.000Z%1,8003272,8006203,8005053,8005052,8000314,8005054,8004009,8070678,8001422,8070679,8001424,8001426,8070680,8006027,8006029,;426
2021-12-24T21:47:00.000Z;Tübingen-Lustnau;RB;RB 63;63;22844;8005918;8005918%2021-12-24T21:47:00.000Z%,8003272,8006203,8005053,8005052,8000314,8005054,8004009,8070678,8001422,8070679,8001424,8001426,8070680,8006027,8006029,;426
2021-12-24T22:11:00.000Z;Tübingen-Lustnau;RB;RB 63;63;22849;8005918;8005918%2021-12-24T22:11:00.000Z%,8000141,8005916,8006003,8006002,8004778,8001802,8070591,8070604,8002786,8002785,;426
2021-12-24T23:11:00.000Z;Tübingen-Lustnau;RB;RB 63;63;22795;8005918;8005918%2021-12-24T23:11:00.000Z%,8000141,;426
2021-12-25T03:34:00.000Z;Tübingen-Lustnau;RB;RB 63;63;22882;8005918;8005918%2021-12-25T03:34:00.000Z%,8003272,8006203,8005053,8005052,8000314,;426
2021-12-25T04:16:00.000Z;Tübingen-Lustnau;RB;RB 63;63;22793;8005918;8005918%2021-12-25T04:16:00.000Z%,8000141,;426
2021-12-25T04:20:00.000Z;Tübingen-Lustnau;RB;RB 63;63;22790;8005918;8005918%2021-12-25T04:20:00.000Z%,8003272,8006203,8005053,8005052,8000314,;426
2021-12-25T05:03:00.000Z;Tübingen-Lustnau;RB;RB 63;63;22801;8005918;8005918%2021-12-25T05:03:00.000Z%,8000141,8005916,8006003,8006002,8004778,8001802,8070591,8070604,8002786,8002785,;426
2021-12-25T05:18:00.000Z;Tübingen-Lustnau;RB;RB 63;63;22848;8005918;8005918%2021-12-25T05:18:00.000Z%,8003272,8006203,8005053,8005052,8000314,;426
2021-12-25T05:47:00.000Z;Tübingen-Lustnau;RB;RB 63;63;22886;8005918;8005918%2021-12-25T05:47:00.000Z%,8003272,8006203,8005053,8005052,8000314,8005054,8004009,8070678,8001422,8070679,8001424,8001426,8070680,8006027,8006029,;426
2021-12-25T06:10:00.000Z;Tübingen-Lustnau;RB;RB 63;63;22803;8005918;8005918%2021-12-25T06:10:00.000Z%,8000141,8005916,8006003,8006002,8004778,8001802,8070591,8070604,8002786,8002785,;426
2021-12-25T06:47:00.000Z;Tübingen-Lustnau;RB;RB 63;63;22800;8005918;8005918%2021-12-25T06:47:00.000Z%,8003272,8006203,8005053,8005052,8000314,8005054,8004009,8070678,8001422,8070679,8001424,8001426,8070680,8006027,8006029,;426
2021-12-25T07:11:00.000Z;Tübingen-Lustnau;RB;RB 63;63;22805;8005918;8005918%2021-12-25T07:11:00.000Z%,8000141,8005916,8006003,8006002,8004778,8001802,8070591,8070604,8002786,8002785,;426
2021-12-25T07:47:00.000Z;Tübingen-Lustnau;RB;RB 63;63;22802;8005918;8005918%2021-12-25T07:47:00.000Z%,8003272,8006203,8005053,8005052,8000314,8005054,8004009,8070678,8001422,8070679,8001424,8001426,8070680,8006027,8006029,;426
2021-12-25T09:11:00.000Z;Tübingen-Lustnau;RB;RB 63;63;22811;8005918;8005918%2021-12-25T09:11:00.000Z%,8000141,8005916,8006003,8006002,8004778,8001802,8070591,8070604,8002786,8002785,;426
2021-12-25T09:47:00.000Z;Tübingen-Lustnau;RB;RB 63;63;22806;8005918;8005918%2021-12-25T09:47:00.000Z%,8003272,8006203,8005053,8005052,8000314,8005054,8004009,8070678,8001422,8070679,8001424,8001426,8070680,8006027,8006029,;426
2021-12-25T10:11:00.000Z;Tübingen-Lustnau;RB;RB 63;63;22815;8005918;8005918%2021-12-25T10:11:00.000Z%,8000141,8005916,8006003,8006002,8004778,8001802,8070591,8070604,8002786,8002785,;426
2021-12-25T11:11:00.000Z;Tübingen-Lustnau;RB;RB 63;63;22819;8005918;8005918%2021-12-25T11:11:00.000Z%,8000141,8005916,8006003,8006002,8004778,8001802,8070591,8070604,8002786,8002785,;426
2021-12-25T11:47:00.000Z;Tübingen-Lustnau;RB;RB 63;63;22814;8005918;8005918%2021-12-25T11:47:00.000Z%,8003272,8006203,8005053,8005052,8000314,8005054,8004009,8070678,8001422,8070679,8001424,8001426,8070680,8006027,8006029,;426
2021-12-25T12:11:00.000Z;Tübingen-Lustnau;RB;RB 63;63;22823;8005918;8005918%2021-12-25T12:11:00.000Z%,8000141,8005916,8006003,8006002,8004778,8001802,8070591,8070604,8002786,8002785,;426
2021-12-25T12:47:00.000Z;Tübingen-Lustnau;RB;RB 63;63;22818;8005918;8005918%2021-12-25T12:47:00.000Z%,8003272,8006203,8005053,8005052,8000314,8005054,8004009,8070678,8001422,8070679,8001424,8001426,8070680,8006027,8006029,;426
2021-12-25T13:11:00.000Z;Tübingen-Lustnau;RB;RB 63;63;22827;8005918;8005918%2021-12-25T13:11:00.000Z%,8000141,8005916,8006003,8006002,8004778,8001802,8070591,8070604,8002786,8002785,;426
2021-12-25T13:47:00.000Z;Tübingen-Lustnau;RB;RB 63;63;22822;8005918;8005918%2021-12-25T13:47:00.000Z%,8003272,8006203,8005053,8005052,8000314,8005054,8004009,8070678,8001422,8070679,8001424,8001426,8070680,8006027,8006029,;426
2021-12-25T14:11:00.000Z;Tübingen-Lustnau;RB;RB 63;63;22829;8005918;8005918%2021-12-25T14:11:00.000Z%,8000141,8005916,8006003,8006002,8004778,8001802,8070591,8070604,8002786,8002785,;426
2021-12-25T14:47:00.000Z;Tübingen-Lustnau;RB;RB 63;63;22824;8005918;8005918%2021-12-25T14:47:00.000Z%,8003272,8006203,8005053,8005052,8000314,8005054,8004009,8070678,8001422,8070679,8001424,8001426,8070680,8006027,8006029,;426
2021-12-25T15:11:00.000Z;Tübingen-Lustnau;RB;RB 63;63;22835;8005918;8005918%2021-12-25T15:11:00.000Z%,8000141,8005916,8006003,8006002,8004778,8001802,8070591,8070604,8002786,8002785,;426
2021-12-25T15:47:00.000Z;Tübingen-Lustnau;RB;RB 63;63;22828;8005918;8005918%2021-12-25T15:47:00.000Z%,8003272,8006203,8005053,8005052,8000314,8005054,8004009,8070678,8001422,8070679,8001424,8001426,8070680,8006027,8006029,;426
2021-12-25T16:11:00.000Z;Tübingen-Lustnau;RB;RB 63;63;22837;8005918;8005918%2021-12-25T16:11:00.000Z%,8000141,8005916,8006003,8006002,8004778,8001802,8070591,8070604,8002786,8002785,;426
2021-12-25T16:47:00.000Z;Tübingen-Lustnau;RB;RB 63;63;22830;8005918;8005918%2021-12-25T16:47:00.000Z%,8003272,8006203,8005053,8005052,8000314,8005054,8004009,8070678,8001422,8070679,8001424,8001426,8070680,8006027,8006029,;426
2021-12-25T17:11:00.000Z;Tübingen-Lustnau;RB;RB 63;63;22839;8005918;8005918%2021-12-25T17:11:00.000Z%,8000141,8005916,8006003,8006002,8004778,8001802,8070591,8070604,8002786,8002785,;426
2021-12-25T17:47:00.000Z;Tübingen-Lustnau;RB;RB 63;63;22832;8005918;8005918%2021-12-25T17:47:00.000Z%,8003272,8006203,8005053,8005052,8000314,8005054,8004009,8070678,8001422,8070679,8001424,8001426,8070680,8006027,8006029,;426
2021-12-25T18:11:00.000Z;Tübingen-Lustnau;RB;RB 63;63;22841;8005918;8005918%2021-12-25T18:11:00.000Z%,8000141,8005916,8006003,8006002,8004778,8001802,8070591,8070604,8002786,8002785,;426
2021-12-25T18:47:00.000Z;Tübingen-Lustnau;RB;RB 63;63;22834;8005918;8005918%2021-12-25T18:47:00.000Z%,8003272,8006203,8005053,8005052,8000314,8005054,8004009,8070678,8001422,8070679,8001424,8001426,8070680,8006027,8006029,;426
2021-12-25T19:11:00.000Z;Tübingen-Lustnau;RB;RB 63;63;22845;8005918;8005918%2021-12-25T19:11:00.000Z%,8000141,8005916,8006003,8006002,8004778,8001802,8070591,8070604,8002786,8002785,;426
2021-12-25T19:47:00.000Z;Tübingen-Lustnau;RB;RB 63;63;22838;8005918;8005918%2021-12-25T19:47:00.000Z%,8003272,8006203,8005053,8005052,8000314,8005054,8004009,8070678,8001422,8070679,8001424,8001426,8070680,8006027,8006029,;426
2021-12-25T20:11:00.000Z;Tübingen-Lustnau;RB;RB 63;63;22887;8005918;8005918%2021-12-25T20:11:00.000Z%,8000141,8005916,8006003,8006002,8004778,8001802,8070591,8070604,8002786,8002785,;426
2021-12-24T20:38:00.000Z;Twistringen;RE;RE 9;9;4467;8005929;8005929%2021-12-24T20:41:00.000Z%3,8000807,8001443,8003632,8001071,8000294,;602
2021-12-24T21:20:00.000Z;Twistringen;RE;RE 9;9;14068;8005929;8005929%2021-12-24T21:20:00.000Z%0,8000354,8005809,8003292,8000050,;602
2021-12-24T21:39:00.000Z;Twistringen;RE;RE 9;9;14071;8005929;8005929%2021-12-24T21:39:00.000Z%,8000807,8001443,8003632,8001071,8000294,;602
2021-12-24T22:20:00.000Z;Twistringen;RE;RE 9;9;14070;8005929;8005929%2021-12-24T22:20:00.000Z%,8000354,8005809,8003292,8000050,;602
2021-12-24T22:46:00.000Z;Twistringen;RE;RE 9;9;14073;8005929;8005929%2021-12-24T22:46:00.000Z%,8000807,8001443,8003632,8001071,8000294,;602
2021-12-24T23:20:00.000Z;Twistringen;RE;RE 9;9;14072;8005929;8005929%2021-12-24T23:20:00.000Z%,8000354,8005809,8003292,8000050,;602
2021-12-25T05:38:00.000Z;Twistringen;RE;RE 9;9;14055;8005929;8005929%2021-12-25T05:38:00.000Z%,8000807,8001443,8003632,8001071,8000294,;602
2021-12-25T06:20:00.000Z;Twistringen;RE;RE 9;9;14052;8005929;8005929%2021-12-25T06:20:00.000Z%,8000354,8005809,8003292,8000050,;602
2021-12-25T06:38:00.000Z;Twistringen;RE;RE 9;9;4453;8005929;8005929%2021-12-25T06:38:00.000Z%,8000807,8001443,8003632,8001071,8000294,;602
2021-12-25T07:20:00.000Z;Twistringen;RE;RE 9;9;4452;8005929;8005929%2021-12-25T07:20:00.000Z%,8000354,8005809,8003292,8000050,8004702,8000051,8001168,;602
2021-12-25T07:38:00.000Z;Twistringen;RE;RE 9;9;14057;8005929;8005929%2021-12-25T07:38:00.000Z%,8000807,8001443,8003632,8001071,8000294,;602
2021-12-25T08:20:00.000Z;Twistringen;RE;RE 9;9;14054;8005929;8005929%2021-12-25T08:20:00.000Z%,8000354,8005809,8003292,8000050,;602
2021-12-25T08:38:00.000Z;Twistringen;RE;RE 9;9;4455;8005929;8005929%2021-12-25T08:38:00.000Z%,8000807,8001443,8003632,8001071,8000294,;602
2021-12-25T09:20:00.000Z;Twistringen;RE;RE 9;9;4454;8005929;8005929%2021-12-25T09:20:00.000Z%,8000354,8005809,8003292,8000050,8004702,8000051,8001168,;602
2021-12-25T09:38:00.000Z;Twistringen;RE;RE 9;9;14059;8005929;8005929%2021-12-25T09:38:00.000Z%,8000807,8001443,8003632,8001071,8000294,;602
2021-12-25T10:20:00.000Z;Twistringen;RE;RE 9;9;14056;8005929;8005929%2021-12-25T10:20:00.000Z%,8000354,8005809,8003292,8000050,;602
2021-12-25T10:38:00.000Z;Twistringen;RE;RE 9;9;4457;8005929;8005929%2021-12-25T10:38:00.000Z%,8000807,8001443,8003632,8001071,8000294,;602
2021-12-25T11:20:00.000Z;Twistringen;RE;RE 9;9;4456;8005929;8005929%2021-12-25T11:20:00.000Z%,8000354,8005809,8003292,8000050,8004702,8000051,8001168,;602
2021-12-25T11:38:00.000Z;Twistringen;RE;RE 9;9;14061;8005929;8005929%2021-12-25T11:38:00.000Z%,8000807,8001443,8003632,8001071,8000294,;602
2021-12-25T12:20:00.000Z;Twistringen;RE;RE 9;9;14058;8005929;8005929%2021-12-25T12:20:00.000Z%,8000354,8005809,8003292,8000050,;602
2021-12-25T12:38:00.000Z;Twistringen;RE;RE 9;9;4459;8005929;8005929%2021-12-25T12:38:00.000Z%,8000807,8001443,8003632,8001071,8000294,;602
2021-12-25T13:20:00.000Z;Twistringen;RE;RE 9;9;4458;8005929;8005929%2021-12-25T13:20:00.000Z%,8000354,8005809,8003292,8000050,8004702,8000051,8001168,;602
2021-12-25T13:38:00.000Z;Twistringen;RE;RE 9;9;14063;8005929;8005929%2021-12-25T13:38:00.000Z%,8000807,8001443,8003632,8001071,8000294,;602
2021-12-25T14:20:00.000Z;Twistringen;RE;RE 9;9;14060;8005929;8005929%2021-12-25T14:20:00.000Z%,8000354,8005809,8003292,8000050,;602
2021-12-25T14:38:00.000Z;Twistringen;RE;RE 9;9;4461;8005929;8005929%2021-12-25T14:38:00.000Z%,8000807,8001443,8003632,8001071,8000294,;602
2021-12-25T15:20:00.000Z;Twistringen;RE;RE 9;9;4460;8005929;8005929%2021-12-25T15:20:00.000Z%,8000354,8005809,8003292,8000050,8004702,8000051,8001168,;602
2021-12-25T15:38:00.000Z;Twistringen;RE;RE 9;9;14065;8005929;8005929%2021-12-25T15:38:00.000Z%,8000807,8001443,8003632,8001071,8000294,;602
2021-12-25T16:20:00.000Z;Twistringen;RE;RE 9;9;14062;8005929;8005929%2021-12-25T16:20:00.000Z%,8000354,8005809,8003292,8000050,;602
2021-12-25T16:38:00.000Z;Twistringen;RE;RE 9;9;4463;8005929;8005929%2021-12-25T16:38:00.000Z%,8000807,8001443,8003632,8001071,8000294,;602
2021-12-25T17:20:00.000Z;Twistringen;RE;RE 9;9;4462;8005929;8005929%2021-12-25T17:20:00.000Z%,8000354,8005809,8003292,8000050,8004702,8000051,8001168,;602
2021-12-25T17:38:00.000Z;Twistringen;RE;RE 9;9;14067;8005929;8005929%2021-12-25T17:38:00.000Z%,8000807,8001443,8003632,8001071,8000294,;602
2021-12-25T18:20:00.000Z;Twistringen;RE;RE 9;9;14064;8005929;8005929%2021-12-25T18:20:00.000Z%,8000354,8005809,8003292,8000050,;602
2021-12-25T18:38:00.000Z;Twistringen;RE;RE 9;9;4465;8005929;8005929%2021-12-25T18:38:00.000Z%,8000807,8001443,8003632,8001071,8000294,;602
2021-12-25T19:20:00.000Z;Twistringen;RE;RE 9;9;4464;8005929;8005929%2021-12-25T19:20:00.000Z%,8000354,8005809,8003292,8000050,8004702,8000051,8001168,;602
2021-12-25T19:38:00.000Z;Twistringen;RE;RE 9;9;14069;8005929;8005929%2021-12-25T19:38:00.000Z%,8000807,8001443,8003632,8001071,8000294,;602
2021-12-25T20:20:00.000Z;Twistringen;RE;RE 9;9;14066;8005929;8005929%2021-12-25T20:20:00.000Z%,8000354,8005809,8003292,8000050,;602
2021-12-24T20:43:00.000Z;Übach-Palenberg;RE;RE 4;4;26437;8005935;8005935%2021-12-24T20:43:00.000Z%0,8002206,8003697,8000677,8001839,8000318,8000253,8000274,8001585,8000085,8006718,8000266,8006596,8006719,8000033,8001795,8000142,8006386,8000251,8000080,;602
2021-12-24T20:57:00.000Z;Übach-Palenberg;RB;RB 33;33;10342;8005935;8005935%2021-12-24T20:57:00.000Z%0,8002206,8003697,8001113,8000677,8001839,8002784,8006391,8000318,8000253,8000174,8000584,8002027,8000211,8000212,8003426,8003427,8002941,8000317,8005065,8001605,8000086,;426
2021-12-24T20:57:00.000Z;Übach-Palenberg;RB;RB 33;33;10392;8005935;8005935%2021-12-24T20:57:00.000Z%0,8002206,8003697,8002718,8002719,8002720,8001557,8004519,8002725,8002721,;426
2021-12-24T21:05:00.000Z;Übach-Palenberg;RB;RB 33;33;10343;8005935;8005935%2021-12-24T21:06:00.000Z%1,8002806,8003395,8000404,8070704,8000001,;426
2021-12-24T21:05:00.000Z;Übach-Palenberg;RB;RB 33;33;10393;8005935;8005935%2021-12-24T21:06:00.000Z%1,8002806,8003395,8000404,8070704,8000001,;426
2021-12-24T21:18:00.000Z;Übach-Palenberg;RE;RE 4;4;26434;8005935;8005935%2021-12-24T21:35:00.000Z%17,8002806,8000404,8070704,8000001,;602
2021-12-24T21:57:00.000Z;Übach-Palenberg;RB;RB 33;33;10344;8005935;8005935%2021-12-24T21:57:00.000Z%,8002206,8003697,8001113,8000677,8001839,8002784,8006391,8000318,8000253,8000174,8000584,8002027,8000211,8000212,8003426,8003427,8002941,8000317,8005065,8001605,8000086,;426
2021-12-24T21:57:00.000Z;Übach-Palenberg;RB;RB 33;33;10394;8005935;8005935%2021-12-24T21:57:00.000Z%,8002206,8003697,8002718,8002719,8002720,8001557,8004519,8002725,8002721,;426
2021-12-24T22:05:00.000Z;Übach-Palenberg;RB;RB 33;33;10345;8005935;8005935%2021-12-24T22:06:00.000Z%1,8002806,8003395,8000404,8070704,8000001,;426
2021-12-24T22:05:00.000Z;Übach-Palenberg;RB;RB 33;33;10395;8005935;8005935%2021-12-24T22:06:00.000Z%1,8002806,8003395,8000404,8070704,8000001,;426
2021-12-24T22:18:00.000Z;Übach-Palenberg;RE;RE 4;4;26436;8005935;8005935%2021-12-24T22:22:00.000Z%4,8002806,8000404,8070704,8000001,;602
2021-12-24T22:57:00.000Z;Übach-Palenberg;RB;RB 33;33;10346;8005935;8005935%2021-12-24T22:57:00.000Z%,8002206,8003697,8001113,8000677,8001839,8002784,8006391,8000318,8000253,8000174,8000584,8002027,8000211,8000212,8003426,8003427,8002941,8000317,8005065,8001605,8000086,;426
2021-12-24T22:57:00.000Z;Übach-Palenberg;RB;RB 33;33;10396;8005935;8005935%2021-12-24T22:57:00.000Z%,8002206,8003697,8002718,8002719,8002720,8001557,8004519,8002725,8002721,;426
2021-12-24T23:05:00.000Z;Übach-Palenberg;RB;RB 33;33;10347;8005935;8005935%2021-12-24T23:05:00.000Z%,8002806,8003395,8000404,8070704,8000001,;426
2021-12-24T23:05:00.000Z;Übach-Palenberg;RB;RB 33;33;10397;8005935;8005935%2021-12-24T23:05:00.000Z%,8002806,8003395,8000404,8070704,8000001,;426
2021-12-24T23:18:00.000Z;Übach-Palenberg;RE;RE 4;4;26438;8005935;8005935%2021-12-24T23:18:00.000Z%0,8002806,8000404,8070704,8000001,;602
2021-12-24T23:57:00.000Z;Übach-Palenberg;RB;RB 33;33;10300;8005935;8005935%2021-12-24T23:57:00.000Z%,8002206,8003697,8001113,8000677,8001839,8002784,8006391,8000318,8000253,8000174,8000584,8002027,8000211,8000212,8003426,8003427,8002941,8000317,8005065,8001605,8000086,;426
2021-12-24T23:57:00.000Z;Übach-Palenberg;RB;RB 33;33;10350;8005935;8005935%2021-12-24T23:57:00.000Z%,8002206,8003697,8002718,8002719,8002720,8001557,8004519,8002725,8002721,;426
2021-12-25T00:03:00.000Z;Übach-Palenberg;RB;RB 33;33;10349;8005935;8005935%2021-12-25T00:03:00.000Z%,8002806,8003395,8000404,8070704,8000001,;426
2021-12-25T00:03:00.000Z;Übach-Palenberg;RB;RB 33;33;10351;8005935;8005935%2021-12-25T00:03:00.000Z%,8002806,8003395,8000404,8070704,8000001,;426
2021-12-25T00:18:00.000Z;Übach-Palenberg;RE;RE 4;4;26442;8005935;8005935%2021-12-25T00:18:00.000Z%0,8002806,8000404,8070704,8000001,;602
2021-12-25T01:05:00.000Z;Übach-Palenberg;RB;RB 33;33;10353;8005935;8005935%2021-12-25T01:05:00.000Z%,8002806,8003395,8000404,8070704,8000001,;426
2021-12-25T02:13:00.000Z;Übach-Palenberg;RE;RE 4;4;26401;8005935;8005935%2021-12-25T02:13:00.000Z%,8002206,8003697,8000677,8001839,8000318,8000253,8000274,8000085,8001580,;602
2021-12-25T04:43:00.000Z;Übach-Palenberg;RE;RE 4;4;26405;8005935;8005935%2021-12-25T04:43:00.000Z%,8002206,8003697,8000677,8001839,8000318,8000253,8000274,8000085,;602
2021-12-25T05:43:00.000Z;Übach-Palenberg;RE;RE 4;4;26407;8005935;8005935%2021-12-25T05:43:00.000Z%,8002206,8003697,8000677,8001839,8000318,8000253,8000274,8000085,8006718,8000266,8006596,8006719,8000033,8001795,8000142,8006386,8000251,8000080,;602
2021-12-25T05:57:00.000Z;Übach-Palenberg;RB;RB 33;33;10312;8005935;8005935%2021-12-25T05:57:00.000Z%,8002206,8003697,8001113,8000677,8001839,8002784,8006391,8000318,8000253,8000174,8000584,8002027,8000211,8000212,8003426,8003427,8002941,8000317,8005065,8001605,8000086,8000687,8000259,8001898,8000098,;426
2021-12-25T05:57:00.000Z;Übach-Palenberg;RB;RB 33;33;10362;8005935;8005935%2021-12-25T05:57:00.000Z%,8002206,8003697,8002718,8002719,8002720,8001557,8004519,8002725,8002721,;426
2021-12-25T06:05:00.000Z;Übach-Palenberg;RB;RB 33;33;10313;8005935;8005935%2021-12-25T06:05:00.000Z%,8002806,8003395,8000404,8070704,8000001,;426
2021-12-25T06:43:00.000Z;Übach-Palenberg;RE;RE 4;4;26409;8005935;8005935%2021-12-25T06:43:00.000Z%,8002206,8003697,8000677,8001839,8000318,8000253,8000274,8000085,8006718,8000266,8006596,8006719,8000033,8001795,8000142,8006386,8000251,8000080,;602
2021-12-25T06:57:00.000Z;Übach-Palenberg;RB;RB 33;33;10314;8005935;8005935%2021-12-25T06:57:00.000Z%,8002206,8003697,8001113,8000677,8001839,8002784,8006391,8000318,8000253,8000174,8000584,8002027,8000211,8000212,8003426,8003427,8002941,8000317,8005065,8001605,8000086,8000687,8000259,8001898,8000098,;426
2021-12-25T06:57:00.000Z;Übach-Palenberg;RB;RB 33;33;10364;8005935;8005935%2021-12-25T06:57:00.000Z%,8002206,8003697,8002718,8002719,8002720,8001557,8004519,8002725,8002721,;426
2021-12-25T07:05:00.000Z;Übach-Palenberg;RB;RB 33;33;10315;8005935;8005935%2021-12-25T07:05:00.000Z%,8002806,8003395,8000404,8070704,8000001,;426
2021-12-25T07:05:00.000Z;Übach-Palenberg;RB;RB 33;33;10365;8005935;8005935%2021-12-25T07:05:00.000Z%,8002806,8003395,8000404,8070704,8000001,;426
2021-12-25T07:18:00.000Z;Übach-Palenberg;RE;RE 4;4;26406;8005935;8005935%2021-12-25T07:18:00.000Z%,8002806,8000404,8070704,8000001,;602
2021-12-25T07:43:00.000Z;Übach-Palenberg;RE;RE 4;4;26411;8005935;8005935%2021-12-25T07:43:00.000Z%,8002206,8003697,8000677,8001839,8000318,8000253,8000274,8000085,8006718,8000266,8006596,8006719,8000033,8001795,8000142,8006386,8000251,8000080,;602
2021-12-25T07:57:00.000Z;Übach-Palenberg;RB;RB 33;33;10316;8005935;8005935%2021-12-25T07:57:00.000Z%,8002206,8003697,8001113,8000677,8001839,8002784,8006391,8000318,8000253,8000174,8000584,8002027,8000211,8000212,8003426,8003427,8002941,8000317,8005065,8001605,8000086,8000687,8000259,8001898,8000098,;426
2021-12-25T07:57:00.000Z;Übach-Palenberg;RB;RB 33;33;10366;8005935;8005935%2021-12-25T07:57:00.000Z%,8002206,8003697,8002718,8002719,8002720,8001557,8004519,8002725,8002721,;426
2021-12-25T08:05:00.000Z;Übach-Palenberg;RB;RB 33;33;10317;8005935;8005935%2021-12-25T08:05:00.000Z%,8002806,8003395,8000404,8070704,8000001,;426
2021-12-25T08:05:00.000Z;Übach-Palenberg;RB;RB 33;33;10367;8005935;8005935%2021-12-25T08:05:00.000Z%,8002806,8003395,8000404,8070704,8000001,;426
2021-12-25T08:18:00.000Z;Übach-Palenberg;RE;RE 4;4;26408;8005935;8005935%2021-12-25T08:18:00.000Z%,8002806,8000404,8070704,8000001,;602
2021-12-25T08:43:00.000Z;Übach-Palenberg;RE;RE 4;4;26413;8005935;8005935%2021-12-25T08:43:00.000Z%,8002206,8003697,8000677,8001839,8000318,8000253,8000274,8001603,8006718,8000266,8006596,8006719,8000033,8001795,8000142,8006386,8000251,8000080,;602
2021-12-25T08:57:00.000Z;Übach-Palenberg;RB;RB 33;33;10318;8005935;8005935%2021-12-25T08:57:00.000Z%,8002206,8003697,8001113,8000677,8001839,8002784,8006391,8000318,8000253,8000174,8000584,8002027,8000211,8000212,8003426,8003427,8002941,8000317,8005065,8001605,8000086,8000687,8000259,8001898,8000098,;426
2021-12-25T08:57:00.000Z;Übach-Palenberg;RB;RB 33;33;10368;8005935;8005935%2021-12-25T08:57:00.000Z%,8002206,8003697,8002718,8002719,8002720,8001557,8004519,8002725,8002721,;426
2021-12-25T09:05:00.000Z;Übach-Palenberg;RB;RB 33;33;10319;8005935;8005935%2021-12-25T09:05:00.000Z%,8002806,8003395,8000404,8070704,8000001,;426
2021-12-25T09:05:00.000Z;Übach-Palenberg;RB;RB 33;33;10369;8005935;8005935%2021-12-25T09:05:00.000Z%,8002806,8003395,8000404,8070704,8000001,;426
2021-12-25T09:18:00.000Z;Übach-Palenberg;RE;RE 4;4;26410;8005935;8005935%2021-12-25T09:18:00.000Z%,8002806,8000404,8070704,8000001,;602
2021-12-25T09:43:00.000Z;Übach-Palenberg;RE;RE 4;4;26415;8005935;8005935%2021-12-25T09:43:00.000Z%,8002206,8003697,8000677,8001839,8000318,8000253,8000274,8001603,8006718,8000266,8006596,8006719,8000033,8001795,8000142,8006386,8000251,8000080,;602
2021-12-25T09:57:00.000Z;Übach-Palenberg;RB;RB 33;33;10320;8005935;8005935%2021-12-25T09:57:00.000Z%,8002206,8003697,8001113,8000677,8001839,8002784,8006391,8000318,8000253,8000174,8000584,8002027,8000211,8000212,8003426,8003427,8002941,8000317,8005065,8001605,8000086,8000687,8000259,8001898,8000098,;426
2021-12-25T09:57:00.000Z;Übach-Palenberg;RB;RB 33;33;10370;8005935;8005935%2021-12-25T09:57:00.000Z%,8002206,8003697,8002718,8002719,8002720,8001557,8004519,8002725,8002721,;426
2021-12-25T10:05:00.000Z;Übach-Palenberg;RB;RB 33;33;10321;8005935;8005935%2021-12-25T10:05:00.000Z%,8002806,8003395,8000404,8070704,8000001,;426
2021-12-25T10:05:00.000Z;Übach-Palenberg;RB;RB 33;33;10371;8005935;8005935%2021-12-25T10:05:00.000Z%,8002806,8003395,8000404,8070704,8000001,;426
2021-12-25T10:18:00.000Z;Übach-Palenberg;RE;RE 4;4;26412;8005935;8005935%2021-12-25T10:18:00.000Z%,8002806,8000404,8070704,8000001,;602
2021-12-25T10:43:00.000Z;Übach-Palenberg;RE;RE 4;4;26417;8005935;8005935%2021-12-25T10:43:00.000Z%,8002206,8003697,8000677,8001839,8000318,8000253,8000274,8001603,8006718,8000266,8006596,8006719,8000033,8001795,8000142,8006386,8000251,8000080,;602
2021-12-25T10:57:00.000Z;Übach-Palenberg;RB;RB 33;33;10322;8005935;8005935%2021-12-25T10:57:00.000Z%,8002206,8003697,8001113,8000677,8001839,8002784,8006391,8000318,8000253,8000174,8000584,8002027,8000211,8000212,8003426,8003427,8002941,8000317,8005065,8001605,8000086,8000687,8000259,8001898,8000098,;426
2021-12-25T10:57:00.000Z;Übach-Palenberg;RB;RB 33;33;10372;8005935;8005935%2021-12-25T10:57:00.000Z%,8002206,8003697,8002718,8002719,8002720,8001557,8004519,8002725,8002721,;426
2021-12-25T11:05:00.000Z;Übach-Palenberg;RB;RB 33;33;10323;8005935;8005935%2021-12-25T11:05:00.000Z%,8002806,8003395,8000404,8070704,8000001,;426
2021-12-25T11:05:00.000Z;Übach-Palenberg;RB;RB 33;33;10373;8005935;8005935%2021-12-25T11:05:00.000Z%,8002806,8003395,8000404,8070704,8000001,;426
2021-12-25T11:18:00.000Z;Übach-Palenberg;RE;RE 4;4;26414;8005935;8005935%2021-12-25T11:18:00.000Z%,8002806,8000404,8070704,8000001,;602
2021-12-25T11:43:00.000Z;Übach-Palenberg;RE;RE 4;4;26419;8005935;8005935%2021-12-25T11:43:00.000Z%,8002206,8003697,8000677,8001839,8000318,8000253,8000274,8001603,8006718,8000266,8006596,8006719,8000033,8001795,8000142,8006386,8000251,8000080,;602
2021-12-25T11:57:00.000Z;Übach-Palenberg;RB;RB 33;33;10324;8005935;8005935%2021-12-25T11:57:00.000Z%,8002206,8003697,8001113,8000677,8001839,8002784,8006391,8000318,8000253,8000174,8000584,8002027,8000211,8000212,8003426,8003427,8002941,8000317,8005065,8001605,8000086,8000687,8000259,8001898,8000098,;426
2021-12-25T11:57:00.000Z;Übach-Palenberg;RB;RB 33;33;10374;8005935;8005935%2021-12-25T11:57:00.000Z%,8002206,8003697,8002718,8002719,8002720,8001557,8004519,8002725,8002721,;426
2021-12-25T12:05:00.000Z;Übach-Palenberg;RB;RB 33;33;10325;8005935;8005935%2021-12-25T12:05:00.000Z%,8002806,8003395,8000404,8070704,8000001,;426
2021-12-25T12:05:00.000Z;Übach-Palenberg;RB;RB 33;33;10375;8005935;8005935%2021-12-25T12:05:00.000Z%,8002806,8003395,8000404,8070704,8000001,;426
2021-12-25T12:18:00.000Z;Übach-Palenberg;RE;RE 4;4;26416;8005935;8005935%2021-12-25T12:18:00.000Z%,8002806,8000404,8070704,8000001,;602
2021-12-25T12:43:00.000Z;Übach-Palenberg;RE;RE 4;4;26421;8005935;8005935%2021-12-25T12:43:00.000Z%,8002206,8003697,8000677,8001839,8000318,8000253,8000274,8001603,8006718,8000266,8006596,8006719,8000033,8001795,8000142,8006386,8000251,8000080,;602
2021-12-25T12:57:00.000Z;Übach-Palenberg;RB;RB 33;33;10326;8005935;8005935%2021-12-25T12:57:00.000Z%,8002206,8003697,8001113,8000677,8001839,8002784,8006391,8000318,8000253,8000174,8000584,8002027,8000211,8000212,8003426,8003427,8002941,8000317,8005065,8001605,8000086,8000687,8000259,8001898,8000098,;426
2021-12-25T12:57:00.000Z;Übach-Palenberg;RB;RB 33;33;10376;8005935;8005935%2021-12-25T12:57:00.000Z%,8002206,8003697,8002718,8002719,8002720,8001557,8004519,8002725,8002721,;426
2021-12-25T13:05:00.000Z;Übach-Palenberg;RB;RB 33;33;10327;8005935;8005935%2021-12-25T13:05:00.000Z%,8002806,8003395,8000404,8070704,8000001,;426
2021-12-25T13:05:00.000Z;Übach-Palenberg;RB;RB 33;33;10377;8005935;8005935%2021-12-25T13:05:00.000Z%,8002806,8003395,8000404,8070704,8000001,;426
2021-12-25T13:18:00.000Z;Übach-Palenberg;RE;RE 4;4;26418;8005935;8005935%2021-12-25T13:18:00.000Z%,8002806,8000404,8070704,8000001,;602
2021-12-25T13:43:00.000Z;Übach-Palenberg;RE;RE 4;4;26423;8005935;8005935%2021-12-25T13:43:00.000Z%,8002206,8003697,8000677,8001839,8000318,8000253,8000274,8001603,8006718,8000266,8006596,8006719,8000033,8001795,8000142,8006386,8000251,8000080,;602
2021-12-25T13:57:00.000Z;Übach-Palenberg;RB;RB 33;33;10328;8005935;8005935%2021-12-25T13:57:00.000Z%,8002206,8003697,8001113,8000677,8001839,8002784,8006391,8000318,8000253,8000174,8000584,8002027,8000211,8000212,8003426,8003427,8002941,8000317,8005065,8001605,8000086,8000687,8000259,8001898,8000098,;426
2021-12-25T13:57:00.000Z;Übach-Palenberg;RB;RB 33;33;10378;8005935;8005935%2021-12-25T13:57:00.000Z%,8002206,8003697,8002718,8002719,8002720,8001557,8004519,8002725,8002721,;426
2021-12-25T14:05:00.000Z;Übach-Palenberg;RB;RB 33;33;10329;8005935;8005935%2021-12-25T14:05:00.000Z%,8002806,8003395,8000404,8070704,8000001,;426
2021-12-25T14:05:00.000Z;Übach-Palenberg;RB;RB 33;33;10379;8005935;8005935%2021-12-25T14:05:00.000Z%,8002806,8003395,8000404,8070704,8000001,;426
2021-12-25T14:18:00.000Z;Übach-Palenberg;RE;RE 4;4;26420;8005935;8005935%2021-12-25T14:18:00.000Z%,8002806,8000404,8070704,8000001,;602
2021-12-25T14:43:00.000Z;Übach-Palenberg;RE;RE 4;4;26425;8005935;8005935%2021-12-25T14:43:00.000Z%,8002206,8003697,8000677,8001839,8000318,8000253,8000274,8001603,8006718,8000266,8006596,8006719,8000033,8001795,8000142,8006386,8000251,8000080,;602
2021-12-25T14:57:00.000Z;Übach-Palenberg;RB;RB 33;33;10330;8005935;8005935%2021-12-25T14:57:00.000Z%,8002206,8003697,8001113,8000677,8001839,8002784,8006391,8000318,8000253,8000174,8000584,8002027,8000211,8000212,8003426,8003427,8002941,8000317,8005065,8001605,8000086,8000687,8000259,8001898,8000098,;426
2021-12-25T14:57:00.000Z;Übach-Palenberg;RB;RB 33;33;10380;8005935;8005935%2021-12-25T14:57:00.000Z%,8002206,8003697,8002718,8002719,8002720,8001557,8004519,8002725,8002721,;426
2021-12-25T15:05:00.000Z;Übach-Palenberg;RB;RB 33;33;10331;8005935;8005935%2021-12-25T15:05:00.000Z%,8002806,8003395,8000404,8070704,8000001,;426
2021-12-25T15:05:00.000Z;Übach-Palenberg;RB;RB 33;33;10381;8005935;8005935%2021-12-25T15:05:00.000Z%,8002806,8003395,8000404,8070704,8000001,;426
2021-12-25T15:18:00.000Z;Übach-Palenberg;RE;RE 4;4;26422;8005935;8005935%2021-12-25T15:18:00.000Z%,8002806,8000404,8070704,8000001,;602
2021-12-25T15:43:00.000Z;Übach-Palenberg;RE;RE 4;4;26427;8005935;8005935%2021-12-25T15:43:00.000Z%,8002206,8003697,8000677,8001839,8000318,8000253,8000274,8001603,8006718,8000266,8006596,8006719,8000033,8001795,8000142,8006386,8000251,8000080,;602
2021-12-25T15:57:00.000Z;Übach-Palenberg;RB;RB 33;33;10332;8005935;8005935%2021-12-25T15:57:00.000Z%,8002206,8003697,8001113,8000677,8001839,8002784,8006391,8000318,8000253,8000174,8000584,8002027,8000211,8000212,8003426,8003427,8002941,8000317,8005065,8001605,8000086,8000687,8000259,8001898,8000098,;426
2021-12-25T15:57:00.000Z;Übach-Palenberg;RB;RB 33;33;10382;8005935;8005935%2021-12-25T15:57:00.000Z%,8002206,8003697,8002718,8002719,8002720,8001557,8004519,8002725,8002721,;426
2021-12-25T16:05:00.000Z;Übach-Palenberg;RB;RB 33;33;10333;8005935;8005935%2021-12-25T16:05:00.000Z%,8002806,8003395,8000404,8070704,8000001,;426
2021-12-25T16:05:00.000Z;Übach-Palenberg;RB;RB 33;33;10383;8005935;8005935%2021-12-25T16:05:00.000Z%,8002806,8003395,8000404,8070704,8000001,;426
2021-12-25T16:18:00.000Z;Übach-Palenberg;RE;RE 4;4;26424;8005935;8005935%2021-12-25T16:18:00.000Z%,8002806,8000404,8070704,8000001,;602
2021-12-25T16:43:00.000Z;Übach-Palenberg;RE;RE 4;4;26429;8005935;8005935%2021-12-25T16:43:00.000Z%,8002206,8003697,8000677,8001839,8000318,8000253,8000274,8001603,8006718,8000266,8006596,8006719,8000033,8001795,8000142,8006386,8000251,8000080,;602
2021-12-25T16:57:00.000Z;Übach-Palenberg;RB;RB 33;33;10334;8005935;8005935%2021-12-25T16:57:00.000Z%,8002206,8003697,8001113,8000677,8001839,8002784,8006391,8000318,8000253,8000174,8000584,8002027,8000211,8000212,8003426,8003427,8002941,8000317,8005065,8001605,8000086,8000687,8000259,8001898,8000098,;426
2021-12-25T16:57:00.000Z;Übach-Palenberg;RB;RB 33;33;10384;8005935;8005935%2021-12-25T16:57:00.000Z%,8002206,8003697,8002718,8002719,8002720,8001557,8004519,8002725,8002721,;426
2021-12-25T17:05:00.000Z;Übach-Palenberg;RB;RB 33;33;10335;8005935;8005935%2021-12-25T17:05:00.000Z%,8002806,8003395,8000404,8070704,8000001,;426
2021-12-25T17:05:00.000Z;Übach-Palenberg;RB;RB 33;33;10385;8005935;8005935%2021-12-25T17:05:00.000Z%,8002806,8003395,8000404,8070704,8000001,;426
2021-12-25T17:18:00.000Z;Übach-Palenberg;RE;RE 4;4;26426;8005935;8005935%2021-12-25T17:18:00.000Z%,8002806,8000404,8070704,8000001,;602
2021-12-25T17:43:00.000Z;Übach-Palenberg;RE;RE 4;4;26431;8005935;8005935%2021-12-25T17:43:00.000Z%,8002206,8003697,8000677,8001839,8000318,8000253,8000274,8001603,8006718,8000266,8006596,8006719,8000033,8001795,8000142,8006386,8000251,8000080,;602
2021-12-25T17:57:00.000Z;Übach-Palenberg;RB;RB 33;33;10336;8005935;8005935%2021-12-25T17:57:00.000Z%,8002206,8003697,8001113,8000677,8001839,8002784,8006391,8000318,8000253,8000174,8000584,8002027,8000211,8000212,8003426,8003427,8002941,8000317,8005065,8001605,8000086,8000687,8000259,8001898,8000098,;426
2021-12-25T17:57:00.000Z;Übach-Palenberg;RB;RB 33;33;10386;8005935;8005935%2021-12-25T17:57:00.000Z%,8002206,8003697,8002718,8002719,8002720,8001557,8004519,8002725,8002721,;426
2021-12-25T18:05:00.000Z;Übach-Palenberg;RB;RB 33;33;10337;8005935;8005935%2021-12-25T18:05:00.000Z%,8002806,8003395,8000404,8070704,8000001,;426
2021-12-25T18:05:00.000Z;Übach-Palenberg;RB;RB 33;33;10387;8005935;8005935%2021-12-25T18:05:00.000Z%,8002806,8003395,8000404,8070704,8000001,;426
2021-12-25T18:18:00.000Z;Übach-Palenberg;RE;RE 4;4;26428;8005935;8005935%2021-12-25T18:18:00.000Z%,8002806,8000404,8070704,8000001,;602
2021-12-25T18:43:00.000Z;Übach-Palenberg;RE;RE 4;4;26433;8005935;8005935%2021-12-25T18:43:00.000Z%,8002206,8003697,8000677,8001839,8000318,8000253,8000274,8001603,8006718,8000266,8006596,8006719,8000033,8001795,8000142,8006386,8000251,8000080,;602
2021-12-25T18:57:00.000Z;Übach-Palenberg;RB;RB 33;33;10338;8005935;8005935%2021-12-25T18:57:00.000Z%,8002206,8003697,8001113,8000677,8001839,8002784,8006391,8000318,8000253,8000174,8000584,8002027,8000211,8000212,8003426,8003427,8002941,8000317,8005065,8001605,8000086,8000687,8000259,8001898,8000098,;426
2021-12-25T18:57:00.000Z;Übach-Palenberg;RB;RB 33;33;10388;8005935;8005935%2021-12-25T18:57:00.000Z%,8002206,8003697,8002718,8002719,8002720,8001557,8004519,8002725,8002721,;426
2021-12-25T19:05:00.000Z;Übach-Palenberg;RB;RB 33;33;10339;8005935;8005935%2021-12-25T19:05:00.000Z%,8002806,8003395,8000404,8070704,8000001,;426
2021-12-25T19:05:00.000Z;Übach-Palenberg;RB;RB 33;33;10389;8005935;8005935%2021-12-25T19:05:00.000Z%,8002806,8003395,8000404,8070704,8000001,;426
2021-12-25T19:18:00.000Z;Übach-Palenberg;RE;RE 4;4;26430;8005935;8005935%2021-12-25T19:18:00.000Z%,8002806,8000404,8070704,8000001,;602
2021-12-25T19:43:00.000Z;Übach-Palenberg;RE;RE 4;4;26435;8005935;8005935%2021-12-25T19:43:00.000Z%,8002206,8003697,8000677,8001839,8000318,8000253,8000274,8001603,8006718,8000266,8006596,8006719,8000033,8001795,8000142,8006386,8000251,8000080,;602
2021-12-25T19:57:00.000Z;Übach-Palenberg;RB;RB 33;33;10340;8005935;8005935%2021-12-25T19:57:00.000Z%,8002206,8003697,8001113,8000677,8001839,8002784,8006391,8000318,8000253,8000174,8000584,8002027,8000211,8000212,8003426,8003427,8002941,8000317,8005065,8001605,8000086,8000687,8000259,8001898,8000098,;426
2021-12-25T19:57:00.000Z;Übach-Palenberg;RB;RB 33;33;10390;8005935;8005935%2021-12-25T19:57:00.000Z%,8002206,8003697,8002718,8002719,8002720,8001557,8004519,8002725,8002721,;426
2021-12-25T20:05:00.000Z;Übach-Palenberg;RB;RB 33;33;10341;8005935;8005935%2021-12-25T20:05:00.000Z%,8002806,8003395,8000404,8070704,8000001,;426
2021-12-25T20:05:00.000Z;Übach-Palenberg;RB;RB 33;33;10391;8005935;8005935%2021-12-25T20:05:00.000Z%,8002806,8003395,8000404,8070704,8000001,;426
2021-12-25T20:18:00.000Z;Übach-Palenberg;RE;RE 4;4;26432;8005935;8005935%2021-12-25T20:18:00.000Z%,8002806,8000404,8070704,8000001,;602
2021-12-24T20:40:00.000Z;Überlingen-Nußdorf;RB;RB 31;31;17792;8005943;8005943%2021-12-24T20:41:00.000Z%1,8005942,8005937,8005582,8003764,8000880,;426
2021-12-24T21:51:00.000Z;Überlingen-Nußdorf;RB;RB 31;31;17897;8005943;8005943%2021-12-24T21:51:00.000Z%,8004595,8004029,8000909,8003871,8003345,8002111,8003850,8002122,8000112,;426
2021-12-24T22:12:00.000Z;Überlingen-Nußdorf;RB;RB 31;31;17794;8005943;8005943%2021-12-24T22:12:00.000Z%,8005942,8005937,8005582,8003764,8077773,8000880,;426
2021-12-24T23:06:00.000Z;Überlingen-Nußdorf;RB;RB 31;31;17796;8005943;8005943%2021-12-24T23:06:00.000Z%,8005942,8005937,8005582,8003764,8000880,8000073,;426
2021-12-24T23:18:00.000Z;Überlingen-Nußdorf;RB;RB 31;31;17799;8005943;8005943%2021-12-24T23:18:00.000Z%,8004595,8004029,8000909,8003871,8003345,8002111,8003850,8002122,8000112,;426
2021-12-25T05:08:00.000Z;Überlingen-Nußdorf;RB;RB 31;31;17755;8005943;8005943%2021-12-25T05:08:00.000Z%,8004595,8004029,8000909,8003871,8003345,8002111,8003850,8002122,8000112,;426
2021-12-25T05:17:00.000Z;Überlingen-Nußdorf;RB;RB 31;31;17754;8005943;8005943%2021-12-25T05:17:00.000Z%,8005942,8005937,8005582,8003764,8077773,8000880,;426
2021-12-25T05:52:00.000Z;Überlingen-Nußdorf;RB;RB 31;31;17757;8005943;8005943%2021-12-25T05:52:00.000Z%,8004595,8004029,8000909,8003871,8003345,8002111,8003850,8002122,8000112,;426
2021-12-25T06:33:00.000Z;Überlingen-Nußdorf;RB;RB 31;31;17760;8005943;8005943%2021-12-25T06:33:00.000Z%,8005942,8005937,8005582,8003764,8000880,;426
2021-12-25T07:17:00.000Z;Überlingen-Nußdorf;RB;RB 31;31;17763;8005943;8005943%2021-12-25T07:17:00.000Z%,8004595,8004029,8000909,8003871,8003345,8002111,8003850,8002122,8000112,;426
2021-12-25T07:38:00.000Z;Überlingen-Nußdorf;RB;RB 31;31;17744;8005943;8005943%2021-12-25T07:38:00.000Z%,8005942,8005937,8005582,8003764,8000880,;426
2021-12-25T08:17:00.000Z;Überlingen-Nußdorf;RB;RB 31;31;17767;8005943;8005943%2021-12-25T08:17:00.000Z%,8004595,8004029,8000909,8003871,8003345,8002111,8003850,8002122,8000112,;426
2021-12-25T08:38:00.000Z;Überlingen-Nußdorf;RB;RB 31;31;17766;8005943;8005943%2021-12-25T08:38:00.000Z%,8005942,8005937,8005582,8003764,8000880,;426
2021-12-25T09:17:00.000Z;Überlingen-Nußdorf;RB;RB 31;31;17769;8005943;8005943%2021-12-25T09:17:00.000Z%,8004595,8004029,8000909,8003871,8003345,8002111,8003850,8002122,8000112,;426
2021-12-25T09:38:00.000Z;Überlingen-Nußdorf;RB;RB 31;31;17768;8005943;8005943%2021-12-25T09:38:00.000Z%,8005942,8005937,8005582,8003764,8000880,;426
2021-12-25T10:17:00.000Z;Überlingen-Nußdorf;RB;RB 31;31;17771;8005943;8005943%2021-12-25T10:17:00.000Z%,8004595,8004029,8000909,8003871,8003345,8002111,8003850,8002122,8000112,;426
2021-12-25T10:38:00.000Z;Überlingen-Nußdorf;RB;RB 31;31;17770;8005943;8005943%2021-12-25T10:38:00.000Z%,8005942,8005937,8005582,8003764,8000880,;426
2021-12-25T11:17:00.000Z;Überlingen-Nußdorf;RB;RB 31;31;17773;8005943;8005943%2021-12-25T11:17:00.000Z%,8004595,8004029,8000909,8003871,8003345,8002111,8003850,8002122,8000112,;426
2021-12-25T11:38:00.000Z;Überlingen-Nußdorf;RB;RB 31;31;17772;8005943;8005943%2021-12-25T11:38:00.000Z%,8005942,8005937,8005582,8003764,8000880,;426
2021-12-25T12:17:00.000Z;Überlingen-Nußdorf;RB;RB 31;31;17775;8005943;8005943%2021-12-25T12:17:00.000Z%,8004595,8004029,8000909,8003871,8003345,8002111,8003850,8002122,8000112,;426
2021-12-25T12:38:00.000Z;Überlingen-Nußdorf;RB;RB 31;31;17774;8005943;8005943%2021-12-25T12:38:00.000Z%,8005942,8005937,8005582,8003764,8000880,;426
2021-12-25T13:17:00.000Z;Überlingen-Nußdorf;RB;RB 31;31;17777;8005943;8005943%2021-12-25T13:17:00.000Z%,8004595,8004029,8000909,8003871,8003345,8002111,8003850,8002122,8000112,;426
2021-12-25T13:38:00.000Z;Überlingen-Nußdorf;RB;RB 31;31;17776;8005943;8005943%2021-12-25T13:38:00.000Z%,8005942,8005937,8005582,8003764,8000880,;426
2021-12-25T14:17:00.000Z;Überlingen-Nußdorf;RB;RB 31;31;17781;8005943;8005943%2021-12-25T14:17:00.000Z%,8004595,8004029,8000909,8003871,8003345,8002111,8003850,8002122,8000112,;426
2021-12-25T14:38:00.000Z;Überlingen-Nußdorf;RB;RB 31;31;17778;8005943;8005943%2021-12-25T14:38:00.000Z%,8005942,8005937,8005582,8003764,8000880,;426
2021-12-25T15:17:00.000Z;Überlingen-Nußdorf;RB;RB 31;31;17783;8005943;8005943%2021-12-25T15:17:00.000Z%,8004595,8004029,8000909,8003871,8003345,8002111,8003850,8002122,8000112,;426
2021-12-25T15:38:00.000Z;Überlingen-Nußdorf;RB;RB 31;31;17780;8005943;8005943%2021-12-25T15:38:00.000Z%,8005942,8005937,8005582,8003764,8000880,;426
2021-12-25T16:17:00.000Z;Überlingen-Nußdorf;RB;RB 31;31;17787;8005943;8005943%2021-12-25T16:17:00.000Z%,8004595,8004029,8000909,8003871,8003345,8002111,8003850,8002122,8000112,;426
2021-12-25T16:38:00.000Z;Überlingen-Nußdorf;RB;RB 31;31;17782;8005943;8005943%2021-12-25T16:38:00.000Z%,8005942,8005937,8005582,8003764,8000880,;426
2021-12-25T17:17:00.000Z;Überlingen-Nußdorf;RB;RB 31;31;17789;8005943;8005943%2021-12-25T17:17:00.000Z%,8004595,8004029,8000909,8003871,8003345,8002111,8003850,8002122,8000112,8003733,8002120,8003220,8003930,8004605,8006296,8004965,8087067,8004363,8004049,8000014,8000559,8005301,8002760,8000160,8003969,8005568,8000069,;426
2021-12-25T17:38:00.000Z;Überlingen-Nußdorf;RB;RB 31;31;17786;8005943;8005943%2021-12-25T17:38:00.000Z%,8005942,8005937,8005582,8003764,8000880,;426
2021-12-25T18:17:00.000Z;Überlingen-Nußdorf;RB;RB 31;31;17793;8005943;8005943%2021-12-25T18:17:00.000Z%,8004595,8004029,8000909,8003871,8003345,8002111,8003850,8002122,8000112,;426
2021-12-25T18:38:00.000Z;Überlingen-Nußdorf;RB;RB 31;31;17788;8005943;8005943%2021-12-25T18:38:00.000Z%,8005942,8005937,8005582,8003764,8000880,;426
2021-12-25T19:17:00.000Z;Überlingen-Nußdorf;RB;RB 31;31;17795;8005943;8005943%2021-12-25T19:17:00.000Z%,8004595,8004029,8000909,8003871,8003345,8002111,8003850,8002122,8000112,;426
2021-12-25T19:38:00.000Z;Überlingen-Nußdorf;RB;RB 31;31;17790;8005943;8005943%2021-12-25T19:38:00.000Z%,8005942,8005937,8005582,8003764,8000880,;426
2021-12-25T20:17:00.000Z;Überlingen-Nußdorf;RB;RB 31;31;17797;8005943;8005943%2021-12-25T20:17:00.000Z%,8004595,8004029,8000909,8003871,8003345,8002111,8003850,8002122,8000112,;426
2021-12-24T20:22:00.000Z;Ürzig(DB);RB;RB 81;81;12131;8005945;8005945%2021-12-24T20:22:00.000Z%0,8000870,8001267,8004223,8001666,8001340,8003344,8004859,8003179,8004101,8004096,8002643,8003723,8003211,8003611,8003350,8006481,8002454,8003354,8000206,;426
2021-12-24T20:37:00.000Z;Ürzig(DB);RB;RB 81;81;12128;8005945;8005945%2021-12-24T20:37:00.000Z%0,8000379,8005260,8005510,8002817,8002018,8005476,8004910,8001688,8000370,8004784,8000134,8005905,8000402,8003403,8006222,8004514,8005835,8006315,8004438,8006463,8006252,8004748,8004236,8000923,8004771,;426
2021-12-24T21:22:00.000Z;Ürzig(DB);RB;RB 81;81;12133;8005945;8005945%2021-12-24T21:23:00.000Z%1,8000870,8001267,8004223,8001666,8001340,8003344,8004859,8003179,8004101,8004096,8002643,8003723,8003211,8003611,8003350,8006481,8002454,8003354,8000206,;426
2021-12-24T21:37:00.000Z;Ürzig(DB);RB;RB 81;81;12130;8005945;8005945%2021-12-24T21:37:00.000Z%0,8000379,8005260,8005510,8002817,8002018,8005476,8004910,8001688,8000370,8004784,8000134,;426
2021-12-24T22:37:00.000Z;Ürzig(DB);RB;RB 81;81;12132;8005945;8005945%2021-12-24T22:37:00.000Z%,8000379,8005260,8005510,8002817,8002018,8005476,8004910,8001688,8000370,8004784,8000134,;426
2021-12-25T05:15:00.000Z;Ürzig(DB);RB;RB 82;82;12178;8005945;8005945%2021-12-25T05:15:00.000Z%,8000379,8005260,8005510,8002817,8002018,8005476,8004910,8001688,8000370,8004784,8000134,8005905,8000402,8003403,8006222,8004514,8005835,8006315,8004438,8006463,;426
2021-12-25T06:37:00.000Z;Ürzig(DB);RB;RB 81;81;12100;8005945;8005945%2021-12-25T06:37:00.000Z%,8000379,8005260,8005510,8002817,8002018,8005476,8004910,8001688,8000370,8004784,8000134,;426
2021-12-25T07:22:00.000Z;Ürzig(DB);RB;RB 81;81;12105;8005945;8005945%2021-12-25T07:22:00.000Z%,8000870,8001267,8004223,8001666,8001340,8003344,8004859,8003179,8004101,8004096,8002643,8003723,8003211,8003611,8003350,8006481,8002454,8003354,8000206,;426
2021-12-25T07:37:00.000Z;Ürzig(DB);RB;RB 81;81;12102;8005945;8005945%2021-12-25T07:37:00.000Z%,8000379,8005260,8005510,8002817,8002018,8005476,8004910,8001688,8000370,8004784,8000134,;426
2021-12-25T08:22:00.000Z;Ürzig(DB);RB;RB 81;81;12107;8005945;8005945%2021-12-25T08:22:00.000Z%,8000870,8001267,8004223,8001666,8001340,8003344,8004859,8003179,8004101,8004096,8002643,8003723,8003211,8003611,8003350,8006481,8002454,8003354,8000206,;426
2021-12-25T08:37:00.000Z;Ürzig(DB);RB;RB 81;81;12104;8005945;8005945%2021-12-25T08:37:00.000Z%,8000379,8005260,8005510,8002817,8002018,8005476,8004910,8001688,8000370,8004784,8000134,;426
2021-12-25T09:22:00.000Z;Ürzig(DB);RB;RB 81;81;12109;8005945;8005945%2021-12-25T09:22:00.000Z%,8000870,8001267,8004223,8001666,8001340,8003344,8004859,8003179,8004101,8004096,8002643,8003723,8003211,8003611,8003350,8006481,8002454,8003354,8000206,;426
2021-12-25T09:37:00.000Z;Ürzig(DB);RB;RB 81;81;12106;8005945;8005945%2021-12-25T09:37:00.000Z%,8000379,8005260,8005510,8002817,8002018,8005476,8004910,8001688,8000370,8004784,8000134,;426
2021-12-25T10:22:00.000Z;Ürzig(DB);RB;RB 81;81;12111;8005945;8005945%2021-12-25T10:22:00.000Z%,8000870,8001267,8004223,8001666,8001340,8003344,8004859,8003179,8004101,8004096,8002643,8003723,8003211,8003611,8003350,8006481,8002454,8003354,8000206,;426
2021-12-25T10:37:00.000Z;Ürzig(DB);RB;RB 81;81;12108;8005945;8005945%2021-12-25T10:37:00.000Z%,8000379,8005260,8005510,8002817,8002018,8005476,8004910,8001688,8000370,8004784,8000134,;426
2021-12-25T11:22:00.000Z;Ürzig(DB);RB;RB 81;81;12113;8005945;8005945%2021-12-25T11:22:00.000Z%,8000870,8001267,8004223,8001666,8001340,8003344,8004859,8003179,8004101,8004096,8002643,8003723,8003211,8003611,8003350,8006481,8002454,8003354,8000206,;426
2021-12-25T11:37:00.000Z;Ürzig(DB);RB;RB 81;81;12110;8005945;8005945%2021-12-25T11:37:00.000Z%,8000379,8005260,8005510,8002817,8002018,8005476,8004910,8001688,8000370,8004784,8000134,;426
2021-12-25T12:22:00.000Z;Ürzig(DB);RB;RB 81;81;12115;8005945;8005945%2021-12-25T12:22:00.000Z%,8000870,8001267,8004223,8001666,8001340,8003344,8004859,8003179,8004101,8004096,8002643,8003723,8003211,8003611,8003350,8006481,8002454,8003354,8000206,;426
2021-12-25T12:38:00.000Z;Ürzig(DB);RB;RB 81;81;12112;8005945;8005945%2021-12-25T12:38:00.000Z%,8000379,8005260,8005510,8002817,8002018,8005476,8004910,8001688,8000370,8004784,8000134,;426
2021-12-25T13:22:00.000Z;Ürzig(DB);RB;RB 81;81;12117;8005945;8005945%2021-12-25T13:22:00.000Z%,8000870,8001267,8004223,8001666,8001340,8003344,8004859,8003179,8004101,8004096,8002643,8003723,8003211,8003611,8003350,8006481,8002454,8003354,8000206,;426
2021-12-25T13:40:00.000Z;Ürzig(DB);RB;RB 81;81;12114;8005945;8005945%2021-12-25T13:40:00.000Z%,8000379,8005260,8005510,8002817,8002018,8005476,8004910,8001688,8000370,8004784,8000134,;426
2021-12-25T14:22:00.000Z;Ürzig(DB);RB;RB 81;81;12119;8005945;8005945%2021-12-25T14:22:00.000Z%,8000870,8001267,8004223,8001666,8001340,8003344,8004859,8003179,8004101,8004096,8002643,8003723,8003211,8003611,8003350,8006481,8002454,8003354,8000206,;426
2021-12-25T14:37:00.000Z;Ürzig(DB);RB;RB 81;81;12116;8005945;8005945%2021-12-25T14:37:00.000Z%,8000379,8005260,8005510,8002817,8002018,8005476,8004910,8001688,8000370,8004784,8000134,;426
2021-12-25T15:22:00.000Z;Ürzig(DB);RB;RB 81;81;12121;8005945;8005945%2021-12-25T15:22:00.000Z%,8000870,8001267,8004223,8001666,8001340,8003344,8004859,8003179,8004101,8004096,8002643,8003723,8003211,8003611,8003350,8006481,8002454,8003354,8000206,;426
2021-12-25T15:37:00.000Z;Ürzig(DB);RB;RB 81;81;12118;8005945;8005945%2021-12-25T15:37:00.000Z%,8000379,8005260,8005510,8002817,8002018,8005476,8004910,8001688,8000370,8004784,8000134,;426
2021-12-25T16:22:00.000Z;Ürzig(DB);RB;RB 81;81;12123;8005945;8005945%2021-12-25T16:22:00.000Z%,8000870,8001267,8004223,8001666,8001340,8003344,8004859,8003179,8004101,8004096,8002643,8003723,8003211,8003611,8003350,8006481,8002454,8003354,8000206,;426
2021-12-25T16:37:00.000Z;Ürzig(DB);RB;RB 81;81;12120;8005945;8005945%2021-12-25T16:37:00.000Z%,8000379,8005260,8005510,8002817,8002018,8005476,8004910,8001688,8000370,8004784,8000134,;426
2021-12-25T17:22:00.000Z;Ürzig(DB);RB;RB 81;81;12125;8005945;8005945%2021-12-25T17:22:00.000Z%,8000870,8001267,8004223,8001666,8001340,8003344,8004859,8003179,8004101,8004096,8002643,8003723,8003211,8003611,8003350,8006481,8002454,8003354,8000206,;426
2021-12-25T17:37:00.000Z;Ürzig(DB);RB;RB 81;81;12122;8005945;8005945%2021-12-25T17:37:00.000Z%,8000379,8005260,8005510,8002817,8002018,8005476,8004910,8001688,8000370,8004784,8000134,;426
2021-12-25T18:22:00.000Z;Ürzig(DB);RB;RB 81;81;12127;8005945;8005945%2021-12-25T18:22:00.000Z%,8000870,8001267,8004223,8001666,8001340,8003344,8004859,8003179,8004101,8004096,8002643,8003723,8003211,8003611,8003350,8006481,8002454,8003354,8000206,;426
2021-12-25T18:37:00.000Z;Ürzig(DB);RB;RB 81;81;12124;8005945;8005945%2021-12-25T18:37:00.000Z%,8000379,8005260,8005510,8002817,8002018,8005476,8004910,8001688,8000370,8004784,8000134,;426
2021-12-25T19:22:00.000Z;Ürzig(DB);RB;RB 81;81;12129;8005945;8005945%2021-12-25T19:22:00.000Z%,8000870,8001267,8004223,8001666,8001340,8003344,8004859,8003179,8004101,8004096,8002643,8003723,8003211,8003611,8003350,8006481,8002454,8003354,8000206,;426
2021-12-25T19:37:00.000Z;Ürzig(DB);RB;RB 81;81;12126;8005945;8005945%2021-12-25T19:37:00.000Z%,8000379,8005260,8005510,8002817,8002018,8005476,8004910,8001688,8000370,8004784,8000134,;426
2021-12-24T20:41:00.000Z;Uffenheim;RB;RB 80;80;58144;8005947;8005947%2021-12-24T20:41:00.000Z%0,8003881,8000818,8002333,8006488,8006582,8000260,;426
2021-12-24T21:14:00.000Z;Uffenheim;RB;RB 80;80;58145;8005947;8005947%2021-12-24T21:15:00.000Z%1,8000091,8001278,8004521,8000009,8005907,8000534,8000385,8000122,;426
2021-12-24T22:37:00.000Z;Uffenheim;RB;RB 80;80;58149;8005947;8005947%2021-12-24T22:37:00.000Z%,8000091,8001278,8004521,8000009,8005907,8000534,8000385,8000122,;426
2021-12-24T22:41:00.000Z;Uffenheim;RB;RB 80;80;58148;8005947;8005947%2021-12-24T22:41:00.000Z%,8003881,8000818,8002333,8006488,8006582,8000260,;426
2021-12-25T05:05:00.000Z;Uffenheim;RB;RB 80;80;58107;8005947;8005947%2021-12-25T05:05:00.000Z%,8000091,8001278,8004521,8000009,8005907,8000534,8000385,8000122,;426
2021-12-25T05:09:00.000Z;Uffenheim;RB;RB 80;80;58104;8005947;8005947%2021-12-25T05:09:00.000Z%,8003881,8000818,8002333,8006488,8006582,8000260,;426
2021-12-25T06:14:00.000Z;Uffenheim;RB;RB 80;80;58113;8005947;8005947%2021-12-25T06:14:00.000Z%,8000091,8001278,8004521,8000009,8005907,8000534,8000385,8000122,;426
2021-12-25T06:41:00.000Z;Uffenheim;RB;RB 80;80;58112;8005947;8005947%2021-12-25T06:41:00.000Z%,8003881,8000818,8002333,8006488,8006582,8000260,;426
2021-12-25T07:14:00.000Z;Uffenheim;RB;RB 80;80;58115;8005947;8005947%2021-12-25T07:14:00.000Z%,8000091,8001278,8004521,8000009,8005907,8000534,8000385,8000122,;426
2021-12-25T07:41:00.000Z;Uffenheim;RB;RB 80;80;58116;8005947;8005947%2021-12-25T07:41:00.000Z%,8003881,8000818,8002333,8006488,8006582,8000260,;426
2021-12-25T08:16:00.000Z;Uffenheim;RB;RB 80;80;58117;8005947;8005947%2021-12-25T08:16:00.000Z%,8000091,8001278,8004521,8000009,8005907,8000534,8000385,8000122,;426
2021-12-25T08:41:00.000Z;Uffenheim;RB;RB 80;80;58118;8005947;8005947%2021-12-25T08:41:00.000Z%,8003881,8000818,8002333,8006488,8006582,8000260,;426
2021-12-25T09:14:00.000Z;Uffenheim;RB;RB 80;80;58119;8005947;8005947%2021-12-25T09:14:00.000Z%,8000091,8001278,8004521,8000009,8005907,8000534,8000385,8000122,;426
2021-12-25T09:40:00.000Z;Uffenheim;RB;RB 80;80;58120;8005947;8005947%2021-12-25T09:40:00.000Z%,8003881,8000818,8002333,8006488,8006582,8000260,;426
2021-12-25T10:14:00.000Z;Uffenheim;RB;RB 80;80;58121;8005947;8005947%2021-12-25T10:14:00.000Z%,8000091,8001278,8004521,8000009,8005907,8000534,8000385,8000122,;426
2021-12-25T10:41:00.000Z;Uffenheim;RB;RB 80;80;58122;8005947;8005947%2021-12-25T10:41:00.000Z%,8003881,8000818,8002333,8006488,8006582,8000260,;426
2021-12-25T11:14:00.000Z;Uffenheim;RB;RB 80;80;58109;8005947;8005947%2021-12-25T11:14:00.000Z%,8000091,8001278,8004521,8000009,8005907,8000534,8000385,8000122,;426
2021-12-25T11:41:00.000Z;Uffenheim;RB;RB 80;80;58124;8005947;8005947%2021-12-25T11:41:00.000Z%,8003881,8000818,8002333,8006488,8006582,8000260,;426
2021-12-25T12:16:00.000Z;Uffenheim;RB;RB 80;80;58125;8005947;8005947%2021-12-25T12:16:00.000Z%,8000091,8001278,8004521,8000009,8005907,8000534,8000385,8000122,;426
2021-12-25T12:41:00.000Z;Uffenheim;RB;RB 80;80;58126;8005947;8005947%2021-12-25T12:41:00.000Z%,8003881,8000818,8002333,8006488,8006582,8000260,;426
2021-12-25T13:14:00.000Z;Uffenheim;RB;RB 80;80;58127;8005947;8005947%2021-12-25T13:14:00.000Z%,8000091,8001278,8004521,8000009,8005907,8000534,8000385,8000122,;426
2021-12-25T13:40:00.000Z;Uffenheim;RB;RB 80;80;58130;8005947;8005947%2021-12-25T13:40:00.000Z%,8003881,8000818,8002333,8006488,8006582,8000260,;426
2021-12-25T14:14:00.000Z;Uffenheim;RB;RB 80;80;58129;8005947;8005947%2021-12-25T14:14:00.000Z%,8000091,8001278,8004521,8000009,8005907,8000534,8000385,8000122,;426
2021-12-25T14:41:00.000Z;Uffenheim;RB;RB 80;80;58132;8005947;8005947%2021-12-25T14:41:00.000Z%,8003881,8000818,8002333,8006488,8006582,8000260,;426
2021-12-25T15:14:00.000Z;Uffenheim;RB;RB 80;80;58133;8005947;8005947%2021-12-25T15:14:00.000Z%,8000091,8001278,8004521,8000009,8005907,8000534,8000385,8000122,;426
2021-12-25T15:39:00.000Z;Uffenheim;RB;RB 80;80;58134;8005947;8005947%2021-12-25T15:39:00.000Z%,8003881,8000818,8002333,8006488,8006582,8000260,;426
2021-12-25T16:16:00.000Z;Uffenheim;RB;RB 80;80;58135;8005947;8005947%2021-12-25T16:16:00.000Z%,8000091,8001278,8004521,8000009,8005907,8000534,8000385,8000122,;426
2021-12-25T16:42:00.000Z;Uffenheim;RB;RB 80;80;58136;8005947;8005947%2021-12-25T16:42:00.000Z%,8003881,8000818,8002333,8006488,8006582,8000260,;426
2021-12-25T17:14:00.000Z;Uffenheim;RB;RB 80;80;58137;8005947;8005947%2021-12-25T17:14:00.000Z%,8000091,8001278,8004521,8000009,8005907,8000534,8000385,8000122,;426
2021-12-25T17:40:00.000Z;Uffenheim;RB;RB 80;80;58138;8005947;8005947%2021-12-25T17:40:00.000Z%,8003881,8000818,8002333,8006488,8006582,8000260,;426
2021-12-25T18:14:00.000Z;Uffenheim;RB;RB 80;80;58139;8005947;8005947%2021-12-25T18:14:00.000Z%,8000091,8001278,8004521,8000009,8005907,8000534,8000385,8000122,;426
2021-12-25T18:41:00.000Z;Uffenheim;RB;RB 80;80;58140;8005947;8005947%2021-12-25T18:41:00.000Z%,8003881,8000818,8002333,8006488,8006582,8000260,;426
2021-12-25T19:14:00.000Z;Uffenheim;RB;RB 80;80;58141;8005947;8005947%2021-12-25T19:14:00.000Z%,8000091,8001278,8004521,8000009,8005907,8000534,8000385,8000122,;426
2021-12-25T19:41:00.000Z;Uffenheim;RB;RB 80;80;58142;8005947;8005947%2021-12-25T19:41:00.000Z%,8003881,8000818,8002333,8006488,8006582,8000260,;426
2021-12-25T20:14:00.000Z;Uffenheim;RB;RB 80;80;58143;8005947;8005947%2021-12-25T20:14:00.000Z%,8000091,8001278,8004521,8000009,8005907,8000534,8000385,8000122,;426
2021-12-24T22:29:00.000Z;Ulm-Söflingen;RB;RB 55;55;3236;8005955;8005955%2021-12-24T22:29:00.000Z%,8001015,8002789,8002242,8001013,8005333,8005379,8000499,8001684,8005195,8004182,8005087,8000160,8003969,8005568,8000069,;426
2021-12-25T05:34:00.000Z;Ulm-Söflingen;RB;RB 55;55;3243;8005955;8005955%2021-12-25T05:34:00.000Z%,8000170,;426
2021-12-24T22:41:00.000Z;Undorf;RE;RE 50;50;59494;8005966;8005966%2021-12-24T22:41:00.000Z%,8001430,8003485,8000882,8003921,8004755,8005543,8000822,8001400,8004305,8000284,;602
2021-12-25T07:31:00.000Z;Undorf;RE;RE 50;50;4855;8005966;8005966%2021-12-25T07:31:00.000Z%,8000309,8001679,8000688,8001835,8000217,8004084,8002078,8000261,;602
2021-12-25T16:27:00.000Z;Undorf;RE;RE 50;50;4860;8005966;8005966%2021-12-25T16:27:00.000Z%,8000882,8004755,8004305,8000284,;602
2021-12-24T20:28:00.000Z;Unkel;RB;RB 27;27;10634;8005970;8005970%2021-12-24T20:28:00.000Z%0,8000713,8005074,8003386,8004366,8001086,8001083,8003966,8002104,8000135,8003330,8003368,8000207,8000208,8004898,8005746,8005159,8000133,8003130,8000390,8005073,8000318,8000253,;426
2021-12-24T20:30:00.000Z;Unkel;RB;RB 27;27;10637;8005970;8005970%2021-12-24T22:01:00.000Z%91,8001858,8003708,8003660,8000711,8005062,8003665,8000276,8003341,8000206,;426
2021-12-24T20:55:00.000Z;Unkel;RE;RE 8;8;10835;8005970;8005970%2021-12-24T20:58:00.000Z%3,8003708,8000711,8005062,8000276,8006036,8003352,8003341,8000206,;602
2021-12-24T20:58:00.000Z;Unkel;RE;RE 8;8;10840;8005970;8005970%2021-12-24T20:58:00.000Z%0,8000713,8005074,8003386,8004366,8001086,8001083,8003966,8002104,8000135,8004869,8003368,8000207,8000208,8004898,8005746,8005159,;602
2021-12-24T21:28:00.000Z;Unkel;RB;RB 27;27;10636;8005970;8005970%2021-12-24T21:28:00.000Z%0,8000713,8005074,8003386,8004366,8001086,8001083,8003966,8002104,8000135,8003330,8003368,8000207,8000208,8004898,8005746,8005159,8000133,8003130,8000390,8005073,8000318,8000253,;426
2021-12-24T21:30:00.000Z;Unkel;RB;RB 27;27;10639;8005970;8005970%2021-12-24T21:31:00.000Z%1,8001858,8003708,8003660,8000711,8005062,8003665,8000276,8003341,8000206,;426
2021-12-24T21:55:00.000Z;Unkel;RE;RE 8;8;10837;8005970;8005970%2021-12-24T21:55:00.000Z%0,8003708,8000711,8005062,8000276,8006036,8003352,8003341,8000206,;602
2021-12-24T21:58:00.000Z;Unkel;RE;RE 8;8;10842;8005970;8005970%2021-12-24T21:58:00.000Z%,8000713,8005074,8003386,8004366,8001086,8001083,8003966,8002104,8000135,8004869,8003368,8000207,8000208,8004898,8005746,8005159,;602
2021-12-24T22:28:00.000Z;Unkel;RB;RB 27;27;10638;8005970;8005970%2021-12-24T22:28:00.000Z%,8000713,8005074,8003386,8004366,8001086,8001083,8003966,8002104,8000135,8003330,8003368,8000207,8000208,8004898,8005746,8005159,8000133,8003130,8000390,8005073,8000318,8000253,;426
2021-12-24T22:30:00.000Z;Unkel;RB;RB 27;27;10641;8005970;8005970%2021-12-24T22:31:00.000Z%1,8001858,8003708,8003660,8000711,8005062,8003665,8000276,8003341,8000206,;426
2021-12-24T22:55:00.000Z;Unkel;RE;RE 8;8;10839;8005970;8005970%2021-12-24T22:55:00.000Z%,8003708,;602
2021-12-24T23:28:00.000Z;Unkel;RB;RB 27;27;10640;8005970;8005970%2021-12-24T23:28:00.000Z%,8000713,8005074,8003386,8004366,8001086,8001083,8003966,8002104,8000135,8003330,8003368,8000207,8000208,8004898,8005746,8005159,8000133,8003130,8000390,8005073,8000318,8000253,;426
2021-12-24T23:30:00.000Z;Unkel;RB;RB 27;27;10643;8005970;8005970%2021-12-24T23:30:00.000Z%,8001858,8003708,8003660,8000711,8005062,8003665,8000276,8003341,8000206,;426
2021-12-24T23:55:00.000Z;Unkel;RE;RE 8;8;10841;8005970;8005970%2021-12-24T23:55:00.000Z%,8003708,;602
2021-12-25T00:28:00.000Z;Unkel;RB;RB 27;27;10642;8005970;8005970%2021-12-25T00:28:00.000Z%,8000713,8005074,8003386,8004366,8001086,8001083,8003966,8002104,8000135,8003330,8003368,8000207,;426
2021-12-25T00:30:00.000Z;Unkel;RB;RB 27;27;10645;8005970;8005970%2021-12-25T00:30:00.000Z%,8001858,8003708,8003660,8000711,8005062,8003665,8000276,8003341,8000206,;426
2021-12-25T01:28:00.000Z;Unkel;RB;RB 27;27;10644;8005970;8005970%2021-12-25T01:28:00.000Z%,8000713,8005074,8003386,8004366,8001086,8001083,8003966,8002104,8000135,8003330,8003368,8000207,;426
2021-12-25T01:30:00.000Z;Unkel;RB;RB 27;27;10647;8005970;8005970%2021-12-25T01:30:00.000Z%,8001858,8003708,;426
2021-12-25T02:30:00.000Z;Unkel;RB;RB 27;27;10649;8005970;8005970%2021-12-25T02:30:00.000Z%,8001858,8003708,;426
2021-12-25T05:28:00.000Z;Unkel;RB;RB 27;27;10604;8005970;8005970%2021-12-25T05:28:00.000Z%,8000713,8005074,8003386,8004366,8001086,8001083,8003966,8002104,8000135,8003330,8003368,8000207,8000208,8004898,8005746,8005159,8000133,8003130,8000390,8005073,8000318,8000253,;426
2021-12-25T05:58:00.000Z;Unkel;RE;RE 8;8;10808;8005970;8005970%2021-12-25T05:58:00.000Z%,8000713,8005074,8003386,8004366,8001086,8001083,8003966,8002104,8000135,8004869,8003368,8000207,8000208,8004898,8005746,8005159,;602
2021-12-25T06:28:00.000Z;Unkel;RB;RB 27;27;10606;8005970;8005970%2021-12-25T06:28:00.000Z%,8000713,8005074,8003386,8004366,8001086,8001083,8003966,8002104,8000135,8003330,8003368,8000207,8000208,8004898,8005746,8005159,8000133,8003130,8000390,8005073,8000318,8000253,;426
2021-12-25T06:30:00.000Z;Unkel;RB;RB 27;27;10609;8005970;8005970%2021-12-25T06:30:00.000Z%,8001858,8003708,8003660,8000711,8005062,8003665,8000276,8003341,8000206,;426
2021-12-25T06:55:00.000Z;Unkel;RE;RE 8;8;10805;8005970;8005970%2021-12-25T06:55:00.000Z%,8003708,8000711,8005062,8000276,8006036,8003352,8003341,8000206,;602
2021-12-25T06:58:00.000Z;Unkel;RE;RE 8;8;10810;8005970;8005970%2021-12-25T06:58:00.000Z%,8000713,8005074,8003386,8004366,8001086,8001083,8003966,8002104,8000135,8004869,8003368,8000207,8000208,8004898,8005746,8005159,;602
2021-12-25T07:28:00.000Z;Unkel;RB;RB 27;27;10608;8005970;8005970%2021-12-25T07:28:00.000Z%,8000713,8005074,8003386,8004366,8001086,8001083,8003966,8002104,8000135,8003330,8003368,8000207,8000208,8004898,8005746,8005159,8000133,8003130,8000390,8005073,8000318,8000253,;426
2021-12-25T07:30:00.000Z;Unkel;RB;RB 27;27;10611;8005970;8005970%2021-12-25T07:30:00.000Z%,8001858,8003708,8003660,8000711,8005062,8003665,8000276,8003341,8000206,;426
2021-12-25T07:55:00.000Z;Unkel;RE;RE 8;8;10809;8005970;8005970%2021-12-25T07:55:00.000Z%,8003708,8000711,8005062,8000276,8006036,8003352,8003341,8000206,;602
2021-12-25T07:58:00.000Z;Unkel;RE;RE 8;8;10812;8005970;8005970%2021-12-25T07:58:00.000Z%,8000713,8005074,8003386,8004366,8001086,8001083,8003966,8002104,8000135,8004869,8003368,8000207,8000208,8004898,8005746,8005159,;602
2021-12-25T08:28:00.000Z;Unkel;RB;RB 27;27;10610;8005970;8005970%2021-12-25T08:28:00.000Z%,8000713,8005074,8003386,8004366,8001086,8001083,8003966,8002104,8000135,8003330,8003368,8000207,8000208,8004898,8005746,8005159,8000133,8003130,8000390,8005073,8000318,8000253,;426
2021-12-25T08:30:00.000Z;Unkel;RB;RB 27;27;10613;8005970;8005970%2021-12-25T08:30:00.000Z%,8001858,8003708,8003660,8000711,8005062,8003665,8000276,8003341,8000206,;426
2021-12-25T08:55:00.000Z;Unkel;RE;RE 8;8;10811;8005970;8005970%2021-12-25T08:55:00.000Z%,8003708,8000711,8005062,8000276,8006036,8003352,8003341,8000206,;602
2021-12-25T08:58:00.000Z;Unkel;RE;RE 8;8;10814;8005970;8005970%2021-12-25T08:58:00.000Z%,8000713,8005074,8003386,8004366,8001086,8001083,8003966,8002104,8000135,8004869,8003368,8000207,8000208,8004898,8005746,8005159,;602
2021-12-25T09:28:00.000Z;Unkel;RB;RB 27;27;10612;8005970;8005970%2021-12-25T09:28:00.000Z%,8000713,8005074,8003386,8004366,8001086,8001083,8003966,8002104,8000135,8003330,8003368,8000207,8000208,8004898,8005746,8005159,8000133,8003130,8000390,8005073,8000318,8000253,;426
2021-12-25T09:30:00.000Z;Unkel;RB;RB 27;27;10615;8005970;8005970%2021-12-25T09:30:00.000Z%,8001858,8003708,8003660,8000711,8005062,8003665,8000276,8003341,8000206,;426
2021-12-25T09:55:00.000Z;Unkel;RE;RE 8;8;10813;8005970;8005970%2021-12-25T09:55:00.000Z%,8003708,8000711,8005062,8000276,8006036,8003352,8003341,8000206,;602
2021-12-25T09:58:00.000Z;Unkel;RE;RE 8;8;10816;8005970;8005970%2021-12-25T09:58:00.000Z%,8000713,8005074,8003386,8004366,8001086,8001083,8003966,8002104,8000135,8004869,8003368,8000207,8000208,8004898,8005746,8005159,;602
2021-12-25T10:28:00.000Z;Unkel;RB;RB 27;27;10614;8005970;8005970%2021-12-25T10:28:00.000Z%,8000713,8005074,8003386,8004366,8001086,8001083,8003966,8002104,8000135,8003330,8003368,8000207,8000208,8004898,8005746,8005159,8000133,8003130,8000390,8005073,8000318,8000253,;426
2021-12-25T10:30:00.000Z;Unkel;RB;RB 27;27;10617;8005970;8005970%2021-12-25T10:30:00.000Z%,8001858,8003708,8003660,8000711,8005062,8003665,8000276,8003341,8000206,;426
2021-12-25T10:55:00.000Z;Unkel;RE;RE 8;8;10815;8005970;8005970%2021-12-25T10:55:00.000Z%,8003708,8000711,8005062,8000276,8006036,8003352,8003341,8000206,;602
2021-12-25T10:58:00.000Z;Unkel;RE;RE 8;8;10818;8005970;8005970%2021-12-25T10:58:00.000Z%,8000713,8005074,8003386,8004366,8001086,8001083,8003966,8002104,8000135,8004869,8003368,8000207,8000208,8004898,8005746,8005159,;602
2021-12-25T11:28:00.000Z;Unkel;RB;RB 27;27;10616;8005970;8005970%2021-12-25T11:28:00.000Z%,8000713,8005074,8003386,8004366,8001086,8001083,8003966,8002104,8000135,8003330,8003368,8000207,8000208,8004898,8005746,8005159,8000133,8003130,8000390,8005073,8000318,8000253,;426
2021-12-25T11:30:00.000Z;Unkel;RB;RB 27;27;10619;8005970;8005970%2021-12-25T11:30:00.000Z%,8001858,8003708,8003660,8000711,8005062,8003665,8000276,8003341,8000206,;426
2021-12-25T11:55:00.000Z;Unkel;RE;RE 8;8;10817;8005970;8005970%2021-12-25T11:55:00.000Z%,8003708,8000711,8005062,8000276,8006036,8003352,8003341,8000206,;602
2021-12-25T11:58:00.000Z;Unkel;RE;RE 8;8;10820;8005970;8005970%2021-12-25T11:58:00.000Z%,8000713,8005074,8003386,8004366,8001086,8001083,8003966,8002104,8000135,8004869,8003368,8000207,8000208,8004898,8005746,8005159,;602
2021-12-25T12:28:00.000Z;Unkel;RB;RB 27;27;10618;8005970;8005970%2021-12-25T12:28:00.000Z%,8000713,8005074,8003386,8004366,8001086,8001083,8003966,8002104,8000135,8003330,8003368,8000207,8000208,8004898,8005746,8005159,8000133,8003130,8000390,8005073,8000318,8000253,;426
2021-12-25T12:30:00.000Z;Unkel;RB;RB 27;27;10621;8005970;8005970%2021-12-25T12:30:00.000Z%,8001858,8003708,8003660,8000711,8005062,8003665,8000276,8003341,8000206,;426
2021-12-25T12:55:00.000Z;Unkel;RE;RE 8;8;10819;8005970;8005970%2021-12-25T12:55:00.000Z%,8003708,8000711,8005062,8000276,8006036,8003352,8003341,8000206,;602
2021-12-25T12:58:00.000Z;Unkel;RE;RE 8;8;10822;8005970;8005970%2021-12-25T12:58:00.000Z%,8000713,8005074,8003386,8004366,8001086,8001083,8003966,8002104,8000135,8004869,8003368,8000207,8000208,8004898,8005746,8005159,;602
2021-12-25T13:28:00.000Z;Unkel;RB;RB 27;27;10620;8005970;8005970%2021-12-25T13:28:00.000Z%,8000713,8005074,8003386,8004366,8001086,8001083,8003966,8002104,8000135,8003330,8003368,8000207,8000208,8004898,8005746,8005159,8000133,8003130,8000390,8005073,8000318,8000253,;426
2021-12-25T13:30:00.000Z;Unkel;RB;RB 27;27;10623;8005970;8005970%2021-12-25T13:30:00.000Z%,8001858,8003708,8003660,8000711,8005062,8003665,8000276,8003341,8000206,;426
2021-12-25T13:55:00.000Z;Unkel;RE;RE 8;8;10821;8005970;8005970%2021-12-25T13:55:00.000Z%,8003708,8000711,8005062,8000276,8006036,8003352,8003341,8000206,;602
2021-12-25T13:58:00.000Z;Unkel;RE;RE 8;8;10824;8005970;8005970%2021-12-25T13:58:00.000Z%,8000713,8005074,8003386,8004366,8001086,8001083,8003966,8002104,8000135,8004869,8003368,8000207,8000208,8004898,8005746,8005159,;602
2021-12-25T14:28:00.000Z;Unkel;RB;RB 27;27;10622;8005970;8005970%2021-12-25T14:28:00.000Z%,8000713,8005074,8003386,8004366,8001086,8001083,8003966,8002104,8000135,8003330,8003368,8000207,8000208,8004898,8005746,8005159,8000133,8003130,8000390,8005073,8000318,8000253,;426
2021-12-25T14:30:00.000Z;Unkel;RB;RB 27;27;10625;8005970;8005970%2021-12-25T14:30:00.000Z%,8001858,8003708,8003660,8000711,8005062,8003665,8000276,8003341,8000206,;426
2021-12-25T14:55:00.000Z;Unkel;RE;RE 8;8;10823;8005970;8005970%2021-12-25T14:55:00.000Z%,8003708,8000711,8005062,8000276,8006036,8003352,8003341,8000206,;602
2021-12-25T14:58:00.000Z;Unkel;RE;RE 8;8;10828;8005970;8005970%2021-12-25T14:58:00.000Z%,8000713,8005074,8003386,8004366,8001086,8001083,8003966,8002104,8000135,8004869,8003368,8000207,8000208,8004898,8005746,8005159,;602
2021-12-25T15:28:00.000Z;Unkel;RB;RB 27;27;10624;8005970;8005970%2021-12-25T15:28:00.000Z%,8000713,8005074,8003386,8004366,8001086,8001083,8003966,8002104,8000135,8003330,8003368,8000207,8000208,8004898,8005746,8005159,8000133,8003130,8000390,8005073,8000318,8000253,;426
2021-12-25T15:30:00.000Z;Unkel;RB;RB 27;27;10627;8005970;8005970%2021-12-25T15:30:00.000Z%,8001858,8003708,8003660,8000711,8005062,8003665,8000276,8003341,8000206,;426
2021-12-25T15:55:00.000Z;Unkel;RE;RE 8;8;10825;8005970;8005970%2021-12-25T15:55:00.000Z%,8003708,8000711,8005062,8000276,8006036,8003352,8003341,8000206,;602
2021-12-25T15:58:00.000Z;Unkel;RE;RE 8;8;10830;8005970;8005970%2021-12-25T15:58:00.000Z%,8000713,8005074,8003386,8004366,8001086,8001083,8003966,8002104,8000135,8004869,8003368,8000207,8000208,8004898,8005746,8005159,;602
2021-12-25T16:28:00.000Z;Unkel;RB;RB 27;27;10626;8005970;8005970%2021-12-25T16:28:00.000Z%,8000713,8005074,8003386,8004366,8001086,8001083,8003966,8002104,8000135,8003330,8003368,8000207,8000208,8004898,8005746,8005159,8000133,8003130,8000390,8005073,8000318,8000253,;426
2021-12-25T16:30:00.000Z;Unkel;RB;RB 27;27;10629;8005970;8005970%2021-12-25T16:30:00.000Z%,8001858,8003708,8003660,8000711,8005062,8003665,8000276,8003341,8000206,;426
2021-12-25T16:55:00.000Z;Unkel;RE;RE 8;8;10827;8005970;8005970%2021-12-25T16:55:00.000Z%,8003708,8000711,8005062,8000276,8006036,8003352,8003341,8000206,;602
2021-12-25T16:58:00.000Z;Unkel;RE;RE 8;8;10832;8005970;8005970%2021-12-25T16:58:00.000Z%,8000713,8005074,8003386,8004366,8001086,8001083,8003966,8002104,8000135,8004869,8003368,8000207,8000208,8004898,8005746,8005159,;602
2021-12-25T17:28:00.000Z;Unkel;RB;RB 27;27;10628;8005970;8005970%2021-12-25T17:28:00.000Z%,8000713,8005074,8003386,8004366,8001086,8001083,8003966,8002104,8000135,8003330,8003368,8000207,8000208,8004898,8005746,8005159,8000133,8003130,8000390,8005073,8000318,8000253,;426
2021-12-25T17:30:00.000Z;Unkel;RB;RB 27;27;10631;8005970;8005970%2021-12-25T17:30:00.000Z%,8001858,8003708,8003660,8000711,8005062,8003665,8000276,8003341,8000206,;426
2021-12-25T17:55:00.000Z;Unkel;RE;RE 8;8;10829;8005970;8005970%2021-12-25T17:55:00.000Z%,8003708,8000711,8005062,8000276,8006036,8003352,8003341,8000206,;602
2021-12-25T17:58:00.000Z;Unkel;RE;RE 8;8;10834;8005970;8005970%2021-12-25T17:58:00.000Z%,8000713,8005074,8003386,8004366,8001086,8001083,8003966,8002104,8000135,8004869,8003368,8000207,8000208,8004898,8005746,8005159,;602
2021-12-25T18:28:00.000Z;Unkel;RB;RB 27;27;10630;8005970;8005970%2021-12-25T18:28:00.000Z%,8000713,8005074,8003386,8004366,8001086,8001083,8003966,8002104,8000135,8003330,8003368,8000207,8000208,8004898,8005746,8005159,8000133,8003130,8000390,8005073,8000318,8000253,;426
2021-12-25T18:30:00.000Z;Unkel;RB;RB 27;27;10633;8005970;8005970%2021-12-25T18:30:00.000Z%,8001858,8003708,8003660,8000711,8005062,8003665,8000276,8003341,8000206,;426
2021-12-25T18:55:00.000Z;Unkel;RE;RE 8;8;10831;8005970;8005970%2021-12-25T18:55:00.000Z%,8003708,8000711,8005062,8000276,8006036,8003352,8003341,8000206,;602
2021-12-25T18:58:00.000Z;Unkel;RE;RE 8;8;10836;8005970;8005970%2021-12-25T18:58:00.000Z%,8000713,8005074,8003386,8004366,8001086,8001083,8003966,8002104,8000135,8004869,8003368,8000207,8000208,8004898,8005746,8005159,;602
2021-12-25T19:28:00.000Z;Unkel;RB;RB 27;27;10632;8005970;8005970%2021-12-25T19:28:00.000Z%,8000713,8005074,8003386,8004366,8001086,8001083,8003966,8002104,8000135,8003330,8003368,8000207,8000208,8004898,8005746,8005159,8000133,8003130,8000390,8005073,8000318,8000253,;426
2021-12-25T19:30:00.000Z;Unkel;RB;RB 27;27;10635;8005970;8005970%2021-12-25T19:30:00.000Z%,8001858,8003708,8003660,8000711,8005062,8003665,8000276,8003341,8000206,;426
2021-12-25T19:55:00.000Z;Unkel;RE;RE 8;8;10833;8005970;8005970%2021-12-25T19:55:00.000Z%,8003708,8000711,8005062,8000276,8006036,8003352,8003341,8000206,;602
2021-12-25T19:58:00.000Z;Unkel;RE;RE 8;8;10838;8005970;8005970%2021-12-25T19:58:00.000Z%,8000713,8005074,8003386,8004366,8001086,8001083,8003966,8002104,8000135,8004869,8003368,8000207,8000208,8004898,8005746,8005159,;602
2021-12-24T20:52:00.000Z;Unterheckenhofen;RB;RB 16;16;59106;8005995;8005995%2021-12-24T20:52:00.000Z%0,8005185,8005439,8000284,;426
2021-12-24T20:59:00.000Z;Unterheckenhofen;RB;RB 16;16;59109;8005995;8005995%2021-12-24T20:59:00.000Z%0,8002237,8004115,8004835,8001749,8006298,8000122,8004753,8005593,8001495,8001708,8000419,8005828,8001734,8002171,8003074,8003076,8000183,8000678,8000256,8004781,8005008,8004747,8004775,8001354,8000261,;426
2021-12-24T21:51:00.000Z;Unterheckenhofen;RB;RB 16;16;59166;8005995;8005995%2021-12-24T21:51:00.000Z%,8005185,8005439,8000284,;426
2021-12-24T22:05:00.000Z;Unterheckenhofen;RB;RB 16;16;59225;8005995;8005995%2021-12-24T22:05:00.000Z%,8002237,8004115,8004835,8001749,8006298,8000122,;426
2021-12-24T22:52:00.000Z;Unterheckenhofen;RB;RB 16;16;59108;8005995;8005995%2021-12-24T22:52:00.000Z%0,8005185,8005439,8000284,;426
2021-12-24T23:04:00.000Z;Unterheckenhofen;RB;RB 16;16;59227;8005995;8005995%2021-12-24T23:04:00.000Z%,8002237,8004115,8004835,8001749,8006298,8000122,;426
2021-12-25T00:12:00.000Z;Unterheckenhofen;RE;RE 16;16;59111;8005995;8005995%2021-12-25T00:12:00.000Z%,8002237,8004115,8004835,8001749,8006298,8000122,8004731,8000078,8000013,;602
2021-12-25T03:44:00.000Z;Unterheckenhofen;RE;RE 16;16;59110;8005995;8005995%2021-12-25T03:44:00.000Z%,8005185,8005439,8000284,;602
2021-12-25T03:59:00.000Z;Unterheckenhofen;RB;RB 16;16;59143;8005995;8005995%2021-12-25T03:59:00.000Z%,8002237,8004115,8004835,8001749,8006298,8000122,8004753,8005593,8001495,8001708,8000419,8005828,8001734,8002171,8003074,8003076,8000183,8000678,8000256,8004781,8005008,8004747,8004775,8001354,8000261,;426
2021-12-25T04:52:00.000Z;Unterheckenhofen;RB;RB 16;16;59200;8005995;8005995%2021-12-25T04:52:00.000Z%,8005185,8005439,8000284,;426
2021-12-25T04:59:00.000Z;Unterheckenhofen;RB;RB 16;16;59087;8005995;8005995%2021-12-25T04:59:00.000Z%,8002237,8004115,8004835,8001749,8006298,8000122,8004753,8005593,8001495,8001708,8000419,8005828,8001734,8002171,8003074,8003076,8000183,8000678,8000256,8004781,8005008,8004747,8004775,8001354,8000261,;426
2021-12-25T05:52:00.000Z;Unterheckenhofen;RB;RB 16;16;59144;8005995;8005995%2021-12-25T05:52:00.000Z%,8005185,8005439,8000284,;426
2021-12-25T05:59:00.000Z;Unterheckenhofen;RB;RB 16;16;59155;8005995;8005995%2021-12-25T05:59:00.000Z%,8002237,8004115,8004835,8001749,8006298,8000122,8004753,8005593,8001495,8001708,8000419,8005828,8001734,8002171,8003074,8003076,8000183,8000678,8000256,8004781,8005008,8004747,8004775,8001354,8000261,;426
2021-12-25T06:52:00.000Z;Unterheckenhofen;RB;RB 16;16;59086;8005995;8005995%2021-12-25T06:52:00.000Z%,8005185,8005439,8000284,;426
2021-12-25T06:59:00.000Z;Unterheckenhofen;RB;RB 16;16;59089;8005995;8005995%2021-12-25T06:59:00.000Z%,8002237,8004115,8004835,8001749,8006298,8000122,8004753,8005593,8001495,8001708,8000419,8005828,8001734,8002171,8003074,8003076,8000183,8000678,8000256,8004781,8005008,8004747,8004775,8001354,8000261,;426
2021-12-25T07:54:00.000Z;Unterheckenhofen;RB;RB 16;16;59146;8005995;8005995%2021-12-25T07:54:00.000Z%,8005185,8005439,8000284,;426
2021-12-25T08:00:00.000Z;Unterheckenhofen;RE;RE 16;16;59119;8005995;8005995%2021-12-25T08:00:00.000Z%,8002237,8004115,8004835,8001749,8006298,8000122,8004731,8000078,8003989,8004451,8003952,8000662,8000013,;602
2021-12-25T08:52:00.000Z;Unterheckenhofen;RB;RB 16;16;59090;8005995;8005995%2021-12-25T08:52:00.000Z%,8005185,8005439,8000284,;426
2021-12-25T08:59:00.000Z;Unterheckenhofen;RB;RB 16;16;59093;8005995;8005995%2021-12-25T08:59:00.000Z%,8002237,8004115,8004835,8001749,8006298,8000122,8004753,8005593,8001495,8001708,8000419,8005828,8001734,8002171,8003074,8003076,8000183,8000678,8000256,8004781,8005008,8004747,8004775,8001354,8000261,;426
2021-12-25T09:54:00.000Z;Unterheckenhofen;RE;RE 16;16;59118;8005995;8005995%2021-12-25T09:54:00.000Z%,8005185,8005439,8000284,;602
2021-12-25T09:59:00.000Z;Unterheckenhofen;RE;RE 16;16;59121;8005995;8005995%2021-12-25T09:59:00.000Z%,8002237,8004115,8004835,8001749,8006298,8000122,8004731,8000078,8003989,8004451,8003952,8000662,8000013,;602
2021-12-25T10:52:00.000Z;Unterheckenhofen;RB;RB 16;16;59092;8005995;8005995%2021-12-25T10:52:00.000Z%,8005185,8005439,8000284,;426
2021-12-25T10:59:00.000Z;Unterheckenhofen;RB;RB 16;16;59095;8005995;8005995%2021-12-25T10:59:00.000Z%,8002237,8004115,8004835,8001749,8006298,8000122,8004753,8005593,8001495,8001708,8000419,8005828,8001734,8002171,8003074,8003076,8000183,8000678,8000256,8004781,8005008,8004747,8004775,8001354,8000261,;426
2021-12-25T11:54:00.000Z;Unterheckenhofen;RE;RE 16;16;59120;8005995;8005995%2021-12-25T11:54:00.000Z%,8005185,8005439,8000284,;602
2021-12-25T12:00:00.000Z;Unterheckenhofen;RE;RE 16;16;59123;8005995;8005995%2021-12-25T12:00:00.000Z%,8002237,8004115,8004835,8001749,8006298,8000122,8004731,8000078,8003989,8004451,8003952,8000662,8000013,;602
2021-12-25T12:53:00.000Z;Unterheckenhofen;RB;RB 16;16;59096;8005995;8005995%2021-12-25T12:53:00.000Z%,8005185,8005439,8000284,;426
2021-12-25T12:59:00.000Z;Unterheckenhofen;RB;RB 16;16;59097;8005995;8005995%2021-12-25T12:59:00.000Z%,8002237,8004115,8004835,8001749,8006298,8000122,8004753,8005593,8001495,8001708,8000419,8005828,8001734,8002171,8003074,8003076,8000183,8000678,8000256,8004781,8005008,8004747,8004775,8001354,8000261,;426
2021-12-25T13:54:00.000Z;Unterheckenhofen;RE;RE 16;16;59124;8005995;8005995%2021-12-25T13:54:00.000Z%,8005185,8005439,8000284,;602
2021-12-25T13:59:00.000Z;Unterheckenhofen;RE;RE 16;16;59125;8005995;8005995%2021-12-25T13:59:00.000Z%,8002237,8004115,8004835,8001749,8006298,8000122,8004731,8000078,8003989,8004451,8003952,8000662,8000013,;602
2021-12-25T14:52:00.000Z;Unterheckenhofen;RB;RB 16;16;59098;8005995;8005995%2021-12-25T14:52:00.000Z%,8005185,8005439,8000284,;426
2021-12-25T14:59:00.000Z;Unterheckenhofen;RB;RB 16;16;59099;8005995;8005995%2021-12-25T14:59:00.000Z%,8002237,8004115,8004835,8001749,8006298,8000122,8004753,8005593,8001495,8001708,8000419,8005828,8001734,8002171,8003074,8003076,8000183,8000678,8000256,8004781,8005008,8004747,8004775,8001354,8000261,;426
2021-12-25T15:55:00.000Z;Unterheckenhofen;RE;RE 16;16;59126;8005995;8005995%2021-12-25T15:55:00.000Z%,8005185,8005439,8000284,;602
2021-12-25T15:59:00.000Z;Unterheckenhofen;RE;RE 16;16;59129;8005995;8005995%2021-12-25T15:59:00.000Z%,8002237,8004115,8004835,8001749,8006298,8000122,8004731,8000078,8003989,8004451,8003952,8000662,8000013,;602
2021-12-25T16:54:00.000Z;Unterheckenhofen;RB;RB 16;16;59102;8005995;8005995%2021-12-25T16:54:00.000Z%,8005185,8005439,8000284,;426
2021-12-25T17:00:00.000Z;Unterheckenhofen;RB;RB 16;16;59101;8005995;8005995%2021-12-25T17:00:00.000Z%,8002237,8004115,8004835,8001749,8006298,8000122,8004753,8005593,8001495,8001708,8000419,8005828,8001734,8002171,8003074,8003076,8000183,8000678,8000256,8004781,8005008,8004747,8004775,8001354,8000261,;426
2021-12-25T17:56:00.000Z;Unterheckenhofen;RE;RE 16;16;59130;8005995;8005995%2021-12-25T17:56:00.000Z%,8005185,8005439,8000284,;602
2021-12-25T17:59:00.000Z;Unterheckenhofen;RE;RE 16;16;59131;8005995;8005995%2021-12-25T17:59:00.000Z%,8002237,8004115,8004835,8001749,8006298,8000122,8004731,8000078,8003989,8004451,8003952,8000662,8000013,;602
2021-12-25T18:52:00.000Z;Unterheckenhofen;RB;RB 16;16;59104;8005995;8005995%2021-12-25T18:52:00.000Z%,8005185,8005439,8000284,;426
2021-12-25T18:59:00.000Z;Unterheckenhofen;RB;RB 16;16;59107;8005995;8005995%2021-12-25T18:59:00.000Z%,8002237,8004115,8004835,8001749,8006298,8000122,8004753,8005593,8001495,8001708,8000419,8005828,8001734,8002171,8003074,8003076,8000183,8000678,8000256,8004781,8005008,8004747,8004775,8001354,8000261,;426
2021-12-25T19:54:00.000Z;Unterheckenhofen;RE;RE 16;16;59132;8005995;8005995%2021-12-25T19:54:00.000Z%,8005185,8005439,8000284,;602
2021-12-25T19:59:00.000Z;Unterheckenhofen;RB;RB 16;16;59163;8005995;8005995%2021-12-25T19:59:00.000Z%,8002237,8004115,8004835,8001749,8006298,8000122,8004753,8005593,8001495,8001708,8000419,8005828,8001734,8002171,8003074,8003076,8000183,8000678,8000256,8004781,8005008,8004747,8004775,8001354,8000261,;426
2021-12-24T20:33:00.000Z;Untersteinach(b Stadtsteinach);RE;RE 38;38;59316;8006017;8006017%2021-12-24T20:33:00.000Z%0,8003476,8003813,8001289,8002878,8000228,;602
2021-12-24T20:33:00.000Z;Untersteinach(b Stadtsteinach);RE;RE 35;35;59319;8006017;8006017%2021-12-24T20:34:00.000Z%1,8000267,8003887,8005674,8004126,8005466,8000287,8002924,;602
2021-12-24T20:33:00.000Z;Untersteinach(b Stadtsteinach);RE;RE 39;39;59296;8006017;8006017%2021-12-24T20:33:00.000Z%0,8003476,8003813,8001289,8002878,8000228,;602
2021-12-24T20:33:00.000Z;Untersteinach(b Stadtsteinach);RE;RE 38;38;59299;8006017;8006017%2021-12-24T20:34:00.000Z%1,8000267,8005895,8002605,8000974,8000028,;602
2021-12-24T21:39:00.000Z;Untersteinach(b Stadtsteinach);RE;RE 38;38;59298;8006017;8006017%2021-12-24T21:39:00.000Z%,8003476,8003813,8001289,8002878,8000228,;602
2021-12-24T22:42:00.000Z;Untersteinach(b Stadtsteinach);RE;RE 32;32;59323;8006017;8006017%2021-12-24T22:42:00.000Z%,8003763,8000267,8005895,8002605,8000974,8000028,;602
2021-12-25T05:14:00.000Z;Untersteinach(b Stadtsteinach);RE;RE 38;38;59321;8006017;8006017%2021-12-25T05:14:00.000Z%,8003763,8000267,8005895,8002605,8004936,8000974,8000028,;602
2021-12-25T05:20:00.000Z;Untersteinach(b Stadtsteinach);RE;RE 38;38;59318;8006017;8006017%2021-12-25T05:20:00.000Z%,8003476,8003813,8001289,8002878,8000228,;602
2021-12-25T05:20:00.000Z;Untersteinach(b Stadtsteinach);RE;RE 39;39;59320;8006017;8006017%2021-12-25T05:20:00.000Z%,8003476,8003813,8001289,8002878,8000228,;602
2021-12-25T06:22:00.000Z;Untersteinach(b Stadtsteinach);RE;RE 39;39;59301;8006017;8006017%2021-12-25T06:22:00.000Z%,8000267,8003887,8005674,8004126,8005466,8002924,;602
2021-12-25T06:22:00.000Z;Untersteinach(b Stadtsteinach);RE;RE 38;38;59281;8006017;8006017%2021-12-25T06:22:00.000Z%,8000267,8005895,8002605,8000974,8000028,;602
2021-12-25T06:32:00.000Z;Untersteinach(b Stadtsteinach);RE;RE 32;32;59300;8006017;8006017%2021-12-25T06:32:00.000Z%,8003476,8001289,8000228,;602
2021-12-25T06:32:00.000Z;Untersteinach(b Stadtsteinach);RE;RE 35;35;59280;8006017;8006017%2021-12-25T06:32:00.000Z%,8003476,8001289,8000228,;602
2021-12-25T08:22:00.000Z;Untersteinach(b Stadtsteinach);RE;RE 35;35;59305;8006017;8006017%2021-12-25T08:22:00.000Z%,8000267,8003887,8004126,8005466,8002924,;602
2021-12-25T08:22:00.000Z;Untersteinach(b Stadtsteinach);RE;RE 38;38;59285;8006017;8006017%2021-12-25T08:22:00.000Z%,8000267,8005895,8000028,;602
2021-12-25T08:32:00.000Z;Untersteinach(b Stadtsteinach);RE;RE 38;38;59302;8006017;8006017%2021-12-25T08:32:00.000Z%,8003476,8001289,8002878,8000228,;602
2021-12-25T08:32:00.000Z;Untersteinach(b Stadtsteinach);RE;RE 39;39;59282;8006017;8006017%2021-12-25T08:32:00.000Z%,8003476,8001289,8002878,8000228,;602
2021-12-25T09:27:00.000Z;Untersteinach(b Stadtsteinach);RE;RE 39;39;59307;8006017;8006017%2021-12-25T09:27:00.000Z%,8000267,8003887,8005674,8004126,8005466,8002924,;602
2021-12-25T09:27:00.000Z;Untersteinach(b Stadtsteinach);RE;RE 38;38;59287;8006017;8006017%2021-12-25T09:27:00.000Z%,8000267,8005895,8000028,;602
2021-12-25T10:32:00.000Z;Untersteinach(b Stadtsteinach);RE;RE 38;38;59304;8006017;8006017%2021-12-25T10:32:00.000Z%,8003476,8001289,8000228,;602
2021-12-25T10:32:00.000Z;Untersteinach(b Stadtsteinach);RE;RE 39;39;59284;8006017;8006017%2021-12-25T10:32:00.000Z%,8003476,8001289,8000228,;602
2021-12-25T11:27:00.000Z;Untersteinach(b Stadtsteinach);RE;RE 39;39;59309;8006017;8006017%2021-12-25T11:27:00.000Z%,8000267,8003887,8005674,8004126,8005466,8002924,;602
2021-12-25T11:27:00.000Z;Untersteinach(b Stadtsteinach);RE;RE 38;38;59289;8006017;8006017%2021-12-25T11:27:00.000Z%,8000267,8005895,8000028,;602
2021-12-25T13:27:00.000Z;Untersteinach(b Stadtsteinach);RE;RE 39;39;59311;8006017;8006017%2021-12-25T13:27:00.000Z%,8000267,8003887,8005674,8004126,8005466,8002924,;602
2021-12-25T13:27:00.000Z;Untersteinach(b Stadtsteinach);RE;RE 38;38;59291;8006017;8006017%2021-12-25T13:27:00.000Z%,8000267,8005895,8000028,;602
2021-12-25T14:32:00.000Z;Untersteinach(b Stadtsteinach);RE;RE 38;38;59308;8006017;8006017%2021-12-25T14:32:00.000Z%,8003476,8001289,8000228,;602
2021-12-25T14:32:00.000Z;Untersteinach(b Stadtsteinach);RE;RE 39;39;59288;8006017;8006017%2021-12-25T14:32:00.000Z%,8003476,8001289,8000228,;602
2021-12-25T15:27:00.000Z;Untersteinach(b Stadtsteinach);RE;RE 39;39;59313;8006017;8006017%2021-12-25T15:27:00.000Z%,8000267,8003887,8005674,8004126,8005466,8002924,;602
2021-12-25T15:27:00.000Z;Untersteinach(b Stadtsteinach);RE;RE 38;38;59293;8006017;8006017%2021-12-25T15:27:00.000Z%,8000267,8005895,8000028,;602
2021-12-25T16:32:00.000Z;Untersteinach(b Stadtsteinach);RE;RE 38;38;59310;8006017;8006017%2021-12-25T16:32:00.000Z%,8003476,8001289,8000228,;602
2021-12-25T16:32:00.000Z;Untersteinach(b Stadtsteinach);RE;RE 39;39;59290;8006017;8006017%2021-12-25T16:32:00.000Z%,8003476,8001289,8000228,;602
2021-12-25T17:28:00.000Z;Untersteinach(b Stadtsteinach);RE;RE 39;39;59315;8006017;8006017%2021-12-25T17:28:00.000Z%,8000267,8003887,8005674,8004126,8005466,8002924,;602
2021-12-25T17:28:00.000Z;Untersteinach(b Stadtsteinach);RE;RE 38;38;59295;8006017;8006017%2021-12-25T17:28:00.000Z%,8000267,8005895,8000028,;602
2021-12-25T19:27:00.000Z;Untersteinach(b Stadtsteinach);RE;RE 39;39;59317;8006017;8006017%2021-12-25T19:27:00.000Z%,8000267,8003887,8004126,8005466,8002924,;602
2021-12-25T19:27:00.000Z;Untersteinach(b Stadtsteinach);RE;RE 38;38;59297;8006017;8006017%2021-12-25T19:27:00.000Z%,8000267,8005895,8000028,;602
2021-12-24T20:53:00.000Z;Vilseck;RE;RE 41;41;3035;8006085;8006085%2021-12-24T20:54:00.000Z%1,8002076,8006266,8000204,;602
2021-12-24T21:36:00.000Z;Vilseck;RE;RE 41;41;3034;8006085;8006085%2021-12-24T21:36:00.000Z%0,8000269,8001929,8002612,8002794,8000284,;602
2021-12-24T22:01:00.000Z;Vilseck;RE;RE 41;41;3037;8006085;8006085%2021-12-24T22:01:00.000Z%,8002076,8006266,8000204,;602
2021-12-24T22:48:00.000Z;Vilseck;RE;RE 41;41;3039;8006085;8006085%2021-12-24T22:48:00.000Z%,8002076,8006266,8000204,8000540,8004332,;602
2021-12-25T04:28:00.000Z;Vilseck;RE;RE 41;41;3000;8006085;8006085%2021-12-25T04:28:00.000Z%,8000269,8001929,8002612,8002794,8000284,;602
2021-12-25T05:21:00.000Z;Vilseck;RE;RE 41;41;3003;8006085;8006085%2021-12-25T05:21:00.000Z%,8002076,8005855,8006266,8000204,;602
2021-12-25T05:35:00.000Z;Vilseck;RE;RE 41;41;3002;8006085;8006085%2021-12-25T05:35:00.000Z%,8000269,8001929,8002612,8002794,8000284,;602
2021-12-25T06:24:00.000Z;Vilseck;RE;RE 41;41;3004;8006085;8006085%2021-12-25T06:24:00.000Z%,8000269,8001929,8002612,8002794,8000284,;602
2021-12-25T06:25:00.000Z;Vilseck;RE;RE 41;41;3007;8006085;8006085%2021-12-25T06:25:00.000Z%,8002076,8005139,8006266,8000204,;602
2021-12-25T07:28:00.000Z;Vilseck;RE;RE 41;41;3006;8006085;8006085%2021-12-25T07:28:00.000Z%,8000269,8001929,8002612,8002794,8000284,;602
2021-12-25T07:29:00.000Z;Vilseck;RE;RE 41;41;3009;8006085;8006085%2021-12-25T07:29:00.000Z%,8002076,8005855,8006266,8000204,8000540,8004332,;602
2021-12-25T08:28:00.000Z;Vilseck;RE;RE 41;41;3008;8006085;8006085%2021-12-25T08:28:00.000Z%,8000269,8001929,8002612,8002794,8000284,;602
2021-12-25T08:29:00.000Z;Vilseck;RE;RE 41;41;3011;8006085;8006085%2021-12-25T08:29:00.000Z%,8002076,8006266,8000204,8000540,8004332,;602
2021-12-25T09:28:00.000Z;Vilseck;RE;RE 41;41;3010;8006085;8006085%2021-12-25T09:28:00.000Z%,8000269,8001929,8002612,8002794,8000284,;602
2021-12-25T09:29:00.000Z;Vilseck;RE;RE 41;41;3013;8006085;8006085%2021-12-25T09:29:00.000Z%,8002076,8006266,8000204,8000540,8004332,;602
2021-12-25T10:28:00.000Z;Vilseck;RE;RE 41;41;3012;8006085;8006085%2021-12-25T10:28:00.000Z%,8000269,8001929,8002612,8002794,8000284,;602
2021-12-25T10:29:00.000Z;Vilseck;RE;RE 41;41;3015;8006085;8006085%2021-12-25T10:29:00.000Z%,8002076,8006266,8000204,8000540,8004332,;602
2021-12-25T11:28:00.000Z;Vilseck;RE;RE 41;41;3014;8006085;8006085%2021-12-25T11:28:00.000Z%,8000269,8001929,8002612,8002794,8000284,;602
2021-12-25T11:29:00.000Z;Vilseck;RE;RE 41;41;3005;8006085;8006085%2021-12-25T11:29:00.000Z%,8002076,8006266,8000204,8000540,8004332,;602
2021-12-25T12:28:00.000Z;Vilseck;RE;RE 41;41;3016;8006085;8006085%2021-12-25T12:28:00.000Z%,8000269,8001929,8002612,8002794,8000284,;602
2021-12-25T12:29:00.000Z;Vilseck;RE;RE 41;41;3019;8006085;8006085%2021-12-25T12:29:00.000Z%,8002076,8006266,8000204,8000540,8004332,;602
2021-12-25T13:28:00.000Z;Vilseck;RE;RE 41;41;3018;8006085;8006085%2021-12-25T13:28:00.000Z%,8000269,8001929,8002612,8002794,8000284,;602
2021-12-25T13:29:00.000Z;Vilseck;RE;RE 41;41;3021;8006085;8006085%2021-12-25T13:29:00.000Z%,8002076,8006266,8000204,8000540,8004332,;602
2021-12-25T14:28:00.000Z;Vilseck;RE;RE 41;41;3020;8006085;8006085%2021-12-25T14:28:00.000Z%,8000269,8001929,8002612,8002794,8000284,;602
2021-12-25T14:29:00.000Z;Vilseck;RE;RE 41;41;3023;8006085;8006085%2021-12-25T14:29:00.000Z%,8002076,8006266,8000204,8000540,8004332,;602
2021-12-25T15:28:00.000Z;Vilseck;RE;RE 41;41;3022;8006085;8006085%2021-12-25T15:28:00.000Z%,8000269,8001929,8002612,8002794,8000284,;602
2021-12-25T15:29:00.000Z;Vilseck;RE;RE 41;41;3025;8006085;8006085%2021-12-25T15:29:00.000Z%,8002076,8006266,8000204,8000540,8004332,;602
2021-12-25T16:28:00.000Z;Vilseck;RE;RE 41;41;3024;8006085;8006085%2021-12-25T16:28:00.000Z%,8000269,8001929,8002612,8002794,8000284,;602
2021-12-25T16:29:00.000Z;Vilseck;RE;RE 41;41;3027;8006085;8006085%2021-12-25T16:29:00.000Z%,8002076,8006266,8000204,8000540,8004332,;602
2021-12-25T17:28:00.000Z;Vilseck;RE;RE 41;41;3026;8006085;8006085%2021-12-25T17:28:00.000Z%,8000269,8001929,8002612,8002794,8000284,;602
2021-12-25T17:29:00.000Z;Vilseck;RE;RE 41;41;3029;8006085;8006085%2021-12-25T17:29:00.000Z%,8002076,8006266,8000204,8000540,8004332,;602
2021-12-25T18:28:00.000Z;Vilseck;RE;RE 41;41;3028;8006085;8006085%2021-12-25T18:28:00.000Z%,8000269,8001929,8002612,8002794,8000284,;602
2021-12-25T18:29:00.000Z;Vilseck;RE;RE 41;41;3031;8006085;8006085%2021-12-25T18:29:00.000Z%,8002076,8006266,8000204,8000540,8004332,;602
2021-12-25T19:28:00.000Z;Vilseck;RE;RE 41;41;3030;8006085;8006085%2021-12-25T19:28:00.000Z%,8000269,8001929,8002612,8002794,8000284,;602
2021-12-25T19:29:00.000Z;Vilseck;RE;RE 41;41;3033;8006085;8006085%2021-12-25T19:29:00.000Z%,8002076,8006266,8000204,8000540,8004332,;602
2021-12-24T20:22:00.000Z;Vilshofen(Niederbay);RE;RE 3;3;4086;8006086;8006086%2021-12-24T20:31:00.000Z%9,8000298,;602
2021-12-24T20:41:00.000Z;Vilshofen(Niederbay);RE;RE 3;3;4089;8006086;8006086%2021-12-24T20:41:00.000Z%0,8004700,8000301,8006181,8003506,8001466,8006537,8000217,8004084,8002078,8000261,;602
2021-12-24T21:22:00.000Z;Vilshofen(Niederbay);RE;RE 3;3;4088;8006086;8006086%2021-12-24T21:22:00.000Z%0,8000298,;602
2021-12-24T22:26:00.000Z;Vilshofen(Niederbay);RE;RE 3;3;4090;8006086;8006086%2021-12-24T22:26:00.000Z%0,8000298,;602
2021-12-24T22:34:00.000Z;Vilshofen(Niederbay);RE;RE 3;3;4091;8006086;8006086%2021-12-24T22:34:00.000Z%,8004700,8000301,8006181,8003506,8001466,8006537,8000217,;602
2021-12-25T00:15:00.000Z;Vilshofen(Niederbay);RE;RE 3;3;4092;8006086;8006086%2021-12-25T00:15:00.000Z%,8000298,;602
2021-12-25T04:38:00.000Z;Vilshofen(Niederbay);RE;RE 3;3;4053;8006086;8006086%2021-12-25T04:38:00.000Z%,8004700,8000301,8006181,8003506,8001466,8006537,8000217,8004084,8002078,8000261,;602
2021-12-25T05:42:00.000Z;Vilshofen(Niederbay);RE;RE 3;3;4057;8006086;8006086%2021-12-25T05:42:00.000Z%,8004700,8000301,8006181,8003506,8001466,8006537,8000217,8004084,8002078,8000261,;602
2021-12-25T06:41:00.000Z;Vilshofen(Niederbay);RE;RE 3;3;4061;8006086;8006086%2021-12-25T06:41:00.000Z%,8004700,8000301,8006181,8003506,8001466,8006537,8000217,8004084,8002078,8000261,;602
2021-12-25T07:22:00.000Z;Vilshofen(Niederbay);RE;RE 3;3;4058;8006086;8006086%2021-12-25T07:22:00.000Z%,8000298,;602
2021-12-25T07:41:00.000Z;Vilshofen(Niederbay);RE;RE 3;3;4063;8006086;8006086%2021-12-25T07:41:00.000Z%,8004700,8000301,8006181,8003506,8001466,8006537,8000217,8004084,8002078,8000261,;602
2021-12-25T08:22:00.000Z;Vilshofen(Niederbay);RE;RE 3;3;4060;8006086;8006086%2021-12-25T08:22:00.000Z%,8000298,;602
2021-12-25T08:34:00.000Z;Vilshofen(Niederbay);RE;RE 3;3;4065;8006086;8006086%2021-12-25T08:34:00.000Z%,8004700,8000301,8006181,8003506,8001466,8006537,8000217,8004084,8002078,8000261,;602
2021-12-25T09:24:00.000Z;Vilshofen(Niederbay);RE;RE 3;3;4062;8006086;8006086%2021-12-25T09:24:00.000Z%,8000298,;602
2021-12-25T09:41:00.000Z;Vilshofen(Niederbay);RE;RE 3;3;4067;8006086;8006086%2021-12-25T09:41:00.000Z%,8004700,8000301,8006181,8003506,8001466,8006537,8000217,8004084,8002078,8000261,;602
2021-12-25T10:22:00.000Z;Vilshofen(Niederbay);RE;RE 3;3;4064;8006086;8006086%2021-12-25T10:22:00.000Z%,8000298,;602
2021-12-25T10:34:00.000Z;Vilshofen(Niederbay);RE;RE 3;3;4069;8006086;8006086%2021-12-25T10:34:00.000Z%,8004700,8000301,8006181,8003506,8001466,8006537,8000217,8004084,8002078,8000261,;602
2021-12-25T11:24:00.000Z;Vilshofen(Niederbay);RE;RE 3;3;4066;8006086;8006086%2021-12-25T11:24:00.000Z%,8000298,;602
2021-12-25T11:34:00.000Z;Vilshofen(Niederbay);RE;RE 3;3;4071;8006086;8006086%2021-12-25T11:34:00.000Z%,8004700,8000301,8006181,8003506,8001466,8006537,8000217,8004084,8002078,8000261,;602
2021-12-25T12:22:00.000Z;Vilshofen(Niederbay);RE;RE 3;3;4068;8006086;8006086%2021-12-25T12:22:00.000Z%,8000298,;602
2021-12-25T12:34:00.000Z;Vilshofen(Niederbay);RE;RE 3;3;4073;8006086;8006086%2021-12-25T12:34:00.000Z%,8004700,8000301,8006181,8003506,8001466,8006537,8000217,8004084,8002078,8000261,;602
2021-12-25T13:24:00.000Z;Vilshofen(Niederbay);RE;RE 3;3;4070;8006086;8006086%2021-12-25T13:24:00.000Z%,8000298,;602
2021-12-25T13:41:00.000Z;Vilshofen(Niederbay);RE;RE 3;3;4075;8006086;8006086%2021-12-25T13:41:00.000Z%,8004700,8000301,8006181,8003506,8001466,8006537,8000217,8004084,8002078,8000261,;602
2021-12-25T14:24:00.000Z;Vilshofen(Niederbay);RE;RE 3;3;4072;8006086;8006086%2021-12-25T14:24:00.000Z%,8000298,;602
2021-12-25T14:34:00.000Z;Vilshofen(Niederbay);RE;RE 3;3;4077;8006086;8006086%2021-12-25T14:34:00.000Z%,8004700,8000301,8006181,8003506,8001466,8006537,8000217,8004084,8002078,8000261,;602
2021-12-25T15:24:00.000Z;Vilshofen(Niederbay);RE;RE 3;3;4074;8006086;8006086%2021-12-25T15:24:00.000Z%,8000298,;602
2021-12-25T15:41:00.000Z;Vilshofen(Niederbay);RE;RE 3;3;4079;8006086;8006086%2021-12-25T15:41:00.000Z%,8004700,8000301,8006181,8003506,8001466,8006537,8000217,8004084,8002078,8000261,;602
2021-12-25T16:22:00.000Z;Vilshofen(Niederbay);RE;RE 3;3;4076;8006086;8006086%2021-12-25T16:22:00.000Z%,8000298,;602
2021-12-25T16:34:00.000Z;Vilshofen(Niederbay);RE;RE 3;3;4081;8006086;8006086%2021-12-25T16:34:00.000Z%,8004700,8000301,8006181,8003506,8001466,8006537,8000217,8004084,8002078,8000261,;602
2021-12-25T17:24:00.000Z;Vilshofen(Niederbay);RE;RE 3;3;4078;8006086;8006086%2021-12-25T17:24:00.000Z%,8000298,;602
2021-12-25T17:41:00.000Z;Vilshofen(Niederbay);RE;RE 3;3;4083;8006086;8006086%2021-12-25T17:41:00.000Z%,8004700,8000301,8006181,8003506,8001466,8006537,8000217,8004084,8002078,8000261,;602
2021-12-25T18:22:00.000Z;Vilshofen(Niederbay);RE;RE 3;3;4082;8006086;8006086%2021-12-25T18:22:00.000Z%,8000298,;602
2021-12-25T18:34:00.000Z;Vilshofen(Niederbay);RE;RE 3;3;4085;8006086;8006086%2021-12-25T18:34:00.000Z%,8004700,8000301,8006181,8003506,8001466,8006537,8000217,8004084,8002078,8000261,;602
2021-12-25T19:24:00.000Z;Vilshofen(Niederbay);RE;RE 3;3;4084;8006086;8006086%2021-12-25T19:24:00.000Z%,8000298,;602
2021-12-25T19:41:00.000Z;Vilshofen(Niederbay);RE;RE 3;3;4087;8006086;8006086%2021-12-25T19:41:00.000Z%,8004700,8000301,8006181,8003506,8001466,8006537,8000217,8004084,8002078,8000261,;602
2021-12-24T20:26:00.000Z;Vöhringen;RE;RE 75;75;57612;8006094;8006094%2021-12-24T20:29:00.000Z%3,8005532,8006730,8000170,;602
2021-12-24T20:47:00.000Z;Vöhringen;RB;RB RS7;RS7;57792;8006094;8006094%2021-12-24T20:48:00.000Z%1,8005532,8006730,8000170,;426
2021-12-24T21:13:00.000Z;Vöhringen;RB;RB RS7;RS7;57795;8006094;8006094%2021-12-24T21:13:00.000Z%,8000862,8003057,8000539,8003227,8000249,;426
2021-12-24T21:47:00.000Z;Vöhringen;RB;RB RS7;RS7;57798;8006094;8006094%2021-12-24T21:47:00.000Z%,8005532,8002244,8001985,8006730,8000170,;426
2021-12-24T22:26:00.000Z;Vöhringen;RE;RE 75;75;57616;8006094;8006094%2021-12-24T22:26:00.000Z%,8005532,8006730,8000170,;602
2021-12-24T22:39:00.000Z;Vöhringen;RE;RE 75;75;57617;8006094;8006094%2021-12-24T22:39:00.000Z%,8003057,8000249,8002378,8001454,8003230,8000197,;602
2021-12-24T23:29:00.000Z;Vöhringen;RE;RE 75;75;57618;8006094;8006094%2021-12-24T23:29:00.000Z%,8005532,8006730,8000170,;602
2021-12-24T23:42:00.000Z;Vöhringen;RE;RE RS7;RS7;57619;8006094;8006094%2021-12-24T23:42:00.000Z%,8000862,8003057,8000539,8003227,8000249,;602
2021-12-25T04:27:00.000Z;Vöhringen;RE;RE 75;75;57601;8006094;8006094%2021-12-25T04:27:00.000Z%,8000862,8003057,8000539,8003227,8000249,8002378,8001454,8003230,8000197,;602
2021-12-25T04:44:00.000Z;Vöhringen;RB;RB RS7;RS7;57754;8006094;8006094%2021-12-25T04:44:00.000Z%,8005532,8001985,8006730,8000170,;426
2021-12-25T05:24:00.000Z;Vöhringen;RE;RE 75;75;57602;8006094;8006094%2021-12-25T05:24:00.000Z%,8005532,8006730,8000170,;602
2021-12-25T05:34:00.000Z;Vöhringen;RE;RE 75;75;3685;8006094;8006094%2021-12-25T05:34:00.000Z%,8000862,8003057,8000539,8003227,8000249,8002378,8001454,8003230,8000197,8003901,8003065,8001004,8005609,8000561,8001995,8003551,8004585,;602
2021-12-25T05:49:00.000Z;Vöhringen;RB;RB RS7;RS7;57768;8006094;8006094%2021-12-25T05:49:00.000Z%,8005532,8002244,8001985,8006730,8000170,;426
2021-12-25T06:04:00.000Z;Vöhringen;RB;RB RS7;RS7;57751;8006094;8006094%2021-12-25T06:04:00.000Z%,8000862,8003057,8000539,8003227,8000249,;426
2021-12-25T06:47:00.000Z;Vöhringen;RB;RB RS7;RS7;57760;8006094;8006094%2021-12-25T06:47:00.000Z%,8005532,8001985,8006730,8000170,;426
2021-12-25T07:12:00.000Z;Vöhringen;RB;RB RS7;RS7;57759;8006094;8006094%2021-12-25T07:12:00.000Z%,8000862,8003057,8000539,8003227,8000249,;426
2021-12-25T07:47:00.000Z;Vöhringen;RB;RB RS7;RS7;57762;8006094;8006094%2021-12-25T07:47:00.000Z%,8005532,8002244,8001985,8006730,8000170,;426
2021-12-25T08:12:00.000Z;Vöhringen;RB;RB RS7;RS7;57761;8006094;8006094%2021-12-25T08:12:00.000Z%,8000862,8003057,8000539,8003227,8000249,;426
2021-12-25T08:46:00.000Z;Vöhringen;RB;RB RS7;RS7;57764;8006094;8006094%2021-12-25T08:46:00.000Z%,8005532,8001985,8006730,8000170,;426
2021-12-25T09:13:00.000Z;Vöhringen;RB;RB RS7;RS7;57763;8006094;8006094%2021-12-25T09:13:00.000Z%,8000862,8003057,8000539,8003227,8000249,;426
2021-12-25T09:46:00.000Z;Vöhringen;RB;RB RS7;RS7;57766;8006094;8006094%2021-12-25T09:46:00.000Z%,8005532,8002244,8001985,8006730,8000170,;426
2021-12-25T10:10:00.000Z;Vöhringen;RB;RB RS7;RS7;57765;8006094;8006094%2021-12-25T10:10:00.000Z%,8000862,8003057,8000539,8003227,8000249,;426
2021-12-25T10:27:00.000Z;Vöhringen;RE;RE 75;75;57608;8006094;8006094%2021-12-25T10:27:00.000Z%,8005532,8006730,8000170,;602
2021-12-25T11:12:00.000Z;Vöhringen;RB;RB RS7;RS7;57767;8006094;8006094%2021-12-25T11:12:00.000Z%,8000862,8003057,8000539,8003227,8000249,;426
2021-12-25T11:45:00.000Z;Vöhringen;RB;RB RS7;RS7;57770;8006094;8006094%2021-12-25T11:45:00.000Z%,8005532,8002244,8001985,8006730,8000170,;426
2021-12-25T12:10:00.000Z;Vöhringen;RB;RB RS7;RS7;57769;8006094;8006094%2021-12-25T12:10:00.000Z%,8000862,8003057,8000539,8003227,8000249,;426
2021-12-25T12:46:00.000Z;Vöhringen;RB;RB RS7;RS7;57772;8006094;8006094%2021-12-25T12:46:00.000Z%,8005532,8001985,8006730,8000170,;426
2021-12-25T13:11:00.000Z;Vöhringen;RB;RB RS7;RS7;57773;8006094;8006094%2021-12-25T13:11:00.000Z%,8000862,8003057,8000539,8003227,8000249,;426
2021-12-25T13:45:00.000Z;Vöhringen;RB;RB RS7;RS7;57776;8006094;8006094%2021-12-25T13:45:00.000Z%,8005532,8002244,8001985,8006730,8000170,;426
2021-12-25T14:12:00.000Z;Vöhringen;RB;RB RS7;RS7;57775;8006094;8006094%2021-12-25T14:12:00.000Z%,8000862,8003057,8000539,8003227,8000249,;426
2021-12-25T14:46:00.000Z;Vöhringen;RB;RB RS7;RS7;57778;8006094;8006094%2021-12-25T14:46:00.000Z%,8005532,8001985,8006730,8000170,;426
2021-12-25T15:11:00.000Z;Vöhringen;RB;RB RS7;RS7;57777;8006094;8006094%2021-12-25T15:11:00.000Z%,8000862,8003057,8000539,8003227,8000249,;426
2021-12-25T15:50:00.000Z;Vöhringen;RB;RB RS7;RS7;57780;8006094;8006094%2021-12-25T15:50:00.000Z%,8005532,8002244,8001985,8006730,8000170,;426
2021-12-25T16:13:00.000Z;Vöhringen;RB;RB RS7;RS7;57779;8006094;8006094%2021-12-25T16:13:00.000Z%,8000862,8003057,8000539,8003227,8000249,;426
2021-12-25T16:46:00.000Z;Vöhringen;RB;RB RS7;RS7;57794;8006094;8006094%2021-12-25T16:46:00.000Z%,8005532,8001985,8006730,8000170,;426
2021-12-25T17:12:00.000Z;Vöhringen;RB;RB RS7;RS7;57781;8006094;8006094%2021-12-25T17:12:00.000Z%,8000862,8003057,8000539,8003227,8000249,;426
2021-12-25T17:46:00.000Z;Vöhringen;RB;RB RS7;RS7;57796;8006094;8006094%2021-12-25T17:46:00.000Z%,8005532,8002244,8001985,8006730,8000170,;426
2021-12-25T18:11:00.000Z;Vöhringen;RB;RB RS7;RS7;57783;8006094;8006094%2021-12-25T18:11:00.000Z%,8000862,8003057,8000539,8003227,8000249,;426
2021-12-25T18:45:00.000Z;Vöhringen;RB;RB RS7;RS7;57788;8006094;8006094%2021-12-25T18:45:00.000Z%,8005532,8001985,8006730,8000170,;426
2021-12-25T19:12:00.000Z;Vöhringen;RB;RB RS7;RS7;57785;8006094;8006094%2021-12-25T19:12:00.000Z%,8000862,8003057,8000539,8003227,8000249,;426
2021-12-25T19:44:00.000Z;Vöhringen;RB;RB RS7;RS7;57752;8006094;8006094%2021-12-25T19:44:00.000Z%,8005532,8002244,8006730,8000170,;426
2021-12-25T20:12:00.000Z;Vöhringen;RB;RB RS7;RS7;57789;8006094;8006094%2021-12-25T20:12:00.000Z%,8000862,8003057,8000539,8003227,8000249,;426
2021-12-24T20:43:00.000Z;Voerde(Niederrhein);RE;RE 5;5;28532;8006098;8006098%2021-12-24T20:43:00.000Z%0,8000242,;602
2021-12-24T20:50:00.000Z;Voerde(Niederrhein);RE;RE 19;19;20039;8006098;8006098%2021-12-24T20:50:00.000Z%0,8001469,8004540,8004542,8000286,8000086,8000082,8000085,;602
2021-12-24T21:06:00.000Z;Voerde(Niederrhein);RE;RE 19;19;20038;8006098;8006098%2021-12-24T21:06:00.000Z%0,8002109,8000242,8006356,8003943,8002536,8001780,8004024,8004878,8001773,8001776,8400735,8400071,;602
2021-12-24T21:13:00.000Z;Voerde(Niederrhein);RE;RE 5;5;28537;8006098;8006098%2021-12-24T21:13:00.000Z%0,8001469,8004540,8004542,8000286,8000086,;602
2021-12-24T21:45:00.000Z;Voerde(Niederrhein);RE;RE 5;5;28534;8006098;8006098%2021-12-24T21:45:00.000Z%0,8002109,8000242,;602
2021-12-24T21:50:00.000Z;Voerde(Niederrhein);RE;RE 19;19;20041;8006098;8006098%2021-12-24T21:50:00.000Z%0,8001469,8004540,8004542,8000286,8000086,;602
2021-12-24T22:06:00.000Z;Voerde(Niederrhein);RE;RE 19;19;20040;8006098;8006098%2021-12-24T22:06:00.000Z%,8002109,8000242,8006356,8003943,8002536,8001780,8004024,8004878,8001773,8001776,8400735,8400071,;602
2021-12-24T22:50:00.000Z;Voerde(Niederrhein);RE;RE 19;19;20043;8006098;8006098%2021-12-24T22:50:00.000Z%0,8001469,8004540,8004542,8000286,8000086,;602
2021-12-24T23:06:00.000Z;Voerde(Niederrhein);RE;RE 19;19;20042;8006098;8006098%2021-12-24T23:06:00.000Z%,8002109,8000242,8006356,8003943,8002536,8001780,8004024,8004878,8001773,;602
2021-12-25T00:06:00.000Z;Voerde(Niederrhein);RE;RE 19;19;20000;8006098;8006098%2021-12-25T00:06:00.000Z%,8002109,8000242,8006356,8003943,8002536,8001780,8004024,8004878,8001773,;602
2021-12-25T00:50:00.000Z;Voerde(Niederrhein);RE;RE 19;19;20001;8006098;8006098%2021-12-25T00:50:00.000Z%,8001469,8004540,8004542,8000286,8000086,;602
2021-12-25T01:06:00.000Z;Voerde(Niederrhein);RE;RE 19;19;20002;8006098;8006098%2021-12-25T01:06:00.000Z%,8002109,8000242,;602
2021-12-25T02:50:00.000Z;Voerde(Niederrhein);RE;RE 19;19;20003;8006098;8006098%2021-12-25T02:50:00.000Z%,8001469,8004540,8004542,8000286,8000086,;602
2021-12-25T03:06:00.000Z;Voerde(Niederrhein);RE;RE 19;19;20004;8006098;8006098%2021-12-25T03:06:00.000Z%,8002109,8000242,;602
2021-12-25T03:50:00.000Z;Voerde(Niederrhein);RE;RE 19;19;20005;8006098;8006098%2021-12-25T03:50:00.000Z%,8001469,8004540,8004542,8000286,8000086,8000082,8000085,;602
2021-12-25T04:50:00.000Z;Voerde(Niederrhein);RE;RE 19;19;20007;8006098;8006098%2021-12-25T04:50:00.000Z%,8001469,8004540,8004542,8000286,8000086,8000082,8000085,;602
2021-12-25T05:06:00.000Z;Voerde(Niederrhein);RE;RE 19;19;20006;8006098;8006098%2021-12-25T05:06:00.000Z%,8002109,8000242,8006356,8003943,8002536,8001780,8004024,8004878,8001773,8001776,8400735,8400071,;602
2021-12-25T05:13:00.000Z;Voerde(Niederrhein);RE;RE 5;5;28505;8006098;8006098%2021-12-25T05:13:00.000Z%,8001469,8004540,8004542,8000286,8000086,;602
2021-12-25T05:45:00.000Z;Voerde(Niederrhein);RE;RE 5;5;28502;8006098;8006098%2021-12-25T05:45:00.000Z%,8002109,8000242,;602
2021-12-25T05:50:00.000Z;Voerde(Niederrhein);RE;RE 19;19;20009;8006098;8006098%2021-12-25T05:50:00.000Z%,8001469,8004540,8004542,8000286,8000086,8000082,8000085,;602
2021-12-25T06:08:00.000Z;Voerde(Niederrhein);RE;RE 19;19;20008;8006098;8006098%2021-12-25T06:08:00.000Z%,8002109,8000242,8006356,8003943,8002536,8001780,8004024,8004878,8001773,8001776,8400735,8400071,;602
2021-12-25T06:13:00.000Z;Voerde(Niederrhein);RE;RE 5;5;28507;8006098;8006098%2021-12-25T06:13:00.000Z%,8001469,8004540,8004542,8000286,8000086,8000082,8000085,8001584,8006713,8000209,8003368,8000207,8003361,8001215,8000044,8001091,8001082,8004604,8000310,8005580,8000694,8000331,8003341,8000206,;602
2021-12-25T06:43:00.000Z;Voerde(Niederrhein);RE;RE 5;5;28504;8006098;8006098%2021-12-25T06:43:00.000Z%,8002109,8000242,;602
2021-12-25T06:50:00.000Z;Voerde(Niederrhein);RE;RE 19;19;20011;8006098;8006098%2021-12-25T06:50:00.000Z%,8001469,8004540,8004542,8000286,8000086,8000082,8000085,;602
2021-12-25T07:17:00.000Z;Voerde(Niederrhein);RE;RE 5;5;28509;8006098;8006098%2021-12-25T07:17:00.000Z%,8001469,8004542,8000286,8000086,8000082,8000085,8001584,8006713,8000209,8003368,8000207,8003361,8001215,8000044,8001091,8001082,8004604,8000310,8005580,8000694,8000331,8003341,8000206,;602
2021-12-25T07:45:00.000Z;Voerde(Niederrhein);RE;RE 5;5;28506;8006098;8006098%2021-12-25T07:45:00.000Z%,8002109,8000242,;602
2021-12-25T07:50:00.000Z;Voerde(Niederrhein);RE;RE 19;19;20013;8006098;8006098%2021-12-25T07:50:00.000Z%,8001469,8004540,8004542,8000286,8000086,8000082,8000085,;602
2021-12-25T08:06:00.000Z;Voerde(Niederrhein);RE;RE 19;19;20012;8006098;8006098%2021-12-25T08:06:00.000Z%,8002109,8000242,8006356,8003943,8002536,8001780,8004024,8004878,8001773,8001776,8400735,8400071,;602
2021-12-25T08:13:00.000Z;Voerde(Niederrhein);RE;RE 5;5;28511;8006098;8006098%2021-12-25T08:13:00.000Z%,8001469,8004540,8004542,8000286,8000086,8000082,8000085,8001584,8006713,8000209,8003368,8000207,8003361,8001215,8000044,8001091,8001082,8004604,8000310,8005580,8000694,8000331,8003341,8000206,;602
2021-12-25T08:43:00.000Z;Voerde(Niederrhein);RE;RE 5;5;28508;8006098;8006098%2021-12-25T08:43:00.000Z%,8000242,;602
2021-12-25T08:50:00.000Z;Voerde(Niederrhein);RE;RE 19;19;20015;8006098;8006098%2021-12-25T08:50:00.000Z%,8001469,8004540,8004542,8000286,8000086,8000082,8000085,;602
2021-12-25T09:06:00.000Z;Voerde(Niederrhein);RE;RE 19;19;20014;8006098;8006098%2021-12-25T09:06:00.000Z%,8002109,8000242,8006356,8003943,8002536,8001780,8004024,8004878,8001773,8001776,8400735,8400071,;602
2021-12-25T09:13:00.000Z;Voerde(Niederrhein);RE;RE 5;5;28513;8006098;8006098%2021-12-25T09:13:00.000Z%,8001469,8004540,8004542,8000286,8000086,8000082,8000085,8001584,8006713,8000209,8003368,8000207,8003361,8001215,8000044,8001091,8001082,8004604,8000310,8005580,8000694,8000331,8003341,8000206,;602
2021-12-25T09:45:00.000Z;Voerde(Niederrhein);RE;RE 5;5;28510;8006098;8006098%2021-12-25T09:45:00.000Z%,8002109,8000242,;602
2021-12-25T09:50:00.000Z;Voerde(Niederrhein);RE;RE 19;19;20017;8006098;8006098%2021-12-25T09:50:00.000Z%,8001469,8004540,8004542,8000286,8000086,8000082,8000085,;602
2021-12-25T10:06:00.000Z;Voerde(Niederrhein);RE;RE 19;19;20016;8006098;8006098%2021-12-25T10:06:00.000Z%,8002109,8000242,8006356,8003943,8002536,8001780,8004024,8004878,8001773,8001776,8400735,8400071,;602
2021-12-25T10:13:00.000Z;Voerde(Niederrhein);RE;RE 5;5;28515;8006098;8006098%2021-12-25T10:13:00.000Z%,8001469,8004540,8004542,8000286,8000086,8000082,8000085,8001584,8006713,8000209,8003368,8000207,8003361,8001215,8000044,8001091,8001082,8004604,8000310,8005580,8000694,8000331,8003341,8000206,;602
2021-12-25T10:43:00.000Z;Voerde(Niederrhein);RE;RE 5;5;28512;8006098;8006098%2021-12-25T10:43:00.000Z%,8000242,;602
2021-12-25T10:50:00.000Z;Voerde(Niederrhein);RE;RE 19;19;20019;8006098;8006098%2021-12-25T10:50:00.000Z%,8001469,8004540,8004542,8000286,8000086,8000082,8000085,;602
2021-12-25T11:06:00.000Z;Voerde(Niederrhein);RE;RE 19;19;20018;8006098;8006098%2021-12-25T11:06:00.000Z%,8002109,8000242,8006356,8003943,8002536,8001780,8004024,8004878,8001773,8001776,8400735,8400071,;602
2021-12-25T11:17:00.000Z;Voerde(Niederrhein);RE;RE 5;5;28517;8006098;8006098%2021-12-25T11:17:00.000Z%,8001469,8004542,8000286,8000086,8000082,8000085,8001584,8006713,8000209,8003368,8000207,8003361,8001215,8000044,8001091,8001082,8004604,8000310,8005580,8000694,8000331,8003341,8000206,;602
2021-12-25T11:45:00.000Z;Voerde(Niederrhein);RE;RE 5;5;28514;8006098;8006098%2021-12-25T11:45:00.000Z%,8002109,8000242,;602
2021-12-25T11:50:00.000Z;Voerde(Niederrhein);RE;RE 19;19;20021;8006098;8006098%2021-12-25T11:50:00.000Z%,8001469,8004540,8004542,8000286,8000086,8000082,8000085,;602
2021-12-25T12:06:00.000Z;Voerde(Niederrhein);RE;RE 19;19;20020;8006098;8006098%2021-12-25T12:06:00.000Z%,8002109,8000242,8006356,8003943,8002536,8001780,8004024,8004878,8001773,8001776,8400735,8400071,;602
2021-12-25T12:13:00.000Z;Voerde(Niederrhein);RE;RE 5;5;28519;8006098;8006098%2021-12-25T12:13:00.000Z%,8001469,8004540,8004542,8000286,8000086,8000082,8000085,8001584,8006713,8000209,8003368,8000207,8003361,8001215,8000044,8001091,8001082,8004604,8000310,8005580,8000694,8000331,8003341,8000206,;602
2021-12-25T12:43:00.000Z;Voerde(Niederrhein);RE;RE 5;5;28516;8006098;8006098%2021-12-25T12:43:00.000Z%,8000242,;602
2021-12-25T12:50:00.000Z;Voerde(Niederrhein);RE;RE 19;19;20023;8006098;8006098%2021-12-25T12:50:00.000Z%,8001469,8004540,8004542,8000286,8000086,8000082,8000085,;602
2021-12-25T13:06:00.000Z;Voerde(Niederrhein);RE;RE 19;19;20022;8006098;8006098%2021-12-25T13:06:00.000Z%,8002109,8000242,8006356,8003943,8002536,8001780,8004024,8004878,8001773,8001776,8400735,8400071,;602
2021-12-25T13:17:00.000Z;Voerde(Niederrhein);RE;RE 5;5;28521;8006098;8006098%2021-12-25T13:17:00.000Z%,8001469,8004542,8000286,8000086,8000082,8000085,8001584,8006713,8000209,8003368,8000207,8003361,8001215,8000044,8001091,8001082,8004604,8000310,8005580,8000694,8000331,8003341,8000206,;602
2021-12-25T13:45:00.000Z;Voerde(Niederrhein);RE;RE 5;5;28518;8006098;8006098%2021-12-25T13:45:00.000Z%,8002109,8000242,;602
2021-12-25T13:50:00.000Z;Voerde(Niederrhein);RE;RE 19;19;20025;8006098;8006098%2021-12-25T13:50:00.000Z%,8001469,8004540,8004542,8000286,8000086,8000082,8000085,;602
2021-12-25T14:06:00.000Z;Voerde(Niederrhein);RE;RE 19;19;20024;8006098;8006098%2021-12-25T14:06:00.000Z%,8002109,8000242,8006356,8003943,8002536,8001780,8004024,8004878,8001773,8001776,8400735,8400071,;602
2021-12-25T14:13:00.000Z;Voerde(Niederrhein);RE;RE 5;5;28523;8006098;8006098%2021-12-25T14:13:00.000Z%,8001469,8004540,8004542,8000286,8000086,8000082,8000085,8001584,8006713,8000209,8003368,8000207,8003361,8001215,8000044,8001091,8001082,8004604,8000310,8005580,8000694,8000331,8003341,8000206,;602
2021-12-25T14:43:00.000Z;Voerde(Niederrhein);RE;RE 5;5;28520;8006098;8006098%2021-12-25T14:43:00.000Z%,8000242,;602
2021-12-25T14:50:00.000Z;Voerde(Niederrhein);RE;RE 19;19;20027;8006098;8006098%2021-12-25T14:50:00.000Z%,8001469,8004540,8004542,8000286,8000086,8000082,8000085,;602
2021-12-25T15:06:00.000Z;Voerde(Niederrhein);RE;RE 19;19;20026;8006098;8006098%2021-12-25T15:06:00.000Z%,8002109,8000242,8006356,8003943,8002536,8001780,8004024,8004878,8001773,8001776,8400735,8400071,;602
2021-12-25T15:17:00.000Z;Voerde(Niederrhein);RE;RE 5;5;28525;8006098;8006098%2021-12-25T15:17:00.000Z%,8001469,8004542,8000286,8000086,8000082,8000085,8001584,8006713,8000209,8003368,8000207,8003361,8001215,8000044,8001091,8001082,8004604,8000310,8005580,8000694,8000331,8003341,8000206,;602
2021-12-25T15:45:00.000Z;Voerde(Niederrhein);RE;RE 5;5;28522;8006098;8006098%2021-12-25T15:45:00.000Z%,8002109,8000242,;602
2021-12-25T15:50:00.000Z;Voerde(Niederrhein);RE;RE 19;19;20029;8006098;8006098%2021-12-25T15:50:00.000Z%,8001469,8004540,8004542,8000286,8000086,8000082,8000085,;602
2021-12-25T16:06:00.000Z;Voerde(Niederrhein);RE;RE 19;19;20028;8006098;8006098%2021-12-25T16:06:00.000Z%,8002109,8000242,8006356,8003943,8002536,8001780,8004024,8004878,8001773,8001776,8400735,8400071,;602
2021-12-25T16:13:00.000Z;Voerde(Niederrhein);RE;RE 5;5;28527;8006098;8006098%2021-12-25T16:13:00.000Z%,8001469,8004540,8004542,8000286,8000086,8000082,8000085,8001584,8006713,8000209,8003368,8000207,8003361,8001215,8000044,8001091,8001082,8004604,8000310,8005580,8000694,8000331,8003341,8000206,;602
2021-12-25T16:45:00.000Z;Voerde(Niederrhein);RE;RE 5;5;28524;8006098;8006098%2021-12-25T16:45:00.000Z%,8002109,8000242,;602
2021-12-25T16:50:00.000Z;Voerde(Niederrhein);RE;RE 19;19;20031;8006098;8006098%2021-12-25T16:50:00.000Z%,8001469,8004540,8004542,8000286,8000086,8000082,8000085,;602
2021-12-25T17:06:00.000Z;Voerde(Niederrhein);RE;RE 19;19;20030;8006098;8006098%2021-12-25T17:06:00.000Z%,8002109,8000242,8006356,8003943,8002536,8001780,8004024,8004878,8001773,8001776,8400735,8400071,;602
2021-12-25T17:17:00.000Z;Voerde(Niederrhein);RE;RE 5;5;28529;8006098;8006098%2021-12-25T17:17:00.000Z%,8001469,8004542,8000286,8000086,8000082,8000085,8001584,8006713,8000209,8003368,8000207,8003361,8001215,8000044,8001091,8001082,8004604,8000310,8005580,8000694,8000331,8003341,8000206,;602
2021-12-25T17:43:00.000Z;Voerde(Niederrhein);RE;RE 5;5;28526;8006098;8006098%2021-12-25T17:43:00.000Z%,8000242,;602
2021-12-25T17:50:00.000Z;Voerde(Niederrhein);RE;RE 19;19;20033;8006098;8006098%2021-12-25T17:50:00.000Z%,8001469,8004540,8004542,8000286,8000086,8000082,8000085,;602
2021-12-25T18:07:00.000Z;Voerde(Niederrhein);RE;RE 19;19;20032;8006098;8006098%2021-12-25T18:07:00.000Z%,8002109,8000242,8006356,8003943,8002536,8001780,8004024,8004878,8001773,8001776,8400735,8400071,;602
2021-12-25T18:13:00.000Z;Voerde(Niederrhein);RE;RE 5;5;28531;8006098;8006098%2021-12-25T18:13:00.000Z%,8001469,8004540,8004542,8000286,8000086,8000082,8000085,8001584,8006713,8000209,8003368,8000207,8003361,8001215,8000044,8001091,8001082,8004604,8000310,8005580,8000694,8000331,8003341,8000206,;602
2021-12-25T18:45:00.000Z;Voerde(Niederrhein);RE;RE 5;5;28528;8006098;8006098%2021-12-25T18:45:00.000Z%,8002109,8000242,;602
2021-12-25T18:50:00.000Z;Voerde(Niederrhein);RE;RE 19;19;20035;8006098;8006098%2021-12-25T18:50:00.000Z%,8001469,8004540,8004542,8000286,8000086,8000082,8000085,;602
2021-12-25T19:06:00.000Z;Voerde(Niederrhein);RE;RE 19;19;20034;8006098;8006098%2021-12-25T19:06:00.000Z%,8000242,8006356,8003943,8002536,8001780,8004024,8004878,8001773,8001776,8400735,8400071,;602
2021-12-25T19:17:00.000Z;Voerde(Niederrhein);RE;RE 5;5;28533;8006098;8006098%2021-12-25T19:17:00.000Z%,8001469,8004542,8000286,8000086,8000082,8000085,8001584,8006713,8000209,8003368,8000207,8003361,8001215,8000044,8001091,8001082,8004604,8000310,8005580,8000694,8000331,8003341,8000206,;602
2021-12-25T19:45:00.000Z;Voerde(Niederrhein);RE;RE 5;5;28530;8006098;8006098%2021-12-25T19:45:00.000Z%,8002109,8000242,;602
2021-12-25T19:50:00.000Z;Voerde(Niederrhein);RE;RE 19;19;20037;8006098;8006098%2021-12-25T19:50:00.000Z%,8001469,8004540,8004542,8000286,8000086,8000082,8000085,;602
2021-12-25T20:06:00.000Z;Voerde(Niederrhein);RE;RE 19;19;20036;8006098;8006098%2021-12-25T20:06:00.000Z%,8002109,8000242,8006356,8003943,8002536,8001780,8004024,8004878,8001773,8001776,8400735,8400071,;602
2021-12-25T20:17:00.000Z;Voerde(Niederrhein);RE;RE 5;5;28535;8006098;8006098%2021-12-25T20:17:00.000Z%,8001469,8004542,8000286,8000086,8000082,8000085,8001584,8006713,8000209,8003368,8000207,8003361,8001215,8000044,8001091,8001082,8004604,8000310,8005580,8000694,8000331,8003341,8000206,;602
2021-12-24T20:51:00.000Z;Vogelweh;RB;RB 70;70;12545;8006100;8006100%2021-12-24T20:52:00.000Z%1,8003232,8000189,;426
2021-12-24T21:51:00.000Z;Vogelweh;RB;RB 70;70;12547;8006100;8006100%2021-12-24T21:51:00.000Z%,8000189,;426
2021-12-25T05:43:00.000Z;Vogelweh;RB;RB 70;70;12507;8006100;8006100%2021-12-25T05:43:00.000Z%,8003232,8000189,;426
2021-12-25T06:10:00.000Z;Vogelweh;RB;RB 70;70;12508;8006100;8006100%2021-12-25T06:10:00.000Z%,8001720,8003257,8003515,8002655,8001200,8000176,8003684,8003294,8000319,8005649,8005044,8005332,8005306,8005241,8000323,;426
2021-12-25T15:07:00.000Z;Vogelweh;RB;RB 70;70;12536;8006100;8006100%2021-12-25T15:07:00.000Z%,8003257,8003515,8002655,8001200,8000176,8003684,8003294,8005649,8005044,8005332,8005241,8000323,;426
2021-12-25T19:44:00.000Z;Vogelweh;RB;RB 67;67;12888;8006100;8006100%2021-12-25T19:44:00.000Z%,8001720,8003257,8003515,8004938,8007482,8005715,8004557,8004396,8002286,8004993,8001727,8005857,8000491,8004929,8003481,;426
2021-12-25T19:44:00.000Z;Vogelweh;RB;RB 70;70;12893;8006100;8006100%2021-12-25T19:44:00.000Z%,8001720,8003257,8003515,8002655,8001200,8000176,;426
2021-12-25T20:16:00.000Z;Vogelweh;RB;RB 67;67;12883;8006100;8006100%2021-12-25T20:16:00.000Z%,8003232,8000189,;426
2021-12-24T20:23:00.000Z;Volkringhausen;RB;RB 54;54;14872;8006109;8006109%2021-12-24T20:23:00.000Z%0,8000978,8003638,8003965,8003967,8001066,8000113,8000597,8002130,8000171,;426
2021-12-25T07:31:00.000Z;Volkringhausen;RB;RB 54;54;14815;8006109;8006109%2021-12-25T07:31:00.000Z%,8005289,8000793,8002180,8003470,8004273,;426
2021-12-25T08:23:00.000Z;Volkringhausen;RB;RB 54;54;14822;8006109;8006109%2021-12-25T08:23:00.000Z%,8000978,8003638,8003965,8003967,8001066,8000113,;426
2021-12-25T09:31:00.000Z;Volkringhausen;RB;RB 54;54;14823;8006109;8006109%2021-12-25T09:31:00.000Z%,8005289,8000793,8002180,8003470,8004273,;426
2021-12-25T10:23:00.000Z;Volkringhausen;RB;RB 54;54;14830;8006109;8006109%2021-12-25T10:23:00.000Z%,8000978,8003638,8003965,8003967,8001066,8000113,;426
2021-12-25T11:31:00.000Z;Volkringhausen;RB;RB 54;54;14831;8006109;8006109%2021-12-25T11:31:00.000Z%,8005289,8000793,8002180,8003470,8004273,;426
2021-12-25T12:23:00.000Z;Volkringhausen;RB;RB 54;54;14838;8006109;8006109%2021-12-25T12:23:00.000Z%,8000978,8003638,8003965,8003967,8001066,8000113,;426
2021-12-25T13:31:00.000Z;Volkringhausen;RB;RB 54;54;14841;8006109;8006109%2021-12-25T13:31:00.000Z%,8005289,8000793,8002180,8003470,8004273,;426
2021-12-25T14:23:00.000Z;Volkringhausen;RB;RB 54;54;14848;8006109;8006109%2021-12-25T14:23:00.000Z%,8000978,8003638,8003965,8003967,8001066,8000113,;426
2021-12-25T15:31:00.000Z;Volkringhausen;RB;RB 54;54;14849;8006109;8006109%2021-12-25T15:31:00.000Z%,8005289,8000793,8002180,8003470,8004273,;426
2021-12-25T16:23:00.000Z;Volkringhausen;RB;RB 54;54;14856;8006109;8006109%2021-12-25T16:23:00.000Z%,8000978,8003638,8003965,8003967,8001066,8000113,;426
2021-12-25T17:31:00.000Z;Volkringhausen;RB;RB 54;54;14857;8006109;8006109%2021-12-25T17:31:00.000Z%,8005289,8000793,8002180,8003470,8004273,;426
2021-12-25T18:23:00.000Z;Volkringhausen;RB;RB 54;54;14864;8006109;8006109%2021-12-25T18:23:00.000Z%,8000978,8003638,8003965,8003967,8001066,8000113,;426
2021-12-25T19:31:00.000Z;Volkringhausen;RB;RB 54;54;14865;8006109;8006109%2021-12-25T19:31:00.000Z%,8005289,8000793,8002180,8003470,8004273,;426
2021-12-24T20:25:00.000Z;Volpriehausen;RB;RB 81;81;14176;8006112;8006112%2021-12-24T20:25:00.000Z%0,8006041,8001050,;426
2021-12-24T21:30:00.000Z;Volpriehausen;RB;RB 81;81;14179;8006112;8006112%2021-12-24T21:30:00.000Z%,8002594,8000283,;426
2021-12-25T06:29:00.000Z;Volpriehausen;RB;RB 81;81;14152;8006112;8006112%2021-12-25T06:29:00.000Z%,8006041,8001050,;426
2021-12-25T07:30:00.000Z;Volpriehausen;RB;RB 81;81;14157;8006112;8006112%2021-12-25T07:30:00.000Z%,8002594,8000283,8003209,8006592,8002641,8000166,8005324,8000739,8006172,8011480,8013333,8012494,8012516,8010256,;426
2021-12-25T08:25:00.000Z;Volpriehausen;RB;RB 81;81;14156;8006112;8006112%2021-12-25T08:25:00.000Z%,8006041,8001050,;426
2021-12-25T09:30:00.000Z;Volpriehausen;RB;RB 81;81;14159;8006112;8006112%2021-12-25T09:30:00.000Z%,8002594,8000283,8003209,8006592,8002641,8000166,8005324,8000739,8006172,8011480,8013333,8012494,8012516,8010256,;426
2021-12-25T10:25:00.000Z;Volpriehausen;RB;RB 81;81;14158;8006112;8006112%2021-12-25T10:25:00.000Z%,8006041,8001050,;426
2021-12-25T11:30:00.000Z;Volpriehausen;RB;RB 81;81;14161;8006112;8006112%2021-12-25T11:30:00.000Z%,8002594,8000283,8003209,8006592,8002641,8000166,8005324,8000739,8006172,8011480,8013333,8012494,8012516,8010256,;426
2021-12-25T12:25:00.000Z;Volpriehausen;RB;RB 81;81;14162;8006112;8006112%2021-12-25T12:25:00.000Z%,8006041,8001050,;426
2021-12-25T13:30:00.000Z;Volpriehausen;RB;RB 81;81;14167;8006112;8006112%2021-12-25T13:30:00.000Z%,8002594,8000283,8003209,8006592,8002641,8000166,8005324,8000739,8006172,8011480,8013333,8012494,8012516,8010256,;426
2021-12-25T14:25:00.000Z;Volpriehausen;RB;RB 81;81;14166;8006112;8006112%2021-12-25T14:25:00.000Z%,8006041,8001050,;426
2021-12-25T15:30:00.000Z;Volpriehausen;RB;RB 81;81;14169;8006112;8006112%2021-12-25T15:30:00.000Z%,8002594,8000283,8003209,8006592,8002641,8000166,8005324,8000739,8006172,8011480,8013333,8012494,8012516,8010256,;426
2021-12-25T16:25:00.000Z;Volpriehausen;RB;RB 81;81;14170;8006112;8006112%2021-12-25T16:25:00.000Z%,8006041,8001050,;426
2021-12-25T17:30:00.000Z;Volpriehausen;RB;RB 81;81;14173;8006112;8006112%2021-12-25T17:30:00.000Z%,8002594,8000283,8003209,8006592,8002641,8000166,8005324,8000739,8006172,8011480,8013333,8012494,8012516,8010256,;426
2021-12-25T18:25:00.000Z;Volpriehausen;RB;RB 81;81;14174;8006112;8006112%2021-12-25T18:25:00.000Z%,8006041,8001050,;426
2021-12-25T19:30:00.000Z;Volpriehausen;RB;RB 81;81;14177;8006112;8006112%2021-12-25T19:30:00.000Z%,8002594,8000283,8003209,8006592,8002641,8000166,8005324,8000739,8006172,8011480,8013333,8012494,8012516,8010256,;426
2021-12-24T20:43:00.000Z;Wackershofen;RB;RB 83;83;23435;8006135;8006135%2021-12-24T20:43:00.000Z%0,8005449,8000330,;426
2021-12-24T21:14:00.000Z;Wackershofen;RB;RB 83;83;23438;8006135;8006135%2021-12-24T21:14:00.000Z%,8006154,8004276,8004623,;426
2021-12-24T21:46:00.000Z;Wackershofen;RE;RE 80;80;23415;8006135;8006135%2021-12-24T21:46:00.000Z%,8005449,8000330,8001651,8000067,;602
2021-12-24T22:13:00.000Z;Wackershofen;RB;RB 83;83;23440;8006135;8006135%2021-12-24T22:13:00.000Z%,8006154,8004276,8004623,8006456,8006289,8000157,;426
2021-12-24T23:16:00.000Z;Wackershofen;RB;RB 83;83;23437;8006135;8006135%2021-12-24T23:16:00.000Z%,8005449,8000330,;426
2021-12-24T23:46:00.000Z;Wackershofen;RB;RB 83;83;23459;8006135;8006135%2021-12-24T23:46:00.000Z%,8005449,8000330,8001651,8000067,;426
2021-12-25T06:12:00.000Z;Wackershofen;RB;RB 83;83;23422;8006135;8006135%2021-12-25T06:12:00.000Z%,8006154,8004276,8004623,8006456,8006289,8000157,;426
2021-12-25T07:14:00.000Z;Wackershofen;RB;RB 83;83;23424;8006135;8006135%2021-12-25T07:14:00.000Z%,8006154,8004276,8004623,;426
2021-12-25T07:46:00.000Z;Wackershofen;RE;RE 80;80;23401;8006135;8006135%2021-12-25T07:46:00.000Z%,8005449,8000330,8001651,8000067,;602
2021-12-25T08:12:00.000Z;Wackershofen;RE;RE 80;80;23400;8006135;8006135%2021-12-25T08:12:00.000Z%,8006154,8004276,8004623,8006456,8006289,8000157,;602
2021-12-25T08:43:00.000Z;Wackershofen;RB;RB 83;83;23441;8006135;8006135%2021-12-25T08:43:00.000Z%,8005449,8000330,;426
2021-12-25T09:14:00.000Z;Wackershofen;RB;RB 83;83;23426;8006135;8006135%2021-12-25T09:14:00.000Z%,8006154,8004276,8004623,;426
2021-12-25T09:46:00.000Z;Wackershofen;RE;RE 80;80;23403;8006135;8006135%2021-12-25T09:46:00.000Z%,8005449,8000330,8001651,8000067,;602
2021-12-25T10:12:00.000Z;Wackershofen;RE;RE 80;80;23402;8006135;8006135%2021-12-25T10:12:00.000Z%,8006154,8004276,8004623,8006456,8006289,8000157,;602
2021-12-25T10:43:00.000Z;Wackershofen;RB;RB 83;83;23443;8006135;8006135%2021-12-25T10:43:00.000Z%,8005449,8000330,;426
2021-12-25T11:14:00.000Z;Wackershofen;RB;RB 83;83;23428;8006135;8006135%2021-12-25T11:14:00.000Z%,8006154,8004276,8004623,;426
2021-12-25T11:46:00.000Z;Wackershofen;RE;RE 80;80;23405;8006135;8006135%2021-12-25T11:46:00.000Z%,8005449,8000330,8001651,8000067,;602
2021-12-25T12:12:00.000Z;Wackershofen;RE;RE 80;80;23404;8006135;8006135%2021-12-25T12:12:00.000Z%,8006154,8004276,8004623,8006456,8006289,8000157,;602
2021-12-25T12:43:00.000Z;Wackershofen;RB;RB 83;83;23445;8006135;8006135%2021-12-25T12:43:00.000Z%,8005449,8000330,;426
2021-12-25T13:14:00.000Z;Wackershofen;RB;RB 83;83;23430;8006135;8006135%2021-12-25T13:14:00.000Z%,8006154,8004276,8004623,;426
2021-12-25T13:46:00.000Z;Wackershofen;RE;RE 80;80;23407;8006135;8006135%2021-12-25T13:46:00.000Z%,8005449,8000330,8001651,8000067,;602
2021-12-25T14:12:00.000Z;Wackershofen;RE;RE 80;80;23406;8006135;8006135%2021-12-25T14:12:00.000Z%,8006154,8004276,8004623,8006456,8006289,8000157,;602
2021-12-25T14:43:00.000Z;Wackershofen;RB;RB 83;83;23447;8006135;8006135%2021-12-25T14:43:00.000Z%,8005449,8000330,;426
2021-12-25T15:14:00.000Z;Wackershofen;RB;RB 83;83;23432;8006135;8006135%2021-12-25T15:14:00.000Z%,8006154,8004276,8004623,;426
2021-12-25T15:46:00.000Z;Wackershofen;RE;RE 80;80;23409;8006135;8006135%2021-12-25T15:46:00.000Z%,8005449,8000330,8001651,8000067,;602
2021-12-25T16:12:00.000Z;Wackershofen;RE;RE 80;80;23408;8006135;8006135%2021-12-25T16:12:00.000Z%,8006154,8004276,8004623,8006456,8006289,8000157,;602
2021-12-25T16:43:00.000Z;Wackershofen;RB;RB 83;83;23449;8006135;8006135%2021-12-25T16:43:00.000Z%,8005449,8000330,;426
2021-12-25T17:14:00.000Z;Wackershofen;RB;RB 83;83;23434;8006135;8006135%2021-12-25T17:14:00.000Z%,8006154,8004276,8004623,;426
2021-12-25T17:46:00.000Z;Wackershofen;RE;RE 80;80;23411;8006135;8006135%2021-12-25T17:46:00.000Z%,8005449,8000330,8001651,8000067,;602
2021-12-25T18:12:00.000Z;Wackershofen;RE;RE 80;80;23410;8006135;8006135%2021-12-25T18:12:00.000Z%,8006154,8004276,8004623,8006456,8006289,8000157,;602
2021-12-25T18:43:00.000Z;Wackershofen;RB;RB 83;83;23451;8006135;8006135%2021-12-25T18:43:00.000Z%,8005449,8000330,;426
2021-12-25T19:14:00.000Z;Wackershofen;RB;RB 83;83;23436;8006135;8006135%2021-12-25T19:14:00.000Z%,8006154,8004276,8004623,;426
2021-12-25T19:46:00.000Z;Wackershofen;RE;RE 80;80;23413;8006135;8006135%2021-12-25T19:46:00.000Z%,8005449,8000330,8001651,8000067,;602
2021-12-25T20:12:00.000Z;Wackershofen;RE;RE 80;80;23412;8006135;8006135%2021-12-25T20:12:00.000Z%,8006154,8004276,8004623,8006456,8006289,8000157,;602
2021-12-24T20:26:00.000Z;Waigolshausen;RB;RB 53;53;58268;8006147;8006147%2021-12-24T20:28:00.000Z%2,8001919,8000902,8005523,8005198,8000260,;426
2021-12-24T20:31:00.000Z;Waigolshausen;RB;RB 53;53;58275;8006147;8006147%2021-12-24T20:32:00.000Z%1,8000032,8005479,8005481,8005400,8002630,8006635,8001619,8004533,8000025,;426
2021-12-24T21:27:00.000Z;Waigolshausen;RE;RE 55;55;58404;8006147;8006147%2021-12-24T21:28:00.000Z%1,8001919,8000902,8005523,8005198,8000260,;602
2021-12-24T22:33:00.000Z;Waigolshausen;RB;RB 53;53;58279;8006147;8006147%2021-12-24T22:33:00.000Z%,8000032,8005479,8005481,8005400,8002630,8006635,8001619,8004533,8000025,;426
2021-12-24T22:51:00.000Z;Waigolshausen;RB;RB 53;53;58272;8006147;8006147%2021-12-24T22:51:00.000Z%,8001919,8000902,8005523,8005198,8000260,;426
2021-12-25T00:00:00.000Z;Waigolshausen;RB;RB 53;53;58281;8006147;8006147%2021-12-25T00:00:00.000Z%,8000032,8005479,8005481,;426
2021-12-25T04:33:00.000Z;Waigolshausen;RB;RB 53;53;58254;8006147;8006147%2021-12-25T04:33:00.000Z%,8001919,8000902,8005523,8005198,8000260,;426
2021-12-25T05:27:00.000Z;Waigolshausen;RB;RB 53;53;58253;8006147;8006147%2021-12-25T05:27:00.000Z%,8000032,8005479,8005481,8005400,8002630,8006635,8001619,8004533,8000025,;426
2021-12-25T06:31:00.000Z;Waigolshausen;RB;RB 53;53;58012;8006147;8006147%2021-12-25T06:31:00.000Z%,8001919,8000902,8005523,8005198,8000260,8006586,8006065,8005864,8005049,8002845,8003189,8006349,8000120,8005092,8001293,8004040,8004583,8003129,;426
2021-12-25T07:26:00.000Z;Waigolshausen;RB;RB 53;53;58016;8006147;8006147%2021-12-25T07:26:00.000Z%,8001919,8000902,8005523,8005198,8000260,8006586,8006065,8005864,8005049,8002845,8003189,8006349,8000120,8005092,8001293,8004040,8004583,8003129,8005720,8000891,;426
2021-12-25T07:31:00.000Z;Waigolshausen;RB;RB 53;53;58259;8006147;8006147%2021-12-25T07:31:00.000Z%,8000032,8005479,8005481,8005400,8002630,8006635,8001619,8004533,8000025,;426
2021-12-25T08:26:00.000Z;Waigolshausen;RB;RB 53;53;58020;8006147;8006147%2021-12-25T08:26:00.000Z%,8001919,8000902,8005523,8005198,8000260,8006586,8006065,8005864,8005049,8002845,8003189,8006349,8000120,8005092,8001293,8004040,8004583,8003129,;426
2021-12-25T08:30:00.000Z;Waigolshausen;RB;RB 53;53;58021;8006147;8006147%2021-12-25T08:30:00.000Z%,8000032,8005479,8005481,8005400,8002630,8006635,8001619,8004533,8000025,;426
2021-12-25T09:26:00.000Z;Waigolshausen;RB;RB 53;53;58024;8006147;8006147%2021-12-25T09:26:00.000Z%,8001919,8000902,8005523,8005198,8000260,8006586,8006065,8005864,8005049,8002845,8003189,8006349,8000120,8005092,8001293,8004040,8004583,8003129,8005720,8000891,;426
2021-12-25T09:31:00.000Z;Waigolshausen;RB;RB 53;53;58023;8006147;8006147%2021-12-25T09:31:00.000Z%,8000032,8005479,8005481,8005400,8002630,8006635,8001619,8004533,8000025,;426
2021-12-25T10:26:00.000Z;Waigolshausen;RB;RB 53;53;58028;8006147;8006147%2021-12-25T10:26:00.000Z%,8001919,8000902,8005523,8005198,8000260,8006586,8006065,8005864,8005049,8002845,8003189,8006349,8000120,8005092,8001293,8004040,8004583,8003129,;426
2021-12-25T10:31:00.000Z;Waigolshausen;RB;RB 53;53;58029;8006147;8006147%2021-12-25T10:31:00.000Z%,8000032,8005479,8005481,8005400,8002630,8006635,8001619,8004533,8000025,;426
2021-12-25T11:26:00.000Z;Waigolshausen;RB;RB 53;53;58032;8006147;8006147%2021-12-25T11:26:00.000Z%,8001919,8000902,8005523,8005198,8000260,8006586,8006065,8005864,8005049,8002845,8003189,8006349,8000120,8005092,8001293,8004040,8004583,8003129,8005720,8000891,;426
2021-12-25T11:31:00.000Z;Waigolshausen;RB;RB 53;53;58037;8006147;8006147%2021-12-25T11:31:00.000Z%,8000032,8005479,8005481,8005400,8002630,8006635,8001619,8004533,8000025,;426
2021-12-25T12:26:00.000Z;Waigolshausen;RB;RB 53;53;58036;8006147;8006147%2021-12-25T12:26:00.000Z%,8001919,8000902,8005523,8005198,8000260,8006586,8006065,8005864,8005049,8002845,8003189,8006349,8000120,8005092,8001293,8004040,8004583,8003129,;426
2021-12-25T12:31:00.000Z;Waigolshausen;RB;RB 53;53;58041;8006147;8006147%2021-12-25T12:31:00.000Z%,8000032,8005479,8005481,8005400,8002630,8006635,8001619,8004533,8000025,;426
2021-12-25T13:26:00.000Z;Waigolshausen;RB;RB 53;53;58044;8006147;8006147%2021-12-25T13:26:00.000Z%,8001919,8000902,8005523,8005198,8000260,8006586,8006065,8005864,8005049,8002845,8003189,8006349,8000120,8005092,8001293,8004040,8004583,8003129,8005720,8000891,;426
2021-12-25T13:31:00.000Z;Waigolshausen;RB;RB 53;53;58043;8006147;8006147%2021-12-25T13:31:00.000Z%,8000032,8005479,8005481,8005400,8002630,8006635,8001619,8004533,8000025,;426
2021-12-25T14:26:00.000Z;Waigolshausen;RB;RB 53;53;58050;8006147;8006147%2021-12-25T14:26:00.000Z%,8001919,8000902,8005523,8005198,8000260,8006586,8006065,8005864,8005049,8002845,8003189,8006349,8000120,8005092,8001293,8004040,8004583,8003129,;426
2021-12-25T14:31:00.000Z;Waigolshausen;RB;RB 53;53;58049;8006147;8006147%2021-12-25T14:31:00.000Z%,8000032,8005479,8005481,8005400,8002630,8006635,8001619,8004533,8000025,;426
2021-12-25T15:26:00.000Z;Waigolshausen;RB;RB 53;53;58054;8006147;8006147%2021-12-25T15:26:00.000Z%,8001919,8000902,8005523,8005198,8000260,8006586,8006065,8005864,8005049,8002845,8003189,8006349,8000120,8005092,8001293,8004040,8004583,8003129,8005720,8000891,;426
2021-12-25T15:31:00.000Z;Waigolshausen;RB;RB 53;53;58053;8006147;8006147%2021-12-25T15:31:00.000Z%,8000032,8005479,8005481,8005400,8002630,8006635,8001619,8004533,8000025,;426
2021-12-25T16:26:00.000Z;Waigolshausen;RB;RB 53;53;58062;8006147;8006147%2021-12-25T16:26:00.000Z%,8001919,8000902,8005523,8005198,8000260,8006586,8006065,8005864,8005049,8002845,8003189,8006349,8000120,8005092,8001293,8004040,8004583,8003129,;426
2021-12-25T16:31:00.000Z;Waigolshausen;RB;RB 53;53;58057;8006147;8006147%2021-12-25T16:31:00.000Z%,8000032,8005479,8005481,8005400,8002630,8006635,8001619,8004533,8000025,;426
2021-12-25T17:26:00.000Z;Waigolshausen;RB;RB 53;53;58068;8006147;8006147%2021-12-25T17:26:00.000Z%,8001919,8000902,8005523,8005198,8000260,8006586,8006065,8005864,8005049,8002845,8003189,8006349,8000120,8005092,8001293,8004040,8004583,8003129,8005720,8000891,;426
2021-12-25T17:31:00.000Z;Waigolshausen;RB;RB 53;53;58061;8006147;8006147%2021-12-25T17:31:00.000Z%,8000032,8005479,8005481,8005400,8002630,8006635,8001619,8004533,8000025,;426
2021-12-25T18:26:00.000Z;Waigolshausen;RB;RB 53;53;58264;8006147;8006147%2021-12-25T18:26:00.000Z%,8001919,8000902,8005523,8005198,8000260,;426
2021-12-25T18:31:00.000Z;Waigolshausen;RB;RB 53;53;58069;8006147;8006147%2021-12-25T18:31:00.000Z%,8000032,8005479,8005481,8005400,8002630,8006635,8001619,8004533,8000025,;426
2021-12-25T19:26:00.000Z;Waigolshausen;RB;RB 53;53;58266;8006147;8006147%2021-12-25T19:26:00.000Z%,8001919,8000902,8005523,8005198,8000260,;426
2021-12-25T19:31:00.000Z;Waigolshausen;RB;RB 53;53;58071;8006147;8006147%2021-12-25T19:31:00.000Z%,8000032,8005479,8005481,8005400,8002630,8006635,8001619,8004533,8000025,;426
2021-12-24T20:19:00.000Z;Waldenburg(Württ);RE;RE 80;80;23412;8006154;8006154%2021-12-24T20:23:00.000Z%4,8004276,8004623,8006456,8006289,8000157,;602
2021-12-24T20:36:00.000Z;Waldenburg(Württ);RB;RB 83;83;23435;8006154;8006154%2021-12-24T20:36:00.000Z%0,8006135,8005449,8000330,;426
2021-12-24T21:21:00.000Z;Waldenburg(Württ);RB;RB 83;83;23438;8006154;8006154%2021-12-24T21:21:00.000Z%,8004276,8004623,;426
2021-12-24T21:39:00.000Z;Waldenburg(Württ);RE;RE 80;80;23415;8006154;8006154%2021-12-24T21:39:00.000Z%,8006135,8005449,8000330,8001651,8000067,;602
2021-12-24T22:20:00.000Z;Waldenburg(Württ);RB;RB 83;83;23440;8006154;8006154%2021-12-24T22:20:00.000Z%,8004276,8004623,8006456,8006289,8000157,;426
2021-12-24T23:09:00.000Z;Waldenburg(Württ);RB;RB 83;83;23437;8006154;8006154%2021-12-24T23:09:00.000Z%,8006135,8005449,8000330,;426
2021-12-24T23:39:00.000Z;Waldenburg(Württ);RB;RB 83;83;23459;8006154;8006154%2021-12-24T23:39:00.000Z%,8006135,8005449,8000330,8001651,8000067,;426
2021-12-25T06:19:00.000Z;Waldenburg(Württ);RB;RB 83;83;23422;8006154;8006154%2021-12-25T06:19:00.000Z%,8004276,8004623,8006456,8006289,8000157,;426
2021-12-25T07:21:00.000Z;Waldenburg(Württ);RB;RB 83;83;23424;8006154;8006154%2021-12-25T07:21:00.000Z%,8004276,8004623,;426
2021-12-25T07:39:00.000Z;Waldenburg(Württ);RE;RE 80;80;23401;8006154;8006154%2021-12-25T07:39:00.000Z%,8006135,8005449,8000330,8001651,8000067,;602
2021-12-25T08:19:00.000Z;Waldenburg(Württ);RE;RE 80;80;23400;8006154;8006154%2021-12-25T08:19:00.000Z%,8004276,8004623,8006456,8006289,8000157,;602
2021-12-25T08:36:00.000Z;Waldenburg(Württ);RB;RB 83;83;23441;8006154;8006154%2021-12-25T08:36:00.000Z%,8006135,8005449,8000330,;426
2021-12-25T09:21:00.000Z;Waldenburg(Württ);RB;RB 83;83;23426;8006154;8006154%2021-12-25T09:21:00.000Z%,8004276,8004623,;426
2021-12-25T09:39:00.000Z;Waldenburg(Württ);RE;RE 80;80;23403;8006154;8006154%2021-12-25T09:39:00.000Z%,8006135,8005449,8000330,8001651,8000067,;602
2021-12-25T10:19:00.000Z;Waldenburg(Württ);RE;RE 80;80;23402;8006154;8006154%2021-12-25T10:19:00.000Z%,8004276,8004623,8006456,8006289,8000157,;602
2021-12-25T10:36:00.000Z;Waldenburg(Württ);RB;RB 83;83;23443;8006154;8006154%2021-12-25T10:36:00.000Z%,8006135,8005449,8000330,;426
2021-12-25T11:21:00.000Z;Waldenburg(Württ);RB;RB 83;83;23428;8006154;8006154%2021-12-25T11:21:00.000Z%,8004276,8004623,;426
2021-12-25T11:39:00.000Z;Waldenburg(Württ);RE;RE 80;80;23405;8006154;8006154%2021-12-25T11:39:00.000Z%,8006135,8005449,8000330,8001651,8000067,;602
2021-12-25T12:19:00.000Z;Waldenburg(Württ);RE;RE 80;80;23404;8006154;8006154%2021-12-25T12:19:00.000Z%,8004276,8004623,8006456,8006289,8000157,;602
2021-12-25T12:36:00.000Z;Waldenburg(Württ);RB;RB 83;83;23445;8006154;8006154%2021-12-25T12:36:00.000Z%,8006135,8005449,8000330,;426
2021-12-25T13:21:00.000Z;Waldenburg(Württ);RB;RB 83;83;23430;8006154;8006154%2021-12-25T13:21:00.000Z%,8004276,8004623,;426
2021-12-25T13:39:00.000Z;Waldenburg(Württ);RE;RE 80;80;23407;8006154;8006154%2021-12-25T13:39:00.000Z%,8006135,8005449,8000330,8001651,8000067,;602
2021-12-25T14:19:00.000Z;Waldenburg(Württ);RE;RE 80;80;23406;8006154;8006154%2021-12-25T14:19:00.000Z%,8004276,8004623,8006456,8006289,8000157,;602
2021-12-25T14:36:00.000Z;Waldenburg(Württ);RB;RB 83;83;23447;8006154;8006154%2021-12-25T14:36:00.000Z%,8006135,8005449,8000330,;426
2021-12-25T15:21:00.000Z;Waldenburg(Württ);RB;RB 83;83;23432;8006154;8006154%2021-12-25T15:21:00.000Z%,8004276,8004623,;426
2021-12-25T15:39:00.000Z;Waldenburg(Württ);RE;RE 80;80;23409;8006154;8006154%2021-12-25T15:39:00.000Z%,8006135,8005449,8000330,8001651,8000067,;602
2021-12-25T16:19:00.000Z;Waldenburg(Württ);RE;RE 80;80;23408;8006154;8006154%2021-12-25T16:19:00.000Z%,8004276,8004623,8006456,8006289,8000157,;602
2021-12-25T16:36:00.000Z;Waldenburg(Württ);RB;RB 83;83;23449;8006154;8006154%2021-12-25T16:36:00.000Z%,8006135,8005449,8000330,;426
2021-12-25T17:21:00.000Z;Waldenburg(Württ);RB;RB 83;83;23434;8006154;8006154%2021-12-25T17:21:00.000Z%,8004276,8004623,;426
2021-12-25T17:39:00.000Z;Waldenburg(Württ);RE;RE 80;80;23411;8006154;8006154%2021-12-25T17:39:00.000Z%,8006135,8005449,8000330,8001651,8000067,;602
2021-12-25T18:19:00.000Z;Waldenburg(Württ);RE;RE 80;80;23410;8006154;8006154%2021-12-25T18:19:00.000Z%,8004276,8004623,8006456,8006289,8000157,;602
2021-12-25T18:36:00.000Z;Waldenburg(Württ);RB;RB 83;83;23451;8006154;8006154%2021-12-25T18:36:00.000Z%,8006135,8005449,8000330,;426
2021-12-25T19:21:00.000Z;Waldenburg(Württ);RB;RB 83;83;23436;8006154;8006154%2021-12-25T19:21:00.000Z%,8004276,8004623,;426
2021-12-25T19:39:00.000Z;Waldenburg(Württ);RE;RE 80;80;23413;8006154;8006154%2021-12-25T19:39:00.000Z%,8006135,8005449,8000330,8001651,8000067,;602
2021-12-24T20:31:00.000Z;Waldshut;RB;RB 3;3;3070;8006167;8006167%2021-12-24T20:31:00.000Z%0,8001491,8000463,8003586,8003585,8004184,8005255,8001174,8005497,8000932,8005064,8002797,8006629,8002365,8000026,;426
2021-12-24T20:48:00.000Z;Waldshut;RB;RB 35;35;17283;8006167;8006167%2021-12-24T20:48:00.000Z%0,8005871,8003562,8004552,8001865,;426
2021-12-24T21:31:00.000Z;Waldshut;RE;RE 3;3;3074;8006167;8006167%2021-12-24T21:31:00.000Z%0,8001491,8000463,8003586,8003585,8004184,8005255,8005064,8002365,8000026,;602
2021-12-24T21:46:00.000Z;Waldshut;RB;RB 3;3;3077;8006167;8006167%2021-12-24T21:46:00.000Z%,8005871,8003562,8004552,8001865,8503424,8002337,8000073,;426
2021-12-25T05:11:00.000Z;Waldshut;RB;RB 35;35;17238;8006167;8006167%2021-12-25T05:11:00.000Z%,8001491,8000463,8003586,8003585,8004184,8005255,8001174,8005497,8000932,8005064,8002797,8006629,8002365,8000026,;426
2021-12-25T06:15:00.000Z;Waldshut;RB;RB 35;35;17244;8006167;8006167%2021-12-25T06:15:00.000Z%,8001491,8000463,8003586,8003585,8004184,8005255,8001174,8005497,8000932,8005064,8002797,8006629,8002365,8000026,;426
2021-12-25T07:16:00.000Z;Waldshut;RB;RB 35;35;17248;8006167;8006167%2021-12-25T07:16:00.000Z%,8001491,8000463,8003586,8003585,8004184,8005255,8001174,8005497,8000932,8005064,8002797,8006629,8002365,8000026,;426
2021-12-25T07:48:00.000Z;Waldshut;RB;RB 35;35;17239;8006167;8006167%2021-12-25T07:48:00.000Z%,8005871,8003562,8004552,;426
2021-12-25T08:16:00.000Z;Waldshut;RB;RB 35;35;17250;8006167;8006167%2021-12-25T08:16:00.000Z%,8001491,8000463,8003586,8003585,8004184,8005255,8001174,8005497,8000932,8005064,8002797,8006629,8002365,8000026,;426
2021-12-25T08:48:00.000Z;Waldshut;RB;RB 35;35;17241;8006167;8006167%2021-12-25T08:48:00.000Z%,8005871,8003562,8004552,;426
2021-12-25T09:16:00.000Z;Waldshut;RB;RB 35;35;17252;8006167;8006167%2021-12-25T09:16:00.000Z%,8001491,8000463,8003586,8003585,8004184,8005255,8001174,8005497,8000932,8005064,8002797,8006629,8002365,8000026,;426
2021-12-25T09:48:00.000Z;Waldshut;RB;RB 35;35;17243;8006167;8006167%2021-12-25T09:48:00.000Z%,8005871,8003562,8004552,;426
2021-12-25T10:16:00.000Z;Waldshut;RB;RB 35;35;17254;8006167;8006167%2021-12-25T10:16:00.000Z%,8001491,8000463,8003586,8003585,8004184,8005255,8001174,8005497,8000932,8005064,8002797,8006629,8002365,8000026,;426
2021-12-25T10:48:00.000Z;Waldshut;RB;RB 35;35;17245;8006167;8006167%2021-12-25T10:48:00.000Z%,8005871,8003562,8004552,;426
2021-12-25T11:16:00.000Z;Waldshut;RB;RB 35;35;17256;8006167;8006167%2021-12-25T11:16:00.000Z%,8001491,8000463,8003586,8003585,8004184,8005255,8001174,8005497,8000932,8005064,8002797,8006629,8002365,8000026,;426
2021-12-25T11:50:00.000Z;Waldshut;RB;RB 35;35;17249;8006167;8006167%2021-12-25T11:50:00.000Z%,8005871,8003562,8004552,;426
2021-12-25T12:16:00.000Z;Waldshut;RB;RB 35;35;17262;8006167;8006167%2021-12-25T12:16:00.000Z%,8001491,8000463,8003586,8003585,8004184,8005255,8001174,8005497,8000932,8005064,8002797,8006629,8002365,8000026,;426
2021-12-25T12:47:00.000Z;Waldshut;RB;RB 35;35;17253;8006167;8006167%2021-12-25T12:47:00.000Z%,8005871,8003562,8004552,;426
2021-12-25T13:16:00.000Z;Waldshut;RB;RB 35;35;17266;8006167;8006167%2021-12-25T13:16:00.000Z%,8001491,8000463,8003586,8003585,8004184,8005255,8001174,8005497,8000932,8005064,8002797,8006629,8002365,8000026,;426
2021-12-25T13:48:00.000Z;Waldshut;RB;RB 35;35;17257;8006167;8006167%2021-12-25T13:48:00.000Z%,8005871,8003562,8004552,;426
2021-12-25T14:16:00.000Z;Waldshut;RB;RB 35;35;17270;8006167;8006167%2021-12-25T14:16:00.000Z%,8001491,8000463,8003586,8003585,8004184,8005255,8001174,8005497,8000932,8005064,8002797,8006629,8002365,8000026,;426
2021-12-25T14:48:00.000Z;Waldshut;RB;RB 35;35;17261;8006167;8006167%2021-12-25T14:48:00.000Z%,8005871,8003562,8004552,;426
2021-12-25T15:16:00.000Z;Waldshut;RB;RB 35;35;17274;8006167;8006167%2021-12-25T15:16:00.000Z%,8001491,8000463,8003586,8003585,8004184,8005255,8001174,8005497,8000932,8005064,8002797,8006629,8002365,8000026,;426
2021-12-25T15:48:00.000Z;Waldshut;RB;RB 35;35;17265;8006167;8006167%2021-12-25T15:48:00.000Z%,8005871,8003562,8004552,;426
2021-12-25T16:16:00.000Z;Waldshut;RB;RB 35;35;17278;8006167;8006167%2021-12-25T16:16:00.000Z%,8001491,8000463,8003586,8003585,8004184,8005255,8001174,8005497,8000932,8005064,8002797,8006629,8002365,8000026,;426
2021-12-25T16:48:00.000Z;Waldshut;RB;RB 35;35;17269;8006167;8006167%2021-12-25T16:48:00.000Z%,8005871,8003562,8004552,;426
2021-12-25T17:16:00.000Z;Waldshut;RB;RB 35;35;17282;8006167;8006167%2021-12-25T17:16:00.000Z%,8001491,8000463,8003586,8003585,8004184,8005255,8001174,8005497,8000932,8005064,8002797,8006629,8002365,8000026,;426
2021-12-25T17:48:00.000Z;Waldshut;RB;RB 35;35;17273;8006167;8006167%2021-12-25T17:48:00.000Z%,8005871,8003562,8004552,;426
2021-12-25T18:16:00.000Z;Waldshut;RB;RB 35;35;17284;8006167;8006167%2021-12-25T18:16:00.000Z%,8001491,8000463,8003586,8003585,8004184,8005255,8001174,8005497,8000932,8005064,8002797,8006629,8002365,8000026,;426
2021-12-25T18:48:00.000Z;Waldshut;RB;RB 35;35;17277;8006167;8006167%2021-12-25T18:48:00.000Z%,8005871,8003562,8004552,;426
2021-12-25T19:16:00.000Z;Waldshut;RB;RB 35;35;17286;8006167;8006167%2021-12-25T19:16:00.000Z%,8001491,8000463,8003586,8003585,8004184,8005255,8001174,8005497,8000932,8005064,8002797,8006629,8002365,8000026,;426
2021-12-25T19:48:00.000Z;Waldshut;RB;RB 35;35;17281;8006167;8006167%2021-12-25T19:48:00.000Z%,8005871,8003562,8004552,;426
2021-12-24T20:42:00.000Z;Walheim(Württ);RE;RE 8;8;19086;8006171;8006171%2021-12-24T20:42:00.000Z%0,8003278,8003588,8004458,8000157,8004220,8000017,8004050,8000295,8000221,8000260,;602
2021-12-24T20:47:00.000Z;Walheim(Württ);RB;RB 18;18;19337;8006171;8006171%2021-12-24T20:47:00.000Z%0,8000925,8000038,8000235,8000096,8005769,8001920,8000302,8006331,8004517,8004488,8000865,8004009,8000314,8000141,;426
2021-12-24T21:09:00.000Z;Walheim(Württ);RB;RB 18;18;19336;8006171;8006171%2021-12-24T21:17:00.000Z%8,8003278,8003588,8004458,8000157,8002699,8004220,8004238,8000017,8005989,8002764,8004258,8005566,8006676,8004050,8005151,8005536,8000424,8000295,;426
2021-12-24T21:42:00.000Z;Walheim(Württ);RE;RE 8;8;19088;8006171;8006171%2021-12-24T21:42:00.000Z%0,8003278,8003588,8004458,8000157,8004220,8000017,8005989,8002764,8004258,8005566,8006676,8004050,8005151,8005536,8000424,8000295,8005168,8001933,8001111,8003381,8000221,;602
2021-12-24T21:46:00.000Z;Walheim(Württ);RB;RB 18;18;19339;8006171;8006171%2021-12-24T21:46:00.000Z%0,8000925,8000038,8000235,8000096,8005769,8001920,8000302,8006331,8004517,8004488,8000865,8004009,8000314,8000141,;426
2021-12-24T22:09:00.000Z;Walheim(Württ);RB;RB 18;18;19338;8006171;8006171%2021-12-24T22:09:00.000Z%0,8003278,8003588,8004458,8000157,8002699,8004220,8000017,8005989,8002764,8004258,8005566,8006676,8004050,8005151,8005536,8000424,8000295,;426
2021-12-24T22:29:00.000Z;Walheim(Württ);RE;RE 8;8;19087;8006171;8006171%2021-12-24T22:29:00.000Z%0,8000925,8000038,8000235,8000096,;602
2021-12-24T22:44:00.000Z;Walheim(Württ);RB;RB 8;8;19090;8006171;8006171%2021-12-24T22:44:00.000Z%0,8003278,8003588,8004458,8000157,8004220,;426
2021-12-24T23:44:00.000Z;Walheim(Württ);RB;RB 18;18;19254;8006171;8006171%2021-12-24T23:44:00.000Z%0,8003278,8003588,8004458,8000157,;426
2021-12-25T00:28:00.000Z;Walheim(Württ);RB;RB 18;18;19257;8006171;8006171%2021-12-25T00:28:00.000Z%0,8000925,8000038,8000235,8000096,8005769,8001920,8000302,8006331,8004517,8004488,8000865,8004009,8000314,8000141,;426
2021-12-25T01:35:00.000Z;Walheim(Württ);RB;RB 18;18;19252;8006171;8006171%2021-12-25T01:35:00.000Z%0,8003278,8003588,8004458,8000157,;426
2021-12-25T02:28:00.000Z;Walheim(Württ);RB;RB 18;18;19201;8006171;8006171%2021-12-25T02:28:00.000Z%,8000925,8000038,8000235,8000096,8005769,8001920,8000302,8006331,8004517,8004488,8000865,8004009,8000314,8000141,;426
2021-12-25T03:37:00.000Z;Walheim(Württ);RB;RB 18;18;19200;8006171;8006171%2021-12-25T03:37:00.000Z%,8003278,8003588,8004458,8000157,;426
2021-12-25T04:12:00.000Z;Walheim(Württ);RB;RB 18;18;19205;8006171;8006171%2021-12-25T04:12:00.000Z%,8000925,8000038,8000235,8000096,8005769,8001920,8000302,8006331,8004517,8004488,8000865,8004009,8000314,8000141,;426
2021-12-25T05:14:00.000Z;Walheim(Württ);RB;RB 8;8;19091;8006171;8006171%2021-12-25T05:14:00.000Z%,8000925,8000038,8000235,8000096,;426
2021-12-25T05:30:00.000Z;Walheim(Württ);RE;RE 8;8;19056;8006171;8006171%2021-12-25T05:30:00.000Z%,8003278,8003588,8004458,8000157,8004220,8000017,8004050,8000295,8000221,8000260,;602
2021-12-25T05:47:00.000Z;Walheim(Württ);RB;RB 18;18;19211;8006171;8006171%2021-12-25T05:47:00.000Z%,8000925,8000038,8000235,8000096,8005769,8001920,8000302,8006331,8004517,8004488,8000865,8004009,8000314,8000141,;426
2021-12-25T06:09:00.000Z;Walheim(Württ);RB;RB 18;18;19214;8006171;8006171%2021-12-25T06:09:00.000Z%,8003278,8003588,8004458,8000157,;426
2021-12-25T06:13:00.000Z;Walheim(Württ);RB;RB 8;8;19095;8006171;8006171%2021-12-25T06:13:00.000Z%,8000925,8000038,8000235,8000096,;426
2021-12-25T06:47:00.000Z;Walheim(Württ);RB;RB 18;18;19213;8006171;8006171%2021-12-25T06:47:00.000Z%,8000925,8000038,8000235,8000096,8005769,8001920,8000302,8006331,8004517,8004488,8000865,8004009,8000314,8000141,;426
2021-12-25T07:09:00.000Z;Walheim(Württ);RB;RB 18;18;19306;8006171;8006171%2021-12-25T07:09:00.000Z%,8003278,8003588,8004458,8000157,8002699,8004220,8000017,8005989,8002764,8004258,8005566,8006676,8004050,8005151,8005536,8000424,8000295,;426
2021-12-25T07:47:00.000Z;Walheim(Württ);RB;RB 18;18;19309;8006171;8006171%2021-12-25T07:47:00.000Z%,8000925,8000038,8000235,8000096,8005769,8001920,8000302,8006331,8004517,8004488,8000865,8004009,8000314,8000141,;426
2021-12-25T08:10:00.000Z;Walheim(Württ);RB;RB 18;18;19308;8006171;8006171%2021-12-25T08:10:00.000Z%,8003278,8003588,8004458,8000157,8002699,8004220,8000017,8005989,8002764,8004258,8005566,8006676,8004050,8005151,8005536,8000424,8000295,;426
2021-12-25T08:47:00.000Z;Walheim(Württ);RB;RB 18;18;19313;8006171;8006171%2021-12-25T08:47:00.000Z%,8000925,8000038,8000235,8000096,8005769,8001920,8000302,8006331,8004517,8004488,8000865,8004009,8000314,8000141,;426
2021-12-25T09:09:00.000Z;Walheim(Württ);RB;RB 18;18;19310;8006171;8006171%2021-12-25T09:09:00.000Z%,8003278,8003588,8004458,8000157,8002699,8004220,8000017,8005989,8002764,8004258,8005566,8006676,8004050,8005151,8005536,8000424,8000295,;426
2021-12-25T09:47:00.000Z;Walheim(Württ);RB;RB 18;18;19315;8006171;8006171%2021-12-25T09:47:00.000Z%,8000925,8000038,8000235,8000096,8005769,8001920,8000302,8006331,8004517,8004488,8000865,8004009,8000314,8000141,;426
2021-12-25T10:09:00.000Z;Walheim(Württ);RB;RB 18;18;19312;8006171;8006171%2021-12-25T10:09:00.000Z%,8003278,8003588,8004458,8000157,8002699,8004220,8000017,8005989,8002764,8004258,8005566,8006676,8004050,8005151,8005536,8000424,8000295,;426
2021-12-25T10:47:00.000Z;Walheim(Württ);RB;RB 18;18;19317;8006171;8006171%2021-12-25T10:47:00.000Z%,8000925,8000038,8000235,8000096,8005769,8001920,8000302,8006331,8004517,8004488,8000865,8004009,8000314,8000141,;426
2021-12-25T11:09:00.000Z;Walheim(Württ);RB;RB 18;18;19314;8006171;8006171%2021-12-25T11:09:00.000Z%,8003278,8003588,8004458,8000157,8002699,8004220,8000017,8005989,8002764,8004258,8005566,8006676,8004050,8005151,8005536,8000424,8000295,;426
2021-12-25T11:47:00.000Z;Walheim(Württ);RB;RB 18;18;19319;8006171;8006171%2021-12-25T11:47:00.000Z%,8000925,8000038,8000235,8000096,8005769,8001920,8000302,8006331,8004517,8004488,8000865,8004009,8000314,8000141,;426
2021-12-25T12:09:00.000Z;Walheim(Württ);RB;RB 18;18;19316;8006171;8006171%2021-12-25T12:09:00.000Z%,8003278,8003588,8004458,8000157,8002699,8004220,8000017,8005989,8002764,8004258,8005566,8006676,8004050,8005151,8005536,8000424,8000295,;426
2021-12-25T12:47:00.000Z;Walheim(Württ);RB;RB 18;18;19321;8006171;8006171%2021-12-25T12:47:00.000Z%,8000925,8000038,8000235,8000096,8005769,8001920,8000302,8006331,8004517,8004488,8000865,8004009,8000314,8000141,;426
2021-12-25T13:09:00.000Z;Walheim(Württ);RB;RB 18;18;19318;8006171;8006171%2021-12-25T13:09:00.000Z%,8003278,8003588,8004458,8000157,8002699,8004220,8004238,8000017,8005989,8002764,8004258,8005566,8006676,8004050,8005151,8005536,8000424,8000295,;426
2021-12-25T13:47:00.000Z;Walheim(Württ);RB;RB 18;18;19323;8006171;8006171%2021-12-25T13:47:00.000Z%,8000925,8000038,8000235,8000096,8005769,8001920,8000302,8006331,8004517,8004488,8000865,8004009,8000314,8000141,;426
2021-12-25T14:09:00.000Z;Walheim(Württ);RB;RB 18;18;19320;8006171;8006171%2021-12-25T14:09:00.000Z%,8003278,8003588,8004458,8000157,8002699,8004220,8004238,8000017,8005989,8002764,8004258,8005566,8006676,8004050,8005151,8005536,8000424,8000295,;426
2021-12-25T14:47:00.000Z;Walheim(Württ);RB;RB 18;18;19325;8006171;8006171%2021-12-25T14:47:00.000Z%,8000925,8000038,8000235,8000096,8005769,8001920,8000302,8006331,8004517,8004488,8000865,8004009,8000314,8000141,;426
2021-12-25T15:09:00.000Z;Walheim(Württ);RB;RB 18;18;19322;8006171;8006171%2021-12-25T15:09:00.000Z%,8003278,8003588,8004458,8000157,8002699,8004220,8004238,8000017,8005989,8002764,8004258,8005566,8006676,8004050,8005151,8005536,8000424,8000295,;426
2021-12-25T15:47:00.000Z;Walheim(Württ);RB;RB 18;18;19327;8006171;8006171%2021-12-25T15:47:00.000Z%,8000925,8000038,8000235,8000096,8005769,8001920,8000302,8006331,8004517,8004488,8000865,8004009,8000314,8000141,;426
2021-12-25T16:09:00.000Z;Walheim(Württ);RB;RB 18;18;19326;8006171;8006171%2021-12-25T16:09:00.000Z%,8003278,8003588,8004458,8000157,8002699,8004220,8000017,8005989,8002764,8004258,8005566,8006676,8004050,8005151,8005536,8000424,8000295,;426
2021-12-25T16:47:00.000Z;Walheim(Württ);RB;RB 18;18;19329;8006171;8006171%2021-12-25T16:47:00.000Z%,8000925,8000038,8000235,8000096,8005769,8001920,8000302,8006331,8004517,8004488,8000865,8004009,8000314,8000141,;426
2021-12-25T17:10:00.000Z;Walheim(Württ);RB;RB 18;18;19328;8006171;8006171%2021-12-25T17:10:00.000Z%,8003278,8003588,8004458,8000157,8002699,8004220,8000017,8005989,8002764,8004258,8005566,8006676,8004050,8005151,8005536,8000424,8000295,;426
2021-12-25T17:47:00.000Z;Walheim(Württ);RB;RB 18;18;19331;8006171;8006171%2021-12-25T17:47:00.000Z%,8000925,8000038,8000235,8000096,8005769,8001920,8000302,8006331,8004517,8004488,8000865,8004009,8000314,8000141,;426
2021-12-25T18:09:00.000Z;Walheim(Württ);RB;RB 18;18;19330;8006171;8006171%2021-12-25T18:09:00.000Z%,8003278,8003588,8004458,8000157,8002699,8004220,8000017,8005989,8002764,8004258,8005566,8006676,8004050,8005151,8005536,8000424,8000295,;426
2021-12-25T18:47:00.000Z;Walheim(Württ);RB;RB 18;18;19333;8006171;8006171%2021-12-25T18:47:00.000Z%,8000925,8000038,8000235,8000096,8005769,8001920,8000302,8006331,8004517,8004488,8000865,8004009,8000314,8000141,;426
2021-12-25T19:09:00.000Z;Walheim(Württ);RB;RB 18;18;19332;8006171;8006171%2021-12-25T19:09:00.000Z%,8003278,8003588,8004458,8000157,8002699,8004220,8000017,8005989,8002764,8004258,8005566,8006676,8004050,8005151,8005536,8000424,8000295,;426
2021-12-25T19:44:00.000Z;Walheim(Württ);RB;RB 8;8;19098;8006171;8006171%2021-12-25T19:44:00.000Z%,8003278,8003588,8004458,8000157,;426
2021-12-25T19:47:00.000Z;Walheim(Württ);RB;RB 18;18;19335;8006171;8006171%2021-12-25T19:47:00.000Z%,8000925,8000038,8000235,8000096,8005769,8001920,8000302,8006331,8004517,8004488,8000865,8004009,8000314,8000141,;426
2021-12-25T20:09:00.000Z;Walheim(Württ);RB;RB 18;18;19334;8006171;8006171%2021-12-25T20:09:00.000Z%,8003278,8003588,8004458,8000157,8002699,8004220,8000017,8005989,8002764,8004258,8005566,8006676,8004050,8005151,8005536,8000424,8000295,;426
2021-12-24T20:25:00.000Z;Walldorf(Hess);RE;RE 70;70;4585;8006175;8006175%2021-12-24T20:27:00.000Z%2,8004065,8002386,8000126,8005740,8000951,8002249,8002391,8000503,8098360,8003503,8003848,8000244,;602
2021-12-24T20:28:00.000Z;Walldorf(Hess);RE;RE 70;70;4582;8006175;8006175%2021-12-24T20:28:00.000Z%0,8002050,8000105,;602
2021-12-24T21:27:00.000Z;Walldorf(Hess);RE;RE 70;70;4587;8006175;8006175%2021-12-24T21:27:00.000Z%,8004065,8002386,8000126,8005740,8000951,8002249,8002391,8000503,8098360,8003503,8003848,8000244,;602
2021-12-24T21:28:00.000Z;Walldorf(Hess);RE;RE 70;70;4584;8006175;8006175%2021-12-24T21:28:00.000Z%0,8002050,8000105,;602
2021-12-24T22:26:00.000Z;Walldorf(Hess);RE;RE 70;70;4589;8006175;8006175%2021-12-24T22:26:00.000Z%,8004065,8002386,8000126,8005740,8000951,8002249,8002391,8000503,8098360,8003503,8003848,8000244,;602
2021-12-24T22:30:00.000Z;Walldorf(Hess);RE;RE 70;70;4586;8006175;8006175%2021-12-24T22:30:00.000Z%,8002050,8000105,;602
2021-12-24T23:27:00.000Z;Walldorf(Hess);RE;RE 70;70;4551;8006175;8006175%2021-12-24T23:27:00.000Z%,8004065,8002386,8000126,8005740,8000951,8002249,8002391,8000503,8098360,8003503,8003848,8000244,;602
2021-12-25T00:07:00.000Z;Walldorf(Hess);RE;RE 70;70;4588;8006175;8006175%2021-12-25T00:07:00.000Z%,8006648,8002040,8002050,8000105,;602
2021-12-25T01:08:00.000Z;Walldorf(Hess);RE;RE 70;70;15581;8006175;8006175%2021-12-25T01:08:00.000Z%,8004065,8002386,8001511,8003605,8000126,8005740,8000951,8002249,8002391,8000503,8001034,8098360,8003503,8003848,8006509,8006511,8006508,8000244,;602
2021-12-25T02:19:00.000Z;Walldorf(Hess);RE;RE 70;70;15592;8006175;8006175%2021-12-25T02:19:00.000Z%,8006648,8002040,8002050,8000105,;602
2021-12-25T03:07:00.000Z;Walldorf(Hess);RE;RE 70;70;15571;8006175;8006175%2021-12-25T03:07:00.000Z%,8004065,8002386,8001511,8003605,8000126,8005740,8000951,8002249,8002391,8000503,8001034,8098360,8003503,8003848,8006509,8006511,8006508,8000244,;602
2021-12-25T04:22:00.000Z;Walldorf(Hess);RE;RE 70;70;15585;8006175;8006175%2021-12-25T04:22:00.000Z%,8004065,8002386,8000126,8005740,8000951,8002249,8002391,8000503,8001034,8098360,8003503,8003848,8006509,8000244,;602
2021-12-25T04:28:00.000Z;Walldorf(Hess);RE;RE 70;70;15590;8006175;8006175%2021-12-25T04:28:00.000Z%,8006648,8002040,8002050,8000105,;602
2021-12-25T05:27:00.000Z;Walldorf(Hess);RE;RE 70;70;4555;8006175;8006175%2021-12-25T05:27:00.000Z%,8004065,8002386,8000126,8005740,8000951,8002249,8002391,8000503,8098360,8003503,8003848,8006509,8006508,8000244,;602
2021-12-25T05:28:00.000Z;Walldorf(Hess);RE;RE 70;70;4552;8006175;8006175%2021-12-25T05:28:00.000Z%,8002050,8000105,;602
2021-12-25T06:27:00.000Z;Walldorf(Hess);RE;RE 70;70;4557;8006175;8006175%2021-12-25T06:27:00.000Z%,8004065,8002386,8000126,8005740,8000951,8002249,8002391,8000503,8098360,8003503,8003848,8000244,;602
2021-12-25T06:28:00.000Z;Walldorf(Hess);RE;RE 70;70;4554;8006175;8006175%2021-12-25T06:28:00.000Z%,8002050,8000105,;602
2021-12-25T07:27:00.000Z;Walldorf(Hess);RE;RE 70;70;4556;8006175;8006175%2021-12-25T07:27:00.000Z%,8002050,8000105,;602
2021-12-25T07:27:00.000Z;Walldorf(Hess);RE;RE 70;70;4559;8006175;8006175%2021-12-25T07:27:00.000Z%,8004065,8002386,8000126,8005740,8000951,8002249,8002391,8000503,8098360,8003503,8003848,8000244,;602
2021-12-25T08:25:00.000Z;Walldorf(Hess);RE;RE 70;70;4561;8006175;8006175%2021-12-25T08:25:00.000Z%,8004065,8002386,8000126,8005740,8000951,8002249,8002391,8000503,8098360,8003503,8003848,8000244,;602
2021-12-25T08:28:00.000Z;Walldorf(Hess);RE;RE 70;70;4558;8006175;8006175%2021-12-25T08:28:00.000Z%,8002050,8000105,;602
2021-12-25T09:27:00.000Z;Walldorf(Hess);RE;RE 70;70;4560;8006175;8006175%2021-12-25T09:27:00.000Z%,8002050,8000105,;602
2021-12-25T09:27:00.000Z;Walldorf(Hess);RE;RE 70;70;4563;8006175;8006175%2021-12-25T09:27:00.000Z%,8004065,8002386,8000126,8005740,8000951,8002249,8002391,8000503,8098360,8003503,8003848,8000244,;602
2021-12-25T10:25:00.000Z;Walldorf(Hess);RE;RE 70;70;4565;8006175;8006175%2021-12-25T10:25:00.000Z%,8004065,8002386,8000126,8005740,8000951,8002249,8002391,8000503,8098360,8003503,8003848,8000244,;602
2021-12-25T10:28:00.000Z;Walldorf(Hess);RE;RE 70;70;4562;8006175;8006175%2021-12-25T10:28:00.000Z%,8002050,8000105,;602
2021-12-25T11:27:00.000Z;Walldorf(Hess);RE;RE 70;70;4567;8006175;8006175%2021-12-25T11:27:00.000Z%,8004065,8002386,8000126,8005740,8000951,8002249,8002391,8000503,8098360,8003503,8003848,8000244,;602
2021-12-25T11:27:00.000Z;Walldorf(Hess);RE;RE 70;70;4564;8006175;8006175%2021-12-25T11:27:00.000Z%,8002050,8000105,;602
2021-12-25T12:25:00.000Z;Walldorf(Hess);RE;RE 70;70;4569;8006175;8006175%2021-12-25T12:25:00.000Z%,8004065,8002386,8000126,8005740,8000951,8002249,8002391,8000503,8098360,8003503,8003848,8000244,;602
2021-12-25T12:28:00.000Z;Walldorf(Hess);RE;RE 70;70;4566;8006175;8006175%2021-12-25T12:28:00.000Z%,8002050,8000105,;602
2021-12-25T13:27:00.000Z;Walldorf(Hess);RE;RE 70;70;4568;8006175;8006175%2021-12-25T13:27:00.000Z%,8002050,8000105,;602
2021-12-25T13:27:00.000Z;Walldorf(Hess);RE;RE 70;70;4571;8006175;8006175%2021-12-25T13:27:00.000Z%,8004065,8002386,8000126,8005740,8000951,8002249,8002391,8000503,8098360,8003503,8003848,8000244,;602
2021-12-25T14:25:00.000Z;Walldorf(Hess);RE;RE 70;70;4573;8006175;8006175%2021-12-25T14:25:00.000Z%,8004065,8002386,8000126,8005740,8000951,8002249,8002391,8000503,8098360,8003503,8003848,8000244,;602
2021-12-25T14:28:00.000Z;Walldorf(Hess);RE;RE 70;70;4570;8006175;8006175%2021-12-25T14:28:00.000Z%,8002050,8000105,;602
2021-12-25T15:27:00.000Z;Walldorf(Hess);RE;RE 70;70;4575;8006175;8006175%2021-12-25T15:27:00.000Z%,8004065,8002386,8000126,8005740,8000951,8002249,8002391,8000503,8098360,8003503,8003848,8000244,;602
2021-12-25T15:28:00.000Z;Walldorf(Hess);RE;RE 70;70;4572;8006175;8006175%2021-12-25T15:28:00.000Z%,8002050,8000105,;602
2021-12-25T16:25:00.000Z;Walldorf(Hess);RE;RE 70;70;4577;8006175;8006175%2021-12-25T16:25:00.000Z%,8004065,8002386,8000126,8005740,8000951,8002249,8002391,8000503,8098360,8003503,8003848,8000244,;602
2021-12-25T16:28:00.000Z;Walldorf(Hess);RE;RE 70;70;4574;8006175;8006175%2021-12-25T16:28:00.000Z%,8002050,8000105,;602
2021-12-25T17:25:00.000Z;Walldorf(Hess);RE;RE 70;70;15589;8006175;8006175%2021-12-25T17:25:00.000Z%,8004065,8002386,8000126,8005740,8000951,8002249,8002391,8000503,8098360,8003503,8003848,8000244,;602
2021-12-25T18:25:00.000Z;Walldorf(Hess);RE;RE 70;70;4581;8006175;8006175%2021-12-25T18:25:00.000Z%,8004065,8002386,8000126,8005740,8000951,8002249,8002391,8000503,8098360,8003503,8003848,8000244,;602
2021-12-25T18:28:00.000Z;Walldorf(Hess);RE;RE 70;70;4578;8006175;8006175%2021-12-25T18:28:00.000Z%,8002050,8000105,;602
2021-12-25T19:25:00.000Z;Walldorf(Hess);RE;RE 70;70;15577;8006175;8006175%2021-12-25T19:25:00.000Z%,8004065,8002386,8000126,8005740,8000951,8002249,8002391,8000503,8098360,8003503,8003848,8000244,;602
2021-12-25T19:27:00.000Z;Walldorf(Hess);RE;RE 70;70;4580;8006175;8006175%2021-12-25T19:27:00.000Z%,8002050,8000105,;602
2021-12-24T20:54:00.000Z;Wallersdorf;RE;RE 3;3;4088;8006181;8006181%2021-12-24T20:55:00.000Z%1,8000301,8004700,8006086,8000298,;602
2021-12-24T21:09:00.000Z;Wallersdorf;RE;RE 3;3;4089;8006181;8006181%2021-12-24T21:10:00.000Z%1,8003506,8001466,8006537,8000217,8004084,8002078,8000261,;602
2021-12-24T21:54:00.000Z;Wallersdorf;RE;RE 3;3;4090;8006181;8006181%2021-12-24T21:55:00.000Z%1,8000301,8004700,8006086,8000298,;602
2021-12-24T23:03:00.000Z;Wallersdorf;RE;RE 3;3;4091;8006181;8006181%2021-12-24T23:03:00.000Z%,8003506,8001466,8006537,8000217,;602
2021-12-24T23:48:00.000Z;Wallersdorf;RE;RE 3;3;4092;8006181;8006181%2021-12-24T23:48:00.000Z%,8000301,8004700,8006086,8000298,;602
2021-12-25T05:07:00.000Z;Wallersdorf;RE;RE 3;3;4053;8006181;8006181%2021-12-25T05:07:00.000Z%,8003506,8001466,8006537,8000217,8004084,8002078,8000261,;602
2021-12-25T06:09:00.000Z;Wallersdorf;RE;RE 3;3;4057;8006181;8006181%2021-12-25T06:09:00.000Z%,8003506,8001466,8006537,8000217,8004084,8002078,8000261,;602
2021-12-25T06:54:00.000Z;Wallersdorf;RE;RE 3;3;4058;8006181;8006181%2021-12-25T06:54:00.000Z%,8000301,8004700,8006086,8000298,;602
2021-12-25T07:09:00.000Z;Wallersdorf;RE;RE 3;3;4061;8006181;8006181%2021-12-25T07:09:00.000Z%,8003506,8001466,8006537,8000217,8004084,8002078,8000261,;602
2021-12-25T07:54:00.000Z;Wallersdorf;RE;RE 3;3;4060;8006181;8006181%2021-12-25T07:54:00.000Z%,8000301,8004700,8006086,8000298,;602
2021-12-25T08:09:00.000Z;Wallersdorf;RE;RE 3;3;4063;8006181;8006181%2021-12-25T08:09:00.000Z%,8003506,8001466,8006537,8000217,8004084,8002078,8000261,;602
2021-12-25T08:54:00.000Z;Wallersdorf;RE;RE 3;3;4062;8006181;8006181%2021-12-25T08:54:00.000Z%,8000301,8004700,8006086,8000298,;602
2021-12-25T09:09:00.000Z;Wallersdorf;RE;RE 3;3;4065;8006181;8006181%2021-12-25T09:09:00.000Z%,8003506,8001466,8006537,8000217,8004084,8002078,8000261,;602
2021-12-25T09:54:00.000Z;Wallersdorf;RE;RE 3;3;4064;8006181;8006181%2021-12-25T09:54:00.000Z%,8000301,8004700,8006086,8000298,;602
2021-12-25T10:09:00.000Z;Wallersdorf;RE;RE 3;3;4067;8006181;8006181%2021-12-25T10:09:00.000Z%,8003506,8001466,8006537,8000217,8004084,8002078,8000261,;602
2021-12-25T10:54:00.000Z;Wallersdorf;RE;RE 3;3;4066;8006181;8006181%2021-12-25T10:54:00.000Z%,8000301,8004700,8006086,8000298,;602
2021-12-25T11:09:00.000Z;Wallersdorf;RE;RE 3;3;4069;8006181;8006181%2021-12-25T11:09:00.000Z%,8003506,8001466,8006537,8000217,8004084,8002078,8000261,;602
2021-12-25T11:54:00.000Z;Wallersdorf;RE;RE 3;3;4068;8006181;8006181%2021-12-25T11:54:00.000Z%,8000301,8004700,8006086,8000298,;602
2021-12-25T12:09:00.000Z;Wallersdorf;RE;RE 3;3;4071;8006181;8006181%2021-12-25T12:09:00.000Z%,8003506,8001466,8006537,8000217,8004084,8002078,8000261,;602
2021-12-25T12:54:00.000Z;Wallersdorf;RE;RE 3;3;4070;8006181;8006181%2021-12-25T12:54:00.000Z%,8000301,8004700,8006086,8000298,;602
2021-12-25T13:09:00.000Z;Wallersdorf;RE;RE 3;3;4073;8006181;8006181%2021-12-25T13:09:00.000Z%,8003506,8001466,8006537,8000217,8004084,8002078,8000261,;602
2021-12-25T13:54:00.000Z;Wallersdorf;RE;RE 3;3;4072;8006181;8006181%2021-12-25T13:54:00.000Z%,8000301,8004700,8006086,8000298,;602
2021-12-25T14:09:00.000Z;Wallersdorf;RE;RE 3;3;4075;8006181;8006181%2021-12-25T14:09:00.000Z%,8003506,8001466,8006537,8000217,8004084,8002078,8000261,;602
2021-12-25T14:54:00.000Z;Wallersdorf;RE;RE 3;3;4074;8006181;8006181%2021-12-25T14:54:00.000Z%,8000301,8004700,8006086,8000298,;602
2021-12-25T15:09:00.000Z;Wallersdorf;RE;RE 3;3;4077;8006181;8006181%2021-12-25T15:09:00.000Z%,8003506,8001466,8006537,8000217,8004084,8002078,8000261,;602
2021-12-25T15:54:00.000Z;Wallersdorf;RE;RE 3;3;4076;8006181;8006181%2021-12-25T15:54:00.000Z%,8000301,8004700,8006086,8000298,;602
2021-12-25T16:09:00.000Z;Wallersdorf;RE;RE 3;3;4079;8006181;8006181%2021-12-25T16:09:00.000Z%,8003506,8001466,8006537,8000217,8004084,8002078,8000261,;602
2021-12-25T16:54:00.000Z;Wallersdorf;RE;RE 3;3;4078;8006181;8006181%2021-12-25T16:54:00.000Z%,8000301,8004700,8006086,8000298,;602
2021-12-25T17:09:00.000Z;Wallersdorf;RE;RE 3;3;4081;8006181;8006181%2021-12-25T17:09:00.000Z%,8003506,8001466,8006537,8000217,8004084,8002078,8000261,;602
2021-12-25T17:53:00.000Z;Wallersdorf;RE;RE 3;3;4082;8006181;8006181%2021-12-25T17:53:00.000Z%,8000301,8004700,8006086,8000298,;602
2021-12-25T18:09:00.000Z;Wallersdorf;RE;RE 3;3;4083;8006181;8006181%2021-12-25T18:09:00.000Z%,8003506,8001466,8006537,8000217,8004084,8002078,8000261,;602
2021-12-25T18:54:00.000Z;Wallersdorf;RE;RE 3;3;4084;8006181;8006181%2021-12-25T18:54:00.000Z%,8000301,8004700,8006086,8000298,;602
2021-12-25T19:09:00.000Z;Wallersdorf;RE;RE 3;3;4085;8006181;8006181%2021-12-25T19:09:00.000Z%,8003506,8001466,8006537,8000217,8004084,8002078,8000261,;602
2021-12-25T19:54:00.000Z;Wallersdorf;RE;RE 3;3;4086;8006181;8006181%2021-12-25T19:54:00.000Z%,8000301,8004700,8006086,8000298,;602
2021-12-25T20:09:00.000Z;Wallersdorf;RE;RE 3;3;4087;8006181;8006181%2021-12-25T20:09:00.000Z%,8003506,8001466,8006537,8000217,8004084,8002078,8000261,;602
2021-12-25T07:10:00.000Z;Wallertheim;RB;RB 35;35;13830;8006183;8006183%2021-12-25T07:10:00.000Z%,8002191,8005637,8006312,8000121,8000976,8000039,;426
2021-12-25T07:25:00.000Z;Wallertheim;RB;RB 35;35;13833;8006183;8006183%2021-12-25T07:25:00.000Z%,8000602,8000468,8000007,8000558,8001813,8002473,8004345,8000663,8004788,8000257,;426
2021-12-25T07:34:00.000Z;Wallertheim;RB;RB 35;35;13832;8006183;8006183%2021-12-25T07:34:00.000Z%,8002191,8005637,8006312,8000121,8000976,;426
2021-12-25T08:25:00.000Z;Wallertheim;RB;RB 35;35;13837;8006183;8006183%2021-12-25T08:25:00.000Z%,8000602,8000468,8000007,8000558,8001813,8002473,8004345,8000663,8004788,8000257,;426
2021-12-25T08:34:00.000Z;Wallertheim;RB;RB 35;35;13834;8006183;8006183%2021-12-25T08:34:00.000Z%,8002191,8005637,8006312,8000121,8000976,;426
2021-12-25T09:25:00.000Z;Wallertheim;RB;RB 35;35;13839;8006183;8006183%2021-12-25T09:25:00.000Z%,8000602,8000468,8000007,8000558,8001813,8002473,8004345,8000663,8004788,8000257,;426
2021-12-25T09:34:00.000Z;Wallertheim;RB;RB 35;35;13836;8006183;8006183%2021-12-25T09:34:00.000Z%,8002191,8005637,8006312,8000121,8000976,;426
2021-12-25T10:25:00.000Z;Wallertheim;RB;RB 35;35;13841;8006183;8006183%2021-12-25T10:25:00.000Z%,8000602,8000468,8000007,8000558,8001813,8002473,8004345,8000663,8004788,8000257,;426
2021-12-25T10:34:00.000Z;Wallertheim;RB;RB 35;35;13838;8006183;8006183%2021-12-25T10:34:00.000Z%,8002191,8005637,8006312,8000121,8000976,;426
2021-12-25T11:25:00.000Z;Wallertheim;RB;RB 35;35;13843;8006183;8006183%2021-12-25T11:25:00.000Z%,8000602,8000468,8000007,8000558,8001813,8002473,8004345,8000663,8004788,8000257,;426
2021-12-25T11:34:00.000Z;Wallertheim;RB;RB 35;35;13840;8006183;8006183%2021-12-25T11:34:00.000Z%,8002191,8005637,8006312,8000121,8000976,;426
2021-12-25T12:25:00.000Z;Wallertheim;RB;RB 35;35;13847;8006183;8006183%2021-12-25T12:25:00.000Z%,8000602,8000468,8000007,8000558,8001813,8002473,8004345,8000663,8004788,8000257,;426
2021-12-25T12:34:00.000Z;Wallertheim;RB;RB 35;35;13842;8006183;8006183%2021-12-25T12:34:00.000Z%,8002191,8005637,8006312,8000121,8000976,;426
2021-12-25T13:25:00.000Z;Wallertheim;RB;RB 35;35;13851;8006183;8006183%2021-12-25T13:25:00.000Z%,8000602,8000468,8000007,8000558,8001813,8002473,8004345,8000663,8004788,8000257,;426
2021-12-25T13:34:00.000Z;Wallertheim;RB;RB 35;35;13848;8006183;8006183%2021-12-25T13:34:00.000Z%,8002191,8005637,8006312,8000121,8000976,;426
2021-12-25T14:25:00.000Z;Wallertheim;RB;RB 35;35;13855;8006183;8006183%2021-12-25T14:25:00.000Z%,8000602,8000468,8000007,8000558,8001813,8002473,8004345,8000663,8004788,8000257,;426
2021-12-25T14:34:00.000Z;Wallertheim;RB;RB 35;35;13852;8006183;8006183%2021-12-25T14:34:00.000Z%,8002191,8005637,8006312,8000121,8000976,;426
2021-12-25T15:25:00.000Z;Wallertheim;RB;RB 35;35;13859;8006183;8006183%2021-12-25T15:25:00.000Z%,8000602,8000468,8000007,8000558,8001813,8002473,8004345,8000663,8004788,8000257,;426
2021-12-25T15:34:00.000Z;Wallertheim;RB;RB 35;35;13856;8006183;8006183%2021-12-25T15:34:00.000Z%,8002191,8005637,8006312,8000121,8000976,;426
2021-12-25T16:25:00.000Z;Wallertheim;RB;RB 35;35;13863;8006183;8006183%2021-12-25T16:25:00.000Z%,8000602,8000468,8000007,8000558,8001813,8002473,8004345,8000663,8004788,8000257,;426
2021-12-25T16:34:00.000Z;Wallertheim;RB;RB 35;35;13862;8006183;8006183%2021-12-25T16:34:00.000Z%,8002191,8005637,8006312,8000121,8000976,;426
2021-12-25T17:25:00.000Z;Wallertheim;RB;RB 35;35;13867;8006183;8006183%2021-12-25T17:25:00.000Z%,8000602,8000468,8000007,8000558,8001813,8002473,8004345,8000663,8004788,8000257,;426
2021-12-25T17:34:00.000Z;Wallertheim;RB;RB 35;35;13866;8006183;8006183%2021-12-25T17:34:00.000Z%,8002191,8005637,8006312,8000121,8000976,;426
2021-12-25T18:25:00.000Z;Wallertheim;RB;RB 35;35;13869;8006183;8006183%2021-12-25T18:25:00.000Z%,8000602,8000468,8000007,8000558,8001813,8002473,8004345,8000663,8004788,8000257,;426
2021-12-25T18:34:00.000Z;Wallertheim;RB;RB 35;35;13872;8006183;8006183%2021-12-25T18:34:00.000Z%,8002191,8005637,8006312,8000121,8000976,;426
2021-12-25T19:25:00.000Z;Wallertheim;RB;RB 35;35;13871;8006183;8006183%2021-12-25T19:25:00.000Z%,8000602,8000468,8000007,8000558,8001813,8002473,8004345,8000663,8004788,8000257,;426
2021-12-25T19:34:00.000Z;Wallertheim;RB;RB 35;35;13876;8006183;8006183%2021-12-25T19:34:00.000Z%,8002191,8005637,8006312,8000121,8000976,;426
2021-12-24T21:03:00.000Z;Walpertskirchen;RB;RB 40;40;27071;8006190;8006190%2021-12-24T21:03:00.000Z%,8001499,8005495,8000576,8000258,;426
2021-12-24T23:04:00.000Z;Walpertskirchen;RB;RB 40;40;27075;8006190;8006190%2021-12-24T23:04:00.000Z%,8005852,8001499,8005495,8000576,8000258,;426
2021-12-25T05:42:00.000Z;Walpertskirchen;RB;RB 40;40;27013;8006190;8006190%2021-12-25T05:42:00.000Z%,8005852,8001499,8005495,8000576,8000258,8005883,8004315,8003883,8003136,8000072,;426
2021-12-25T05:58:00.000Z;Walpertskirchen;RB;RB 40;40;27018;8006190;8006190%2021-12-25T05:58:00.000Z%,8002912,8003879,8000262,8098262,;426
2021-12-25T08:42:00.000Z;Walpertskirchen;RB;RB 40;40;27023;8006190;8006190%2021-12-25T08:42:00.000Z%,8005852,8001499,8005495,8000576,8000258,;426
2021-12-25T09:20:00.000Z;Walpertskirchen;RB;RB 40;40;27034;8006190;8006190%2021-12-25T09:20:00.000Z%,8002912,8003879,8000262,8098262,;426
2021-12-25T10:42:00.000Z;Walpertskirchen;RB;RB 40;40;27027;8006190;8006190%2021-12-25T10:42:00.000Z%,8001499,8005495,8000576,8000258,;426
2021-12-25T11:18:00.000Z;Walpertskirchen;RB;RB 40;40;27038;8006190;8006190%2021-12-25T11:18:00.000Z%,8002912,8003879,8000262,8098262,;426
2021-12-25T12:41:00.000Z;Walpertskirchen;RB;RB 40;40;27031;8006190;8006190%2021-12-25T12:41:00.000Z%,8005852,8001499,8005495,8000576,8000258,;426
2021-12-25T13:17:00.000Z;Walpertskirchen;RB;RB 40;40;27042;8006190;8006190%2021-12-25T13:17:00.000Z%,8002912,8003879,8000262,8000261,;426
2021-12-25T14:40:00.000Z;Walpertskirchen;RB;RB 40;40;27041;8006190;8006190%2021-12-25T14:40:00.000Z%,8005852,8001499,8005495,8006258,8000576,8000258,;426
2021-12-25T15:18:00.000Z;Walpertskirchen;RB;RB 40;40;27046;8006190;8006190%2021-12-25T15:18:00.000Z%,8002912,8003879,8000262,8000261,;426
2021-12-25T16:41:00.000Z;Walpertskirchen;RB;RB 40;40;27049;8006190;8006190%2021-12-25T16:41:00.000Z%,8001499,8005495,8000576,8000258,;426
2021-12-25T17:16:00.000Z;Walpertskirchen;RB;RB 40;40;27054;8006190;8006190%2021-12-25T17:16:00.000Z%,8002912,8003879,8000262,8000261,;426
2021-12-25T17:44:00.000Z;Walpertskirchen;RB;RB 40;40;27057;8006190;8006190%2021-12-25T17:44:00.000Z%,8005852,8001499,8005495,8000576,8000258,;426
2021-12-25T18:42:00.000Z;Walpertskirchen;RB;RB 40;40;27061;8006190;8006190%2021-12-25T18:42:00.000Z%,8005852,8001499,8005495,8006258,8000576,8000258,;426
2021-12-25T19:18:00.000Z;Walpertskirchen;RB;RB 40;40;27060;8006190;8006190%2021-12-25T19:18:00.000Z%,8002912,8003879,8000262,8000261,;426
2021-12-25T20:03:00.000Z;Walpertskirchen;RB;RB 40;40;27069;8006190;8006190%2021-12-25T20:03:00.000Z%,8005852,8001499,8005495,8000576,8000258,;426
2021-12-25T20:17:00.000Z;Walpertskirchen;RB;RB 40;40;27064;8006190;8006190%2021-12-25T20:17:00.000Z%,8002912,8003879,8000262,8000261,;426
2021-12-25T06:18:00.000Z;Walporzheim;RB;RB 30;30;10855;8006191;8006191%2021-12-25T06:18:00.000Z%,8000449,8000448,8000729,8002711,8001049,8000310,8004604,8001085,8001082,8001091,8000044,;426
2021-12-25T07:18:00.000Z;Walporzheim;RB;RB 30;30;10857;8006191;8006191%2021-12-25T07:18:00.000Z%,8000449,8000448,8000729,8002711,8001049,8000310,8004604,8001085,8001082,8001091,8000044,;426
2021-12-25T08:18:00.000Z;Walporzheim;RB;RB 30;30;10859;8006191;8006191%2021-12-25T08:18:00.000Z%,8000449,8000448,8000729,8002711,8001049,8000310,8004604,8001085,8001082,8001091,8000044,;426
2021-12-25T09:18:00.000Z;Walporzheim;RB;RB 30;30;10861;8006191;8006191%2021-12-25T09:18:00.000Z%,8000449,8000448,8000729,8002711,8001049,8000310,8004604,8001085,8001082,8001091,8000044,;426
2021-12-25T10:18:00.000Z;Walporzheim;RB;RB 30;30;10863;8006191;8006191%2021-12-25T10:18:00.000Z%,8000449,8000448,8000729,8002711,8001049,8000310,8004604,8001085,8001082,8001091,8000044,;426
2021-12-25T11:18:00.000Z;Walporzheim;RB;RB 30;30;10865;8006191;8006191%2021-12-25T11:18:00.000Z%,8000449,8000448,8000729,8002711,8001049,8000310,8004604,8001085,8001082,8001091,8000044,;426
2021-12-25T12:18:00.000Z;Walporzheim;RB;RB 30;30;10867;8006191;8006191%2021-12-25T12:18:00.000Z%,8000449,8000448,8000729,8002711,8001049,8000310,8004604,8001085,8001082,8001091,8000044,;426
2021-12-25T13:18:00.000Z;Walporzheim;RB;RB 30;30;10869;8006191;8006191%2021-12-25T13:18:00.000Z%,8000449,8000448,8000729,8002711,8001049,8000310,8004604,8001085,8001082,8001091,8000044,;426
2021-12-25T14:18:00.000Z;Walporzheim;RB;RB 30;30;10871;8006191;8006191%2021-12-25T14:18:00.000Z%,8000449,8000448,8000729,8002711,8001049,8000310,8004604,8001085,8001082,8001091,8000044,;426
2021-12-25T15:18:00.000Z;Walporzheim;RB;RB 30;30;10873;8006191;8006191%2021-12-25T15:18:00.000Z%,8000449,8000448,8000729,8002711,8001049,8000310,8004604,8001085,8001082,8001091,8000044,;426
2021-12-25T16:18:00.000Z;Walporzheim;RB;RB 30;30;10875;8006191;8006191%2021-12-25T16:18:00.000Z%,8000449,8000448,8000729,8002711,8001049,8000310,8004604,8001085,8001082,8001091,8000044,;426
2021-12-25T17:18:00.000Z;Walporzheim;RB;RB 30;30;10877;8006191;8006191%2021-12-25T17:18:00.000Z%,8000449,8000448,8000729,8002711,8001049,8000310,8004604,8001085,8001082,8001091,8000044,;426
2021-12-25T18:18:00.000Z;Walporzheim;RB;RB 30;30;10879;8006191;8006191%2021-12-25T18:18:00.000Z%,8000449,8000448,8000729,8002711,8001049,8000310,8004604,8001085,8001082,8001091,8000044,;426
2021-12-25T19:18:00.000Z;Walporzheim;RB;RB 30;30;10881;8006191;8006191%2021-12-25T19:18:00.000Z%,8000449,8000448,8000729,8002711,8001049,8000310,8004604,8001085,8001082,8001091,8000044,;426
2021-12-25T19:41:00.000Z;Walporzheim;RB;RB 39;39;10683;8006191;8006191%2021-12-25T19:41:00.000Z%,8000449,8000448,8000729,8002711,8001049,8000310,;426
2021-12-24T20:53:00.000Z;Wannweil;RB;RB 63;63;22842;8006203;8006203%2021-12-24T20:54:00.000Z%1,8005053,8005052,8000314,8005054,8004009,8070678,8001422,8070679,8001424,8001426,8070680,8006027,8006029,;426
2021-12-24T21:05:00.000Z;Wannweil;RB;RB 63;63;22847;8006203;8006203%2021-12-24T21:06:00.000Z%1,8003272,8000141,8005916,8006003,8006002,8004778,8001802,8070591,8070604,8002786,8002785,;426
2021-12-24T21:53:00.000Z;Wannweil;RB;RB 63;63;22844;8006203;8006203%2021-12-24T21:53:00.000Z%,8005053,8005052,8000314,8005054,8004009,8070678,8001422,8070679,8001424,8001426,8070680,8006027,8006029,;426
2021-12-24T22:05:00.000Z;Wannweil;RB;RB 63;63;22849;8006203;8006203%2021-12-24T22:05:00.000Z%,8003272,8005918,8000141,8005916,8006003,8006002,8004778,8001802,8070591,8070604,8002786,8002785,;426
2021-12-24T23:05:00.000Z;Wannweil;RB;RB 63;63;22795;8006203;8006203%2021-12-24T23:05:00.000Z%,8003272,8005918,8000141,;426
2021-12-24T23:21:00.000Z;Wannweil;RB;RB 63;63;22846;8006203;8006203%2021-12-24T23:21:00.000Z%,8005053,8000314,;426
2021-12-24T23:38:00.000Z;Wannweil;RB;RB 63;63;22855;8006203;8006203%2021-12-24T23:38:00.000Z%,8003272,8000141,8005916,8006003,8006002,8004778,8001802,8070591,8070604,8002786,8002785,;426
2021-12-25T03:40:00.000Z;Wannweil;RB;RB 63;63;22882;8006203;8006203%2021-12-25T03:40:00.000Z%,8005053,8005052,8000314,;426
2021-12-25T04:09:00.000Z;Wannweil;RB;RB 63;63;22793;8006203;8006203%2021-12-25T04:09:00.000Z%,8003272,8005918,8000141,;426
2021-12-25T04:26:00.000Z;Wannweil;RB;RB 63;63;22790;8006203;8006203%2021-12-25T04:26:00.000Z%,8005053,8005052,8000314,;426
2021-12-25T04:57:00.000Z;Wannweil;RB;RB 63;63;22801;8006203;8006203%2021-12-25T04:57:00.000Z%,8003272,8005918,8000141,8005916,8006003,8006002,8004778,8001802,8070591,8070604,8002786,8002785,;426
2021-12-25T05:24:00.000Z;Wannweil;RB;RB 63;63;22848;8006203;8006203%2021-12-25T05:24:00.000Z%,8005053,8005052,8000314,;426
2021-12-25T05:53:00.000Z;Wannweil;RB;RB 63;63;22886;8006203;8006203%2021-12-25T05:53:00.000Z%,8005053,8005052,8000314,8005054,8004009,8070678,8001422,8070679,8001424,8001426,8070680,8006027,8006029,;426
2021-12-25T06:04:00.000Z;Wannweil;RB;RB 63;63;22803;8006203;8006203%2021-12-25T06:04:00.000Z%,8003272,8005918,8000141,8005916,8006003,8006002,8004778,8001802,8070591,8070604,8002786,8002785,;426
2021-12-25T06:53:00.000Z;Wannweil;RB;RB 63;63;22800;8006203;8006203%2021-12-25T06:53:00.000Z%,8005053,8005052,8000314,8005054,8004009,8070678,8001422,8070679,8001424,8001426,8070680,8006027,8006029,;426
2021-12-25T07:05:00.000Z;Wannweil;RB;RB 63;63;22805;8006203;8006203%2021-12-25T07:05:00.000Z%,8003272,8005918,8000141,8005916,8006003,8006002,8004778,8001802,8070591,8070604,8002786,8002785,;426
2021-12-25T07:53:00.000Z;Wannweil;RB;RB 63;63;22802;8006203;8006203%2021-12-25T07:53:00.000Z%,8005053,8005052,8000314,8005054,8004009,8070678,8001422,8070679,8001424,8001426,8070680,8006027,8006029,;426
2021-12-25T08:02:00.000Z;Wannweil;RB;RB 63;63;22809;8006203;8006203%2021-12-25T08:02:00.000Z%,8003272,8000141,8005916,8006003,8006002,8004778,8001802,8070591,8070604,8002786,8002785,;426
2021-12-25T08:56:00.000Z;Wannweil;RB;RB 63;63;22804;8006203;8006203%2021-12-25T08:56:00.000Z%,8005053,8000314,8004009,8070678,8001422,8070679,8001424,8001426,8070680,8006027,8006029,;426
2021-12-25T09:05:00.000Z;Wannweil;RB;RB 63;63;22811;8006203;8006203%2021-12-25T09:05:00.000Z%,8003272,8005918,8000141,8005916,8006003,8006002,8004778,8001802,8070591,8070604,8002786,8002785,;426
2021-12-25T09:53:00.000Z;Wannweil;RB;RB 63;63;22806;8006203;8006203%2021-12-25T09:53:00.000Z%,8005053,8005052,8000314,8005054,8004009,8070678,8001422,8070679,8001424,8001426,8070680,8006027,8006029,;426
2021-12-25T10:05:00.000Z;Wannweil;RB;RB 63;63;22815;8006203;8006203%2021-12-25T10:05:00.000Z%,8003272,8005918,8000141,8005916,8006003,8006002,8004778,8001802,8070591,8070604,8002786,8002785,;426
2021-12-25T10:56:00.000Z;Wannweil;RB;RB 63;63;22810;8006203;8006203%2021-12-25T10:56:00.000Z%,8005053,8000314,8004009,8070678,8001422,8070679,8001424,8001426,8070680,8006027,8006029,;426
2021-12-25T11:05:00.000Z;Wannweil;RB;RB 63;63;22819;8006203;8006203%2021-12-25T11:05:00.000Z%,8003272,8005918,8000141,8005916,8006003,8006002,8004778,8001802,8070591,8070604,8002786,8002785,;426
2021-12-25T11:53:00.000Z;Wannweil;RB;RB 63;63;22814;8006203;8006203%2021-12-25T11:53:00.000Z%,8005053,8005052,8000314,8005054,8004009,8070678,8001422,8070679,8001424,8001426,8070680,8006027,8006029,;426
2021-12-25T12:05:00.000Z;Wannweil;RB;RB 63;63;22823;8006203;8006203%2021-12-25T12:05:00.000Z%,8003272,8005918,8000141,8005916,8006003,8006002,8004778,8001802,8070591,8070604,8002786,8002785,;426
2021-12-25T12:53:00.000Z;Wannweil;RB;RB 63;63;22818;8006203;8006203%2021-12-25T12:53:00.000Z%,8005053,8005052,8000314,8005054,8004009,8070678,8001422,8070679,8001424,8001426,8070680,8006027,8006029,;426
2021-12-25T13:05:00.000Z;Wannweil;RB;RB 63;63;22827;8006203;8006203%2021-12-25T13:05:00.000Z%,8003272,8005918,8000141,8005916,8006003,8006002,8004778,8001802,8070591,8070604,8002786,8002785,;426
2021-12-25T13:53:00.000Z;Wannweil;RB;RB 63;63;22822;8006203;8006203%2021-12-25T13:53:00.000Z%,8005053,8005052,8000314,8005054,8004009,8070678,8001422,8070679,8001424,8001426,8070680,8006027,8006029,;426
2021-12-25T14:05:00.000Z;Wannweil;RB;RB 63;63;22829;8006203;8006203%2021-12-25T14:05:00.000Z%,8003272,8005918,8000141,8005916,8006003,8006002,8004778,8001802,8070591,8070604,8002786,8002785,;426
2021-12-25T14:53:00.000Z;Wannweil;RB;RB 63;63;22824;8006203;8006203%2021-12-25T14:53:00.000Z%,8005053,8005052,8000314,8005054,8004009,8070678,8001422,8070679,8001424,8001426,8070680,8006027,8006029,;426
2021-12-25T15:05:00.000Z;Wannweil;RB;RB 63;63;22835;8006203;8006203%2021-12-25T15:05:00.000Z%,8003272,8005918,8000141,8005916,8006003,8006002,8004778,8001802,8070591,8070604,8002786,8002785,;426
2021-12-25T15:53:00.000Z;Wannweil;RB;RB 63;63;22828;8006203;8006203%2021-12-25T15:53:00.000Z%,8005053,8005052,8000314,8005054,8004009,8070678,8001422,8070679,8001424,8001426,8070680,8006027,8006029,;426
2021-12-25T16:05:00.000Z;Wannweil;RB;RB 63;63;22837;8006203;8006203%2021-12-25T16:05:00.000Z%,8003272,8005918,8000141,8005916,8006003,8006002,8004778,8001802,8070591,8070604,8002786,8002785,;426
2021-12-25T16:53:00.000Z;Wannweil;RB;RB 63;63;22830;8006203;8006203%2021-12-25T16:53:00.000Z%,8005053,8005052,8000314,8005054,8004009,8070678,8001422,8070679,8001424,8001426,8070680,8006027,8006029,;426
2021-12-25T17:05:00.000Z;Wannweil;RB;RB 63;63;22839;8006203;8006203%2021-12-25T17:05:00.000Z%,8003272,8005918,8000141,8005916,8006003,8006002,8004778,8001802,8070591,8070604,8002786,8002785,;426
2021-12-25T17:53:00.000Z;Wannweil;RB;RB 63;63;22832;8006203;8006203%2021-12-25T17:53:00.000Z%,8005053,8005052,8000314,8005054,8004009,8070678,8001422,8070679,8001424,8001426,8070680,8006027,8006029,;426
2021-12-25T18:05:00.000Z;Wannweil;RB;RB 63;63;22841;8006203;8006203%2021-12-25T18:05:00.000Z%,8003272,8005918,8000141,8005916,8006003,8006002,8004778,8001802,8070591,8070604,8002786,8002785,;426
2021-12-25T18:53:00.000Z;Wannweil;RB;RB 63;63;22834;8006203;8006203%2021-12-25T18:53:00.000Z%,8005053,8005052,8000314,8005054,8004009,8070678,8001422,8070679,8001424,8001426,8070680,8006027,8006029,;426
2021-12-25T19:05:00.000Z;Wannweil;RB;RB 63;63;22845;8006203;8006203%2021-12-25T19:05:00.000Z%,8003272,8005918,8000141,8005916,8006003,8006002,8004778,8001802,8070591,8070604,8002786,8002785,;426
2021-12-25T19:53:00.000Z;Wannweil;RB;RB 63;63;22838;8006203;8006203%2021-12-25T19:53:00.000Z%,8005053,8005052,8000314,8005054,8004009,8070678,8001422,8070679,8001424,8001426,8070680,8006027,8006029,;426
2021-12-25T20:05:00.000Z;Wannweil;RB;RB 63;63;22887;8006203;8006203%2021-12-25T20:05:00.000Z%,8003272,8005918,8000141,8005916,8006003,8006002,8004778,8001802,8070591,8070604,8002786,8002785,;426
2021-12-24T20:42:00.000Z;Warthausen;RB;RB RS21;RS21;17362;8006212;8006212%2021-12-24T20:42:00.000Z%0,8005334,8003591,8003592,8001820,8005954,8000170,;426
2021-12-24T21:14:00.000Z;Warthausen;RB;RB RS21;RS21;17363;8006212;8006212%2021-12-24T21:15:00.000Z%1,8000943,8000944,8000746,8000014,;426
2021-12-24T23:02:00.000Z;Warthausen;RE;RE 5;5;17399;8006212;8006212%2021-12-24T23:02:00.000Z%,8000943,8000746,8000014,8004965,8003930,8000112,;602
2021-12-25T04:54:00.000Z;Warthausen;RE;RE 5;5;17703;8006212;8006212%2021-12-25T04:54:00.000Z%,8000943,8000746,8000014,8004965,8003930,8000112,8001838,8003524,8003432,8004446,8006218,8001806,8003692,8000230,;602
2021-12-25T05:12:00.000Z;Warthausen;RE;RE 5;5;17746;8006212;8006212%2021-12-25T05:12:00.000Z%,8005334,8003592,8001820,8005954,8000170,;602
2021-12-25T05:40:00.000Z;Warthausen;RB;RB RS21;RS21;17308;8006212;8006212%2021-12-25T05:40:00.000Z%,8005334,8003591,8003592,8001820,8005954,8000170,;426
2021-12-25T06:30:00.000Z;Warthausen;RB;RB RS21;RS21;17313;8006212;8006212%2021-12-25T06:30:00.000Z%,8000943,;426
2021-12-25T06:52:00.000Z;Warthausen;RB;RB RS21;RS21;17316;8006212;8006212%2021-12-25T06:52:00.000Z%,8005334,8003591,8003592,8001820,8005954,8000170,;426
2021-12-25T07:16:00.000Z;Warthausen;RB;RB RS21;RS21;17319;8006212;8006212%2021-12-25T07:16:00.000Z%,8000943,;426
2021-12-25T07:42:00.000Z;Warthausen;RB;RB RS21;RS21;17318;8006212;8006212%2021-12-25T07:42:00.000Z%,8005334,8003591,8003592,8001820,8005954,8000170,;426
2021-12-25T08:14:00.000Z;Warthausen;RB;RB RS21;RS21;17323;8006212;8006212%2021-12-25T08:14:00.000Z%,8000943,;426
2021-12-25T08:42:00.000Z;Warthausen;RB;RB RS21;RS21;17322;8006212;8006212%2021-12-25T08:42:00.000Z%,8005334,8003591,8003592,8001820,8005954,8000170,;426
2021-12-25T09:14:00.000Z;Warthausen;RB;RB RS21;RS21;17325;8006212;8006212%2021-12-25T09:14:00.000Z%,8000943,;426
2021-12-25T09:42:00.000Z;Warthausen;RB;RB RS21;RS21;17324;8006212;8006212%2021-12-25T09:42:00.000Z%,8005334,8003591,8003592,8001820,8005954,8000170,;426
2021-12-25T10:14:00.000Z;Warthausen;RB;RB RS21;RS21;17327;8006212;8006212%2021-12-25T10:14:00.000Z%,8000943,;426
2021-12-25T10:42:00.000Z;Warthausen;RB;RB RS21;RS21;17326;8006212;8006212%2021-12-25T10:42:00.000Z%,8005334,8003591,8003592,8001820,8005954,8000170,;426
2021-12-25T11:14:00.000Z;Warthausen;RB;RB RS21;RS21;17331;8006212;8006212%2021-12-25T11:14:00.000Z%,8000943,;426
2021-12-25T11:42:00.000Z;Warthausen;RB;RB RS21;RS21;17330;8006212;8006212%2021-12-25T11:42:00.000Z%,8005334,8003591,8003592,8001820,8005954,8000170,;426
2021-12-25T12:17:00.000Z;Warthausen;RB;RB RS21;RS21;17333;8006212;8006212%2021-12-25T12:17:00.000Z%,8000943,;426
2021-12-25T12:40:00.000Z;Warthausen;RB;RB RS21;RS21;17334;8006212;8006212%2021-12-25T12:40:00.000Z%,8005334,8003591,8003592,8001820,8005954,8000170,;426
2021-12-25T13:15:00.000Z;Warthausen;RB;RB RS21;RS21;17337;8006212;8006212%2021-12-25T13:15:00.000Z%,8000943,;426
2021-12-25T13:42:00.000Z;Warthausen;RB;RB RS21;RS21;17338;8006212;8006212%2021-12-25T13:42:00.000Z%,8005334,8003591,8003592,8001820,8005954,8000170,;426
2021-12-25T14:15:00.000Z;Warthausen;RB;RB RS21;RS21;17341;8006212;8006212%2021-12-25T14:15:00.000Z%,8000943,;426
2021-12-25T14:42:00.000Z;Warthausen;RB;RB RS21;RS21;17342;8006212;8006212%2021-12-25T14:42:00.000Z%,8005334,8003591,8003592,8001820,8005954,8000170,;426
2021-12-25T15:15:00.000Z;Warthausen;RB;RB RS21;RS21;17343;8006212;8006212%2021-12-25T15:15:00.000Z%,8000943,;426
2021-12-25T15:42:00.000Z;Warthausen;RB;RB RS21;RS21;17346;8006212;8006212%2021-12-25T15:42:00.000Z%,8005334,8003591,8003592,8001820,8005954,8000170,;426
2021-12-25T16:15:00.000Z;Warthausen;RB;RB RS21;RS21;17347;8006212;8006212%2021-12-25T16:15:00.000Z%,8000943,;426
2021-12-25T16:42:00.000Z;Warthausen;RB;RB RS21;RS21;17350;8006212;8006212%2021-12-25T16:42:00.000Z%,8005334,8003591,8003592,8001820,8005954,8000170,;426
2021-12-25T17:15:00.000Z;Warthausen;RB;RB RS21;RS21;17349;8006212;8006212%2021-12-25T17:15:00.000Z%,8000943,;426
2021-12-25T17:37:00.000Z;Warthausen;RB;RB RS21;RS21;17354;8006212;8006212%2021-12-25T17:37:00.000Z%,8005334,8003591,8003592,8001820,8005954,8000170,;426
2021-12-25T18:15:00.000Z;Warthausen;RB;RB RS21;RS21;17353;8006212;8006212%2021-12-25T18:15:00.000Z%,8000943,;426
2021-12-25T18:42:00.000Z;Warthausen;RB;RB RS21;RS21;17358;8006212;8006212%2021-12-25T18:42:00.000Z%,8005334,8003591,8003592,8001820,8005954,8000170,;426
2021-12-25T19:15:00.000Z;Warthausen;RB;RB RS21;RS21;17359;8006212;8006212%2021-12-25T19:15:00.000Z%,8000943,;426
2021-12-25T19:42:00.000Z;Warthausen;RB;RB RS21;RS21;17360;8006212;8006212%2021-12-25T19:42:00.000Z%,8005334,8003591,8003592,8001820,8005954,8000170,;426
2021-12-25T20:15:00.000Z;Warthausen;RB;RB RS21;RS21;17361;8006212;8006212%2021-12-25T20:15:00.000Z%,8000943,;426
2021-12-24T20:48:00.000Z;Wasserburg(Bodensee);RB;RB 93;93;17741;8006218;8006218%2021-12-24T20:49:00.000Z%1,8001806,8003692,8003693,;426
2021-12-24T21:10:00.000Z;Wasserburg(Bodensee);RB;RB 93;93;17378;8006218;8006218%2021-12-24T21:10:00.000Z%,8004446,8003432,8003524,8001838,8000112,8003930,8004965,8000014,8000746,8000943,8005334,8003592,8001820,8000170,;426
2021-12-24T21:16:00.000Z;Wasserburg(Bodensee);RB;RB 93;93;17393;8006218;8006218%2021-12-24T21:16:00.000Z%,8001806,8003692,8003693,;426
2021-12-24T21:51:00.000Z;Wasserburg(Bodensee);RE;RE 5;5;4233;8006218;8006218%2021-12-24T21:52:00.000Z%1,8003693,;602
2021-12-24T22:50:00.000Z;Wasserburg(Bodensee);RE;RE 5;5;4235;8006218;8006218%2021-12-24T22:52:00.000Z%2,8001806,8003692,8003693,;602
2021-12-24T22:57:00.000Z;Wasserburg(Bodensee);RB;RB 93;93;17742;8006218;8006218%2021-12-24T22:57:00.000Z%,8004446,8003432,8003524,8001838,8002030,8000112,;426
2021-12-25T05:08:00.000Z;Wasserburg(Bodensee);RB;RB 93;93;17706;8006218;8006218%2021-12-25T05:08:00.000Z%,8004446,8003432,8003524,8001838,8000112,;426
2021-12-25T06:07:00.000Z;Wasserburg(Bodensee);RE;RE 5;5;4208;8006218;8006218%2021-12-25T06:07:00.000Z%,8004446,8003432,8003524,8001838,8000112,8003930,8004965,8000014,8000746,8000943,8003592,8000170,8002218,8000127,8000302,8001920,8000096,;602
2021-12-25T06:14:00.000Z;Wasserburg(Bodensee);RE;RE 5;5;17703;8006218;8006218%2021-12-25T06:14:00.000Z%,8001806,8003692,8000230,;602
2021-12-25T07:29:00.000Z;Wasserburg(Bodensee);RB;RB 93;93;17708;8006218;8006218%2021-12-25T07:29:00.000Z%,8004446,8003432,8003524,8001838,8002030,8000112,8004965,8000014,8000943,8000170,;426
2021-12-25T07:35:00.000Z;Wasserburg(Bodensee);RB;RB 93;93;17709;8006218;8006218%2021-12-25T07:35:00.000Z%,8001806,8003692,8000230,;426
2021-12-25T07:48:00.000Z;Wasserburg(Bodensee);RE;RE 5;5;4205;8006218;8006218%2021-12-25T07:48:00.000Z%,8003693,;602
2021-12-25T08:10:00.000Z;Wasserburg(Bodensee);RE;RE 5;5;4212;8006218;8006218%2021-12-25T08:10:00.000Z%,8003432,8000112,8003930,8004965,8000014,8000746,8000943,8003592,8000170,8002218,8000127,8000302,8001920,8000096,;602
2021-12-25T08:27:00.000Z;Wasserburg(Bodensee);RB;RB 93;93;17710;8006218;8006218%2021-12-25T08:27:00.000Z%,8004446,8003432,8003524,8001838,8002030,8000112,;426
2021-12-25T08:33:00.000Z;Wasserburg(Bodensee);RB;RB 93;93;17711;8006218;8006218%2021-12-25T08:33:00.000Z%,8001806,8003692,8000230,;426
2021-12-25T09:19:00.000Z;Wasserburg(Bodensee);RB;RB 93;93;17713;8006218;8006218%2021-12-25T09:19:00.000Z%,8003692,8000230,;426
2021-12-25T09:35:00.000Z;Wasserburg(Bodensee);RB;RB 93;93;17712;8006218;8006218%2021-12-25T09:35:00.000Z%,8004446,8003432,8003524,8001838,8002030,8000112,8004965,8000014,8000943,8000170,;426
2021-12-25T09:48:00.000Z;Wasserburg(Bodensee);RE;RE 5;5;4209;8006218;8006218%2021-12-25T09:48:00.000Z%,8003693,;602
2021-12-25T10:10:00.000Z;Wasserburg(Bodensee);RE;RE 5;5;4216;8006218;8006218%2021-12-25T10:10:00.000Z%,8003432,8000112,8003930,8004965,8000014,8000746,8000943,8003592,8000170,8002218,8000127,8000302,8001920,8000096,;602
2021-12-25T10:27:00.000Z;Wasserburg(Bodensee);RB;RB 93;93;17714;8006218;8006218%2021-12-25T10:27:00.000Z%,8004446,8003432,8003524,8001838,8002030,8000112,;426
2021-12-25T10:33:00.000Z;Wasserburg(Bodensee);RB;RB 93;93;17715;8006218;8006218%2021-12-25T10:33:00.000Z%,8001806,8003692,8000230,;426
2021-12-25T11:27:00.000Z;Wasserburg(Bodensee);RB;RB 93;93;17716;8006218;8006218%2021-12-25T11:27:00.000Z%,8004446,8003432,8003524,8001838,8002030,8000112,8003930,8004965,8000014,8000746,8000943,8003592,8000170,;426
2021-12-25T11:33:00.000Z;Wasserburg(Bodensee);RB;RB 93;93;17717;8006218;8006218%2021-12-25T11:33:00.000Z%,8001806,8003692,8000230,;426
2021-12-25T11:48:00.000Z;Wasserburg(Bodensee);RE;RE 5;5;4213;8006218;8006218%2021-12-25T11:48:00.000Z%,8003693,;602
2021-12-25T12:10:00.000Z;Wasserburg(Bodensee);RE;RE 5;5;4220;8006218;8006218%2021-12-25T12:10:00.000Z%,8003432,8000112,8003930,8004965,8000014,8000746,8000943,8003592,8000170,8002218,8000127,8000302,8001920,8000096,;602
2021-12-25T12:27:00.000Z;Wasserburg(Bodensee);RB;RB 93;93;17720;8006218;8006218%2021-12-25T12:27:00.000Z%,8004446,8003432,8003524,8001838,8002030,8000112,8004965,8000014,8000943,8000170,;426
2021-12-25T12:33:00.000Z;Wasserburg(Bodensee);RB;RB 93;93;17723;8006218;8006218%2021-12-25T12:33:00.000Z%,8001806,8003692,8000230,;426
2021-12-25T13:27:00.000Z;Wasserburg(Bodensee);RB;RB 93;93;17894;8006218;8006218%2021-12-25T13:27:00.000Z%,8004446,8003432,8003524,8001838,8002030,8000112,8004965,8000014,8000943,8000170,;426
2021-12-25T13:33:00.000Z;Wasserburg(Bodensee);RB;RB 93;93;17725;8006218;8006218%2021-12-25T13:33:00.000Z%,8001806,8003692,8000230,;426
2021-12-25T13:48:00.000Z;Wasserburg(Bodensee);RE;RE 5;5;4217;8006218;8006218%2021-12-25T13:48:00.000Z%,8003693,;602
2021-12-25T14:10:00.000Z;Wasserburg(Bodensee);RE;RE 5;5;4224;8006218;8006218%2021-12-25T14:10:00.000Z%,8003432,8000112,8003930,8004965,8000014,8000746,8000943,8003592,8000170,8002218,8000127,8000302,8001920,8000096,;602
2021-12-25T14:27:00.000Z;Wasserburg(Bodensee);RB;RB 93;93;17728;8006218;8006218%2021-12-25T14:27:00.000Z%,8004446,8003432,8003524,8001838,8002030,8000112,8004965,8000014,8000943,8000170,;426
2021-12-25T14:33:00.000Z;Wasserburg(Bodensee);RB;RB 93;93;17729;8006218;8006218%2021-12-25T14:33:00.000Z%,8001806,8003692,8000230,;426
2021-12-25T15:27:00.000Z;Wasserburg(Bodensee);RB;RB 93;93;17730;8006218;8006218%2021-12-25T15:27:00.000Z%,8004446,8003432,8003524,8001838,8002030,8000112,;426
2021-12-25T15:33:00.000Z;Wasserburg(Bodensee);RB;RB 93;93;17731;8006218;8006218%2021-12-25T15:33:00.000Z%,8001806,8003692,8000230,;426
2021-12-25T15:48:00.000Z;Wasserburg(Bodensee);RE;RE 5;5;4221;8006218;8006218%2021-12-25T15:48:00.000Z%,8003693,;602
2021-12-25T16:10:00.000Z;Wasserburg(Bodensee);RE;RE 5;5;4228;8006218;8006218%2021-12-25T16:10:00.000Z%,8003432,8000112,8003930,8004965,8000014,8000746,8000943,8003592,8000170,8002218,8000127,8000302,8001920,8000096,;602
2021-12-25T16:20:00.000Z;Wasserburg(Bodensee);RB;RB 93;93;17733;8006218;8006218%2021-12-25T16:20:00.000Z%,8001806,8003692,8000230,;426
2021-12-25T16:29:00.000Z;Wasserburg(Bodensee);RB;RB 93;93;17732;8006218;8006218%2021-12-25T16:29:00.000Z%,8004446,8003432,8003524,8001838,8002030,8000112,8004965,8000014,8000943,8000170,;426
2021-12-25T17:27:00.000Z;Wasserburg(Bodensee);RB;RB 93;93;17734;8006218;8006218%2021-12-25T17:27:00.000Z%,8004446,8003432,8003524,8001838,8002030,8000112,8004965,8000014,8000943,8000170,;426
2021-12-25T17:33:00.000Z;Wasserburg(Bodensee);RB;RB 93;93;17735;8006218;8006218%2021-12-25T17:33:00.000Z%,8001806,8003692,8000230,;426
2021-12-25T17:48:00.000Z;Wasserburg(Bodensee);RE;RE 5;5;4225;8006218;8006218%2021-12-25T17:48:00.000Z%,8003693,;602
2021-12-25T18:10:00.000Z;Wasserburg(Bodensee);RE;RE 5;5;4232;8006218;8006218%2021-12-25T18:10:00.000Z%,8003432,8000112,8003930,8004965,8000014,8000746,8000943,8003592,8000170,8002218,8000127,8000302,8001920,8000096,;602
2021-12-25T18:27:00.000Z;Wasserburg(Bodensee);RB;RB 93;93;17736;8006218;8006218%2021-12-25T18:27:00.000Z%,8004446,8003432,8003524,8001838,8002030,8000112,8004965,8000014,8000943,8000170,;426
2021-12-25T18:33:00.000Z;Wasserburg(Bodensee);RB;RB 93;93;17737;8006218;8006218%2021-12-25T18:33:00.000Z%,8001806,8003692,8000230,;426
2021-12-25T19:27:00.000Z;Wasserburg(Bodensee);RB;RB 93;93;17738;8006218;8006218%2021-12-25T19:27:00.000Z%,8004446,8003432,8003524,8001838,8002030,8000112,;426
2021-12-25T19:33:00.000Z;Wasserburg(Bodensee);RB;RB 93;93;17739;8006218;8006218%2021-12-25T19:33:00.000Z%,8001806,8003692,8000230,;426
2021-12-25T19:48:00.000Z;Wasserburg(Bodensee);RE;RE 5;5;4229;8006218;8006218%2021-12-25T19:48:00.000Z%,8003693,;602
2021-12-25T20:10:00.000Z;Wasserburg(Bodensee);RE;RE 5;5;4236;8006218;8006218%2021-12-25T20:10:00.000Z%,8004446,8003432,8003524,8000112,8003930,8004965,8000014,8000746,8000943,8003592,8000170,;602
2021-12-24T21:49:00.000Z;Wasserburg(Günz);RB;RB 78;78;57741;8006219;8006219%2021-12-24T21:49:00.000Z%,8003326,8002881,8003038,8001752,8004256,8002856,8000969,8003457,;426
2021-12-24T22:11:00.000Z;Wasserburg(Günz);RB;RB 78;78;57730;8006219;8006219%2021-12-24T22:11:00.000Z%0,8000139,;426
2021-12-24T22:49:00.000Z;Wasserburg(Günz);RB;RB 78;78;57743;8006219;8006219%2021-12-24T22:49:00.000Z%,8003326,8002881,8003038,8001752,8004256,8002856,8000969,8003457,;426
2021-12-25T06:11:00.000Z;Wasserburg(Günz);RB;RB 78;78;57748;8006219;8006219%2021-12-25T06:11:00.000Z%,8000139,;426
2021-12-25T07:49:00.000Z;Wasserburg(Günz);RB;RB 78;78;57703;8006219;8006219%2021-12-25T07:49:00.000Z%,8003326,8002881,8003038,8001752,8004256,8002856,8000969,8003457,8001179,8004401,8000482,8002651,8003749,8001147,8006279,8004780,8002664,8004207,8000338,;426
2021-12-25T08:11:00.000Z;Wasserburg(Günz);RB;RB 78;78;57704;8006219;8006219%2021-12-25T08:11:00.000Z%,8000139,;426
2021-12-25T09:49:00.000Z;Wasserburg(Günz);RB;RB 78;78;57707;8006219;8006219%2021-12-25T09:49:00.000Z%,8003326,8002881,8003038,8001752,8004256,8002856,8000969,8003457,8001179,8004401,8000482,8002651,8003749,8001147,8006279,8004780,8002664,8004207,8000338,;426
2021-12-25T10:11:00.000Z;Wasserburg(Günz);RB;RB 78;78;57706;8006219;8006219%2021-12-25T10:11:00.000Z%,8000139,;426
2021-12-25T11:49:00.000Z;Wasserburg(Günz);RB;RB 78;78;57713;8006219;8006219%2021-12-25T11:49:00.000Z%,8003326,8002881,8003038,8001752,8004256,8002856,8000969,8003457,8001179,8004401,8000482,8002651,8003749,8001147,8006279,8004780,8002664,8004207,8000338,;426
2021-12-25T12:11:00.000Z;Wasserburg(Günz);RB;RB 78;78;57710;8006219;8006219%2021-12-25T12:11:00.000Z%,8000139,;426
2021-12-25T13:49:00.000Z;Wasserburg(Günz);RB;RB 78;78;57719;8006219;8006219%2021-12-25T13:49:00.000Z%,8003326,8002881,8003038,8001752,8004256,8002856,8000969,8003457,8001179,8004401,8000482,8002651,8003749,8001147,8006279,8004780,8002664,8004207,8000338,;426
2021-12-25T14:11:00.000Z;Wasserburg(Günz);RB;RB 78;78;57716;8006219;8006219%2021-12-25T14:11:00.000Z%,8000139,;426
2021-12-25T15:49:00.000Z;Wasserburg(Günz);RB;RB 78;78;57725;8006219;8006219%2021-12-25T15:49:00.000Z%,8003326,8002881,8003038,8001752,8004256,8002856,8000969,8003457,8001179,8004401,8000482,8002651,8003749,8001147,8006279,8004780,8002664,8004207,8000338,;426
2021-12-25T16:11:00.000Z;Wasserburg(Günz);RB;RB 78;78;57720;8006219;8006219%2021-12-25T16:11:00.000Z%,8000139,;426
2021-12-25T17:50:00.000Z;Wasserburg(Günz);RB;RB 78;78;57729;8006219;8006219%2021-12-25T17:50:00.000Z%,8003326,8002881,8003038,8001752,8004256,8002856,8000969,8003457,8001179,8004401,8000482,8002651,8003749,8001147,8006279,8004780,8002664,8004207,8000338,;426
2021-12-25T18:12:00.000Z;Wasserburg(Günz);RB;RB 78;78;57724;8006219;8006219%2021-12-25T18:12:00.000Z%,8000139,;426
2021-12-25T19:49:00.000Z;Wasserburg(Günz);RB;RB 78;78;57685;8006219;8006219%2021-12-25T19:49:00.000Z%,8003326,8002881,8003038,8001752,8004256,8002856,8000969,8003457,;426
2021-12-25T20:12:00.000Z;Wasserburg(Günz);RB;RB 78;78;57728;8006219;8006219%2021-12-25T20:12:00.000Z%,8000139,;426
2021-12-24T20:35:00.000Z;Weddel(Braunschw);RB;RB 40;40;16432;8006233;8006233%2021-12-24T20:36:00.000Z%1,8000049,;426
2021-12-24T20:52:00.000Z;Weddel(Braunschw);RB;RB 40;40;16441;8006233;8006233%2021-12-24T20:52:00.000Z%0,8005320,8003382,8002080,8000159,8012302,8013248,8010096,8012599,8011415,8012546,8013271,8012490,8012292,8010224,;426
2021-12-24T22:07:00.000Z;Weddel(Braunschw);RB;RB 40;40;16436;8006233;8006233%2021-12-24T22:07:00.000Z%,8000049,;426
2021-12-24T22:52:00.000Z;Weddel(Braunschw);RB;RB 40;40;16445;8006233;8006233%2021-12-24T22:52:00.000Z%,8005320,8003382,8002080,8000159,;426
2021-12-25T00:12:00.000Z;Weddel(Braunschw);RB;RB 40;40;16447;8006233;8006233%2021-12-25T00:12:00.000Z%,8005320,8003382,8002080,8000159,8012302,8013248,8010096,8012599,8011415,8012546,8013271,8012490,8012292,8010224,;426
2021-12-25T04:47:00.000Z;Weddel(Braunschw);RB;RB 40;40;16451;8006233;8006233%2021-12-25T04:47:00.000Z%,8005320,8003382,8002080,8000159,8012302,8013248,8010096,8012599,8011415,8012546,8013271,8012490,8012292,8010224,;426
2021-12-25T05:35:00.000Z;Weddel(Braunschw);RB;RB 40;40;16402;8006233;8006233%2021-12-25T05:35:00.000Z%,8000049,;426
2021-12-25T06:22:00.000Z;Weddel(Braunschw);RB;RB 40;40;16411;8006233;8006233%2021-12-25T06:22:00.000Z%,8005320,8003382,8002080,8000159,8012302,8013248,8010096,8012599,8011415,8012546,8013271,8012490,8012292,8010224,8010226,8013455,8010047,8011630,8012381,8011294,;426
2021-12-25T06:35:00.000Z;Weddel(Braunschw);RB;RB 40;40;16404;8006233;8006233%2021-12-25T06:35:00.000Z%,8000049,;426
2021-12-25T07:22:00.000Z;Weddel(Braunschw);RB;RB 40;40;16453;8006233;8006233%2021-12-25T07:22:00.000Z%,8005320,8003382,8002080,8000159,;426
2021-12-25T07:35:00.000Z;Weddel(Braunschw);RB;RB 40;40;16406;8006233;8006233%2021-12-25T07:35:00.000Z%,8000049,;426
2021-12-25T08:22:00.000Z;Weddel(Braunschw);RB;RB 40;40;16415;8006233;8006233%2021-12-25T08:22:00.000Z%,8005320,8003382,8002080,8000159,8012302,8013248,8010096,8012599,8011415,8012546,8013271,8012490,8012292,8010224,8010226,8013455,8010047,8011630,8012381,8011294,;426
2021-12-25T08:35:00.000Z;Weddel(Braunschw);RB;RB 40;40;16452;8006233;8006233%2021-12-25T08:35:00.000Z%,8000049,;426
2021-12-25T09:22:00.000Z;Weddel(Braunschw);RB;RB 40;40;16455;8006233;8006233%2021-12-25T09:22:00.000Z%,8005320,8003382,8002080,8000159,;426
2021-12-25T09:35:00.000Z;Weddel(Braunschw);RB;RB 40;40;16410;8006233;8006233%2021-12-25T09:35:00.000Z%,8000049,;426
2021-12-25T10:22:00.000Z;Weddel(Braunschw);RB;RB 40;40;16419;8006233;8006233%2021-12-25T10:22:00.000Z%,8005320,8003382,8002080,8000159,8012302,8013248,8010096,8012599,8011415,8012546,8013271,8012490,8012292,8010224,8010226,8013455,8010047,8011630,8012381,8011294,;426
2021-12-25T10:35:00.000Z;Weddel(Braunschw);RB;RB 40;40;16454;8006233;8006233%2021-12-25T10:35:00.000Z%,8000049,;426
2021-12-25T11:22:00.000Z;Weddel(Braunschw);RB;RB 40;40;16457;8006233;8006233%2021-12-25T11:22:00.000Z%,8005320,8003382,8002080,8000159,;426
2021-12-25T11:35:00.000Z;Weddel(Braunschw);RB;RB 40;40;16414;8006233;8006233%2021-12-25T11:35:00.000Z%,8000049,;426
2021-12-25T12:22:00.000Z;Weddel(Braunschw);RB;RB 40;40;16423;8006233;8006233%2021-12-25T12:22:00.000Z%,8005320,8003382,8002080,8000159,8012302,8013248,8010096,8012599,8011415,8012546,8013271,8012490,8012292,8010224,8010226,8013455,8010047,8011630,8012381,8011294,;426
2021-12-25T12:35:00.000Z;Weddel(Braunschw);RB;RB 40;40;16456;8006233;8006233%2021-12-25T12:35:00.000Z%,8000049,;426
2021-12-25T13:22:00.000Z;Weddel(Braunschw);RB;RB 40;40;16459;8006233;8006233%2021-12-25T13:22:00.000Z%,8005320,8003382,8002080,8000159,;426
2021-12-25T13:35:00.000Z;Weddel(Braunschw);RB;RB 40;40;16418;8006233;8006233%2021-12-25T13:35:00.000Z%,8000049,;426
2021-12-25T14:22:00.000Z;Weddel(Braunschw);RB;RB 40;40;16427;8006233;8006233%2021-12-25T14:22:00.000Z%,8005320,8003382,8002080,8000159,8012302,8013248,8010096,8012599,8011415,8012546,8013271,8012490,8012292,8010224,8010226,8013455,8010047,8011630,8012381,8011294,;426
2021-12-25T14:35:00.000Z;Weddel(Braunschw);RB;RB 40;40;16458;8006233;8006233%2021-12-25T14:35:00.000Z%,8000049,;426
2021-12-25T15:22:00.000Z;Weddel(Braunschw);RB;RB 40;40;16461;8006233;8006233%2021-12-25T15:22:00.000Z%,8005320,8003382,8002080,8000159,;426
2021-12-25T15:35:00.000Z;Weddel(Braunschw);RB;RB 40;40;16422;8006233;8006233%2021-12-25T15:35:00.000Z%,8000049,;426
2021-12-25T16:22:00.000Z;Weddel(Braunschw);RB;RB 40;40;16431;8006233;8006233%2021-12-25T16:22:00.000Z%,8005320,8003382,8002080,8000159,8012302,8013248,8010096,8012599,8011415,8012546,8013271,8012490,8012292,8010224,8010226,8013455,8010047,8011630,8012381,8011294,;426
2021-12-25T16:35:00.000Z;Weddel(Braunschw);RB;RB 40;40;16460;8006233;8006233%2021-12-25T16:35:00.000Z%,8000049,;426
2021-12-25T17:22:00.000Z;Weddel(Braunschw);RB;RB 40;40;16463;8006233;8006233%2021-12-25T17:22:00.000Z%,8005320,8003382,8002080,8000159,;426
2021-12-25T17:35:00.000Z;Weddel(Braunschw);RB;RB 40;40;16426;8006233;8006233%2021-12-25T17:35:00.000Z%,8000049,;426
2021-12-25T18:22:00.000Z;Weddel(Braunschw);RB;RB 40;40;16435;8006233;8006233%2021-12-25T18:22:00.000Z%,8005320,8003382,8002080,8000159,8012302,8013248,8010096,8012599,8011415,8012546,8013271,8012490,8012292,8010224,8010226,8013455,8010047,8011630,8012381,8011294,;426
2021-12-25T18:35:00.000Z;Weddel(Braunschw);RB;RB 40;40;16462;8006233;8006233%2021-12-25T18:35:00.000Z%,8000049,;426
2021-12-25T19:22:00.000Z;Weddel(Braunschw);RB;RB 40;40;16437;8006233;8006233%2021-12-25T19:22:00.000Z%,8005320,8003382,8002080,8000159,8012302,8013248,8010096,8012599,8011415,8012546,8013271,8012490,8012292,8010224,8010226,8013455,8010047,8011630,8012381,8011294,8010151,8010123,;426
2021-12-25T19:35:00.000Z;Weddel(Braunschw);RB;RB 40;40;16430;8006233;8006233%2021-12-25T19:35:00.000Z%,8000049,;426
2021-12-25T15:05:00.000Z;Weidenbach;RB;RB 40;40;27041;8006258;8006258%2021-12-25T15:05:00.000Z%,8000576,8000258,;426
2021-12-25T19:08:00.000Z;Weidenbach;RB;RB 40;40;27061;8006258;8006258%2021-12-25T19:08:00.000Z%,8000576,8000258,;426
2021-12-24T20:53:00.000Z;Weiding;RE;RE 47;47;3573;8006264;8006264%2021-12-24T20:54:00.000Z%1,8000606,8002159,;602
2021-12-25T05:06:00.000Z;Weiding;RE;RE 47;47;3594;8006264;8006264%2021-12-25T05:06:00.000Z%,8003413,8001330,8004849,8005121,8004250,8001054,8000027,8002075,8000566,8005800,8000269,8001929,8002612,8002794,8000284,;602
2021-12-24T21:07:00.000Z;Weiherhammer;RE;RE 41;41;3035;8006266;8006266%2021-12-24T21:09:00.000Z%2,8000204,;602
2021-12-24T21:22:00.000Z;Weiherhammer;RE;RE 41;41;3034;8006266;8006266%2021-12-24T21:22:00.000Z%0,8002076,8006085,8000269,8001929,8002612,8002794,8000284,;602
2021-12-24T22:15:00.000Z;Weiherhammer;RE;RE 41;41;3037;8006266;8006266%2021-12-24T22:15:00.000Z%,8000204,;602
2021-12-24T23:02:00.000Z;Weiherhammer;RE;RE 41;41;3039;8006266;8006266%2021-12-24T23:02:00.000Z%,8000204,8000540,8004332,;602
2021-12-25T04:12:00.000Z;Weiherhammer;RE;RE 41;41;3000;8006266;8006266%2021-12-25T04:12:00.000Z%,8002076,8006085,8000269,8001929,8002612,8002794,8000284,;602
2021-12-25T05:16:00.000Z;Weiherhammer;RE;RE 41;41;3002;8006266;8006266%2021-12-25T05:16:00.000Z%,8002076,8006085,8000269,8001929,8002612,8002794,8000284,;602
2021-12-25T05:39:00.000Z;Weiherhammer;RE;RE 41;41;3003;8006266;8006266%2021-12-25T05:39:00.000Z%,8000204,;602
2021-12-25T06:04:00.000Z;Weiherhammer;RE;RE 41;41;3004;8006266;8006266%2021-12-25T06:04:00.000Z%,8002076,8006085,8000269,8001929,8002612,8002794,8000284,;602
2021-12-25T06:42:00.000Z;Weiherhammer;RE;RE 41;41;3007;8006266;8006266%2021-12-25T06:42:00.000Z%,8000204,;602
2021-12-25T07:12:00.000Z;Weiherhammer;RE;RE 41;41;3006;8006266;8006266%2021-12-25T07:12:00.000Z%,8002076,8006085,8000269,8001929,8002612,8002794,8000284,;602
2021-12-25T07:45:00.000Z;Weiherhammer;RE;RE 41;41;3009;8006266;8006266%2021-12-25T07:45:00.000Z%,8000204,8000540,8004332,;602
2021-12-25T08:12:00.000Z;Weiherhammer;RE;RE 41;41;3008;8006266;8006266%2021-12-25T08:12:00.000Z%,8002076,8006085,8000269,8001929,8002612,8002794,8000284,;602
2021-12-25T08:43:00.000Z;Weiherhammer;RE;RE 41;41;3011;8006266;8006266%2021-12-25T08:43:00.000Z%,8000204,8000540,8004332,;602
2021-12-25T09:12:00.000Z;Weiherhammer;RE;RE 41;41;3010;8006266;8006266%2021-12-25T09:12:00.000Z%,8002076,8006085,8000269,8001929,8002612,8002794,8000284,;602
2021-12-25T09:43:00.000Z;Weiherhammer;RE;RE 41;41;3013;8006266;8006266%2021-12-25T09:43:00.000Z%,8000204,8000540,8004332,;602
2021-12-25T10:12:00.000Z;Weiherhammer;RE;RE 41;41;3012;8006266;8006266%2021-12-25T10:12:00.000Z%,8002076,8006085,8000269,8001929,8002612,8002794,8000284,;602
2021-12-25T10:43:00.000Z;Weiherhammer;RE;RE 41;41;3015;8006266;8006266%2021-12-25T10:43:00.000Z%,8000204,8000540,8004332,;602
2021-12-25T11:12:00.000Z;Weiherhammer;RE;RE 41;41;3014;8006266;8006266%2021-12-25T11:12:00.000Z%,8002076,8006085,8000269,8001929,8002612,8002794,8000284,;602
2021-12-25T11:43:00.000Z;Weiherhammer;RE;RE 41;41;3005;8006266;8006266%2021-12-25T11:43:00.000Z%,8000204,8000540,8004332,;602
2021-12-25T12:12:00.000Z;Weiherhammer;RE;RE 41;41;3016;8006266;8006266%2021-12-25T12:12:00.000Z%,8002076,8006085,8000269,8001929,8002612,8002794,8000284,;602
2021-12-25T12:43:00.000Z;Weiherhammer;RE;RE 41;41;3019;8006266;8006266%2021-12-25T12:43:00.000Z%,8000204,8000540,8004332,;602
2021-12-25T13:12:00.000Z;Weiherhammer;RE;RE 41;41;3018;8006266;8006266%2021-12-25T13:12:00.000Z%,8002076,8006085,8000269,8001929,8002612,8002794,8000284,;602
2021-12-25T13:43:00.000Z;Weiherhammer;RE;RE 41;41;3021;8006266;8006266%2021-12-25T13:43:00.000Z%,8000204,8000540,8004332,;602
2021-12-25T14:12:00.000Z;Weiherhammer;RE;RE 41;41;3020;8006266;8006266%2021-12-25T14:12:00.000Z%,8002076,8006085,8000269,8001929,8002612,8002794,8000284,;602
2021-12-25T14:43:00.000Z;Weiherhammer;RE;RE 41;41;3023;8006266;8006266%2021-12-25T14:43:00.000Z%,8000204,8000540,8004332,;602
2021-12-25T15:10:00.000Z;Weiherhammer;RE;RE 41;41;3022;8006266;8006266%2021-12-25T15:10:00.000Z%,8005855,8002076,8006085,8000269,8001929,8002612,8002794,8000284,;602
2021-12-25T15:43:00.000Z;Weiherhammer;RE;RE 41;41;3025;8006266;8006266%2021-12-25T15:43:00.000Z%,8000204,8000540,8004332,;602
2021-12-25T16:10:00.000Z;Weiherhammer;RE;RE 41;41;3024;8006266;8006266%2021-12-25T16:10:00.000Z%,8005139,8002076,8006085,8000269,8001929,8002612,8002794,8000284,;602
2021-12-25T16:43:00.000Z;Weiherhammer;RE;RE 41;41;3027;8006266;8006266%2021-12-25T16:43:00.000Z%,8000204,8000540,8004332,;602
2021-12-25T17:10:00.000Z;Weiherhammer;RE;RE 41;41;3026;8006266;8006266%2021-12-25T17:10:00.000Z%,8005855,8002076,8006085,8000269,8001929,8002612,8002794,8000284,;602
2021-12-25T17:43:00.000Z;Weiherhammer;RE;RE 41;41;3029;8006266;8006266%2021-12-25T17:43:00.000Z%,8000204,8000540,8004332,;602
2021-12-25T18:12:00.000Z;Weiherhammer;RE;RE 41;41;3028;8006266;8006266%2021-12-25T18:12:00.000Z%,8002076,8006085,8000269,8001929,8002612,8002794,8000284,;602
2021-12-25T18:45:00.000Z;Weiherhammer;RE;RE 41;41;3031;8006266;8006266%2021-12-25T18:45:00.000Z%,8000204,8000540,8004332,;602
2021-12-25T19:12:00.000Z;Weiherhammer;RE;RE 41;41;3030;8006266;8006266%2021-12-25T19:12:00.000Z%,8002076,8006085,8000269,8001929,8002612,8002794,8000284,;602
2021-12-25T19:44:00.000Z;Weiherhammer;RE;RE 41;41;3033;8006266;8006266%2021-12-25T19:44:00.000Z%,8000204,8000540,8004332,;602
2021-12-24T20:50:00.000Z;Weilbach(Unterallg);RB;RB 78;78;57730;8006279;8006279%2021-12-24T20:50:00.000Z%0,8001147,8003749,8002651,8000482,8004401,8001179,8003457,8000969,8002856,8004256,8001752,8003038,8002881,8003326,8006219,8000139,;426
2021-12-25T06:06:00.000Z;Weilbach(Unterallg);RB;RB 78;78;57683;8006279;8006279%2021-12-25T06:06:00.000Z%,8004780,8002664,8004207,8000338,;426
2021-12-25T07:01:00.000Z;Weilbach(Unterallg);RB;RB 78;78;57731;8006279;8006279%2021-12-25T07:01:00.000Z%,8004780,8002664,8004207,8000338,;426
2021-12-25T07:09:00.000Z;Weilbach(Unterallg);RB;RB 78;78;57704;8006279;8006279%2021-12-25T07:09:00.000Z%,8001147,8003749,8002651,8000482,8004401,8001179,8003457,8000969,8002856,8004256,8001752,8003038,8002881,8003326,8006219,8000139,;426
2021-12-25T09:01:00.000Z;Weilbach(Unterallg);RB;RB 78;78;57703;8006279;8006279%2021-12-25T09:01:00.000Z%,8004780,8002664,8004207,8000338,;426
2021-12-25T09:09:00.000Z;Weilbach(Unterallg);RB;RB 78;78;57706;8006279;8006279%2021-12-25T09:09:00.000Z%,8001147,8003749,8002651,8000482,8004401,8001179,8003457,8000969,8002856,8004256,8001752,8003038,8002881,8003326,8006219,8000139,;426
2021-12-25T11:01:00.000Z;Weilbach(Unterallg);RB;RB 78;78;57707;8006279;8006279%2021-12-25T11:01:00.000Z%,8004780,8002664,8004207,8000338,;426
2021-12-25T11:09:00.000Z;Weilbach(Unterallg);RB;RB 78;78;57710;8006279;8006279%2021-12-25T11:09:00.000Z%,8001147,8003749,8002651,8000482,8004401,8001179,8003457,8000969,8002856,8004256,8001752,8003038,8002881,8003326,8006219,8000139,;426
2021-12-25T12:56:00.000Z;Weilbach(Unterallg);RB;RB 78;78;57713;8006279;8006279%2021-12-25T12:56:00.000Z%,8004780,8002664,8004207,8000338,;426
2021-12-25T13:05:00.000Z;Weilbach(Unterallg);RB;RB 78;78;57716;8006279;8006279%2021-12-25T13:05:00.000Z%,8001147,8003749,8002651,8000482,8004401,8001179,8003457,8000969,8002856,8004256,8001752,8003038,8002881,8003326,8006219,8000139,;426
2021-12-25T14:47:00.000Z;Weilbach(Unterallg);RB;RB 78;78;57719;8006279;8006279%2021-12-25T14:47:00.000Z%,8004780,8002664,8004207,8000338,;426
2021-12-25T14:55:00.000Z;Weilbach(Unterallg);RB;RB 78;78;57720;8006279;8006279%2021-12-25T14:55:00.000Z%,8001147,8003749,8002651,8000482,8004401,8001179,8003457,8000969,8002856,8004256,8001752,8003038,8002881,8003326,8006219,8000139,;426
2021-12-25T16:47:00.000Z;Weilbach(Unterallg);RB;RB 78;78;57725;8006279;8006279%2021-12-25T16:47:00.000Z%,8004780,8002664,8004207,8000338,;426
2021-12-25T16:55:00.000Z;Weilbach(Unterallg);RB;RB 78;78;57724;8006279;8006279%2021-12-25T16:55:00.000Z%,8001147,8003749,8002651,8000482,8004401,8001179,8003457,8000969,8002856,8004256,8001752,8003038,8002881,8003326,8006219,8000139,;426
2021-12-25T18:47:00.000Z;Weilbach(Unterallg);RB;RB 78;78;57729;8006279;8006279%2021-12-25T18:47:00.000Z%,8004780,8002664,8004207,8000338,;426
2021-12-25T18:56:00.000Z;Weilbach(Unterallg);RB;RB 78;78;57728;8006279;8006279%2021-12-25T18:56:00.000Z%,8001147,8003749,8002651,8000482,8004401,8001179,8003457,8000969,8002856,8004256,8001752,8003038,8002881,8003326,8006219,8000139,;426
2021-12-24T20:21:00.000Z;Weißenburg(Bay);RB;RB 16;16;59163;8006298;8006298%2021-12-24T20:21:00.000Z%0,8000122,8004753,8005593,8001495,8001708,8000419,8005828,8001734,8002171,8003074,8003076,8000183,8000678,8000256,8004781,8005008,8004747,8004775,8001354,8000261,;426
2021-12-24T20:31:00.000Z;Weißenburg(Bay);RB;RB 16;16;59106;8006298;8006298%2021-12-24T20:32:00.000Z%1,8001749,8004835,8004115,8002237,8005995,8005185,8005439,8000284,;426
2021-12-24T21:21:00.000Z;Weißenburg(Bay);RB;RB 16;16;59109;8006298;8006298%2021-12-24T21:21:00.000Z%0,8000122,8004753,8005593,8001495,8001708,8000419,8005828,8001734,8002171,8003074,8003076,8000183,8000678,8000256,8004781,8005008,8004747,8004775,8001354,8000261,;426
2021-12-24T21:31:00.000Z;Weißenburg(Bay);RB;RB 16;16;59166;8006298;8006298%2021-12-24T21:31:00.000Z%,8001749,8004835,8004115,8002237,8005995,8005185,8005439,8000284,;426
2021-12-24T22:27:00.000Z;Weißenburg(Bay);RB;RB 16;16;59225;8006298;8006298%2021-12-24T22:27:00.000Z%,8000122,;426
2021-12-24T22:31:00.000Z;Weißenburg(Bay);RB;RB 16;16;59108;8006298;8006298%2021-12-24T22:32:00.000Z%1,8001749,8004835,8004115,8002237,8005995,8005185,8005439,8000284,;426
2021-12-24T23:25:00.000Z;Weißenburg(Bay);RB;RB 16;16;59227;8006298;8006298%2021-12-24T23:25:00.000Z%,8000122,;426
2021-12-25T00:32:00.000Z;Weißenburg(Bay);RE;RE 16;16;59111;8006298;8006298%2021-12-25T00:32:00.000Z%,8000122,8004731,8000078,8000013,;602
2021-12-25T03:24:00.000Z;Weißenburg(Bay);RE;RE 16;16;59110;8006298;8006298%2021-12-25T03:24:00.000Z%,8001749,8004835,8004115,8002237,8005995,8005185,8005439,8000284,;602
2021-12-25T04:21:00.000Z;Weißenburg(Bay);RB;RB 16;16;59143;8006298;8006298%2021-12-25T04:21:00.000Z%,8000122,8004753,8005593,8001495,8001708,8000419,8005828,8001734,8002171,8003074,8003076,8000183,8000678,8000256,8004781,8005008,8004747,8004775,8001354,8000261,;426
2021-12-25T04:31:00.000Z;Weißenburg(Bay);RB;RB 16;16;59200;8006298;8006298%2021-12-25T04:31:00.000Z%,8001749,8004835,8004115,8002237,8005995,8005185,8005439,8000284,;426
2021-12-25T05:21:00.000Z;Weißenburg(Bay);RB;RB 16;16;59087;8006298;8006298%2021-12-25T05:21:00.000Z%,8000122,8004753,8005593,8001495,8001708,8000419,8005828,8001734,8002171,8003074,8003076,8000183,8000678,8000256,8004781,8005008,8004747,8004775,8001354,8000261,;426
2021-12-25T05:32:00.000Z;Weißenburg(Bay);RB;RB 16;16;59144;8006298;8006298%2021-12-25T05:32:00.000Z%,8001749,8004835,8004115,8002237,8005995,8005185,8005439,8000284,;426
2021-12-25T06:21:00.000Z;Weißenburg(Bay);RB;RB 16;16;59155;8006298;8006298%2021-12-25T06:21:00.000Z%,8000122,8004753,8005593,8001495,8001708,8000419,8005828,8001734,8002171,8003074,8003076,8000183,8000678,8000256,8004781,8005008,8004747,8004775,8001354,8000261,;426
2021-12-25T06:31:00.000Z;Weißenburg(Bay);RB;RB 16;16;59086;8006298;8006298%2021-12-25T06:31:00.000Z%,8001749,8004835,8004115,8002237,8005995,8005185,8005439,8000284,;426
2021-12-25T07:21:00.000Z;Weißenburg(Bay);RB;RB 16;16;59089;8006298;8006298%2021-12-25T07:21:00.000Z%,8000122,8004753,8005593,8001495,8001708,8000419,8005828,8001734,8002171,8003074,8003076,8000183,8000678,8000256,8004781,8005008,8004747,8004775,8001354,8000261,;426
2021-12-25T07:34:00.000Z;Weißenburg(Bay);RB;RB 16;16;59146;8006298;8006298%2021-12-25T07:34:00.000Z%,8001749,8004835,8004115,8002237,8005995,8005185,8005439,8000284,;426
2021-12-25T08:21:00.000Z;Weißenburg(Bay);RE;RE 16;16;59119;8006298;8006298%2021-12-25T08:21:00.000Z%,8000122,8004731,8000078,8003989,8004451,8003952,8000662,8000013,;602
2021-12-25T08:31:00.000Z;Weißenburg(Bay);RB;RB 16;16;59090;8006298;8006298%2021-12-25T08:31:00.000Z%,8001749,8004835,8004115,8002237,8005995,8005185,8005439,8000284,;426
2021-12-25T09:21:00.000Z;Weißenburg(Bay);RB;RB 16;16;59093;8006298;8006298%2021-12-25T09:21:00.000Z%,8000122,8004753,8005593,8001495,8001708,8000419,8005828,8001734,8002171,8003074,8003076,8000183,8000678,8000256,8004781,8005008,8004747,8004775,8001354,8000261,;426
2021-12-25T09:34:00.000Z;Weißenburg(Bay);RE;RE 16;16;59118;8006298;8006298%2021-12-25T09:34:00.000Z%,8001749,8004835,8004115,8002237,8005995,8005185,8005439,8000284,;602
2021-12-25T10:21:00.000Z;Weißenburg(Bay);RE;RE 16;16;59121;8006298;8006298%2021-12-25T10:21:00.000Z%,8000122,8004731,8000078,8003989,8004451,8003952,8000662,8000013,;602
2021-12-25T10:31:00.000Z;Weißenburg(Bay);RB;RB 16;16;59092;8006298;8006298%2021-12-25T10:31:00.000Z%,8001749,8004835,8004115,8002237,8005995,8005185,8005439,8000284,;426
2021-12-25T11:21:00.000Z;Weißenburg(Bay);RB;RB 16;16;59095;8006298;8006298%2021-12-25T11:21:00.000Z%,8000122,8004753,8005593,8001495,8001708,8000419,8005828,8001734,8002171,8003074,8003076,8000183,8000678,8000256,8004781,8005008,8004747,8004775,8001354,8000261,;426
2021-12-25T11:34:00.000Z;Weißenburg(Bay);RE;RE 16;16;59120;8006298;8006298%2021-12-25T11:34:00.000Z%,8001749,8004835,8004115,8002237,8005995,8005185,8005439,8000284,;602
2021-12-25T12:22:00.000Z;Weißenburg(Bay);RE;RE 16;16;59123;8006298;8006298%2021-12-25T12:22:00.000Z%,8000122,8004731,8000078,8003989,8004451,8003952,8000662,8000013,;602
2021-12-25T12:31:00.000Z;Weißenburg(Bay);RB;RB 16;16;59096;8006298;8006298%2021-12-25T12:31:00.000Z%,8001749,8004835,8004115,8002237,8005995,8005185,8005439,8000284,;426
2021-12-25T13:21:00.000Z;Weißenburg(Bay);RB;RB 16;16;59097;8006298;8006298%2021-12-25T13:21:00.000Z%,8000122,8004753,8005593,8001495,8001708,8000419,8005828,8001734,8002171,8003074,8003076,8000183,8000678,8000256,8004781,8005008,8004747,8004775,8001354,8000261,;426
2021-12-25T13:34:00.000Z;Weißenburg(Bay);RE;RE 16;16;59124;8006298;8006298%2021-12-25T13:34:00.000Z%,8001749,8004835,8004115,8002237,8005995,8005185,8005439,8000284,;602
2021-12-25T14:21:00.000Z;Weißenburg(Bay);RE;RE 16;16;59125;8006298;8006298%2021-12-25T14:21:00.000Z%,8000122,8004731,8000078,8003989,8004451,8003952,8000662,8000013,;602
2021-12-25T14:31:00.000Z;Weißenburg(Bay);RB;RB 16;16;59098;8006298;8006298%2021-12-25T14:31:00.000Z%,8001749,8004835,8004115,8002237,8005995,8005185,8005439,8000284,;426
2021-12-25T15:21:00.000Z;Weißenburg(Bay);RB;RB 16;16;59099;8006298;8006298%2021-12-25T15:21:00.000Z%,8000122,8004753,8005593,8001495,8001708,8000419,8005828,8001734,8002171,8003074,8003076,8000183,8000678,8000256,8004781,8005008,8004747,8004775,8001354,8000261,;426
2021-12-25T15:35:00.000Z;Weißenburg(Bay);RE;RE 16;16;59126;8006298;8006298%2021-12-25T15:35:00.000Z%,8001749,8004835,8004115,8002237,8005995,8005185,8005439,8000284,;602
2021-12-25T16:21:00.000Z;Weißenburg(Bay);RE;RE 16;16;59129;8006298;8006298%2021-12-25T16:21:00.000Z%,8000122,8004731,8000078,8003989,8004451,8003952,8000662,8000013,;602
2021-12-25T16:34:00.000Z;Weißenburg(Bay);RB;RB 16;16;59102;8006298;8006298%2021-12-25T16:34:00.000Z%,8001749,8004835,8004115,8002237,8005995,8005185,8005439,8000284,;426
2021-12-25T17:22:00.000Z;Weißenburg(Bay);RB;RB 16;16;59101;8006298;8006298%2021-12-25T17:22:00.000Z%,8000122,8004753,8005593,8001495,8001708,8000419,8005828,8001734,8002171,8003074,8003076,8000183,8000678,8000256,8004781,8005008,8004747,8004775,8001354,8000261,;426
2021-12-25T17:35:00.000Z;Weißenburg(Bay);RE;RE 16;16;59130;8006298;8006298%2021-12-25T17:35:00.000Z%,8001749,8004835,8004115,8002237,8005995,8005185,8005439,8000284,;602
2021-12-25T18:21:00.000Z;Weißenburg(Bay);RE;RE 16;16;59131;8006298;8006298%2021-12-25T18:21:00.000Z%,8000122,8004731,8000078,8003989,8004451,8003952,8000662,8000013,;602
2021-12-25T18:31:00.000Z;Weißenburg(Bay);RB;RB 16;16;59104;8006298;8006298%2021-12-25T18:31:00.000Z%,8001749,8004835,8004115,8002237,8005995,8005185,8005439,8000284,;426
2021-12-25T19:20:00.000Z;Weißenburg(Bay);RB;RB 16;16;59107;8006298;8006298%2021-12-25T19:20:00.000Z%,8000122,8004753,8005593,8001495,8001708,8000419,8005828,8001734,8002171,8003074,8003076,8000183,8000678,8000256,8004781,8005008,8004747,8004775,8001354,8000261,;426
2021-12-25T19:34:00.000Z;Weißenburg(Bay);RE;RE 16;16;59132;8006298;8006298%2021-12-25T19:34:00.000Z%,8001749,8004835,8004115,8002237,8005995,8005185,8005439,8000284,;602
2021-12-24T20:46:00.000Z;Weißenohe;RB;RB 21;21;58772;8006300;8006300%2021-12-24T20:46:00.000Z%0,8003044,8005219,8002029,8001875,8002416,8003154,8002783,8002782,8004469,;426
2021-12-24T22:08:00.000Z;Weißenohe;RB;RB 21;21;58775;8006300;8006300%2021-12-24T22:08:00.000Z%,8002340,;426
2021-12-24T22:40:00.000Z;Weißenohe;RB;RB 21;21;58776;8006300;8006300%2021-12-24T22:40:00.000Z%,8003044,8005219,8002029,8001875,8002416,8003154,8002783,8002782,8004469,;426
2021-12-25T00:09:00.000Z;Weißenohe;RB;RB 21;21;58779;8006300;8006300%2021-12-25T00:09:00.000Z%,8002340,;426
2021-12-25T05:40:00.000Z;Weißenohe;RB;RB 21;21;58706;8006300;8006300%2021-12-25T05:40:00.000Z%,8003044,8005219,8002029,8001875,8002416,8003154,8002783,8002782,8004469,;426
2021-12-25T06:08:00.000Z;Weißenohe;RB;RB 21;21;58705;8006300;8006300%2021-12-25T06:08:00.000Z%,8002340,;426
2021-12-25T06:40:00.000Z;Weißenohe;RB;RB 21;21;58710;8006300;8006300%2021-12-25T06:40:00.000Z%,8003044,8005219,8002029,8001875,8002416,8003154,8002783,8002782,8004469,;426
2021-12-25T07:08:00.000Z;Weißenohe;RB;RB 21;21;58711;8006300;8006300%2021-12-25T07:08:00.000Z%,8002340,;426
2021-12-25T07:40:00.000Z;Weißenohe;RB;RB 21;21;58714;8006300;8006300%2021-12-25T07:40:00.000Z%,8003044,8005219,8002029,8001875,8002416,8003154,8002783,8002782,8004469,;426
2021-12-25T08:08:00.000Z;Weißenohe;RB;RB 21;21;58715;8006300;8006300%2021-12-25T08:08:00.000Z%,8002340,;426
2021-12-25T08:40:00.000Z;Weißenohe;RB;RB 21;21;58718;8006300;8006300%2021-12-25T08:40:00.000Z%,8003044,8005219,8002029,8001875,8002416,8003154,8002783,8002782,8004469,;426
2021-12-25T09:08:00.000Z;Weißenohe;RB;RB 21;21;58719;8006300;8006300%2021-12-25T09:08:00.000Z%,8002340,;426
2021-12-25T09:40:00.000Z;Weißenohe;RB;RB 21;21;58722;8006300;8006300%2021-12-25T09:40:00.000Z%,8003044,8005219,8002029,8001875,8002416,8003154,8002783,8002782,8004469,;426
2021-12-25T10:08:00.000Z;Weißenohe;RB;RB 21;21;58723;8006300;8006300%2021-12-25T10:08:00.000Z%,8002340,;426
2021-12-25T10:40:00.000Z;Weißenohe;RB;RB 21;21;58726;8006300;8006300%2021-12-25T10:40:00.000Z%,8003044,8005219,8002029,8001875,8002416,8003154,8002783,8002782,8004469,;426
2021-12-25T11:08:00.000Z;Weißenohe;RB;RB 21;21;58727;8006300;8006300%2021-12-25T11:08:00.000Z%,8002340,;426
2021-12-25T11:40:00.000Z;Weißenohe;RB;RB 21;21;58730;8006300;8006300%2021-12-25T11:40:00.000Z%,8003044,8005219,8002029,8001875,8002416,8003154,8002783,8002782,8004469,;426
2021-12-25T12:08:00.000Z;Weißenohe;RB;RB 21;21;58731;8006300;8006300%2021-12-25T12:08:00.000Z%,8002340,;426
2021-12-25T12:40:00.000Z;Weißenohe;RB;RB 21;21;58734;8006300;8006300%2021-12-25T12:40:00.000Z%,8003044,8005219,8002029,8001875,8002416,8003154,8002783,8002782,8004469,;426
2021-12-25T13:08:00.000Z;Weißenohe;RB;RB 21;21;58735;8006300;8006300%2021-12-25T13:08:00.000Z%,8002340,;426
2021-12-25T13:40:00.000Z;Weißenohe;RB;RB 21;21;58740;8006300;8006300%2021-12-25T13:40:00.000Z%,8003044,8005219,8002029,8001875,8002416,8003154,8002783,8002782,8004469,;426
2021-12-25T14:08:00.000Z;Weißenohe;RB;RB 21;21;58741;8006300;8006300%2021-12-25T14:08:00.000Z%,8002340,;426
2021-12-25T14:40:00.000Z;Weißenohe;RB;RB 21;21;58746;8006300;8006300%2021-12-25T14:40:00.000Z%,8003044,8005219,8002029,8001875,8002416,8003154,8002783,8002782,8004469,;426
2021-12-25T15:08:00.000Z;Weißenohe;RB;RB 21;21;58747;8006300;8006300%2021-12-25T15:08:00.000Z%,8002340,;426
2021-12-25T15:40:00.000Z;Weißenohe;RB;RB 21;21;58752;8006300;8006300%2021-12-25T15:40:00.000Z%,8003044,8005219,8002029,8001875,8002416,8003154,8002783,8002782,8004469,;426
2021-12-25T16:08:00.000Z;Weißenohe;RB;RB 21;21;58753;8006300;8006300%2021-12-25T16:08:00.000Z%,8002340,;426
2021-12-25T16:40:00.000Z;Weißenohe;RB;RB 21;21;58758;8006300;8006300%2021-12-25T16:40:00.000Z%,8003044,8005219,8002029,8001875,8002416,8003154,8002783,8002782,8004469,;426
2021-12-25T17:08:00.000Z;Weißenohe;RB;RB 21;21;58759;8006300;8006300%2021-12-25T17:08:00.000Z%,8002340,;426
2021-12-25T17:40:00.000Z;Weißenohe;RB;RB 21;21;58764;8006300;8006300%2021-12-25T17:40:00.000Z%,8003044,8005219,8002029,8001875,8002416,8003154,8002783,8002782,8004469,;426
2021-12-25T18:08:00.000Z;Weißenohe;RB;RB 21;21;58765;8006300;8006300%2021-12-25T18:08:00.000Z%,8002340,;426
2021-12-25T18:40:00.000Z;Weißenohe;RB;RB 21;21;58768;8006300;8006300%2021-12-25T18:40:00.000Z%,8003044,8005219,8002029,8001875,8002416,8003154,8002783,8002782,8004469,;426
2021-12-25T19:08:00.000Z;Weißenohe;RB;RB 21;21;58769;8006300;8006300%2021-12-25T19:08:00.000Z%,8002340,;426
2021-12-25T19:46:00.000Z;Weißenohe;RB;RB 21;21;58770;8006300;8006300%2021-12-25T19:46:00.000Z%,8003044,8005219,8002029,8001875,8002416,8003154,8002783,8002782,8004469,;426
2021-12-25T20:16:00.000Z;Weißenohe;RB;RB 21;21;58771;8006300;8006300%2021-12-25T20:16:00.000Z%,8002340,;426
2021-12-25T07:14:00.000Z;Welgesheim-Zotzenheim;RB;RB 35;35;13833;8006312;8006312%2021-12-25T07:14:00.000Z%,8005637,8002191,8006183,8000602,8000468,8000007,8000558,8001813,8002473,8004345,8000663,8004788,8000257,;426
2021-12-25T07:24:00.000Z;Welgesheim-Zotzenheim;RB;RB 35;35;13830;8006312;8006312%2021-12-25T07:24:00.000Z%,8000121,8000976,8000039,;426
2021-12-25T07:44:00.000Z;Welgesheim-Zotzenheim;RB;RB 35;35;13832;8006312;8006312%2021-12-25T07:44:00.000Z%,8000121,8000976,;426
2021-12-25T08:14:00.000Z;Welgesheim-Zotzenheim;RB;RB 35;35;13837;8006312;8006312%2021-12-25T08:14:00.000Z%,8005637,8002191,8006183,8000602,8000468,8000007,8000558,8001813,8002473,8004345,8000663,8004788,8000257,;426
2021-12-25T08:44:00.000Z;Welgesheim-Zotzenheim;RB;RB 35;35;13834;8006312;8006312%2021-12-25T08:44:00.000Z%,8000121,8000976,;426
2021-12-25T09:14:00.000Z;Welgesheim-Zotzenheim;RB;RB 35;35;13839;8006312;8006312%2021-12-25T09:14:00.000Z%,8005637,8002191,8006183,8000602,8000468,8000007,8000558,8001813,8002473,8004345,8000663,8004788,8000257,;426
2021-12-25T09:44:00.000Z;Welgesheim-Zotzenheim;RB;RB 35;35;13836;8006312;8006312%2021-12-25T09:44:00.000Z%,8000121,8000976,;426
2021-12-25T10:14:00.000Z;Welgesheim-Zotzenheim;RB;RB 35;35;13841;8006312;8006312%2021-12-25T10:14:00.000Z%,8005637,8002191,8006183,8000602,8000468,8000007,8000558,8001813,8002473,8004345,8000663,8004788,8000257,;426
2021-12-25T10:44:00.000Z;Welgesheim-Zotzenheim;RB;RB 35;35;13838;8006312;8006312%2021-12-25T10:44:00.000Z%,8000121,8000976,;426
2021-12-25T11:14:00.000Z;Welgesheim-Zotzenheim;RB;RB 35;35;13843;8006312;8006312%2021-12-25T11:14:00.000Z%,8005637,8002191,8006183,8000602,8000468,8000007,8000558,8001813,8002473,8004345,8000663,8004788,8000257,;426
2021-12-25T11:44:00.000Z;Welgesheim-Zotzenheim;RB;RB 35;35;13840;8006312;8006312%2021-12-25T11:44:00.000Z%,8000121,8000976,;426
2021-12-25T12:14:00.000Z;Welgesheim-Zotzenheim;RB;RB 35;35;13847;8006312;8006312%2021-12-25T12:14:00.000Z%,8005637,8002191,8006183,8000602,8000468,8000007,8000558,8001813,8002473,8004345,8000663,8004788,8000257,;426
2021-12-25T12:44:00.000Z;Welgesheim-Zotzenheim;RB;RB 35;35;13842;8006312;8006312%2021-12-25T12:44:00.000Z%,8000121,8000976,;426
2021-12-25T13:14:00.000Z;Welgesheim-Zotzenheim;RB;RB 35;35;13851;8006312;8006312%2021-12-25T13:14:00.000Z%,8005637,8002191,8006183,8000602,8000468,8000007,8000558,8001813,8002473,8004345,8000663,8004788,8000257,;426
2021-12-25T13:44:00.000Z;Welgesheim-Zotzenheim;RB;RB 35;35;13848;8006312;8006312%2021-12-25T13:44:00.000Z%,8000121,8000976,;426
2021-12-25T14:14:00.000Z;Welgesheim-Zotzenheim;RB;RB 35;35;13855;8006312;8006312%2021-12-25T14:14:00.000Z%,8005637,8002191,8006183,8000602,8000468,8000007,8000558,8001813,8002473,8004345,8000663,8004788,8000257,;426
2021-12-25T14:44:00.000Z;Welgesheim-Zotzenheim;RB;RB 35;35;13852;8006312;8006312%2021-12-25T14:44:00.000Z%,8000121,8000976,;426
2021-12-25T15:14:00.000Z;Welgesheim-Zotzenheim;RB;RB 35;35;13859;8006312;8006312%2021-12-25T15:14:00.000Z%,8005637,8002191,8006183,8000602,8000468,8000007,8000558,8001813,8002473,8004345,8000663,8004788,8000257,;426
2021-12-25T15:44:00.000Z;Welgesheim-Zotzenheim;RB;RB 35;35;13856;8006312;8006312%2021-12-25T15:44:00.000Z%,8000121,8000976,;426
2021-12-25T16:14:00.000Z;Welgesheim-Zotzenheim;RB;RB 35;35;13863;8006312;8006312%2021-12-25T16:14:00.000Z%,8005637,8002191,8006183,8000602,8000468,8000007,8000558,8001813,8002473,8004345,8000663,8004788,8000257,;426
2021-12-25T16:44:00.000Z;Welgesheim-Zotzenheim;RB;RB 35;35;13862;8006312;8006312%2021-12-25T16:44:00.000Z%,8000121,8000976,;426
2021-12-25T17:14:00.000Z;Welgesheim-Zotzenheim;RB;RB 35;35;13867;8006312;8006312%2021-12-25T17:14:00.000Z%,8005637,8002191,8006183,8000602,8000468,8000007,8000558,8001813,8002473,8004345,8000663,8004788,8000257,;426
2021-12-25T17:44:00.000Z;Welgesheim-Zotzenheim;RB;RB 35;35;13866;8006312;8006312%2021-12-25T17:44:00.000Z%,8000121,8000976,;426
2021-12-25T18:14:00.000Z;Welgesheim-Zotzenheim;RB;RB 35;35;13869;8006312;8006312%2021-12-25T18:14:00.000Z%,8005637,8002191,8006183,8000602,8000468,8000007,8000558,8001813,8002473,8004345,8000663,8004788,8000257,;426
2021-12-25T18:44:00.000Z;Welgesheim-Zotzenheim;RB;RB 35;35;13872;8006312;8006312%2021-12-25T18:44:00.000Z%,8000121,8000976,;426
2021-12-25T19:14:00.000Z;Welgesheim-Zotzenheim;RB;RB 35;35;13871;8006312;8006312%2021-12-25T19:14:00.000Z%,8005637,8002191,8006183,8000602,8000468,8000007,8000558,8001813,8002473,8004345,8000663,8004788,8000257,;426
2021-12-25T19:44:00.000Z;Welgesheim-Zotzenheim;RB;RB 35;35;13876;8006312;8006312%2021-12-25T19:44:00.000Z%,8000121,8000976,;426
2021-12-24T20:57:00.000Z;Werdorf;RB;RB 40;40;15130;8006340;8006340%2021-12-24T20:58:00.000Z%1,8001694,8003213,8001668,8005577,8000161,8001271,8004405,8000074,;426
2021-12-24T21:01:00.000Z;Werdorf;RB;RB 40;40;15133;8006340;8006340%2021-12-24T21:01:00.000Z%0,8000633,8000383,8001618,8000124,;426
2021-12-24T21:57:00.000Z;Werdorf;RB;RB 40;40;15132;8006340;8006340%2021-12-24T21:57:00.000Z%,8001694,8003213,8001668,8005577,8000161,8001271,8004405,8000074,;426
2021-12-24T22:50:00.000Z;Werdorf;RB;RB 40;40;15134;8006340;8006340%2021-12-24T22:50:00.000Z%,8001694,8003213,8001668,8005577,8000161,8001271,8004405,8000074,;426
2021-12-24T23:01:00.000Z;Werdorf;RB;RB 40;40;15137;8006340;8006340%2021-12-24T23:01:00.000Z%,8000633,8000383,8001618,8000124,8002410,8003520,8003262,8001312,8004712,8000728,8000111,8000760,8002042,8000105,;426
2021-12-25T00:01:00.000Z;Werdorf;RB;RB 40;40;15139;8006340;8006340%2021-12-25T00:01:00.000Z%,8000633,8000383,8001618,8000124,;426
2021-12-25T01:39:00.000Z;Werdorf;RB;RB 40;40;15136;8006340;8006340%2021-12-25T01:39:00.000Z%,8001694,8003213,8001668,8005577,8000161,8001271,8004405,8000074,;426
2021-12-25T04:55:00.000Z;Werdorf;RB;RB 40;40;15101;8006340;8006340%2021-12-25T04:55:00.000Z%,8000633,8000383,8001618,8000124,8002410,8003520,8003262,8001312,8004712,8000728,8000111,8000760,8002042,8000105,;426
2021-12-25T06:55:00.000Z;Werdorf;RB;RB 40;40;15105;8006340;8006340%2021-12-25T06:55:00.000Z%,8000633,8000383,8001618,8000124,8002410,8003520,8003262,8001312,8004712,8000728,8000111,8000760,8002042,8000105,;426
2021-12-25T08:55:00.000Z;Werdorf;RB;RB 40;40;15109;8006340;8006340%2021-12-25T08:55:00.000Z%,8000633,8000383,8001618,8000124,8002410,8003520,8003262,8001312,8004712,8000728,8000111,8000760,8002042,8000105,;426
2021-12-25T08:57:00.000Z;Werdorf;RB;RB 40;40;15106;8006340;8006340%2021-12-25T08:57:00.000Z%,8001694,8003213,8001668,8005577,8000161,8001271,8004405,8000074,;426
2021-12-25T10:55:00.000Z;Werdorf;RB;RB 40;40;15113;8006340;8006340%2021-12-25T10:55:00.000Z%,8000633,8000383,8001618,8000124,8002410,8003520,8003262,8001312,8004712,8000728,8000111,8000760,8002042,8000105,;426
2021-12-25T10:57:00.000Z;Werdorf;RB;RB 40;40;15110;8006340;8006340%2021-12-25T10:57:00.000Z%,8001694,8003213,8001668,8005577,8000161,8001271,8004405,8000074,;426
2021-12-25T11:55:00.000Z;Werdorf;RB;RB 40;40;15115;8006340;8006340%2021-12-25T11:55:00.000Z%,8000633,8000383,8001618,8000124,8001312,8000728,8000111,8002042,8000105,;426
2021-12-25T11:57:00.000Z;Werdorf;RB;RB 40;40;15112;8006340;8006340%2021-12-25T11:57:00.000Z%,8001694,8003213,8001668,8005577,8000161,8001271,8004405,8000074,;426
2021-12-25T12:55:00.000Z;Werdorf;RB;RB 40;40;15117;8006340;8006340%2021-12-25T12:55:00.000Z%,8000633,8000383,8001618,8000124,8002410,8003520,8003262,8001312,8004712,8000728,8000111,8000760,8002042,8000105,;426
2021-12-25T12:57:00.000Z;Werdorf;RB;RB 40;40;15114;8006340;8006340%2021-12-25T12:57:00.000Z%,8001694,8003213,8001668,8005577,8000161,8001271,8004405,8000074,;426
2021-12-25T13:55:00.000Z;Werdorf;RB;RB 40;40;15119;8006340;8006340%2021-12-25T13:55:00.000Z%,8000633,8000383,8001618,8000124,8001312,8000728,8000111,8002042,8000105,;426
2021-12-25T13:57:00.000Z;Werdorf;RB;RB 40;40;15116;8006340;8006340%2021-12-25T13:57:00.000Z%,8001694,8003213,8001668,8005577,8000161,8001271,8004405,8000074,;426
2021-12-25T14:55:00.000Z;Werdorf;RB;RB 40;40;15121;8006340;8006340%2021-12-25T14:55:00.000Z%,8000633,8000383,8001618,8000124,8002410,8003520,8003262,8001312,8004712,8000728,8000111,8000760,8002042,8000105,;426
2021-12-25T14:57:00.000Z;Werdorf;RB;RB 40;40;15118;8006340;8006340%2021-12-25T14:57:00.000Z%,8001694,8003213,8001668,8005577,8000161,8001271,8004405,8000074,;426
2021-12-25T15:55:00.000Z;Werdorf;RB;RB 40;40;15123;8006340;8006340%2021-12-25T15:55:00.000Z%,8000633,8000383,8001618,8000124,8001312,8000728,8000111,8002042,8000105,;426
2021-12-25T15:57:00.000Z;Werdorf;RB;RB 40;40;15120;8006340;8006340%2021-12-25T15:57:00.000Z%,8001694,8003213,8001668,8005577,8000161,8001271,8004405,8000074,;426
2021-12-25T16:55:00.000Z;Werdorf;RB;RB 40;40;15125;8006340;8006340%2021-12-25T16:55:00.000Z%,8000633,8000383,8001618,8000124,8002410,8003520,8003262,8001312,8004712,8000728,8000111,8000760,8002042,8000105,;426
2021-12-25T16:57:00.000Z;Werdorf;RB;RB 40;40;15122;8006340;8006340%2021-12-25T16:57:00.000Z%,8001694,8003213,8001668,8005577,8000161,8001271,8004405,8000074,;426
2021-12-25T17:55:00.000Z;Werdorf;RB;RB 40;40;15127;8006340;8006340%2021-12-25T17:55:00.000Z%,8000633,8000383,8001618,8000124,8001312,8000728,8000111,8002042,8000105,;426
2021-12-25T17:57:00.000Z;Werdorf;RB;RB 40;40;15124;8006340;8006340%2021-12-25T17:57:00.000Z%,8001694,8003213,8001668,8005577,8000161,8001271,8004405,8000074,;426
2021-12-25T18:55:00.000Z;Werdorf;RB;RB 40;40;15129;8006340;8006340%2021-12-25T18:55:00.000Z%,8000633,8000383,8001618,8000124,8002410,8003520,8003262,8001312,8004712,8000728,8000111,8000760,8002042,8000105,;426
2021-12-25T18:57:00.000Z;Werdorf;RB;RB 40;40;15126;8006340;8006340%2021-12-25T18:57:00.000Z%,8001694,8003213,8001668,8005577,8000161,8001271,8004405,8000074,;426
2021-12-25T19:55:00.000Z;Werdorf;RB;RB 40;40;15131;8006340;8006340%2021-12-25T19:55:00.000Z%,8000633,8000383,8001618,8000124,8001312,8000728,8000111,8002042,8000105,;426
2021-12-25T19:57:00.000Z;Werdorf;RB;RB 40;40;15128;8006340;8006340%2021-12-25T19:57:00.000Z%,8001694,8003213,8001668,8005577,8000161,8001271,8004405,8000074,;426
2021-12-24T23:24:00.000Z;Westerstetten;RE;RE 5;5;4239;8006373;8006373%2021-12-24T23:24:00.000Z%,8000858,8000170,;602
2021-12-25T04:32:00.000Z;Westerstetten;RE;RE 5;5;4200;8006373;8006373%2021-12-25T04:32:00.000Z%,8003748,8006039,8000577,8002218,8005790,8000127,8001632,8000302,8001920,8000096,;602
2021-12-24T21:48:00.000Z;Westhausen;RB;RB 89;89;57239;8006376;8006376%2021-12-24T21:48:00.000Z%,8003569,8000655,8001090,8005908,8004796,8000280,;426
2021-12-25T04:09:00.000Z;Westhausen;RB;RB 89;89;57198;8006376;8006376%2021-12-25T04:09:00.000Z%,8000380,8002930,8006217,8000002,;426
2021-12-25T04:45:00.000Z;Westhausen;RB;RB 89;89;57241;8006376;8006376%2021-12-25T04:45:00.000Z%,8003569,8000655,8001090,8005908,8004796,8000280,8004071,8002994,8002593,8001628,8006533,8000078,;426
2021-12-25T06:08:00.000Z;Westhausen;RB;RB 89;89;57260;8006376;8006376%2021-12-25T06:08:00.000Z%,8000380,8002930,8006217,8000002,;426
2021-12-25T06:44:00.000Z;Westhausen;RB;RB 89;89;57211;8006376;8006376%2021-12-25T06:44:00.000Z%,8003569,8000655,8001090,8005908,8004796,8000280,8004071,8002994,8002593,8001628,8006533,8000078,;426
2021-12-25T07:13:00.000Z;Westhausen;RB;RB 89;89;57240;8006376;8006376%2021-12-25T07:13:00.000Z%,8000380,8006217,8000002,;426
2021-12-25T08:44:00.000Z;Westhausen;RB;RB 89;89;57247;8006376;8006376%2021-12-25T08:44:00.000Z%,8003569,8000655,8001090,8005908,8004796,8000280,8004071,8002994,8002593,8001628,8006533,8000078,;426
2021-12-25T09:13:00.000Z;Westhausen;RB;RB 89;89;57208;8006376;8006376%2021-12-25T09:13:00.000Z%,8000380,8006217,8000002,;426
2021-12-25T10:46:00.000Z;Westhausen;RB;RB 89;89;57243;8006376;8006376%2021-12-25T10:46:00.000Z%,8003569,8000655,8001090,8005908,8004796,8000280,8004071,8002994,8002593,8001628,8006533,8000078,;426
2021-12-25T11:15:00.000Z;Westhausen;RB;RB 89;89;57248;8006376;8006376%2021-12-25T11:15:00.000Z%,8000380,8006217,8000002,;426
2021-12-25T12:44:00.000Z;Westhausen;RB;RB 89;89;57249;8006376;8006376%2021-12-25T12:44:00.000Z%,8003569,8000655,8001090,8005908,8004796,8000280,8004071,8002994,8002593,8001628,8006533,8000078,;426
2021-12-25T13:13:00.000Z;Westhausen;RB;RB 89;89;57216;8006376;8006376%2021-12-25T13:13:00.000Z%,8000380,8006217,8000002,;426
2021-12-25T14:44:00.000Z;Westhausen;RB;RB 89;89;57227;8006376;8006376%2021-12-25T14:44:00.000Z%,8003569,8000655,8001090,8005908,8004796,8000280,8004071,8002994,8002593,8001628,8006533,8000078,;426
2021-12-25T15:13:00.000Z;Westhausen;RB;RB 89;89;57220;8006376;8006376%2021-12-25T15:13:00.000Z%,8000380,8006217,8000002,;426
2021-12-25T16:44:00.000Z;Westhausen;RB;RB 89;89;57231;8006376;8006376%2021-12-25T16:44:00.000Z%,8003569,8000655,8001090,8005908,8004796,8000280,8004071,8002994,8002593,8001628,8006533,8000078,;426
2021-12-25T17:13:00.000Z;Westhausen;RB;RB 89;89;57224;8006376;8006376%2021-12-25T17:13:00.000Z%,8000380,8006217,8000002,;426
2021-12-25T18:44:00.000Z;Westhausen;RB;RB 89;89;57251;8006376;8006376%2021-12-25T18:44:00.000Z%,8003569,8000655,8001090,8005908,8004796,8000280,8004071,8002994,8002593,8001628,8006533,8000078,;426
2021-12-25T19:13:00.000Z;Westhausen;RB;RB 89;89;57232;8006376;8006376%2021-12-25T19:13:00.000Z%,8000380,8006217,8000002,;426
2021-12-25T19:46:00.000Z;Westhausen;RB;RB 89;89;57237;8006376;8006376%2021-12-25T19:46:00.000Z%,8003569,8000655,8001090,8005908,8004796,8000280,8004071,8002994,8002593,8001628,8006533,8000078,8000778,8003989,8004451,8006363,8003952,8002761,8003560,8002162,8002256,8000662,8000013,;426
2021-12-24T20:22:00.000Z;Westheim(Schwab);RE;RE 9;9;57167;8006378;8006378%2021-12-24T20:25:00.000Z%3,8004318,8000662,8000013,8000658,8000661,8003299,8004008,8003982,8000545,8002623,8004204,8004158,8000261,;602
2021-12-24T20:34:00.000Z;Westheim(Schwab);RE;RE 9;9;57066;8006378;8006378%2021-12-24T20:35:00.000Z%1,8001439,8002263,8003483,8001468,8002074,8003123,8001276,8004030,8004654,8000139,8003627,8004239,8006730,8000170,;602
2021-12-24T21:01:00.000Z;Westheim(Schwab);RE;RE 9;9;57068;8006378;8006378%2021-12-24T21:02:00.000Z%1,8001439,8002263,8003483,8001468,8002074,8003123,8001276,8004030,8004654,8000139,8003627,8004239,8006730,8000170,;602
2021-12-24T21:22:00.000Z;Westheim(Schwab);RE;RE 9;9;57069;8006378;8006378%2021-12-24T21:23:00.000Z%1,8004318,8000662,8000013,8000658,8000661,8003299,8004008,8003982,8004158,8000261,;602
2021-12-24T22:01:00.000Z;Westheim(Schwab);RE;RE 9;9;57070;8006378;8006378%2021-12-24T22:01:00.000Z%,8001439,8002263,8003483,8001468,8002074,8003123,8001276,8004030,8004654,8000139,8003627,8004239,8006730,8000170,;602
2021-12-24T22:22:00.000Z;Westheim(Schwab);RE;RE 9;9;57071;8006378;8006378%2021-12-24T22:22:00.000Z%,8004318,8000662,8000013,8000658,8000661,8003299,8004008,8003982,8000545,8002623,8004204,8004158,8000261,;602
2021-12-24T23:01:00.000Z;Westheim(Schwab);RE;RE 9;9;57072;8006378;8006378%2021-12-24T23:01:00.000Z%,8001439,8002263,8003483,8001468,8002074,8003123,8001276,8004030,8004654,8000139,8003627,8004239,8006730,8000170,;602
2021-12-25T00:08:00.000Z;Westheim(Schwab);RE;RE 9;9;57000;8006378;8006378%2021-12-25T00:08:00.000Z%,8001439,8002263,8003483,8001468,8002074,8003123,8001276,8004030,8004654,8000139,8003627,8004239,8006730,8000170,;602
2021-12-25T04:19:00.000Z;Westheim(Schwab);RB;RB 86;86;57105;8006378;8006378%2021-12-25T04:19:00.000Z%,8004318,8000662,8000013,8000658,8000661,8003299,8004008,8003982,8004158,8000261,;426
2021-12-25T04:31:00.000Z;Westheim(Schwab);RE;RE 9;9;57002;8006378;8006378%2021-12-25T04:31:00.000Z%,8001439,8002263,8003483,8001468,8002074,8003123,8001276,8004030,8004654,8000139,8003627,8004239,8006730,8000170,;602
2021-12-25T05:20:00.000Z;Westheim(Schwab);RE;RE 9;9;57009;8006378;8006378%2021-12-25T05:20:00.000Z%,8004318,8000662,8000013,8000658,8000661,8003299,8004008,8003982,8004158,8000261,;602
2021-12-25T05:32:00.000Z;Westheim(Schwab);RE;RE 9;9;57076;8006378;8006378%2021-12-25T05:32:00.000Z%,8001439,8002263,8003483,8001468,8002074,8003123,8001276,8004030,8004654,8000139,8003627,8004239,8006730,8000170,;602
2021-12-25T06:22:00.000Z;Westheim(Schwab);RE;RE 9;9;57113;8006378;8006378%2021-12-25T06:22:00.000Z%,8004318,8000662,8000013,8000658,8000661,8003299,8004008,8003982,8004158,8000261,;602
2021-12-25T06:33:00.000Z;Westheim(Schwab);RE;RE 9;9;57010;8006378;8006378%2021-12-25T06:33:00.000Z%,8001439,8002263,8003483,8001468,8002074,8003123,8001276,8004030,8004654,8000139,8003627,8004239,8006730,8000170,;602
2021-12-25T07:22:00.000Z;Westheim(Schwab);RE;RE 9;9;57017;8006378;8006378%2021-12-25T07:22:00.000Z%,8004318,8000662,8000013,8000658,8000661,8003299,8004008,8003982,8004158,8000261,;602
2021-12-25T07:35:00.000Z;Westheim(Schwab);RE;RE 9;9;57014;8006378;8006378%2021-12-25T07:35:00.000Z%,8001439,8002263,8003483,8001468,8002074,8003123,8001276,8004030,8004654,8000139,8003627,8004239,8006730,8000170,;602
2021-12-25T08:22:00.000Z;Westheim(Schwab);RE;RE 9;9;57121;8006378;8006378%2021-12-25T08:22:00.000Z%,8004318,8000662,8000013,8000658,8000661,8003299,8004008,8003982,8004158,8000261,;602
2021-12-25T08:34:00.000Z;Westheim(Schwab);RE;RE 9;9;57018;8006378;8006378%2021-12-25T08:34:00.000Z%,8001439,8002263,8003483,8001468,8002074,8003123,8001276,8004030,8004654,8000139,8003627,8004239,8006730,8000170,;602
2021-12-25T09:22:00.000Z;Westheim(Schwab);RE;RE 9;9;57025;8006378;8006378%2021-12-25T09:22:00.000Z%,8004318,8000662,8000013,8000658,8000661,8003299,8004008,8003982,8004158,8000261,;602
2021-12-25T09:34:00.000Z;Westheim(Schwab);RE;RE 9;9;57022;8006378;8006378%2021-12-25T09:34:00.000Z%,8001439,8002263,8003483,8001468,8002074,8003123,8001276,8004030,8004654,8000139,8003627,8004239,8006730,8000170,;602
2021-12-25T10:22:00.000Z;Westheim(Schwab);RE;RE 9;9;57129;8006378;8006378%2021-12-25T10:22:00.000Z%,8004318,8000662,8000013,8000658,8000661,8003299,8004008,8003982,8004158,8000261,;602
2021-12-25T10:34:00.000Z;Westheim(Schwab);RE;RE 9;9;57026;8006378;8006378%2021-12-25T10:34:00.000Z%,8001439,8002263,8003483,8001468,8002074,8003123,8001276,8004030,8004654,8000139,8003627,8004239,8006730,8000170,;602
2021-12-25T11:22:00.000Z;Westheim(Schwab);RE;RE 9;9;57033;8006378;8006378%2021-12-25T11:22:00.000Z%,8004318,8000662,8000013,8000658,8000661,8003299,8004008,8003982,8004158,8000261,;602
2021-12-25T11:34:00.000Z;Westheim(Schwab);RE;RE 9;9;57030;8006378;8006378%2021-12-25T11:34:00.000Z%,8001439,8002263,8003483,8001468,8002074,8003123,8001276,8004030,8004654,8000139,8003627,8004239,8006730,8000170,;602
2021-12-25T12:22:00.000Z;Westheim(Schwab);RE;RE 9;9;57137;8006378;8006378%2021-12-25T12:22:00.000Z%,8004318,8000662,8000013,8000658,8000661,8003299,8004008,8003982,8004158,8000261,;602
2021-12-25T12:34:00.000Z;Westheim(Schwab);RE;RE 9;9;57034;8006378;8006378%2021-12-25T12:34:00.000Z%,8001439,8002263,8003483,8001468,8002074,8003123,8001276,8004030,8004654,8000139,8003627,8004239,8006730,8000170,;602
2021-12-25T13:22:00.000Z;Westheim(Schwab);RE;RE 9;9;57041;8006378;8006378%2021-12-25T13:22:00.000Z%,8004318,8000662,8000013,8000658,8000661,8003299,8004008,8003982,8004158,8000261,;602
2021-12-25T13:34:00.000Z;Westheim(Schwab);RE;RE 9;9;57104;8006378;8006378%2021-12-25T13:34:00.000Z%,8001439,8002263,8003483,8001468,8002074,8003123,8001276,8004030,8004654,8000139,8003627,8004239,8006730,8000170,;602
2021-12-25T14:22:00.000Z;Westheim(Schwab);RE;RE 9;9;57145;8006378;8006378%2021-12-25T14:22:00.000Z%,8004318,8000662,8000013,8000658,8000661,8003299,8004008,8003982,8004158,8000261,;602
2021-12-25T14:34:00.000Z;Westheim(Schwab);RE;RE 9;9;57042;8006378;8006378%2021-12-25T14:34:00.000Z%,8001439,8002263,8003483,8001468,8002074,8003123,8001276,8004030,8004654,8000139,8003627,8004239,8006730,8000170,;602
2021-12-25T15:22:00.000Z;Westheim(Schwab);RE;RE 9;9;57049;8006378;8006378%2021-12-25T15:22:00.000Z%,8004318,8000662,8000013,8000658,8000661,8003299,8004008,8003982,8004158,8000261,;602
2021-12-25T15:34:00.000Z;Westheim(Schwab);RE;RE 9;9;57046;8006378;8006378%2021-12-25T15:34:00.000Z%,8001439,8002263,8003483,8001468,8002074,8003123,8001276,8004030,8004654,8000139,8003627,8004239,8006730,8000170,;602
2021-12-25T16:22:00.000Z;Westheim(Schwab);RE;RE 9;9;57153;8006378;8006378%2021-12-25T16:22:00.000Z%,8004318,8000662,8000013,8000658,8000661,8003299,8004008,8003982,8004158,8000261,;602
2021-12-25T16:34:00.000Z;Westheim(Schwab);RE;RE 9;9;57050;8006378;8006378%2021-12-25T16:34:00.000Z%,8001439,8002263,8003483,8001468,8002074,8003123,8001276,8004030,8004654,8000139,8003627,8004239,8006730,8000170,;602
2021-12-25T17:22:00.000Z;Westheim(Schwab);RE;RE 9;9;57057;8006378;8006378%2021-12-25T17:22:00.000Z%,8004318,8000662,8000013,8000658,8000661,8003299,8004008,8003982,8004158,8000261,;602
2021-12-25T17:34:00.000Z;Westheim(Schwab);RE;RE 9;9;57054;8006378;8006378%2021-12-25T17:34:00.000Z%,8001439,8002263,8003483,8001468,8002074,8003123,8001276,8004030,8004654,8000139,8003627,8004239,8006730,8000170,;602
2021-12-25T18:23:00.000Z;Westheim(Schwab);RE;RE 9;9;57161;8006378;8006378%2021-12-25T18:23:00.000Z%,8004318,8000662,8000013,8000658,8000661,8003299,8004008,8003982,8004158,8000261,;602
2021-12-25T18:36:00.000Z;Westheim(Schwab);RE;RE 9;9;57058;8006378;8006378%2021-12-25T18:36:00.000Z%,8001439,8002263,8003483,8001468,8002074,8003123,8001276,8004030,8004654,8000139,8003627,8004239,8006730,8000170,;602
2021-12-25T19:22:00.000Z;Westheim(Schwab);RE;RE 9;9;57065;8006378;8006378%2021-12-25T19:22:00.000Z%,8004318,8000662,8000013,8000658,8000661,8003299,8004008,8003982,8000545,8002623,8004204,8004158,8000261,;602
2021-12-25T19:34:00.000Z;Westheim(Schwab);RE;RE 9;9;57062;8006378;8006378%2021-12-25T19:34:00.000Z%,8001439,8002263,8003483,8001468,8002074,8003123,8001276,8004030,8004654,8000139,8003627,8004239,8006730,8000170,;602
2021-12-24T20:11:00.000Z;Wickede(Ruhr);RE;RE 57;57;10775;8006389;8006389%2021-12-24T20:26:00.000Z%15,8004228,8000605,8004642,8002073,8003993,8000927,;602
2021-12-24T21:05:00.000Z;Wickede(Ruhr);RE;RE 57;57;10989;8006389;8006389%2021-12-24T21:05:00.000Z%0,8004228,8000605,8004642,8002073,8003993,8000927,8004676,8000054,8001182,;602
2021-12-24T21:48:00.000Z;Wickede(Ruhr);RE;RE 57;57;10748;8006389;8006389%2021-12-24T21:49:00.000Z%1,8000113,8000037,8000142,;602
2021-12-24T22:05:00.000Z;Wickede(Ruhr);RE;RE 57;57;10783;8006389;8006389%2021-12-24T22:05:00.000Z%,8004228,8000605,8004642,8002073,8003993,8000927,;602
2021-12-24T23:05:00.000Z;Wickede(Ruhr);RE;RE 57;57;10785;8006389;8006389%2021-12-24T23:05:00.000Z%,8004228,8000605,8004642,8002073,8003993,8000927,;602
2021-12-25T00:05:00.000Z;Wickede(Ruhr);RE;RE 57;57;10787;8006389;8006389%2021-12-25T00:05:00.000Z%,8004228,8000605,8004642,8002073,8003993,8000927,;602
2021-12-25T01:05:00.000Z;Wickede(Ruhr);RE;RE 57;57;10789;8006389;8006389%2021-12-25T01:05:00.000Z%,8004228,8000605,8004642,8002073,8003993,8000927,;602
2021-12-25T06:13:00.000Z;Wickede(Ruhr);RE;RE 17;17;10704;8006389;8006389%2021-12-25T06:13:00.000Z%,8000113,8000037,;602
2021-12-25T06:43:00.000Z;Wickede(Ruhr);RE;RE 17;17;4763;8006389;8006389%2021-12-25T06:43:00.000Z%,8004228,8000605,8004642,8002073,8003993,8000927,8004676,8000054,8002992,8001137,8003896,8006379,8005336,8000196,8002933,8003200,;602
2021-12-25T07:11:00.000Z;Wickede(Ruhr);RE;RE 57;57;10753;8006389;8006389%2021-12-25T07:11:00.000Z%,8004228,8000605,8004642,8002073,8003993,8000927,8000966,8005555,8005569,8006486,;602
2021-12-25T07:11:00.000Z;Wickede(Ruhr);RE;RE 57;57;10971;8006389;8006389%2021-12-25T07:11:00.000Z%,8004228,8000605,8004642,8002073,8003993,8000927,8004676,8000054,8001182,;602
2021-12-25T07:13:00.000Z;Wickede(Ruhr);RE;RE 17;17;10710;8006389;8006389%2021-12-25T07:13:00.000Z%,8000113,8000037,;602
2021-12-25T07:43:00.000Z;Wickede(Ruhr);RE;RE 17;17;10707;8006389;8006389%2021-12-25T07:43:00.000Z%,8004228,8000605,8004642,8002073,8003993,8000927,8004676,8000054,8001137,8003896,8006379,8005336,8000196,;602
2021-12-25T07:48:00.000Z;Wickede(Ruhr);RE;RE 57;57;10750;8006389;8006389%2021-12-25T07:48:00.000Z%,8000113,8000961,8000080,;602
2021-12-25T08:11:00.000Z;Wickede(Ruhr);RE;RE 57;57;10755;8006389;8006389%2021-12-25T08:11:00.000Z%,8004228,8000605,8004642,8002073,8003993,8000927,8000966,8005555,8005569,8006486,;602
2021-12-25T08:13:00.000Z;Wickede(Ruhr);RE;RE 17;17;10712;8006389;8006389%2021-12-25T08:13:00.000Z%,8000113,8000037,;602
2021-12-25T08:43:00.000Z;Wickede(Ruhr);RE;RE 17;17;10709;8006389;8006389%2021-12-25T08:43:00.000Z%,8004228,8000605,8004642,8002073,8003993,8000927,8004676,8000054,8002992,8001137,8003896,8006379,8005336,8000196,;602
2021-12-25T08:48:00.000Z;Wickede(Ruhr);RE;RE 57;57;10752;8006389;8006389%2021-12-25T08:48:00.000Z%,8000113,8000961,8000080,;602
2021-12-25T09:11:00.000Z;Wickede(Ruhr);RE;RE 57;57;10757;8006389;8006389%2021-12-25T09:11:00.000Z%,8004228,8000605,8004642,8002073,8003993,8000927,8000966,8005555,8005569,8006486,;602
2021-12-25T09:11:00.000Z;Wickede(Ruhr);RE;RE 57;57;10973;8006389;8006389%2021-12-25T09:11:00.000Z%,8004228,8000605,8004642,8002073,8003993,8000927,8004676,8000054,8001182,;602
2021-12-25T09:13:00.000Z;Wickede(Ruhr);RE;RE 17;17;4760;8006389;8006389%2021-12-25T09:13:00.000Z%,8000113,8000037,;602
2021-12-25T09:43:00.000Z;Wickede(Ruhr);RE;RE 17;17;10711;8006389;8006389%2021-12-25T09:43:00.000Z%,8004228,8000605,8004642,8002073,8003993,8000927,8004676,8000054,8001137,8003896,8006379,8005336,8000196,;602
2021-12-25T09:48:00.000Z;Wickede(Ruhr);RE;RE 57;57;10754;8006389;8006389%2021-12-25T09:48:00.000Z%,8000113,8000961,8000080,;602
2021-12-25T09:48:00.000Z;Wickede(Ruhr);RE;RE 57;57;10976;8006389;8006389%2021-12-25T09:48:00.000Z%,8000113,8000961,8000080,;602
2021-12-25T10:11:00.000Z;Wickede(Ruhr);RE;RE 57;57;10759;8006389;8006389%2021-12-25T10:11:00.000Z%,8004228,8000605,8004642,8002073,8003993,8000927,8000966,8005555,8005569,8006486,;602
2021-12-25T10:13:00.000Z;Wickede(Ruhr);RE;RE 17;17;10714;8006389;8006389%2021-12-25T10:13:00.000Z%,8000113,8000037,;602
2021-12-25T10:43:00.000Z;Wickede(Ruhr);RE;RE 17;17;4765;8006389;8006389%2021-12-25T10:43:00.000Z%,8004228,8000605,8004642,8002073,8003993,8000927,8004676,8000054,8002992,8001137,8003896,8006379,8005336,8000196,8002933,8003200,;602
2021-12-25T10:48:00.000Z;Wickede(Ruhr);RE;RE 57;57;10756;8006389;8006389%2021-12-25T10:48:00.000Z%,8000113,8000961,8000080,;602
2021-12-25T11:11:00.000Z;Wickede(Ruhr);RE;RE 57;57;10761;8006389;8006389%2021-12-25T11:11:00.000Z%,8004228,8000605,8004642,8002073,8003993,8000927,8000966,8005555,8005569,8006486,;602
2021-12-25T11:11:00.000Z;Wickede(Ruhr);RE;RE 57;57;10975;8006389;8006389%2021-12-25T11:11:00.000Z%,8004228,8000605,8004642,8002073,8003993,8000927,8004676,8000054,8001182,;602
2021-12-25T11:13:00.000Z;Wickede(Ruhr);RE;RE 17;17;4762;8006389;8006389%2021-12-25T11:13:00.000Z%,8000113,8000037,;602
2021-12-25T11:43:00.000Z;Wickede(Ruhr);RE;RE 17;17;10713;8006389;8006389%2021-12-25T11:43:00.000Z%,8004228,8000605,8004642,8002073,8003993,8000927,8004676,8000054,8001137,8003896,8006379,8005336,8000196,;602
2021-12-25T11:48:00.000Z;Wickede(Ruhr);RE;RE 57;57;10758;8006389;8006389%2021-12-25T11:48:00.000Z%,8000113,8000961,8000080,;602
2021-12-25T11:48:00.000Z;Wickede(Ruhr);RE;RE 57;57;10978;8006389;8006389%2021-12-25T11:48:00.000Z%,8000113,8000961,8000080,;602
2021-12-25T12:11:00.000Z;Wickede(Ruhr);RE;RE 57;57;10763;8006389;8006389%2021-12-25T12:11:00.000Z%,8004228,8000605,8004642,8002073,8003993,8000927,8000966,8005555,8005569,8006486,;602
2021-12-25T12:13:00.000Z;Wickede(Ruhr);RE;RE 17;17;10716;8006389;8006389%2021-12-25T12:13:00.000Z%,8000113,8000037,;602
2021-12-25T12:43:00.000Z;Wickede(Ruhr);RE;RE 17;17;4767;8006389;8006389%2021-12-25T12:43:00.000Z%,8004228,8000605,8004642,8002073,8003993,8000927,8004676,8000054,8002992,8001137,8003896,8006379,8005336,8000196,8002933,8003200,;602
2021-12-25T12:48:00.000Z;Wickede(Ruhr);RE;RE 57;57;10760;8006389;8006389%2021-12-25T12:48:00.000Z%,8000113,8000961,8000080,;602
2021-12-25T13:11:00.000Z;Wickede(Ruhr);RE;RE 57;57;10765;8006389;8006389%2021-12-25T13:11:00.000Z%,8004228,8000605,8004642,8002073,8003993,8000927,8000966,8005555,8005569,8006486,;602
2021-12-25T13:11:00.000Z;Wickede(Ruhr);RE;RE 57;57;10977;8006389;8006389%2021-12-25T13:11:00.000Z%,8004228,8000605,8004642,8002073,8003993,8000927,8004676,8000054,8001182,;602
2021-12-25T13:13:00.000Z;Wickede(Ruhr);RE;RE 17;17;4764;8006389;8006389%2021-12-25T13:13:00.000Z%,8000113,8000037,;602
2021-12-25T13:43:00.000Z;Wickede(Ruhr);RE;RE 17;17;10715;8006389;8006389%2021-12-25T13:43:00.000Z%,8004228,8000605,8004642,8002073,8003993,8000927,8004676,8000054,8001137,8003896,8006379,8005336,8000196,;602
2021-12-25T13:48:00.000Z;Wickede(Ruhr);RE;RE 57;57;10762;8006389;8006389%2021-12-25T13:48:00.000Z%,8000113,8000961,8000080,;602
2021-12-25T13:48:00.000Z;Wickede(Ruhr);RE;RE 57;57;10980;8006389;8006389%2021-12-25T13:48:00.000Z%,8000113,8000961,8000080,;602
2021-12-25T14:11:00.000Z;Wickede(Ruhr);RE;RE 57;57;10767;8006389;8006389%2021-12-25T14:11:00.000Z%,8004228,8000605,8004642,8002073,8003993,8000927,8000966,8005555,8005569,8006486,;602
2021-12-25T14:11:00.000Z;Wickede(Ruhr);RE;RE 57;57;10979;8006389;8006389%2021-12-25T14:11:00.000Z%,8004228,8000605,8004642,8002073,8003993,8000927,8004676,8000054,;602
2021-12-25T14:13:00.000Z;Wickede(Ruhr);RE;RE 17;17;10718;8006389;8006389%2021-12-25T14:13:00.000Z%,8000113,8000037,;602
2021-12-25T14:43:00.000Z;Wickede(Ruhr);RE;RE 17;17;4769;8006389;8006389%2021-12-25T14:43:00.000Z%,8004228,8000605,8004642,8002073,8003993,8000927,8004676,8000054,8002992,8001137,8003896,8006379,8005336,8000196,8002933,8003200,;602
2021-12-25T14:48:00.000Z;Wickede(Ruhr);RE;RE 57;57;10764;8006389;8006389%2021-12-25T14:48:00.000Z%,8000113,8000961,8000080,;602
2021-12-25T15:11:00.000Z;Wickede(Ruhr);RE;RE 57;57;10769;8006389;8006389%2021-12-25T15:11:00.000Z%,8004228,8000605,8004642,8002073,8003993,8000927,8000966,8005555,8005569,8006486,;602
2021-12-25T15:11:00.000Z;Wickede(Ruhr);RE;RE 57;57;10981;8006389;8006389%2021-12-25T15:11:00.000Z%,8004228,8000605,8004642,8002073,8003993,8000927,8004676,8000054,8001182,;602
2021-12-25T15:13:00.000Z;Wickede(Ruhr);RE;RE 17;17;10720;8006389;8006389%2021-12-25T15:13:00.000Z%,8000113,8000037,;602
2021-12-25T15:43:00.000Z;Wickede(Ruhr);RE;RE 17;17;10717;8006389;8006389%2021-12-25T15:43:00.000Z%,8004228,8000605,8004642,8002073,8003993,8000927,8004676,8000054,8001137,8003896,8006379,8005336,8000196,;602
2021-12-25T15:48:00.000Z;Wickede(Ruhr);RE;RE 57;57;10766;8006389;8006389%2021-12-25T15:48:00.000Z%,8000113,8000961,8000080,;602
2021-12-25T15:48:00.000Z;Wickede(Ruhr);RE;RE 57;57;10982;8006389;8006389%2021-12-25T15:48:00.000Z%,8000113,8000961,8000080,;602
2021-12-25T16:11:00.000Z;Wickede(Ruhr);RE;RE 57;57;10771;8006389;8006389%2021-12-25T16:11:00.000Z%,8004228,8000605,8004642,8002073,8003993,8000927,8000966,8005555,8005569,8006486,;602
2021-12-25T16:11:00.000Z;Wickede(Ruhr);RE;RE 57;57;10983;8006389;8006389%2021-12-25T16:11:00.000Z%,8004228,8000605,8004642,8002073,8003993,8000927,8004676,8000054,;602
2021-12-25T16:13:00.000Z;Wickede(Ruhr);RE;RE 17;17;10722;8006389;8006389%2021-12-25T16:13:00.000Z%,8000113,8000037,;602
2021-12-25T16:43:00.000Z;Wickede(Ruhr);RE;RE 17;17;4771;8006389;8006389%2021-12-25T16:43:00.000Z%,8004228,8000605,8004642,8002073,8003993,8000927,8004676,8000054,8002992,8001137,8003896,8006379,8005336,8000196,8002933,8003200,;602
2021-12-25T16:48:00.000Z;Wickede(Ruhr);RE;RE 57;57;10768;8006389;8006389%2021-12-25T16:48:00.000Z%,8000113,8000961,8000080,;602
2021-12-25T16:48:00.000Z;Wickede(Ruhr);RE;RE 57;57;10984;8006389;8006389%2021-12-25T16:48:00.000Z%,8000113,8000961,8000080,;602
2021-12-25T17:11:00.000Z;Wickede(Ruhr);RE;RE 57;57;10985;8006389;8006389%2021-12-25T17:11:00.000Z%,8004228,8000605,8004642,8002073,8003993,8000927,8004676,8000054,8001182,;602
2021-12-25T17:13:00.000Z;Wickede(Ruhr);RE;RE 17;17;4766;8006389;8006389%2021-12-25T17:13:00.000Z%,8000113,8000037,;602
2021-12-25T17:43:00.000Z;Wickede(Ruhr);RE;RE 17;17;10719;8006389;8006389%2021-12-25T17:43:00.000Z%,8004228,8000605,8004642,8002073,8003993,8000927,8004676,8000054,8001137,8003896,8006379,8005336,8000196,;602
2021-12-25T17:48:00.000Z;Wickede(Ruhr);RE;RE 57;57;10770;8006389;8006389%2021-12-25T17:48:00.000Z%,8000113,8000961,8000080,;602
2021-12-25T17:48:00.000Z;Wickede(Ruhr);RE;RE 57;57;10986;8006389;8006389%2021-12-25T17:48:00.000Z%,8000113,8000961,8000080,;602
2021-12-25T18:11:00.000Z;Wickede(Ruhr);RE;RE 57;57;10773;8006389;8006389%2021-12-25T18:11:00.000Z%,8004228,8000605,8004642,8002073,8003993,8000927,8000966,8005555,8005569,8006486,;602
2021-12-25T18:13:00.000Z;Wickede(Ruhr);RE;RE 17;17;10724;8006389;8006389%2021-12-25T18:13:00.000Z%,8000113,8000037,;602
2021-12-25T18:43:00.000Z;Wickede(Ruhr);RE;RE 17;17;10721;8006389;8006389%2021-12-25T18:43:00.000Z%,8004228,8000605,8004642,8002073,8003993,8000927,;602
2021-12-25T18:48:00.000Z;Wickede(Ruhr);RE;RE 57;57;10772;8006389;8006389%2021-12-25T18:48:00.000Z%,8000113,8000961,8000080,;602
2021-12-25T18:48:00.000Z;Wickede(Ruhr);RE;RE 57;57;10988;8006389;8006389%2021-12-25T18:48:00.000Z%,8000113,8000961,8000080,;602
2021-12-25T19:11:00.000Z;Wickede(Ruhr);RE;RE 57;57;10987;8006389;8006389%2021-12-25T19:11:00.000Z%,8004228,8000605,8004642,8002073,8003993,8000927,8004676,8000054,8001182,;602
2021-12-25T19:13:00.000Z;Wickede(Ruhr);RE;RE 17;17;4768;8006389;8006389%2021-12-25T19:13:00.000Z%,8000113,8000037,;602
2021-12-25T19:43:00.000Z;Wickede(Ruhr);RE;RE 17;17;10723;8006389;8006389%2021-12-25T19:43:00.000Z%,8004228,8000605,8004642,8002073,8003993,8000927,8004676,8000054,8002992,8001137,8003896,8006379,8005336,8000196,;602
2021-12-25T19:48:00.000Z;Wickede(Ruhr);RE;RE 57;57;10742;8006389;8006389%2021-12-25T19:48:00.000Z%,8000113,8000961,8000080,;602
2021-12-25T20:13:00.000Z;Wickede(Ruhr);RE;RE 17;17;10726;8006389;8006389%2021-12-25T20:13:00.000Z%,8000113,8000037,;602
2021-12-24T20:29:00.000Z;Wickrath;RB;RB 33;33;10340;8006391;8006391%2021-12-24T20:30:00.000Z%1,8000318,8000253,8000174,8000584,8002027,8000211,8000212,8003426,8003427,8002941,8000317,8005065,8001605,8000086,8000687,8000259,8001898,8000098,;426
2021-12-24T20:30:00.000Z;Wickrath;RB;RB 33;33;10343;8006391;8006391%2021-12-24T20:31:00.000Z%1,8002784,8001839,8000677,8001113,8003697,8002206,8005935,8002806,8003395,8000404,8070704,8000001,;426
2021-12-24T21:29:00.000Z;Wickrath;RB;RB 33;33;10342;8006391;8006391%2021-12-24T21:29:00.000Z%0,8000318,8000253,8000174,8000584,8002027,8000211,8000212,8003426,8003427,8002941,8000317,8005065,8001605,8000086,;426
2021-12-24T21:30:00.000Z;Wickrath;RB;RB 33;33;10345;8006391;8006391%2021-12-24T21:31:00.000Z%1,8002784,8001839,8000677,8001113,8003697,8002206,8005935,8002806,8003395,8000404,8070704,8000001,;426
2021-12-24T22:29:00.000Z;Wickrath;RB;RB 33;33;10344;8006391;8006391%2021-12-24T22:29:00.000Z%,8000318,8000253,8000174,8000584,8002027,8000211,8000212,8003426,8003427,8002941,8000317,8005065,8001605,8000086,;426
2021-12-24T22:30:00.000Z;Wickrath;RB;RB 33;33;10347;8006391;8006391%2021-12-24T22:30:00.000Z%,8002784,8001839,8000677,8001113,8003697,8002206,8005935,8002806,8003395,8000404,8070704,8000001,;426
2021-12-24T23:29:00.000Z;Wickrath;RB;RB 33;33;10346;8006391;8006391%2021-12-24T23:29:00.000Z%,8000318,8000253,8000174,8000584,8002027,8000211,8000212,8003426,8003427,8002941,8000317,8005065,8001605,8000086,;426
2021-12-24T23:30:00.000Z;Wickrath;RB;RB 33;33;10349;8006391;8006391%2021-12-24T23:30:00.000Z%,8002784,8001839,8000677,8001113,8003697,8002206,8005935,8002806,8003395,8000404,8070704,8000001,;426
2021-12-25T00:29:00.000Z;Wickrath;RB;RB 33;33;10300;8006391;8006391%2021-12-25T00:29:00.000Z%,8000318,8000253,8000174,8000584,8002027,8000211,8000212,8003426,8003427,8002941,8000317,8005065,8001605,8000086,;426
2021-12-25T05:30:00.000Z;Wickrath;RB;RB 33;33;10313;8006391;8006391%2021-12-25T05:30:00.000Z%,8002784,8001839,8000677,8001113,8003697,8002206,8005935,8002806,8003395,8000404,8070704,8000001,;426
2021-12-25T06:29:00.000Z;Wickrath;RB;RB 33;33;10312;8006391;8006391%2021-12-25T06:29:00.000Z%,8000318,8000253,8000174,8000584,8002027,8000211,8000212,8003426,8003427,8002941,8000317,8005065,8001605,8000086,8000687,8000259,8001898,8000098,;426
2021-12-25T06:30:00.000Z;Wickrath;RB;RB 33;33;10315;8006391;8006391%2021-12-25T06:30:00.000Z%,8002784,8001839,8000677,8001113,8003697,8002206,8005935,8002806,8003395,8000404,8070704,8000001,;426
2021-12-25T07:29:00.000Z;Wickrath;RB;RB 33;33;10314;8006391;8006391%2021-12-25T07:29:00.000Z%,8000318,8000253,8000174,8000584,8002027,8000211,8000212,8003426,8003427,8002941,8000317,8005065,8001605,8000086,8000687,8000259,8001898,8000098,;426
2021-12-25T07:30:00.000Z;Wickrath;RB;RB 33;33;10317;8006391;8006391%2021-12-25T07:30:00.000Z%,8002784,8001839,8000677,8001113,8003697,8002206,8005935,8002806,8003395,8000404,8070704,8000001,;426
2021-12-25T08:29:00.000Z;Wickrath;RB;RB 33;33;10316;8006391;8006391%2021-12-25T08:29:00.000Z%,8000318,8000253,8000174,8000584,8002027,8000211,8000212,8003426,8003427,8002941,8000317,8005065,8001605,8000086,8000687,8000259,8001898,8000098,;426
2021-12-25T08:30:00.000Z;Wickrath;RB;RB 33;33;10319;8006391;8006391%2021-12-25T08:30:00.000Z%,8002784,8001839,8000677,8001113,8003697,8002206,8005935,8002806,8003395,8000404,8070704,8000001,;426
2021-12-25T09:29:00.000Z;Wickrath;RB;RB 33;33;10318;8006391;8006391%2021-12-25T09:29:00.000Z%,8000318,8000253,8000174,8000584,8002027,8000211,8000212,8003426,8003427,8002941,8000317,8005065,8001605,8000086,8000687,8000259,8001898,8000098,;426
2021-12-25T09:30:00.000Z;Wickrath;RB;RB 33;33;10321;8006391;8006391%2021-12-25T09:30:00.000Z%,8002784,8001839,8000677,8001113,8003697,8002206,8005935,8002806,8003395,8000404,8070704,8000001,;426
2021-12-25T10:29:00.000Z;Wickrath;RB;RB 33;33;10320;8006391;8006391%2021-12-25T10:29:00.000Z%,8000318,8000253,8000174,8000584,8002027,8000211,8000212,8003426,8003427,8002941,8000317,8005065,8001605,8000086,8000687,8000259,8001898,8000098,;426
2021-12-25T10:30:00.000Z;Wickrath;RB;RB 33;33;10323;8006391;8006391%2021-12-25T10:30:00.000Z%,8002784,8001839,8000677,8001113,8003697,8002206,8005935,8002806,8003395,8000404,8070704,8000001,;426
2021-12-25T11:29:00.000Z;Wickrath;RB;RB 33;33;10322;8006391;8006391%2021-12-25T11:29:00.000Z%,8000318,8000253,8000174,8000584,8002027,8000211,8000212,8003426,8003427,8002941,8000317,8005065,8001605,8000086,8000687,8000259,8001898,8000098,;426
2021-12-25T11:30:00.000Z;Wickrath;RB;RB 33;33;10325;8006391;8006391%2021-12-25T11:30:00.000Z%,8002784,8001839,8000677,8001113,8003697,8002206,8005935,8002806,8003395,8000404,8070704,8000001,;426
2021-12-25T12:29:00.000Z;Wickrath;RB;RB 33;33;10324;8006391;8006391%2021-12-25T12:29:00.000Z%,8000318,8000253,8000174,8000584,8002027,8000211,8000212,8003426,8003427,8002941,8000317,8005065,8001605,8000086,8000687,8000259,8001898,8000098,;426
2021-12-25T12:30:00.000Z;Wickrath;RB;RB 33;33;10327;8006391;8006391%2021-12-25T12:30:00.000Z%,8002784,8001839,8000677,8001113,8003697,8002206,8005935,8002806,8003395,8000404,8070704,8000001,;426
2021-12-25T13:29:00.000Z;Wickrath;RB;RB 33;33;10326;8006391;8006391%2021-12-25T13:29:00.000Z%,8000318,8000253,8000174,8000584,8002027,8000211,8000212,8003426,8003427,8002941,8000317,8005065,8001605,8000086,8000687,8000259,8001898,8000098,;426
2021-12-25T13:30:00.000Z;Wickrath;RB;RB 33;33;10329;8006391;8006391%2021-12-25T13:30:00.000Z%,8002784,8001839,8000677,8001113,8003697,8002206,8005935,8002806,8003395,8000404,8070704,8000001,;426
2021-12-25T14:29:00.000Z;Wickrath;RB;RB 33;33;10328;8006391;8006391%2021-12-25T14:29:00.000Z%,8000318,8000253,8000174,8000584,8002027,8000211,8000212,8003426,8003427,8002941,8000317,8005065,8001605,8000086,8000687,8000259,8001898,8000098,;426
2021-12-25T14:30:00.000Z;Wickrath;RB;RB 33;33;10331;8006391;8006391%2021-12-25T14:30:00.000Z%,8002784,8001839,8000677,8001113,8003697,8002206,8005935,8002806,8003395,8000404,8070704,8000001,;426
2021-12-25T15:29:00.000Z;Wickrath;RB;RB 33;33;10330;8006391;8006391%2021-12-25T15:29:00.000Z%,8000318,8000253,8000174,8000584,8002027,8000211,8000212,8003426,8003427,8002941,8000317,8005065,8001605,8000086,8000687,8000259,8001898,8000098,;426
2021-12-25T15:30:00.000Z;Wickrath;RB;RB 33;33;10333;8006391;8006391%2021-12-25T15:30:00.000Z%,8002784,8001839,8000677,8001113,8003697,8002206,8005935,8002806,8003395,8000404,8070704,8000001,;426
2021-12-25T16:29:00.000Z;Wickrath;RB;RB 33;33;10332;8006391;8006391%2021-12-25T16:29:00.000Z%,8000318,8000253,8000174,8000584,8002027,8000211,8000212,8003426,8003427,8002941,8000317,8005065,8001605,8000086,8000687,8000259,8001898,8000098,;426
2021-12-25T16:30:00.000Z;Wickrath;RB;RB 33;33;10335;8006391;8006391%2021-12-25T16:30:00.000Z%,8002784,8001839,8000677,8001113,8003697,8002206,8005935,8002806,8003395,8000404,8070704,8000001,;426
2021-12-25T17:29:00.000Z;Wickrath;RB;RB 33;33;10334;8006391;8006391%2021-12-25T17:29:00.000Z%,8000318,8000253,8000174,8000584,8002027,8000211,8000212,8003426,8003427,8002941,8000317,8005065,8001605,8000086,8000687,8000259,8001898,8000098,;426
2021-12-25T17:30:00.000Z;Wickrath;RB;RB 33;33;10337;8006391;8006391%2021-12-25T17:30:00.000Z%,8002784,8001839,8000677,8001113,8003697,8002206,8005935,8002806,8003395,8000404,8070704,8000001,;426
2021-12-25T18:29:00.000Z;Wickrath;RB;RB 33;33;10336;8006391;8006391%2021-12-25T18:29:00.000Z%,8000318,8000253,8000174,8000584,8002027,8000211,8000212,8003426,8003427,8002941,8000317,8005065,8001605,8000086,8000687,8000259,8001898,8000098,;426
2021-12-25T18:30:00.000Z;Wickrath;RB;RB 33;33;10339;8006391;8006391%2021-12-25T18:30:00.000Z%,8002784,8001839,8000677,8001113,8003697,8002206,8005935,8002806,8003395,8000404,8070704,8000001,;426
2021-12-25T19:29:00.000Z;Wickrath;RB;RB 33;33;10338;8006391;8006391%2021-12-25T19:29:00.000Z%,8000318,8000253,8000174,8000584,8002027,8000211,8000212,8003426,8003427,8002941,8000317,8005065,8001605,8000086,8000687,8000259,8001898,8000098,;426
2021-12-25T19:30:00.000Z;Wickrath;RB;RB 33;33;10341;8006391;8006391%2021-12-25T19:30:00.000Z%,8002784,8001839,8000677,8001113,8003697,8002206,8005935,8002806,8003395,8000404,8070704,8000001,;426
2021-12-24T21:35:00.000Z;Wieren;RE;RE 20;20;16206;8006402;8006402%2021-12-24T21:36:00.000Z%1,8005682,8000168,;602
2021-12-24T22:12:00.000Z;Wieren;RE;RE 20;20;16213;8006402;8006402%2021-12-24T22:12:00.000Z%,8000445,8000440,8010310,8010172,8010334,8013083,8013344,8010226,8010224,8080660,8013456,8013485,8012291,8012287,8081270,8010318,8013465,8010084,8010070,8012830,8013357,8010195,;602
2021-12-25T06:35:00.000Z;Wieren;RE;RE 20;20;16204;8006402;8006402%2021-12-25T06:35:00.000Z%,8005682,8000168,;602
2021-12-25T07:13:00.000Z;Wieren;RE;RE 20;20;4831;8006402;8006402%2021-12-25T07:13:00.000Z%,8000445,8000440,8010310,8010172,8010334,8013083,8013344,8010226,8010224,;602
2021-12-25T07:35:00.000Z;Wieren;RE;RE 20;20;4830;8006402;8006402%2021-12-25T07:35:00.000Z%,8005682,8000168,;602
2021-12-25T08:13:00.000Z;Wieren;RE;RE 20;20;4833;8006402;8006402%2021-12-25T08:13:00.000Z%,8000445,8000440,8010310,8010172,8010334,8013083,8013344,8010226,8010224,;602
2021-12-25T09:35:00.000Z;Wieren;RE;RE 20;20;4832;8006402;8006402%2021-12-25T09:35:00.000Z%,8005682,8000168,;602
2021-12-25T10:13:00.000Z;Wieren;RE;RE 20;20;4835;8006402;8006402%2021-12-25T10:13:00.000Z%,8000445,8000440,8010310,8010172,8010334,8013083,8013344,8010226,8010224,;602
2021-12-25T11:35:00.000Z;Wieren;RE;RE 20;20;4834;8006402;8006402%2021-12-25T11:35:00.000Z%,8005682,8000168,;602
2021-12-25T12:13:00.000Z;Wieren;RE;RE 20;20;4837;8006402;8006402%2021-12-25T12:13:00.000Z%,8000445,8000440,8010310,8010172,8010334,8013083,8013344,8010226,8010224,;602
2021-12-25T13:35:00.000Z;Wieren;RE;RE 20;20;4838;8006402;8006402%2021-12-25T13:35:00.000Z%,8005682,8000168,;602
2021-12-25T14:13:00.000Z;Wieren;RE;RE 20;20;4841;8006402;8006402%2021-12-25T14:13:00.000Z%,8000445,8000440,8010310,8010172,8010334,8013083,8013344,8010226,8010224,;602
2021-12-25T14:35:00.000Z;Wieren;RE;RE 20;20;4840;8006402;8006402%2021-12-25T14:35:00.000Z%,8005682,8000168,;602
2021-12-25T15:13:00.000Z;Wieren;RE;RE 20;20;4843;8006402;8006402%2021-12-25T15:13:00.000Z%,8000445,8000440,8010310,8010172,8010334,8013083,8013344,8010226,8010224,;602
2021-12-25T15:35:00.000Z;Wieren;RE;RE 20;20;4842;8006402;8006402%2021-12-25T15:35:00.000Z%,8005682,8000168,;602
2021-12-25T16:13:00.000Z;Wieren;RE;RE 20;20;4845;8006402;8006402%2021-12-25T16:13:00.000Z%,8000445,8000440,8010310,8010172,8010334,8013083,8013344,8010226,8010224,;602
2021-12-25T16:35:00.000Z;Wieren;RE;RE 20;20;4844;8006402;8006402%2021-12-25T16:35:00.000Z%,8005682,8000168,;602
2021-12-25T17:13:00.000Z;Wieren;RE;RE 20;20;4847;8006402;8006402%2021-12-25T17:13:00.000Z%,8000445,8000440,8010310,8012673,8011545,8011277,8010172,8012014,8013039,8010334,8013083,8013344,8010226,8010224,;602
2021-12-25T17:35:00.000Z;Wieren;RE;RE 20;20;4846;8006402;8006402%2021-12-25T17:35:00.000Z%,8005682,8000168,;602
2021-12-25T18:13:00.000Z;Wieren;RE;RE 20;20;4849;8006402;8006402%2021-12-25T18:13:00.000Z%,8000445,8000440,8010310,8010172,8010334,8013083,8013344,8010226,8010224,;602
2021-12-25T19:35:00.000Z;Wieren;RE;RE 20;20;4848;8006402;8006402%2021-12-25T19:35:00.000Z%,8005682,8000168,;602
2021-12-25T20:13:00.000Z;Wieren;RE;RE 20;20;16211;8006402;8006402%2021-12-25T20:13:00.000Z%,8000445,8000440,8010310,8012673,8011545,8011277,8010172,8012014,8013039,8010334,8013083,8013344,8010226,8010224,8013456,8012287,8010318,8013465,8010084,8010070,8012830,8013357,8010195,8011053,8013259,8010343,8012506,8013414,8010159,;602
2021-12-24T20:25:00.000Z;Wiesthal;RE;RE 54;54;4632;8006426;8006426%2021-12-24T20:27:00.000Z%2,8002696,8000010,8003314,8005208,8001427,8003143,8002425,8002400,8000150,8002573,8002574,8002877,8000996,8002048,8002039,8002041,8000105,;602
2021-12-24T20:30:00.000Z;Wiesthal;RE;RE 55;55;4631;8006426;8006426%2021-12-24T20:31:00.000Z%1,8004756,8003740,8003548,8000120,8003189,8005049,8000260,;602
2021-12-24T21:29:00.000Z;Wiesthal;RE;RE 54;54;4634;8006426;8006426%2021-12-24T21:29:00.000Z%0,8002696,8003582,8002918,8000010,8003314,8005208,8001427,8003143,8002425,8002400,8000150,8002573,8002574,8002877,8000996,8002048,8002039,8002041,8000105,;602
2021-12-24T21:36:00.000Z;Wiesthal;RE;RE 54;54;4633;8006426;8006426%2021-12-24T21:36:00.000Z%0,8004756,8003740,8003548,8000120,8006349,8003189,8002845,8005049,8005864,8006065,8006586,8000260,;602
2021-12-24T22:30:00.000Z;Wiesthal;RE;RE 54;54;4636;8006426;8006426%2021-12-24T22:30:00.000Z%,8002696,8003582,8002918,8000010,8003314,8005208,8001427,8003143,8002425,8002400,8000150,8002573,8002574,8002877,8000996,8002048,8002039,8002041,8000105,;602
2021-12-24T22:39:00.000Z;Wiesthal;RE;RE 54;54;4635;8006426;8006426%2021-12-24T22:39:00.000Z%,8004756,8003740,8003548,8000120,8003189,8005049,8000260,;602
2021-12-24T23:34:00.000Z;Wiesthal;RE;RE 55;55;4638;8006426;8006426%2021-12-24T23:34:00.000Z%,8002696,8003582,8002918,8000010,;602
2021-12-24T23:40:00.000Z;Wiesthal;RE;RE 54;54;4637;8006426;8006426%2021-12-24T23:40:00.000Z%,8004756,8003740,8003548,8000120,8003189,8005049,8000260,;602
2021-12-25T00:42:00.000Z;Wiesthal;RE;RE 55;55;58406;8006426;8006426%2021-12-25T00:42:00.000Z%,8002696,8003582,8002918,8000010,;602
2021-12-25T04:19:00.000Z;Wiesthal;RE;RE 55;55;58405;8006426;8006426%2021-12-25T04:19:00.000Z%,8004756,8003740,8003548,8000120,8006349,8003189,8002845,8005049,8005864,8006065,8006586,8000260,;602
2021-12-25T05:10:00.000Z;Wiesthal;RE;RE 55;55;4602;8006426;8006426%2021-12-25T05:10:00.000Z%,8002696,8003582,8002918,8000010,8003314,8001427,8003143,8002425,8000150,8000349,8002041,8000105,;602
2021-12-25T05:30:00.000Z;Wiesthal;RE;RE 55;55;4601;8006426;8006426%2021-12-25T05:30:00.000Z%,8004756,8003740,8003548,8000120,8003189,8005049,8000260,8000032,8002630,8000025,;602
2021-12-25T06:25:00.000Z;Wiesthal;RE;RE 54;54;4604;8006426;8006426%2021-12-25T06:25:00.000Z%,8002696,8000010,8003314,8001427,8003143,8000150,8002573,8002574,8002877,8000996,8002048,8002039,8002041,8000105,;602
2021-12-25T06:30:00.000Z;Wiesthal;RE;RE 55;55;4603;8006426;8006426%2021-12-25T06:30:00.000Z%,8004756,8003740,8003548,8000120,8003189,8005049,8000260,;602
2021-12-25T07:26:00.000Z;Wiesthal;RE;RE 55;55;4606;8006426;8006426%2021-12-25T07:26:00.000Z%,8002696,8000010,8003314,8001427,8003143,8000150,8000349,8002041,8000105,;602
2021-12-25T07:30:00.000Z;Wiesthal;RE;RE 54;54;4605;8006426;8006426%2021-12-25T07:30:00.000Z%,8004756,8003740,8003548,8000120,8003189,8005049,8000260,8000032,8002630,8000025,;602
2021-12-25T08:30:00.000Z;Wiesthal;RE;RE 55;55;4607;8006426;8006426%2021-12-25T08:30:00.000Z%,8004756,8003740,8003548,8000120,8003189,8005049,8000260,;602
2021-12-25T09:25:00.000Z;Wiesthal;RE;RE 55;55;4610;8006426;8006426%2021-12-25T09:25:00.000Z%,8002696,8000010,8003314,8001427,8003143,8000150,8000349,8002041,8000105,;602
2021-12-25T09:30:00.000Z;Wiesthal;RE;RE 54;54;4609;8006426;8006426%2021-12-25T09:30:00.000Z%,8004756,8003740,8003548,8000120,8003189,8005049,8000260,8000032,8002630,8000025,;602
2021-12-25T10:25:00.000Z;Wiesthal;RE;RE 54;54;4612;8006426;8006426%2021-12-25T10:25:00.000Z%,8002696,8000010,8003314,8001427,8003143,8000150,8002573,8002574,8002877,8000996,8002048,8002039,8002041,8000105,;602
2021-12-25T10:30:00.000Z;Wiesthal;RE;RE 55;55;4611;8006426;8006426%2021-12-25T10:30:00.000Z%,8004756,8003740,8003548,8000120,8003189,8005049,8000260,;602
2021-12-25T11:25:00.000Z;Wiesthal;RE;RE 55;55;4614;8006426;8006426%2021-12-25T11:25:00.000Z%,8002696,8000010,8003314,8001427,8003143,8000150,8000349,8002041,8000105,;602
2021-12-25T12:25:00.000Z;Wiesthal;RE;RE 54;54;4616;8006426;8006426%2021-12-25T12:25:00.000Z%,8002696,8000010,8003314,8001427,8003143,8000150,8002573,8002574,8002877,8000996,8002048,8002039,8002041,8000105,;602
2021-12-25T12:30:00.000Z;Wiesthal;RE;RE 55;55;4615;8006426;8006426%2021-12-25T12:30:00.000Z%,8004756,8003740,8003548,8000120,8003189,8005049,8000260,;602
2021-12-25T13:25:00.000Z;Wiesthal;RE;RE 55;55;4618;8006426;8006426%2021-12-25T13:25:00.000Z%,8002696,8000010,8003314,8001427,8003143,8000150,8000349,8002041,8000105,;602
2021-12-25T13:30:00.000Z;Wiesthal;RE;RE 54;54;4617;8006426;8006426%2021-12-25T13:30:00.000Z%,8004756,8003740,8003548,8000120,8003189,8005049,8000260,8000032,8002630,8000025,;602
2021-12-25T14:25:00.000Z;Wiesthal;RE;RE 54;54;4620;8006426;8006426%2021-12-25T14:25:00.000Z%,8002696,8000010,8003314,8001427,8003143,8000150,8002573,8002574,8002877,8000996,8002048,8002039,8002041,8000105,;602
2021-12-25T14:30:00.000Z;Wiesthal;RE;RE 55;55;4619;8006426;8006426%2021-12-25T14:30:00.000Z%,8004756,8003740,8003548,8000120,8003189,8005049,8000260,;602
2021-12-25T15:25:00.000Z;Wiesthal;RE;RE 55;55;4622;8006426;8006426%2021-12-25T15:25:00.000Z%,8002696,8000010,8003314,8001427,8003143,8000150,8000349,8002041,8000105,;602
2021-12-25T15:30:00.000Z;Wiesthal;RE;RE 54;54;4621;8006426;8006426%2021-12-25T15:30:00.000Z%,8004756,8003740,8003548,8000120,8003189,8005049,8000260,8000032,8002630,8000025,;602
2021-12-25T16:30:00.000Z;Wiesthal;RE;RE 55;55;4623;8006426;8006426%2021-12-25T16:30:00.000Z%,8004756,8003740,8003548,8000120,8003189,8005049,8000260,;602
2021-12-25T17:27:00.000Z;Wiesthal;RE;RE 55;55;4626;8006426;8006426%2021-12-25T17:27:00.000Z%,8002696,8000010,8003314,8001427,8003143,8000150,8000349,8002041,8000105,;602
2021-12-25T17:30:00.000Z;Wiesthal;RE;RE 54;54;4625;8006426;8006426%2021-12-25T17:30:00.000Z%,8004756,8003740,8003548,8000120,8003189,8005049,8000260,8000032,8002630,8000025,;602
2021-12-25T18:25:00.000Z;Wiesthal;RE;RE 54;54;4628;8006426;8006426%2021-12-25T18:25:00.000Z%,8002696,8000010,8003314,8001427,8003143,8000150,8002573,8002574,8002877,8000996,8002048,8002039,8002041,8000105,;602
2021-12-25T18:30:00.000Z;Wiesthal;RE;RE 55;55;4627;8006426;8006426%2021-12-25T18:30:00.000Z%,8004756,8003740,8003548,8000120,8003189,8005049,8000260,;602
2021-12-25T19:25:00.000Z;Wiesthal;RE;RE 55;55;4630;8006426;8006426%2021-12-25T19:25:00.000Z%,8002696,8000010,8003314,8001427,8003143,8000150,8000349,8002041,8000105,;602
2021-12-25T19:30:00.000Z;Wiesthal;RE;RE 54;54;4629;8006426;8006426%2021-12-25T19:30:00.000Z%,8004756,8003740,8003548,8000120,8003189,8005049,8000260,8000032,8002630,8000025,;602
2021-12-24T21:39:00.000Z;Wildberg(Württ);RB;RB 74;74;17960;8006432;8006432%2021-12-24T21:39:00.000Z%,8000757,8000063,8002852,8000721,8004077,8006008,8004801,8004799,8004804,8000299,;426
2021-12-24T22:24:00.000Z;Wildberg(Württ);RB;RB 74;74;17959;8006432;8006432%2021-12-24T22:24:00.000Z%,8004196,8004201,8004195,8004202,8000389,8001944,8000177,;426
2021-12-24T23:29:00.000Z;Wildberg(Württ);RB;RB 74;74;17961;8006432;8006432%2021-12-24T23:29:00.000Z%,8004196,8004201,;426
2021-12-24T23:51:00.000Z;Wildberg(Württ);RB;RB 74;74;17962;8006432;8006432%2021-12-24T23:51:00.000Z%,8000757,8000063,8002852,8000721,8004077,8006008,8004801,8004799,8004804,8000299,;426
2021-12-25T06:20:00.000Z;Wildberg(Württ);RB;RB 74;74;17978;8006432;8006432%2021-12-25T06:20:00.000Z%,8000757,8000063,8002852,8000721,8004077,8006008,8004801,8004799,8004804,8000299,;426
2021-12-25T06:21:00.000Z;Wildberg(Württ);RB;RB 74;74;17905;8006432;8006432%2021-12-25T06:21:00.000Z%,8004196,8004201,8004195,8004202,8000389,8001944,8000177,8004104,8001946,8000959,8005197,8003248,8000141,;426
2021-12-25T07:41:00.000Z;Wildberg(Württ);RB;RB 74;74;17914;8006432;8006432%2021-12-25T07:41:00.000Z%,8000757,8000063,8002852,8000721,8004077,8006008,8004801,8004799,8004804,8000299,;426
2021-12-25T08:21:00.000Z;Wildberg(Württ);RB;RB 74;74;17915;8006432;8006432%2021-12-25T08:21:00.000Z%,8004196,8004201,8004195,8004202,8000389,8001944,8000177,8004104,8001946,8000959,8005197,8003248,8000141,;426
2021-12-25T08:39:00.000Z;Wildberg(Württ);RB;RB 74;74;17920;8006432;8006432%2021-12-25T08:39:00.000Z%,8000757,8000063,8002852,8000721,8004077,8006008,8004801,8004799,8004804,8000299,;426
2021-12-25T09:21:00.000Z;Wildberg(Württ);RB;RB 74;74;17917;8006432;8006432%2021-12-25T09:21:00.000Z%,8004196,8004201,8004195,8004202,8000389,8001944,8000177,;426
2021-12-25T09:39:00.000Z;Wildberg(Württ);RB;RB 74;74;17922;8006432;8006432%2021-12-25T09:39:00.000Z%,8000757,8000063,8002852,8000721,8004077,8006008,8004801,8004799,8004804,8000299,;426
2021-12-25T10:21:00.000Z;Wildberg(Württ);RB;RB 74;74;17919;8006432;8006432%2021-12-25T10:21:00.000Z%,8004196,8004201,8004195,8004202,8000389,8001944,8000177,8004104,8001946,8000959,8005197,8003248,8000141,;426
2021-12-25T10:39:00.000Z;Wildberg(Württ);RB;RB 74;74;17924;8006432;8006432%2021-12-25T10:39:00.000Z%,8000757,8000063,8002852,8000721,8004077,8006008,8004801,8004799,8004804,8000299,;426
2021-12-25T11:21:00.000Z;Wildberg(Württ);RB;RB 74;74;17923;8006432;8006432%2021-12-25T11:21:00.000Z%,8004196,8004201,8004195,8004202,8000389,8001944,8000177,;426
2021-12-25T11:39:00.000Z;Wildberg(Württ);RB;RB 74;74;17928;8006432;8006432%2021-12-25T11:39:00.000Z%,8000757,8000063,8002852,8000721,8004077,8006008,8004801,8004799,8004804,8000299,;426
2021-12-25T12:21:00.000Z;Wildberg(Württ);RB;RB 74;74;17927;8006432;8006432%2021-12-25T12:21:00.000Z%,8004196,8004201,8004195,8004202,8000389,8001944,8000177,8004104,8001946,8000959,8005197,8003248,8000141,;426
2021-12-25T12:39:00.000Z;Wildberg(Württ);RB;RB 74;74;17932;8006432;8006432%2021-12-25T12:39:00.000Z%,8000757,8000063,8002852,8000721,8004077,8006008,8004801,8004799,8004804,8000299,;426
2021-12-25T13:21:00.000Z;Wildberg(Württ);RB;RB 74;74;17931;8006432;8006432%2021-12-25T13:21:00.000Z%,8004196,8004201,8004195,8004202,8000389,8001944,8000177,;426
2021-12-25T13:39:00.000Z;Wildberg(Württ);RB;RB 74;74;17936;8006432;8006432%2021-12-25T13:39:00.000Z%,8000757,8000063,8002852,8000721,8004077,8006008,8004801,8004799,8004804,8000299,;426
2021-12-25T14:21:00.000Z;Wildberg(Württ);RB;RB 74;74;17935;8006432;8006432%2021-12-25T14:21:00.000Z%,8004196,8004201,8004195,8004202,8000389,8001944,8000177,;426
2021-12-25T14:39:00.000Z;Wildberg(Württ);RB;RB 74;74;17940;8006432;8006432%2021-12-25T14:39:00.000Z%,8000757,8000063,8002852,8000721,8004077,8006008,8004801,8004799,8004804,8000299,;426
2021-12-25T15:21:00.000Z;Wildberg(Württ);RB;RB 74;74;17939;8006432;8006432%2021-12-25T15:21:00.000Z%,8004196,8004201,8004195,8004202,8000389,8001944,8000177,;426
2021-12-25T15:39:00.000Z;Wildberg(Württ);RB;RB 74;74;17944;8006432;8006432%2021-12-25T15:39:00.000Z%,8000757,8000063,8002852,8000721,8004077,8006008,8004801,8004799,8004804,8000299,;426
2021-12-25T16:21:00.000Z;Wildberg(Württ);RB;RB 74;74;17943;8006432;8006432%2021-12-25T16:21:00.000Z%,8004196,8004201,8004195,8004202,8000389,8001944,8000177,;426
2021-12-25T16:39:00.000Z;Wildberg(Württ);RB;RB 74;74;17948;8006432;8006432%2021-12-25T16:39:00.000Z%,8000757,8000063,8002852,8000721,8004077,8006008,8004801,8004799,8004804,8000299,;426
2021-12-25T17:21:00.000Z;Wildberg(Württ);RB;RB 74;74;17947;8006432;8006432%2021-12-25T17:21:00.000Z%,8004196,8004201,8004195,8004202,8000389,8001944,8000177,;426
2021-12-25T17:39:00.000Z;Wildberg(Württ);RB;RB 74;74;17952;8006432;8006432%2021-12-25T17:39:00.000Z%,8000757,8000063,8002852,8000721,8004077,8006008,8004801,8004799,8004804,8000299,;426
2021-12-25T18:21:00.000Z;Wildberg(Württ);RB;RB 74;74;17951;8006432;8006432%2021-12-25T18:21:00.000Z%,8004196,8004201,8004195,8004202,8000389,8001944,8000177,8004104,8001946,8000959,8005197,8003248,8000141,;426
2021-12-25T18:39:00.000Z;Wildberg(Württ);RB;RB 74;74;17954;8006432;8006432%2021-12-25T18:39:00.000Z%,8000757,8000063,8002852,8000721,8004077,8006008,8004801,8004799,8004804,8000299,;426
2021-12-25T19:21:00.000Z;Wildberg(Württ);RB;RB 74;74;17955;8006432;8006432%2021-12-25T19:21:00.000Z%,8004196,8004201,8004195,8004202,8000389,8001944,8000177,;426
2021-12-25T19:39:00.000Z;Wildberg(Württ);RB;RB 74;74;17958;8006432;8006432%2021-12-25T19:39:00.000Z%,8000757,8000063,8002852,8000721,8004077,8006008,8004801,8004799,8004804,8000299,;426
2021-12-25T20:17:00.000Z;Wildberg(Württ);RB;RB 74;74;17957;8006432;8006432%2021-12-25T20:17:00.000Z%,8004196,8004201,8004195,8004202,8000389,8001944,8000177,8004104,8001946,8000959,8005197,8003248,8000141,;426
2021-12-24T20:39:00.000Z;Wincheringen;RB;RB 82;82;12176;8006463;8006463%2021-12-24T20:39:00.000Z%0,8006252,8004748,8004236,8000923,8004771,;426
2021-12-24T21:52:00.000Z;Wincheringen;RB;RB 81;81;12128;8006463;8006463%2021-12-24T21:52:00.000Z%0,8006252,8004748,8004236,8000923,8004771,;426
2021-12-25T06:33:00.000Z;Wincheringen;RB;RB 82;82;12155;8006463;8006463%2021-12-25T06:33:00.000Z%,8004438,8006315,8005835,8004514,8006222,8003403,8000402,8005905,8000134,;426
2021-12-25T07:21:00.000Z;Wincheringen;RB;RB 82;82;12150;8006463;8006463%2021-12-25T07:21:00.000Z%,8006252,8004748,8004236,8000923,8004771,;426
2021-12-25T07:33:00.000Z;Wincheringen;RB;RB 82;82;12157;8006463;8006463%2021-12-25T07:33:00.000Z%,8004438,8006315,8005835,8004514,8006222,8003403,8000402,8005905,8000134,;426
2021-12-25T08:20:00.000Z;Wincheringen;RB;RB 82;82;12152;8006463;8006463%2021-12-25T08:20:00.000Z%,8006252,8004748,8004236,8000923,8004771,;426
2021-12-25T08:33:00.000Z;Wincheringen;RB;RB 82;82;12159;8006463;8006463%2021-12-25T08:33:00.000Z%,8004438,8006315,8005835,8004514,8006222,8003403,8000402,8005905,8000134,;426
2021-12-25T09:21:00.000Z;Wincheringen;RB;RB 82;82;12154;8006463;8006463%2021-12-25T09:21:00.000Z%,8006252,8004748,8004236,8000923,8004771,;426
2021-12-25T09:33:00.000Z;Wincheringen;RB;RB 82;82;12161;8006463;8006463%2021-12-25T09:33:00.000Z%,8004438,8006315,8005835,8004514,8006222,8003403,8000402,8005905,8000134,;426
2021-12-25T10:21:00.000Z;Wincheringen;RB;RB 82;82;12156;8006463;8006463%2021-12-25T10:21:00.000Z%,8006252,8004748,8004236,8000923,8004771,;426
2021-12-25T10:33:00.000Z;Wincheringen;RB;RB 82;82;12163;8006463;8006463%2021-12-25T10:33:00.000Z%,8004438,8006315,8005835,8004514,8006222,8003403,8000402,8005905,8000134,;426
2021-12-25T11:21:00.000Z;Wincheringen;RB;RB 82;82;12158;8006463;8006463%2021-12-25T11:21:00.000Z%,8006252,8004748,8004236,8000923,8004771,;426
2021-12-25T11:33:00.000Z;Wincheringen;RB;RB 82;82;12165;8006463;8006463%2021-12-25T11:33:00.000Z%,8004438,8006315,8005835,8004514,8006222,8003403,8000402,8005905,8000134,;426
2021-12-25T12:21:00.000Z;Wincheringen;RB;RB 82;82;12160;8006463;8006463%2021-12-25T12:21:00.000Z%,8006252,8004748,8004236,8000923,8004771,;426
2021-12-25T12:34:00.000Z;Wincheringen;RB;RB 82;82;12167;8006463;8006463%2021-12-25T12:34:00.000Z%,8004438,8006315,8005835,8004514,8006222,8003403,8000402,8005905,8000134,;426
2021-12-25T13:21:00.000Z;Wincheringen;RB;RB 82;82;12162;8006463;8006463%2021-12-25T13:21:00.000Z%,8006252,8004748,8004236,8000923,8004771,;426
2021-12-25T13:33:00.000Z;Wincheringen;RB;RB 82;82;12169;8006463;8006463%2021-12-25T13:33:00.000Z%,8004438,8006315,8005835,8004514,8006222,8003403,8000402,8005905,8000134,;426
2021-12-25T14:21:00.000Z;Wincheringen;RB;RB 82;82;12164;8006463;8006463%2021-12-25T14:21:00.000Z%,8006252,8004748,8004236,8000923,8004771,;426
2021-12-25T14:33:00.000Z;Wincheringen;RB;RB 82;82;12171;8006463;8006463%2021-12-25T14:33:00.000Z%,8004438,8006315,8005835,8004514,8006222,8003403,8000402,8005905,8000134,;426
2021-12-25T15:31:00.000Z;Wincheringen;RB;RB 82;82;12173;8006463;8006463%2021-12-25T15:31:00.000Z%,8004438,8006315,8005835,8004514,8006222,8003403,8000402,8005905,8000134,;426
2021-12-25T15:36:00.000Z;Wincheringen;RB;RB 82;82;12166;8006463;8006463%2021-12-25T15:36:00.000Z%,8006252,8004748,8004236,8000923,8004771,;426
2021-12-25T16:33:00.000Z;Wincheringen;RB;RB 82;82;12175;8006463;8006463%2021-12-25T16:33:00.000Z%,8004438,8006315,8005835,8004514,8006222,8003403,8000402,8005905,8000134,;426
2021-12-25T16:40:00.000Z;Wincheringen;RB;RB 82;82;12168;8006463;8006463%2021-12-25T16:40:00.000Z%,8006252,8004748,8004236,8000923,8004771,;426
2021-12-25T17:20:00.000Z;Wincheringen;RB;RB 82;82;12170;8006463;8006463%2021-12-25T17:20:00.000Z%,8006252,8004748,8004236,8000923,8004771,;426
2021-12-25T17:33:00.000Z;Wincheringen;RB;RB 82;82;12177;8006463;8006463%2021-12-25T17:33:00.000Z%,8004438,8006315,8005835,8004514,8006222,8003403,8000402,8005905,8000134,;426
2021-12-25T18:21:00.000Z;Wincheringen;RB;RB 82;82;12172;8006463;8006463%2021-12-25T18:21:00.000Z%,8006252,8004748,8004236,8000923,8004771,;426
2021-12-25T18:33:00.000Z;Wincheringen;RB;RB 82;82;12179;8006463;8006463%2021-12-25T18:33:00.000Z%,8004438,8006315,8005835,8004514,8006222,8003403,8000402,8005905,8000134,;426
2021-12-25T19:21:00.000Z;Wincheringen;RB;RB 82;82;12174;8006463;8006463%2021-12-25T19:21:00.000Z%,8006252,8004748,8004236,8000923,8004771,;426
2021-12-25T19:33:00.000Z;Wincheringen;RB;RB 82;82;12181;8006463;8006463%2021-12-25T19:33:00.000Z%,8004438,8006315,8005835,8004514,8006222,8003403,8000402,8005905,8000134,;426
2021-12-24T20:32:00.000Z;Windsbach;RB;RB 91;91;59060;8006473;8006473%2021-12-24T20:32:00.000Z%0,8004268,8004774,8006390,;426
2021-12-24T21:32:00.000Z;Windsbach;RB;RB 91;91;59062;8006473;8006473%2021-12-24T21:32:00.000Z%,8004268,8004774,8006390,;426
2021-12-25T05:30:00.000Z;Windsbach;RB;RB 91;91;59024;8006473;8006473%2021-12-25T05:30:00.000Z%,8004268,8004774,8006390,;426
2021-12-25T06:32:00.000Z;Windsbach;RB;RB 91;91;59028;8006473;8006473%2021-12-25T06:32:00.000Z%,8004268,8004774,8006390,;426
2021-12-25T07:32:00.000Z;Windsbach;RB;RB 91;91;59032;8006473;8006473%2021-12-25T07:32:00.000Z%,8004268,8004774,8006390,;426
2021-12-25T08:32:00.000Z;Windsbach;RB;RB 91;91;59036;8006473;8006473%2021-12-25T08:32:00.000Z%,8004268,8004774,8006390,;426
2021-12-25T09:32:00.000Z;Windsbach;RB;RB 91;91;59038;8006473;8006473%2021-12-25T09:32:00.000Z%,8004268,8004774,8006390,;426
2021-12-25T10:32:00.000Z;Windsbach;RB;RB 91;91;59040;8006473;8006473%2021-12-25T10:32:00.000Z%,8004268,8004774,8006390,;426
2021-12-25T11:32:00.000Z;Windsbach;RB;RB 91;91;59042;8006473;8006473%2021-12-25T11:32:00.000Z%,8004268,8004774,8006390,;426
2021-12-25T12:32:00.000Z;Windsbach;RB;RB 91;91;59044;8006473;8006473%2021-12-25T12:32:00.000Z%,8004268,8004774,8006390,;426
2021-12-25T13:32:00.000Z;Windsbach;RB;RB 91;91;59046;8006473;8006473%2021-12-25T13:32:00.000Z%,8004268,8004774,8006390,;426
2021-12-25T14:32:00.000Z;Windsbach;RB;RB 91;91;59048;8006473;8006473%2021-12-25T14:32:00.000Z%,8004268,8004774,8006390,;426
2021-12-25T15:32:00.000Z;Windsbach;RB;RB 91;91;59050;8006473;8006473%2021-12-25T15:32:00.000Z%,8004268,8004774,8006390,;426
2021-12-25T16:32:00.000Z;Windsbach;RB;RB 91;91;59052;8006473;8006473%2021-12-25T16:32:00.000Z%,8004268,8004774,8006390,;426
2021-12-25T17:32:00.000Z;Windsbach;RB;RB 91;91;59054;8006473;8006473%2021-12-25T17:32:00.000Z%,8004268,8004774,8006390,;426
2021-12-25T18:32:00.000Z;Windsbach;RB;RB 91;91;59056;8006473;8006473%2021-12-25T18:32:00.000Z%,8004268,8004774,8006390,;426
2021-12-25T19:32:00.000Z;Windsbach;RB;RB 91;91;59058;8006473;8006473%2021-12-25T19:32:00.000Z%,8004268,8004774,8006390,;426
2021-12-24T20:23:00.000Z;Winningen(Mosel);RB;RB 81;81;12129;8006481;8006481%2021-12-24T20:23:00.000Z%0,8002454,8003354,8000206,;426
2021-12-24T20:35:00.000Z;Winningen(Mosel);RB;RB 81;81;12130;8006481;8006481%2021-12-24T20:36:00.000Z%1,8003350,8003611,8003211,8003723,8002643,8004096,8004101,8003179,8004859,8003344,8001340,8001666,8004223,8001267,8000870,8005945,8000379,8005260,8005510,8002817,8002018,8005476,8004910,8001688,8000370,8004784,8000134,;426
2021-12-24T21:23:00.000Z;Winningen(Mosel);RB;RB 81;81;12131;8006481;8006481%2021-12-24T21:25:00.000Z%2,8002454,8003354,8000206,;426
2021-12-24T21:35:00.000Z;Winningen(Mosel);RB;RB 81;81;12132;8006481;8006481%2021-12-24T21:35:00.000Z%,8003350,8003611,8003211,8003723,8002643,8004096,8004101,8003179,8004859,8003344,8001340,8001666,8004223,8001267,8000870,8005945,8000379,8005260,8005510,8002817,8002018,8005476,8004910,8001688,8000370,8004784,8000134,;426
2021-12-24T22:23:00.000Z;Winningen(Mosel);RB;RB 81;81;12133;8006481;8006481%2021-12-24T22:25:00.000Z%2,8002454,8003354,8000206,;426
2021-12-25T04:13:00.000Z;Winningen(Mosel);RB;RB 82;82;12178;8006481;8006481%2021-12-25T04:13:00.000Z%,8003350,8003611,8003211,8003723,8002643,8004096,8004101,8003179,8004859,8003344,8001340,8001666,8004223,8001267,8000870,8005945,8000379,8005260,8005510,8002817,8002018,8005476,8004910,8001688,8000370,8004784,8000134,8005905,8000402,8003403,8006222,8004514,8005835,8006315,8004438,8006463,;426
2021-12-25T05:35:00.000Z;Winningen(Mosel);RB;RB 81;81;12100;8006481;8006481%2021-12-25T05:35:00.000Z%,8003350,8003611,8003211,8003723,8002643,8004096,8004101,8003179,8004859,8003344,8001340,8001666,8004223,8001267,8000870,8005945,8000379,8005260,8005510,8002817,8002018,8005476,8004910,8001688,8000370,8004784,8000134,;426
2021-12-25T06:07:00.000Z;Winningen(Mosel);RB;RB 81;81;12135;8006481;8006481%2021-12-25T06:07:00.000Z%,8002454,8003354,8000206,;426
2021-12-25T06:35:00.000Z;Winningen(Mosel);RB;RB 81;81;12102;8006481;8006481%2021-12-25T06:35:00.000Z%,8003350,8003611,8003211,8003723,8002643,8004096,8004101,8003179,8004859,8003344,8001340,8001666,8004223,8001267,8000870,8005945,8000379,8005260,8005510,8002817,8002018,8005476,8004910,8001688,8000370,8004784,8000134,;426
2021-12-25T07:35:00.000Z;Winningen(Mosel);RB;RB 81;81;12104;8006481;8006481%2021-12-25T07:35:00.000Z%,8003350,8003611,8003211,8003723,8002643,8004096,8004101,8003179,8004859,8003344,8001340,8001666,8004223,8001267,8000870,8005945,8000379,8005260,8005510,8002817,8002018,8005476,8004910,8001688,8000370,8004784,8000134,;426
2021-12-25T08:23:00.000Z;Winningen(Mosel);RB;RB 81;81;12105;8006481;8006481%2021-12-25T08:23:00.000Z%,8002454,8003354,8000206,;426
2021-12-25T08:35:00.000Z;Winningen(Mosel);RB;RB 81;81;12106;8006481;8006481%2021-12-25T08:35:00.000Z%,8003350,8003611,8003211,8003723,8002643,8004096,8004101,8003179,8004859,8003344,8001340,8001666,8004223,8001267,8000870,8005945,8000379,8005260,8005510,8002817,8002018,8005476,8004910,8001688,8000370,8004784,8000134,;426
2021-12-25T09:23:00.000Z;Winningen(Mosel);RB;RB 81;81;12107;8006481;8006481%2021-12-25T09:23:00.000Z%,8002454,8003354,8000206,;426
2021-12-25T09:35:00.000Z;Winningen(Mosel);RB;RB 81;81;12108;8006481;8006481%2021-12-25T09:35:00.000Z%,8003350,8003611,8003211,8003723,8002643,8004096,8004101,8003179,8004859,8003344,8001340,8001666,8004223,8001267,8000870,8005945,8000379,8005260,8005510,8002817,8002018,8005476,8004910,8001688,8000370,8004784,8000134,;426
2021-12-25T10:23:00.000Z;Winningen(Mosel);RB;RB 81;81;12109;8006481;8006481%2021-12-25T10:23:00.000Z%,8002454,8003354,8000206,;426
2021-12-25T10:35:00.000Z;Winningen(Mosel);RB;RB 81;81;12110;8006481;8006481%2021-12-25T10:35:00.000Z%,8003350,8003611,8003211,8003723,8002643,8004096,8004101,8003179,8004859,8003344,8001340,8001666,8004223,8001267,8000870,8005945,8000379,8005260,8005510,8002817,8002018,8005476,8004910,8001688,8000370,8004784,8000134,;426
2021-12-25T11:23:00.000Z;Winningen(Mosel);RB;RB 81;81;12111;8006481;8006481%2021-12-25T11:23:00.000Z%,8002454,8003354,8000206,;426
2021-12-25T11:35:00.000Z;Winningen(Mosel);RB;RB 81;81;12112;8006481;8006481%2021-12-25T11:35:00.000Z%,8003350,8003611,8003211,8003723,8002643,8004096,8004101,8003179,8004859,8003344,8001340,8001666,8004223,8001267,8000870,8005945,8000379,8005260,8005510,8002817,8002018,8005476,8004910,8001688,8000370,8004784,8000134,;426
2021-12-25T12:23:00.000Z;Winningen(Mosel);RB;RB 81;81;12113;8006481;8006481%2021-12-25T12:23:00.000Z%,8002454,8003354,8000206,;426
2021-12-25T12:39:00.000Z;Winningen(Mosel);RB;RB 81;81;12114;8006481;8006481%2021-12-25T12:39:00.000Z%,8003350,8003611,8003211,8003723,8002643,8004096,8004101,8003179,8004859,8003344,8001340,8001666,8004223,8001267,8000870,8005945,8000379,8005260,8005510,8002817,8002018,8005476,8004910,8001688,8000370,8004784,8000134,;426
2021-12-25T13:23:00.000Z;Winningen(Mosel);RB;RB 81;81;12115;8006481;8006481%2021-12-25T13:23:00.000Z%,8002454,8003354,8000206,;426
2021-12-25T13:35:00.000Z;Winningen(Mosel);RB;RB 81;81;12116;8006481;8006481%2021-12-25T13:35:00.000Z%,8003350,8003611,8003211,8003723,8002643,8004096,8004101,8003179,8004859,8003344,8001340,8001666,8004223,8001267,8000870,8005945,8000379,8005260,8005510,8002817,8002018,8005476,8004910,8001688,8000370,8004784,8000134,;426
2021-12-25T14:23:00.000Z;Winningen(Mosel);RB;RB 81;81;12117;8006481;8006481%2021-12-25T14:23:00.000Z%,8002454,8003354,8000206,;426
2021-12-25T14:35:00.000Z;Winningen(Mosel);RB;RB 81;81;12118;8006481;8006481%2021-12-25T14:35:00.000Z%,8003350,8003611,8003211,8003723,8002643,8004096,8004101,8003179,8004859,8003344,8001340,8001666,8004223,8001267,8000870,8005945,8000379,8005260,8005510,8002817,8002018,8005476,8004910,8001688,8000370,8004784,8000134,;426
2021-12-25T15:23:00.000Z;Winningen(Mosel);RB;RB 81;81;12119;8006481;8006481%2021-12-25T15:23:00.000Z%,8002454,8003354,8000206,;426
2021-12-25T15:35:00.000Z;Winningen(Mosel);RB;RB 81;81;12120;8006481;8006481%2021-12-25T15:35:00.000Z%,8003350,8003611,8003211,8003723,8002643,8004096,8004101,8003179,8004859,8003344,8001340,8001666,8004223,8001267,8000870,8005945,8000379,8005260,8005510,8002817,8002018,8005476,8004910,8001688,8000370,8004784,8000134,;426
2021-12-25T16:23:00.000Z;Winningen(Mosel);RB;RB 81;81;12121;8006481;8006481%2021-12-25T16:23:00.000Z%,8002454,8003354,8000206,;426
2021-12-25T16:35:00.000Z;Winningen(Mosel);RB;RB 81;81;12122;8006481;8006481%2021-12-25T16:35:00.000Z%,8003350,8003611,8003211,8003723,8002643,8004096,8004101,8003179,8004859,8003344,8001340,8001666,8004223,8001267,8000870,8005945,8000379,8005260,8005510,8002817,8002018,8005476,8004910,8001688,8000370,8004784,8000134,;426
2021-12-25T17:23:00.000Z;Winningen(Mosel);RB;RB 81;81;12123;8006481;8006481%2021-12-25T17:23:00.000Z%,8002454,8003354,8000206,;426
2021-12-25T17:35:00.000Z;Winningen(Mosel);RB;RB 81;81;12124;8006481;8006481%2021-12-25T17:35:00.000Z%,8003350,8003611,8003211,8003723,8002643,8004096,8004101,8003179,8004859,8003344,8001340,8001666,8004223,8001267,8000870,8005945,8000379,8005260,8005510,8002817,8002018,8005476,8004910,8001688,8000370,8004784,8000134,;426
2021-12-25T18:23:00.000Z;Winningen(Mosel);RB;RB 81;81;12125;8006481;8006481%2021-12-25T18:23:00.000Z%,8002454,8003354,8000206,;426
2021-12-25T18:35:00.000Z;Winningen(Mosel);RB;RB 81;81;12126;8006481;8006481%2021-12-25T18:35:00.000Z%,8003350,8003611,8003211,8003723,8002643,8004096,8004101,8003179,8004859,8003344,8001340,8001666,8004223,8001267,8000870,8005945,8000379,8005260,8005510,8002817,8002018,8005476,8004910,8001688,8000370,8004784,8000134,;426
2021-12-25T19:23:00.000Z;Winningen(Mosel);RB;RB 81;81;12127;8006481;8006481%2021-12-25T19:23:00.000Z%,8002454,8003354,8000206,;426
2021-12-25T19:35:00.000Z;Winningen(Mosel);RB;RB 81;81;12128;8006481;8006481%2021-12-25T19:35:00.000Z%,8003350,8003611,8003211,8003723,8002643,8004096,8004101,8003179,8004859,8003344,8001340,8001666,8004223,8001267,8000870,8005945,8000379,8005260,8005510,8002817,8002018,8005476,8004910,8001688,8000370,8004784,8000134,8005905,8000402,8003403,8006222,8004514,8005835,8006315,8004438,8006463,8006252,8004748,8004236,8000923,8004771,;426
2021-12-24T20:31:00.000Z;Winterberg(Westf);RE;RE 57;57;10774;8006486;8006486%2021-12-24T20:31:00.000Z%0,8005569,8005555,8000966,8000927,;602
2021-12-25T08:31:00.000Z;Winterberg(Westf);RE;RE 57;57;10754;8006486;8006486%2021-12-25T08:31:00.000Z%,8005569,8005555,8000966,8000927,8003993,8002073,8004642,8000605,8004228,8006389,8000113,8000961,8000080,;602
2021-12-25T09:31:00.000Z;Winterberg(Westf);RE;RE 57;57;10756;8006486;8006486%2021-12-25T09:31:00.000Z%,8005569,8005555,8000966,8000927,8003993,8002073,8004642,8000605,8004228,8006389,8000113,8000961,8000080,;602
2021-12-25T10:31:00.000Z;Winterberg(Westf);RE;RE 57;57;10758;8006486;8006486%2021-12-25T10:31:00.000Z%,8005569,8005555,8000966,8000927,8003993,8002073,8004642,8000605,8004228,8006389,8000113,8000961,8000080,;602
2021-12-25T11:31:00.000Z;Winterberg(Westf);RE;RE 57;57;10760;8006486;8006486%2021-12-25T11:31:00.000Z%,8005569,8005555,8000966,8000927,8003993,8002073,8004642,8000605,8004228,8006389,8000113,8000961,8000080,;602
2021-12-25T12:31:00.000Z;Winterberg(Westf);RE;RE 57;57;10762;8006486;8006486%2021-12-25T12:31:00.000Z%,8005569,8005555,8000966,8000927,8003993,8002073,8004642,8000605,8004228,8006389,8000113,8000961,8000080,;602
2021-12-25T13:31:00.000Z;Winterberg(Westf);RE;RE 57;57;10764;8006486;8006486%2021-12-25T13:31:00.000Z%,8005569,8005555,8000966,8000927,8003993,8002073,8004642,8000605,8004228,8006389,8000113,8000961,8000080,;602
2021-12-25T14:31:00.000Z;Winterberg(Westf);RE;RE 57;57;10766;8006486;8006486%2021-12-25T14:31:00.000Z%,8005569,8005555,8000966,8000927,8003993,8002073,8004642,8000605,8004228,8006389,8000113,8000961,8000080,;602
2021-12-25T15:31:00.000Z;Winterberg(Westf);RE;RE 57;57;10768;8006486;8006486%2021-12-25T15:31:00.000Z%,8005569,8005555,8000966,8000927,8003993,8002073,8004642,8000605,8004228,8006389,8000113,8000961,8000080,;602
2021-12-25T16:31:00.000Z;Winterberg(Westf);RE;RE 57;57;10770;8006486;8006486%2021-12-25T16:31:00.000Z%,8005569,8005555,8000966,8000927,8003993,8002073,8004642,8000605,8004228,8006389,8000113,8000961,8000080,;602
2021-12-25T17:31:00.000Z;Winterberg(Westf);RE;RE 57;57;10772;8006486;8006486%2021-12-25T17:31:00.000Z%,8005569,8005555,8000966,8000927,8003993,8002073,8004642,8000605,8004228,8006389,8000113,8000961,8000080,;602
2021-12-24T20:52:00.000Z;Winterhausen;RB;RB 80;80;58145;8006488;8006488%2021-12-24T20:53:00.000Z%1,8002333,8000818,8003881,8005947,8000091,8001278,8004521,8000009,8005907,8000534,8000385,8000122,;426
2021-12-24T21:03:00.000Z;Winterhausen;RB;RB 80;80;58144;8006488;8006488%2021-12-24T21:03:00.000Z%0,8006582,8000260,;426
2021-12-24T22:15:00.000Z;Winterhausen;RB;RB 80;80;58149;8006488;8006488%2021-12-24T22:15:00.000Z%,8002333,8000818,8003881,8005947,8000091,8001278,8004521,8000009,8005907,8000534,8000385,8000122,;426
2021-12-24T23:05:00.000Z;Winterhausen;RB;RB 80;80;58148;8006488;8006488%2021-12-24T23:05:00.000Z%,8006582,8000260,;426
2021-12-24T23:45:00.000Z;Winterhausen;RB;RB 80;80;58169;8006488;8006488%2021-12-24T23:45:00.000Z%,8002333,8000818,8003881,;426
2021-12-25T04:43:00.000Z;Winterhausen;RB;RB 80;80;58107;8006488;8006488%2021-12-25T04:43:00.000Z%,8002333,8000818,8003881,8005947,8000091,8001278,8004521,8000009,8005907,8000534,8000385,8000122,;426
2021-12-25T05:31:00.000Z;Winterhausen;RB;RB 80;80;58104;8006488;8006488%2021-12-25T05:31:00.000Z%,8006582,8000260,;426
2021-12-25T05:52:00.000Z;Winterhausen;RB;RB 80;80;58113;8006488;8006488%2021-12-25T05:52:00.000Z%,8002333,8000818,8003881,8005947,8000091,8001278,8004521,8000009,8005907,8000534,8000385,8000122,;426
2021-12-25T06:52:00.000Z;Winterhausen;RB;RB 80;80;58115;8006488;8006488%2021-12-25T06:52:00.000Z%,8002333,8000818,8003881,8005947,8000091,8001278,8004521,8000009,8005907,8000534,8000385,8000122,;426
2021-12-25T07:03:00.000Z;Winterhausen;RB;RB 80;80;58112;8006488;8006488%2021-12-25T07:03:00.000Z%,8006582,8000260,;426
2021-12-25T07:54:00.000Z;Winterhausen;RB;RB 80;80;58117;8006488;8006488%2021-12-25T07:54:00.000Z%,8002333,8000818,8003881,8005947,8000091,8001278,8004521,8000009,8005907,8000534,8000385,8000122,;426
2021-12-25T08:06:00.000Z;Winterhausen;RB;RB 80;80;58116;8006488;8006488%2021-12-25T08:06:00.000Z%,8006582,8000260,;426
2021-12-25T08:52:00.000Z;Winterhausen;RB;RB 80;80;58119;8006488;8006488%2021-12-25T08:52:00.000Z%,8002333,8000818,8003881,8005947,8000091,8001278,8004521,8000009,8005907,8000534,8000385,8000122,;426
2021-12-25T09:03:00.000Z;Winterhausen;RB;RB 80;80;58118;8006488;8006488%2021-12-25T09:03:00.000Z%,8006582,8000260,;426
2021-12-25T09:52:00.000Z;Winterhausen;RB;RB 80;80;58121;8006488;8006488%2021-12-25T09:52:00.000Z%,8002333,8000818,8003881,8005947,8000091,8001278,8004521,8000009,8005907,8000534,8000385,8000122,;426
2021-12-25T10:08:00.000Z;Winterhausen;RB;RB 80;80;58120;8006488;8006488%2021-12-25T10:08:00.000Z%,8006582,8000260,;426
2021-12-25T10:52:00.000Z;Winterhausen;RB;RB 80;80;58109;8006488;8006488%2021-12-25T10:52:00.000Z%,8002333,8000818,8003881,8005947,8000091,8001278,8004521,8000009,8005907,8000534,8000385,8000122,;426
2021-12-25T11:03:00.000Z;Winterhausen;RB;RB 80;80;58122;8006488;8006488%2021-12-25T11:03:00.000Z%,8006582,8000260,;426
2021-12-25T11:54:00.000Z;Winterhausen;RB;RB 80;80;58125;8006488;8006488%2021-12-25T11:54:00.000Z%,8002333,8000818,8003881,8005947,8000091,8001278,8004521,8000009,8005907,8000534,8000385,8000122,;426
2021-12-25T12:03:00.000Z;Winterhausen;RB;RB 80;80;58124;8006488;8006488%2021-12-25T12:03:00.000Z%,8006582,8000260,;426
2021-12-25T12:52:00.000Z;Winterhausen;RB;RB 80;80;58127;8006488;8006488%2021-12-25T12:52:00.000Z%,8002333,8000818,8003881,8005947,8000091,8001278,8004521,8000009,8005907,8000534,8000385,8000122,;426
2021-12-25T13:03:00.000Z;Winterhausen;RB;RB 80;80;58126;8006488;8006488%2021-12-25T13:03:00.000Z%,8006582,8000260,;426
2021-12-25T13:52:00.000Z;Winterhausen;RB;RB 80;80;58129;8006488;8006488%2021-12-25T13:52:00.000Z%,8002333,8000818,8003881,8005947,8000091,8001278,8004521,8000009,8005907,8000534,8000385,8000122,;426
2021-12-25T14:08:00.000Z;Winterhausen;RB;RB 80;80;58130;8006488;8006488%2021-12-25T14:08:00.000Z%,8006582,8000260,;426
2021-12-25T14:52:00.000Z;Winterhausen;RB;RB 80;80;58133;8006488;8006488%2021-12-25T14:52:00.000Z%,8002333,8000818,8003881,8005947,8000091,8001278,8004521,8000009,8005907,8000534,8000385,8000122,;426
2021-12-25T15:03:00.000Z;Winterhausen;RB;RB 80;80;58132;8006488;8006488%2021-12-25T15:03:00.000Z%,8006582,8000260,;426
2021-12-25T15:54:00.000Z;Winterhausen;RB;RB 80;80;58135;8006488;8006488%2021-12-25T15:54:00.000Z%,8002333,8000818,8003881,8005947,8000091,8001278,8004521,8000009,8005907,8000534,8000385,8000122,;426
2021-12-25T16:02:00.000Z;Winterhausen;RB;RB 80;80;58134;8006488;8006488%2021-12-25T16:02:00.000Z%,8006582,8000260,;426
2021-12-25T16:52:00.000Z;Winterhausen;RB;RB 80;80;58137;8006488;8006488%2021-12-25T16:52:00.000Z%,8002333,8000818,8003881,8005947,8000091,8001278,8004521,8000009,8005907,8000534,8000385,8000122,;426
2021-12-25T17:04:00.000Z;Winterhausen;RB;RB 80;80;58136;8006488;8006488%2021-12-25T17:04:00.000Z%,8006582,8000260,;426
2021-12-25T17:52:00.000Z;Winterhausen;RB;RB 80;80;58139;8006488;8006488%2021-12-25T17:52:00.000Z%,8002333,8000818,8003881,8005947,8000091,8001278,8004521,8000009,8005907,8000534,8000385,8000122,;426
2021-12-25T18:08:00.000Z;Winterhausen;RB;RB 80;80;58138;8006488;8006488%2021-12-25T18:08:00.000Z%,8006582,8000260,;426
2021-12-25T18:52:00.000Z;Winterhausen;RB;RB 80;80;58141;8006488;8006488%2021-12-25T18:52:00.000Z%,8002333,8000818,8003881,8005947,8000091,8001278,8004521,8000009,8005907,8000534,8000385,8000122,;426
2021-12-25T19:03:00.000Z;Winterhausen;RB;RB 80;80;58140;8006488;8006488%2021-12-25T19:03:00.000Z%,8006582,8000260,;426
2021-12-25T19:52:00.000Z;Winterhausen;RB;RB 80;80;58143;8006488;8006488%2021-12-25T19:52:00.000Z%,8002333,8000818,8003881,8005947,8000091,8001278,8004521,8000009,8005907,8000534,8000385,8000122,;426
2021-12-25T20:03:00.000Z;Winterhausen;RB;RB 80;80;58142;8006488;8006488%2021-12-25T20:03:00.000Z%,8006582,8000260,;426
2021-12-24T20:23:00.000Z;Wissen(Sieg);RE;RE 9;9;10929;8006501;8006501%2021-12-24T20:23:00.000Z%0,8000034,8000427,8001112,8000046,;602
2021-12-24T20:37:00.000Z;Wissen(Sieg);RE;RE 9;9;10934;8006501;8006501%2021-12-24T20:38:00.000Z%1,8000012,8005356,8002768,8001736,8002753,8005556,8000135,8004869,8003368,8000207,;602
2021-12-24T21:24:00.000Z;Wissen(Sieg);RE;RE 9;9;10931;8006501;8006501%2021-12-24T21:26:00.000Z%2,8004381,8005338,8000034,8000427,8001112,8004406,8001729,8000046,;602
2021-12-24T21:37:00.000Z;Wissen(Sieg);RE;RE 9;9;10936;8006501;8006501%2021-12-24T21:37:00.000Z%,8000012,8005356,8002768,8001736,8002753,8005556,8000135,8004869,8003368,8000207,8000208,8000178,8000084,8003553,8001886,8000348,8000406,8000001,;602
2021-12-24T22:24:00.000Z;Wissen(Sieg);RE;RE 9;9;10933;8006501;8006501%2021-12-24T22:25:00.000Z%1,8004381,8005338,8000034,8000427,8001112,8004406,8001729,8000046,;602
2021-12-24T23:24:00.000Z;Wissen(Sieg);RE;RE 9;9;10935;8006501;8006501%2021-12-24T23:24:00.000Z%,8004381,8005338,8000034,8000427,8001112,8004406,8001729,8000046,;602
2021-12-25T00:24:00.000Z;Wissen(Sieg);RE;RE 9;9;10937;8006501;8006501%2021-12-25T00:24:00.000Z%,8004381,8005338,8000034,8000427,8001112,8004406,8001729,8000046,;602
2021-12-25T01:14:00.000Z;Wissen(Sieg);RE;RE 9;9;10948;8006501;8006501%2021-12-25T01:14:00.000Z%,8001928,8000012,;602
2021-12-25T02:09:00.000Z;Wissen(Sieg);RE;RE 9;9;10949;8006501;8006501%2021-12-25T02:09:00.000Z%,8004381,8005338,8000034,8000427,8001112,8004406,8001729,8000046,;602
2021-12-25T05:37:00.000Z;Wissen(Sieg);RE;RE 9;9;10954;8006501;8006501%2021-12-25T05:37:00.000Z%,8000012,8005356,8002768,8001736,8002753,8005556,8000135,8004869,8003368,8000207,;602
2021-12-25T06:37:00.000Z;Wissen(Sieg);RE;RE 9;9;10906;8006501;8006501%2021-12-25T06:37:00.000Z%,8000012,8005356,8002768,8001736,8002753,8005556,8000135,8004869,8003368,8000207,;602
2021-12-25T07:21:00.000Z;Wissen(Sieg);RE;RE 9;9;10963;8006501;8006501%2021-12-25T07:21:00.000Z%,8000034,8000427,8001112,8000046,;602
2021-12-25T07:37:00.000Z;Wissen(Sieg);RE;RE 9;9;10908;8006501;8006501%2021-12-25T07:37:00.000Z%,8000012,8005356,8002768,8001736,8002753,8005556,8000135,8004869,8003368,8000207,8000208,8000178,8000084,8003553,8001886,8000348,8000406,8000001,;602
2021-12-25T08:21:00.000Z;Wissen(Sieg);RE;RE 9;9;10955;8006501;8006501%2021-12-25T08:21:00.000Z%,8000034,8000427,8001112,8000046,;602
2021-12-25T08:37:00.000Z;Wissen(Sieg);RE;RE 9;9;10910;8006501;8006501%2021-12-25T08:37:00.000Z%,8000012,8005356,8002768,8001736,8002753,8005556,8000135,8004869,8003368,8000207,8000208,8000178,8000084,8003553,8001886,8000348,8000406,8000001,;602
2021-12-25T09:21:00.000Z;Wissen(Sieg);RE;RE 9;9;10957;8006501;8006501%2021-12-25T09:21:00.000Z%,8000034,8000427,8001112,8000046,;602
2021-12-25T09:37:00.000Z;Wissen(Sieg);RE;RE 9;9;10912;8006501;8006501%2021-12-25T09:37:00.000Z%,8000012,8005356,8002768,8001736,8002753,8005556,8000135,8004869,8003368,8000207,8000208,8000178,8000084,8003553,8001886,8000348,8000406,8000001,;602
2021-12-25T10:21:00.000Z;Wissen(Sieg);RE;RE 9;9;10909;8006501;8006501%2021-12-25T10:21:00.000Z%,8000034,8000427,8001112,8000046,;602
2021-12-25T10:37:00.000Z;Wissen(Sieg);RE;RE 9;9;10914;8006501;8006501%2021-12-25T10:37:00.000Z%,8000012,8005356,8002768,8001736,8002753,8005556,8000135,8004869,8003368,8000207,8000208,8000178,8000084,8003553,8001886,8000348,8000406,8000001,;602
2021-12-25T11:21:00.000Z;Wissen(Sieg);RE;RE 9;9;10911;8006501;8006501%2021-12-25T11:21:00.000Z%,8000034,8000427,8001112,8000046,;602
2021-12-25T11:37:00.000Z;Wissen(Sieg);RE;RE 9;9;10916;8006501;8006501%2021-12-25T11:37:00.000Z%,8000012,8005356,8002768,8001736,8002753,8005556,8000135,8004869,8003368,8000207,8000208,8000178,8000084,8003553,8001886,8000348,8000406,8000001,;602
2021-12-25T12:21:00.000Z;Wissen(Sieg);RE;RE 9;9;10913;8006501;8006501%2021-12-25T12:21:00.000Z%,8000034,8000427,8001112,8000046,;602
2021-12-25T12:37:00.000Z;Wissen(Sieg);RE;RE 9;9;10918;8006501;8006501%2021-12-25T12:37:00.000Z%,8000012,8005356,8002768,8001736,8002753,8005556,8000135,8004869,8003368,8000207,8000208,8000178,8000084,8003553,8001886,8000348,8000406,8000001,;602
2021-12-25T13:21:00.000Z;Wissen(Sieg);RE;RE 9;9;10915;8006501;8006501%2021-12-25T13:21:00.000Z%,8000034,8000427,8001112,8000046,;602
2021-12-25T13:37:00.000Z;Wissen(Sieg);RE;RE 9;9;10920;8006501;8006501%2021-12-25T13:37:00.000Z%,8000012,8005356,8002768,8001736,8002753,8005556,8000135,8004869,8003368,8000207,8000208,8000178,8000084,8003553,8001886,8000348,8000406,8000001,;602
2021-12-25T14:21:00.000Z;Wissen(Sieg);RE;RE 9;9;10917;8006501;8006501%2021-12-25T14:21:00.000Z%,8000034,8000427,8001112,8000046,;602
2021-12-25T14:37:00.000Z;Wissen(Sieg);RE;RE 9;9;10922;8006501;8006501%2021-12-25T14:37:00.000Z%,8000012,8005356,8002768,8001736,8002753,8005556,8000135,8004869,8003368,8000207,8000208,8000178,8000084,8003553,8001886,8000348,8000406,8000001,;602
2021-12-25T15:21:00.000Z;Wissen(Sieg);RE;RE 9;9;10919;8006501;8006501%2021-12-25T15:21:00.000Z%,8000034,8000427,8001112,8000046,;602
2021-12-25T15:37:00.000Z;Wissen(Sieg);RE;RE 9;9;10924;8006501;8006501%2021-12-25T15:37:00.000Z%,8000012,8005356,8002768,8001736,8002753,8005556,8000135,8004869,8003368,8000207,8000208,8000178,8000084,8003553,8001886,8000348,8000406,8000001,;602
2021-12-25T16:21:00.000Z;Wissen(Sieg);RE;RE 9;9;10921;8006501;8006501%2021-12-25T16:21:00.000Z%,8000034,8000427,8001112,8000046,;602
2021-12-25T16:37:00.000Z;Wissen(Sieg);RE;RE 9;9;10926;8006501;8006501%2021-12-25T16:37:00.000Z%,8000012,8005356,8002768,8001736,8002753,8005556,8000135,8004869,8003368,8000207,8000208,8000178,8000084,8003553,8001886,8000348,8000406,8000001,;602
2021-12-25T17:21:00.000Z;Wissen(Sieg);RE;RE 9;9;10923;8006501;8006501%2021-12-25T17:21:00.000Z%,8000034,8000427,8001112,8000046,;602
2021-12-25T17:37:00.000Z;Wissen(Sieg);RE;RE 9;9;10928;8006501;8006501%2021-12-25T17:37:00.000Z%,8000012,8005356,8002768,8001736,8002753,8005556,8000135,8004869,8003368,8000207,8000208,8000178,8000084,8003553,8001886,8000348,8000406,8000001,;602
2021-12-25T18:21:00.000Z;Wissen(Sieg);RE;RE 9;9;10925;8006501;8006501%2021-12-25T18:21:00.000Z%,8000034,8000427,8001112,8000046,;602
2021-12-25T18:37:00.000Z;Wissen(Sieg);RE;RE 9;9;10930;8006501;8006501%2021-12-25T18:37:00.000Z%,8000012,8005356,8002768,8001736,8002753,8005556,8000135,8004869,8003368,8000207,8000208,8000178,8000084,8003553,8001886,8000348,8000406,8000001,;602
2021-12-25T19:21:00.000Z;Wissen(Sieg);RE;RE 9;9;10927;8006501;8006501%2021-12-25T19:21:00.000Z%,8000034,8000427,8001112,8000046,;602
2021-12-25T19:37:00.000Z;Wissen(Sieg);RE;RE 9;9;10932;8006501;8006501%2021-12-25T19:37:00.000Z%,8000012,8005356,8002768,8001736,8002753,8005556,8000135,8004869,8003368,8000207,8000208,8000178,8000084,8003553,8001886,8000348,8000406,8000001,;602
2021-12-24T23:14:00.000Z;Mannheim-Neckarstadt;RE;RE 70;70;4588;8006511;8006511%2021-12-24T23:14:00.000Z%,8006509,8003848,8003503,8098360,8001034,8000503,8002391,8002249,8000951,8005740,8000126,8003605,8001511,8002386,8004065,8006175,8006648,8002040,8002050,8000105,;602
2021-12-25T01:26:00.000Z;Mannheim-Neckarstadt;RE;RE 70;70;15592;8006511;8006511%2021-12-25T01:26:00.000Z%,8006509,8003848,8003503,8098360,8001034,8000503,8002391,8002249,8000951,8005740,8000126,8003605,8001511,8002386,8004065,8006175,8006648,8002040,8002050,8000105,;602
2021-12-25T02:01:00.000Z;Mannheim-Neckarstadt;RE;RE 70;70;15581;8006511;8006511%2021-12-25T02:01:00.000Z%,8006508,8000244,;602
2021-12-25T03:35:00.000Z;Mannheim-Neckarstadt;RE;RE 70;70;15590;8006511;8006511%2021-12-25T03:35:00.000Z%,8006509,8003848,8003503,8098360,8001034,8000503,8002391,8002249,8000951,8005740,8000126,8003605,8001511,8002386,8004065,8006175,8006648,8002040,8002050,8000105,;602
2021-12-25T04:07:00.000Z;Mannheim-Neckarstadt;RE;RE 70;70;15571;8006511;8006511%2021-12-25T04:07:00.000Z%,8006508,8000244,;602
2021-12-25T04:37:00.000Z;Mannheim-Neckarstadt;RE;RE 70;70;4552;8006511;8006511%2021-12-25T04:37:00.000Z%,8006509,8003848,8003503,8098360,8001034,8000503,8002391,8002249,8000951,8005740,8000126,8002386,8004065,8006175,8002050,8000105,;602
2021-12-24T20:24:00.000Z;Witzenhausen Nord;RE;RE 9;9;74716;8006524;8006524%2021-12-24T20:24:00.000Z%0,8006707,8000193,;602
2021-12-24T20:34:00.000Z;Witzenhausen Nord;RE;RE 2;2;16267;8006524;8006524%2021-12-24T20:35:00.000Z%1,8000090,8011054,8013159,8011849,8010203,8012993,8010235,8011746,8012919,8010020,8011687,8010081,8010198,8010102,8010101,;602
2021-12-24T20:37:00.000Z;Witzenhausen Nord;RB;RB 83;83;24035;8006524;8006524%2021-12-24T20:37:00.000Z%0,8002259,8002677,8006707,8005623,8003053,8004415,8000193,;426
2021-12-24T21:20:00.000Z;Witzenhausen Nord;RB;RB 83;83;24034;8006524;8006524%2021-12-24T21:20:00.000Z%0,8000090,8002102,8000128,;426
2021-12-24T21:37:00.000Z;Witzenhausen Nord;RB;RB 83;83;24037;8006524;8006524%2021-12-24T21:37:00.000Z%0,8002259,8002677,8006707,8005623,8003053,8004415,8000193,;426
2021-12-24T22:20:00.000Z;Witzenhausen Nord;RB;RB 83;83;24036;8006524;8006524%2021-12-24T22:20:00.000Z%0,8000090,8002102,8000128,;426
2021-12-24T22:37:00.000Z;Witzenhausen Nord;RB;RB 83;83;24039;8006524;8006524%2021-12-24T22:37:00.000Z%0,8002259,8002677,8006707,8005623,8003053,8004415,8000193,;426
2021-12-24T23:20:00.000Z;Witzenhausen Nord;RB;RB 83;83;24038;8006524;8006524%2021-12-24T23:20:00.000Z%0,8000090,8002102,8000128,;426
2021-12-24T23:45:00.000Z;Witzenhausen Nord;RB;RB 83;83;24041;8006524;8006524%2021-12-24T23:45:00.000Z%0,8002259,8002677,8006707,8005623,8003053,8004415,8000193,;426
2021-12-25T00:49:00.000Z;Witzenhausen Nord;RB;RB 83;83;24040;8006524;8006524%2021-12-25T00:49:00.000Z%0,8000090,8002102,8000128,;426
2021-12-25T05:35:00.000Z;Witzenhausen Nord;RE;RE 9;9;74705;8006524;8006524%2021-12-25T05:35:00.000Z%,8000090,8011849,8010203,8013004,8010055,8010385,8010256,8011860,8011657,8010032,8012796,8011138,8013217,8010312,8010054,8013336,8012279,8010299,8010159,;602
2021-12-25T06:20:00.000Z;Witzenhausen Nord;RB;RB 83;83;24004;8006524;8006524%2021-12-25T06:20:00.000Z%,8000090,8002102,8000128,;426
2021-12-25T06:24:00.000Z;Witzenhausen Nord;RE;RE 9;9;74700;8006524;8006524%2021-12-25T06:24:00.000Z%,8006707,8003200,;602
2021-12-25T06:37:00.000Z;Witzenhausen Nord;RB;RB 83;83;24007;8006524;8006524%2021-12-25T06:37:00.000Z%,8002259,8002677,8006707,8005623,8003053,8004415,8000193,;426
2021-12-25T07:20:00.000Z;Witzenhausen Nord;RB;RB 83;83;24006;8006524;8006524%2021-12-25T07:20:00.000Z%,8000090,8002102,8000128,;426
2021-12-25T07:21:00.000Z;Witzenhausen Nord;RE;RE 2;2;16252;8006524;8006524%2021-12-25T07:21:00.000Z%,8006707,8003200,;602
2021-12-25T07:35:00.000Z;Witzenhausen Nord;RE;RE 9;9;74707;8006524;8006524%2021-12-25T07:35:00.000Z%,8000090,8011849,8010203,8010055,8010385,8010256,8011860,8011657,8010032,8012796,8011138,8013217,8010312,8010054,8013336,8012279,8010299,8010159,;602
2021-12-25T07:37:00.000Z;Witzenhausen Nord;RB;RB 83;83;24009;8006524;8006524%2021-12-25T07:37:00.000Z%,8002259,8002677,8006707,8005623,8003053,8004415,8000193,;426
2021-12-25T08:20:00.000Z;Witzenhausen Nord;RB;RB 83;83;24008;8006524;8006524%2021-12-25T08:20:00.000Z%,8000090,8002102,8000128,;426
2021-12-25T08:24:00.000Z;Witzenhausen Nord;RE;RE 9;9;74702;8006524;8006524%2021-12-25T08:24:00.000Z%,8006707,8003200,;602
2021-12-25T08:34:00.000Z;Witzenhausen Nord;RE;RE 2;2;16255;8006524;8006524%2021-12-25T08:34:00.000Z%,8000090,8011054,8013159,8011849,8010203,8012993,8011335,8010235,8010020,8010081,8010101,;602
2021-12-25T08:37:00.000Z;Witzenhausen Nord;RB;RB 83;83;24011;8006524;8006524%2021-12-25T08:37:00.000Z%,8002259,8002677,8006707,8005623,8003053,8004415,8000193,;426
2021-12-25T09:20:00.000Z;Witzenhausen Nord;RB;RB 83;83;24010;8006524;8006524%2021-12-25T09:20:00.000Z%,8000090,8002102,8000128,;426
2021-12-25T09:23:00.000Z;Witzenhausen Nord;RE;RE 2;2;16254;8006524;8006524%2021-12-25T09:23:00.000Z%,8006707,8003200,;602
2021-12-25T09:35:00.000Z;Witzenhausen Nord;RE;RE 9;9;74709;8006524;8006524%2021-12-25T09:35:00.000Z%,8000090,8011849,8010203,8010055,8010385,8010256,8011860,8011657,8010032,8012796,8011138,8013217,8010312,8010054,8013336,8012279,8010299,8010159,;602
2021-12-25T09:37:00.000Z;Witzenhausen Nord;RB;RB 83;83;24013;8006524;8006524%2021-12-25T09:37:00.000Z%,8002259,8002677,8006707,8005623,8003053,8004415,8000193,;426
2021-12-25T10:20:00.000Z;Witzenhausen Nord;RB;RB 83;83;24012;8006524;8006524%2021-12-25T10:20:00.000Z%,8000090,8002102,8000128,;426
2021-12-25T10:24:00.000Z;Witzenhausen Nord;RE;RE 9;9;74704;8006524;8006524%2021-12-25T10:24:00.000Z%,8006707,8003200,;602
2021-12-25T10:34:00.000Z;Witzenhausen Nord;RE;RE 2;2;16257;8006524;8006524%2021-12-25T10:34:00.000Z%,8000090,8011054,8013159,8011849,8010203,8012993,8011335,8010235,8010020,8010081,8010101,;602
2021-12-25T10:37:00.000Z;Witzenhausen Nord;RB;RB 83;83;24015;8006524;8006524%2021-12-25T10:37:00.000Z%,8002259,8002677,8006707,8005623,8003053,8004415,8000193,;426
2021-12-25T11:20:00.000Z;Witzenhausen Nord;RB;RB 83;83;24014;8006524;8006524%2021-12-25T11:20:00.000Z%,8000090,8002102,8000128,;426
2021-12-25T11:23:00.000Z;Witzenhausen Nord;RE;RE 2;2;16256;8006524;8006524%2021-12-25T11:23:00.000Z%,8006707,8003200,;602
2021-12-25T11:35:00.000Z;Witzenhausen Nord;RE;RE 9;9;74711;8006524;8006524%2021-12-25T11:35:00.000Z%,8000090,8011849,8010203,8010055,8010385,8010256,8011860,8011657,8010032,8012796,8011138,8013217,8010312,8010054,8013336,8012279,8010299,8010159,;602
2021-12-25T11:37:00.000Z;Witzenhausen Nord;RB;RB 83;83;24017;8006524;8006524%2021-12-25T11:37:00.000Z%,8002259,8002677,8006707,8005623,8003053,8004415,8000193,;426
2021-12-25T12:20:00.000Z;Witzenhausen Nord;RB;RB 83;83;24016;8006524;8006524%2021-12-25T12:20:00.000Z%,8000090,8002102,8000128,;426
2021-12-25T12:24:00.000Z;Witzenhausen Nord;RE;RE 9;9;74708;8006524;8006524%2021-12-25T12:24:00.000Z%,8006707,8003200,;602
2021-12-25T12:34:00.000Z;Witzenhausen Nord;RE;RE 2;2;16259;8006524;8006524%2021-12-25T12:34:00.000Z%,8000090,8011054,8013159,8011849,8010203,8012993,8011335,8010235,8010020,8010081,8010101,;602
2021-12-25T12:37:00.000Z;Witzenhausen Nord;RB;RB 83;83;24019;8006524;8006524%2021-12-25T12:37:00.000Z%,8002259,8002677,8006707,8005623,8003053,8004415,8000193,;426
2021-12-25T13:20:00.000Z;Witzenhausen Nord;RB;RB 83;83;24018;8006524;8006524%2021-12-25T13:20:00.000Z%,8000090,8002102,8000128,;426
2021-12-25T13:23:00.000Z;Witzenhausen Nord;RE;RE 2;2;16258;8006524;8006524%2021-12-25T13:23:00.000Z%,8006707,8003200,;602
2021-12-25T13:35:00.000Z;Witzenhausen Nord;RE;RE 9;9;74713;8006524;8006524%2021-12-25T13:35:00.000Z%,8000090,8011849,8010203,8010055,8010385,8010256,8011860,8011657,8010032,8012796,8011138,8013217,8010312,8010054,8013336,8012279,8010299,8010159,;602
2021-12-25T13:37:00.000Z;Witzenhausen Nord;RB;RB 83;83;24021;8006524;8006524%2021-12-25T13:37:00.000Z%,8002259,8002677,8006707,8005623,8003053,8004415,8000193,;426
2021-12-25T14:20:00.000Z;Witzenhausen Nord;RB;RB 83;83;24020;8006524;8006524%2021-12-25T14:20:00.000Z%,8000090,8002102,8000128,;426
2021-12-25T14:24:00.000Z;Witzenhausen Nord;RE;RE 9;9;74710;8006524;8006524%2021-12-25T14:24:00.000Z%,8006707,8003200,;602
2021-12-25T14:35:00.000Z;Witzenhausen Nord;RE;RE 2;2;16261;8006524;8006524%2021-12-25T14:35:00.000Z%,8000090,8011054,8013159,8011849,8010203,8012993,8011335,8010235,8010020,8010081,8010101,;602
2021-12-25T14:37:00.000Z;Witzenhausen Nord;RB;RB 83;83;24023;8006524;8006524%2021-12-25T14:37:00.000Z%,8002259,8002677,8006707,8005623,8003053,8004415,8000193,;426
2021-12-25T15:20:00.000Z;Witzenhausen Nord;RB;RB 83;83;24022;8006524;8006524%2021-12-25T15:20:00.000Z%,8000090,8002102,8000128,;426
2021-12-25T15:23:00.000Z;Witzenhausen Nord;RE;RE 2;2;16260;8006524;8006524%2021-12-25T15:23:00.000Z%,8006707,8003200,;602
2021-12-25T15:35:00.000Z;Witzenhausen Nord;RE;RE 9;9;74715;8006524;8006524%2021-12-25T15:35:00.000Z%,8000090,8011849,8010203,8010055,8010385,8010256,8011860,8011657,8010032,8012796,8011138,8013217,8010312,8010054,8013336,8012279,8010299,8010159,;602
2021-12-25T15:37:00.000Z;Witzenhausen Nord;RB;RB 83;83;24025;8006524;8006524%2021-12-25T15:37:00.000Z%,8002259,8002677,8006707,8005623,8003053,8004415,8000193,;426
2021-12-25T16:20:00.000Z;Witzenhausen Nord;RB;RB 83;83;24024;8006524;8006524%2021-12-25T16:20:00.000Z%,8000090,8002102,8000128,;426
2021-12-25T16:24:00.000Z;Witzenhausen Nord;RE;RE 9;9;74712;8006524;8006524%2021-12-25T16:24:00.000Z%,8006707,8003200,;602
2021-12-25T16:34:00.000Z;Witzenhausen Nord;RE;RE 2;2;16263;8006524;8006524%2021-12-25T16:34:00.000Z%,8000090,8011054,8013159,8011849,8010203,8012993,8011335,8010235,8010020,8010081,8010101,;602
2021-12-25T16:37:00.000Z;Witzenhausen Nord;RB;RB 83;83;24027;8006524;8006524%2021-12-25T16:37:00.000Z%,8002259,8002677,8006707,8005623,8003053,8004415,8000193,;426
2021-12-25T17:20:00.000Z;Witzenhausen Nord;RB;RB 83;83;24026;8006524;8006524%2021-12-25T17:20:00.000Z%,8000090,8002102,8000128,;426
2021-12-25T17:23:00.000Z;Witzenhausen Nord;RE;RE 2;2;16262;8006524;8006524%2021-12-25T17:23:00.000Z%,8006707,8003200,;602
2021-12-25T17:35:00.000Z;Witzenhausen Nord;RE;RE 9;9;74717;8006524;8006524%2021-12-25T17:35:00.000Z%,8000090,8011849,8010203,8010055,8010385,8010256,8011860,8011657,8010032,8012796,8011138,8013217,8010312,8010054,8013336,8012279,8010299,8010159,;602
2021-12-25T17:37:00.000Z;Witzenhausen Nord;RB;RB 83;83;24029;8006524;8006524%2021-12-25T17:37:00.000Z%,8002259,8002677,8006707,8005623,8003053,8004415,8000193,;426
2021-12-25T18:20:00.000Z;Witzenhausen Nord;RB;RB 83;83;24028;8006524;8006524%2021-12-25T18:20:00.000Z%,8000090,8002102,8000128,;426
2021-12-25T18:24:00.000Z;Witzenhausen Nord;RE;RE 9;9;74714;8006524;8006524%2021-12-25T18:24:00.000Z%,8006707,8003200,;602
2021-12-25T18:34:00.000Z;Witzenhausen Nord;RE;RE 2;2;16265;8006524;8006524%2021-12-25T18:34:00.000Z%,8000090,8011054,8013159,8011849,8010203,8012993,8010235,8011746,8010020,8010081,8010101,;602
2021-12-25T18:37:00.000Z;Witzenhausen Nord;RB;RB 83;83;24031;8006524;8006524%2021-12-25T18:37:00.000Z%,8002259,8002677,8006707,8005623,8003053,8004415,8000193,;426
2021-12-25T05:45:00.000Z;Witzwort;RB;RB 64;64;21150;8006527;8006527%2021-12-25T05:45:00.000Z%,8002592,8005885,8003208,8003207,8002185,8005288,8005826,8000754,8000755,;426
2021-12-25T06:45:00.000Z;Witzwort;RB;RB 64;64;21152;8006527;8006527%2021-12-25T06:45:00.000Z%,8002592,8005885,8003208,8003207,8002185,8005288,8005826,8000754,8000755,;426
2021-12-25T07:12:00.000Z;Witzwort;RB;RB 64;64;21163;8006527;8006527%2021-12-25T07:12:00.000Z%,8000181,;426
2021-12-25T07:45:00.000Z;Witzwort;RB;RB 64;64;21154;8006527;8006527%2021-12-25T07:45:00.000Z%,8002592,8005885,8003208,8003207,8002185,8005288,8005826,8000754,8000755,;426
2021-12-25T08:12:00.000Z;Witzwort;RB;RB 64;64;21165;8006527;8006527%2021-12-25T08:12:00.000Z%,8000181,;426
2021-12-25T08:45:00.000Z;Witzwort;RB;RB 64;64;21156;8006527;8006527%2021-12-25T08:45:00.000Z%,8002592,8005885,8003208,8003207,8002185,8005288,8005826,8000754,8000755,;426
2021-12-25T09:12:00.000Z;Witzwort;RB;RB 64;64;21167;8006527;8006527%2021-12-25T09:12:00.000Z%,8000181,;426
2021-12-25T09:45:00.000Z;Witzwort;RB;RB 64;64;21158;8006527;8006527%2021-12-25T09:45:00.000Z%,8002592,8005885,8003208,8003207,8002185,8005288,8005826,8000754,8000755,;426
2021-12-25T10:12:00.000Z;Witzwort;RB;RB 64;64;21169;8006527;8006527%2021-12-25T10:12:00.000Z%,8000181,;426
2021-12-25T10:45:00.000Z;Witzwort;RB;RB 64;64;21160;8006527;8006527%2021-12-25T10:45:00.000Z%,8002592,8005885,8003208,8003207,8002185,8005288,8005826,8000754,8000755,;426
2021-12-25T11:12:00.000Z;Witzwort;RB;RB 64;64;21171;8006527;8006527%2021-12-25T11:12:00.000Z%,8000181,;426
2021-12-25T11:45:00.000Z;Witzwort;RB;RB 64;64;21162;8006527;8006527%2021-12-25T11:45:00.000Z%,8002592,8005885,8003208,8003207,8002185,8005288,8005826,8000754,8000755,;426
2021-12-25T12:12:00.000Z;Witzwort;RB;RB 64;64;21173;8006527;8006527%2021-12-25T12:12:00.000Z%,8000181,;426
2021-12-25T12:45:00.000Z;Witzwort;RB;RB 64;64;21164;8006527;8006527%2021-12-25T12:45:00.000Z%,8002592,8005885,8003208,8003207,8002185,8005288,8005826,8000754,8000755,;426
2021-12-25T13:12:00.000Z;Witzwort;RB;RB 64;64;21175;8006527;8006527%2021-12-25T13:12:00.000Z%,8000181,;426
2021-12-25T13:45:00.000Z;Witzwort;RB;RB 64;64;21166;8006527;8006527%2021-12-25T13:45:00.000Z%,8002592,8005885,8003208,8003207,8002185,8005288,8005826,8000754,8000755,;426
2021-12-25T14:12:00.000Z;Witzwort;RB;RB 64;64;21177;8006527;8006527%2021-12-25T14:12:00.000Z%,8000181,;426
2021-12-25T14:45:00.000Z;Witzwort;RB;RB 64;64;21168;8006527;8006527%2021-12-25T14:45:00.000Z%,8002592,8005885,8003208,8003207,8002185,8005288,8005826,8000754,8000755,;426
2021-12-25T15:12:00.000Z;Witzwort;RB;RB 64;64;21179;8006527;8006527%2021-12-25T15:12:00.000Z%,8000181,;426
2021-12-25T15:45:00.000Z;Witzwort;RB;RB 64;64;21170;8006527;8006527%2021-12-25T15:45:00.000Z%,8002592,8005885,8003208,8003207,8002185,8005288,8005826,8000754,8000755,;426
2021-12-25T16:12:00.000Z;Witzwort;RB;RB 64;64;21181;8006527;8006527%2021-12-25T16:12:00.000Z%,8000181,;426
2021-12-25T16:45:00.000Z;Witzwort;RB;RB 64;64;21172;8006527;8006527%2021-12-25T16:45:00.000Z%,8002592,8005885,8003208,8003207,8002185,8005288,8005826,8000754,8000755,;426
2021-12-25T17:12:00.000Z;Witzwort;RB;RB 64;64;21183;8006527;8006527%2021-12-25T17:12:00.000Z%,8000181,;426
2021-12-25T17:45:00.000Z;Witzwort;RB;RB 64;64;21174;8006527;8006527%2021-12-25T17:45:00.000Z%,8002592,8005885,8003208,8003207,8002185,8005288,8005826,8000754,8000755,;426
2021-12-25T18:12:00.000Z;Witzwort;RB;RB 64;64;21185;8006527;8006527%2021-12-25T18:12:00.000Z%,8000181,;426
2021-12-25T18:45:00.000Z;Witzwort;RB;RB 64;64;21176;8006527;8006527%2021-12-25T18:45:00.000Z%,8002592,8005885,8003208,8003207,8002185,8005288,8005826,8000754,8000755,;426
2021-12-25T19:12:00.000Z;Witzwort;RB;RB 64;64;21187;8006527;8006527%2021-12-25T19:12:00.000Z%,8000181,;426
2021-12-25T19:45:00.000Z;Witzwort;RB;RB 64;64;21178;8006527;8006527%2021-12-25T19:45:00.000Z%,8002592,8005885,8003208,8003207,8002185,8005288,8005826,8000754,8000755,;426
2021-12-25T20:12:00.000Z;Witzwort;RB;RB 64;64;21189;8006527;8006527%2021-12-25T20:12:00.000Z%,8000181,;426
2021-12-24T21:44:00.000Z;Wörnitzstein;RB;RB 87;87;57242;8006533;8006533%2021-12-24T21:44:00.000Z%,8001628,8002593,8002994,8004071,8000280,;426
2021-12-25T05:44:00.000Z;Wörnitzstein;RB;RB 89;89;57241;8006533;8006533%2021-12-25T05:44:00.000Z%,8000078,;426
2021-12-25T06:12:00.000Z;Wörnitzstein;RB;RB 89;89;57240;8006533;8006533%2021-12-25T06:12:00.000Z%,8001628,8002593,8002994,8004071,8000280,8004796,8005908,8001090,8000655,8003569,8006376,8000380,8006217,8000002,;426
2021-12-25T07:47:00.000Z;Wörnitzstein;RB;RB 89;89;57211;8006533;8006533%2021-12-25T07:47:00.000Z%,8000078,;426
2021-12-25T08:09:00.000Z;Wörnitzstein;RB;RB 89;89;57208;8006533;8006533%2021-12-25T08:09:00.000Z%,8001628,8002593,8002994,8004071,8000280,8004796,8005908,8001090,8000655,8003569,8006376,8000380,8006217,8000002,;426
2021-12-25T09:41:00.000Z;Wörnitzstein;RB;RB 89;89;57247;8006533;8006533%2021-12-25T09:41:00.000Z%,8000078,;426
2021-12-25T10:12:00.000Z;Wörnitzstein;RB;RB 89;89;57248;8006533;8006533%2021-12-25T10:12:00.000Z%,8001628,8002593,8002994,8004071,8000280,8004796,8005908,8001090,8000655,8003569,8006376,8000380,8006217,8000002,;426
2021-12-25T11:37:00.000Z;Wörnitzstein;RB;RB 89;89;57243;8006533;8006533%2021-12-25T11:37:00.000Z%,8000078,;426
2021-12-25T12:10:00.000Z;Wörnitzstein;RB;RB 89;89;57216;8006533;8006533%2021-12-25T12:10:00.000Z%,8001628,8002593,8002994,8004071,8000280,8004796,8005908,8001090,8000655,8003569,8006376,8000380,8006217,8000002,;426
2021-12-25T13:42:00.000Z;Wörnitzstein;RB;RB 89;89;57249;8006533;8006533%2021-12-25T13:42:00.000Z%,8000078,;426
2021-12-25T14:09:00.000Z;Wörnitzstein;RB;RB 89;89;57220;8006533;8006533%2021-12-25T14:09:00.000Z%,8001628,8002593,8002994,8004071,8000280,8004796,8005908,8001090,8000655,8003569,8006376,8000380,8006217,8000002,;426
2021-12-25T15:44:00.000Z;Wörnitzstein;RB;RB 89;89;57227;8006533;8006533%2021-12-25T15:44:00.000Z%,8000078,;426
2021-12-25T16:16:00.000Z;Wörnitzstein;RB;RB 89;89;57224;8006533;8006533%2021-12-25T16:16:00.000Z%,8001628,8002593,8002994,8004071,8000280,8004796,8005908,8001090,8000655,8003569,8006376,8000380,8006217,8000002,;426
2021-12-25T17:50:00.000Z;Wörnitzstein;RB;RB 89;89;57231;8006533;8006533%2021-12-25T17:50:00.000Z%,8000078,;426
2021-12-25T18:10:00.000Z;Wörnitzstein;RB;RB 89;89;57232;8006533;8006533%2021-12-25T18:10:00.000Z%,8001628,8002593,8002994,8004071,8000280,8004796,8005908,8001090,8000655,8003569,8006376,8000380,8006217,8000002,;426
2021-12-25T19:40:00.000Z;Wörnitzstein;RB;RB 89;89;57251;8006533;8006533%2021-12-25T19:40:00.000Z%,8000078,;426
2021-12-25T20:11:00.000Z;Wörnitzstein;RB;RB 89;89;57236;8006533;8006533%2021-12-25T20:11:00.000Z%,8001628,8002593,8002994,8004071,8000280,8004796,8005908,8001090,8000655,8003569,8006376,8000380,8002930,8006217,8000002,;426
2021-12-24T21:11:00.000Z;Wörsdorf;RB;RB 22;22;15288;8006535;8006535%2021-12-24T21:11:00.000Z%0,8001322,8004409,8004518,8004364,8003696,8001883,8000229,;426
2021-12-24T21:48:00.000Z;Wörsdorf;RB;RB 22;22;15285;8006535;8006535%2021-12-24T21:48:00.000Z%,8003041,8004400,8002935,8000106,8000105,;426
2021-12-24T22:11:00.000Z;Wörsdorf;RB;RB 22;22;15290;8006535;8006535%2021-12-24T22:11:00.000Z%,8001322,8004409,8004518,8004364,8003696,8001883,8000229,;426
2021-12-24T23:48:00.000Z;Wörsdorf;RB;RB 22;22;15289;8006535;8006535%2021-12-24T23:48:00.000Z%,8003041,8004400,8002935,8000106,8000105,;426
2021-12-25T00:11:00.000Z;Wörsdorf;RB;RB 22;22;15294;8006535;8006535%2021-12-25T00:11:00.000Z%,8001322,8004409,8004518,8004364,8003696,8001883,8000229,;426
2021-12-25T02:11:00.000Z;Wörsdorf;RB;RB 22;22;15296;8006535;8006535%2021-12-25T02:11:00.000Z%,8001322,8004409,8004518,8004364,8003696,8001883,8000229,;426
2021-12-25T03:48:00.000Z;Wörsdorf;RB;RB 22;22;15241;8006535;8006535%2021-12-25T03:48:00.000Z%,8003041,8004400,8002935,8000106,8000105,;426
2021-12-25T05:48:00.000Z;Wörsdorf;RB;RB 22;22;15251;8006535;8006535%2021-12-25T05:48:00.000Z%,8003041,8004400,8002935,8000106,8000105,;426
2021-12-25T06:11:00.000Z;Wörsdorf;RB;RB 22;22;15244;8006535;8006535%2021-12-25T06:11:00.000Z%,8001322,8004409,8004518,8004364,8003696,8001883,8000229,;426
2021-12-25T06:48:00.000Z;Wörsdorf;RB;RB 22;22;15255;8006535;8006535%2021-12-25T06:48:00.000Z%,8003041,8004400,8002935,8000106,8000105,;426
2021-12-25T07:48:00.000Z;Wörsdorf;RB;RB 22;22;15257;8006535;8006535%2021-12-25T07:48:00.000Z%,8003041,8004400,8002935,8000106,8000105,;426
2021-12-25T08:11:00.000Z;Wörsdorf;RB;RB 22;22;15250;8006535;8006535%2021-12-25T08:11:00.000Z%,8001322,8004409,8004518,8004364,8003696,8001883,8000229,;426
2021-12-25T08:48:00.000Z;Wörsdorf;RB;RB 22;22;15259;8006535;8006535%2021-12-25T08:48:00.000Z%,8003041,8004400,8002935,8000106,8000105,;426
2021-12-25T09:11:00.000Z;Wörsdorf;RB;RB 22;22;15252;8006535;8006535%2021-12-25T09:11:00.000Z%,8001322,8004409,8004518,8004364,8003696,8001883,8000229,;426
2021-12-25T09:48:00.000Z;Wörsdorf;RB;RB 22;22;15261;8006535;8006535%2021-12-25T09:48:00.000Z%,8003041,8004400,8002935,8000106,8000105,;426
2021-12-25T10:11:00.000Z;Wörsdorf;RB;RB 22;22;15254;8006535;8006535%2021-12-25T10:11:00.000Z%,8001322,8004409,8004518,8004364,8003696,8001883,8000229,;426
2021-12-25T10:48:00.000Z;Wörsdorf;RB;RB 22;22;15263;8006535;8006535%2021-12-25T10:48:00.000Z%,8003041,8004400,8002935,8000106,8000105,;426
2021-12-25T11:11:00.000Z;Wörsdorf;RB;RB 22;22;15256;8006535;8006535%2021-12-25T11:11:00.000Z%,8001322,8004409,8004518,8004364,8003696,8001883,8000229,;426
2021-12-25T11:48:00.000Z;Wörsdorf;RB;RB 22;22;15265;8006535;8006535%2021-12-25T11:48:00.000Z%,8003041,8004400,8002935,8000106,8000105,;426
2021-12-25T12:11:00.000Z;Wörsdorf;RB;RB 22;22;15258;8006535;8006535%2021-12-25T12:11:00.000Z%,8001322,8004409,8004518,8004364,8003696,8001883,8000229,;426
2021-12-25T12:48:00.000Z;Wörsdorf;RB;RB 22;22;15267;8006535;8006535%2021-12-25T12:48:00.000Z%,8003041,8004400,8002935,8000106,8000105,;426
2021-12-25T13:11:00.000Z;Wörsdorf;RB;RB 22;22;15260;8006535;8006535%2021-12-25T13:11:00.000Z%,8001322,8004409,8004518,8004364,8003696,8001883,8000229,;426
2021-12-25T13:48:00.000Z;Wörsdorf;RB;RB 22;22;15269;8006535;8006535%2021-12-25T13:48:00.000Z%,8003041,8004400,8002935,8000106,8000105,;426
2021-12-25T14:11:00.000Z;Wörsdorf;RB;RB 22;22;15262;8006535;8006535%2021-12-25T14:11:00.000Z%,8001322,8004409,8004518,8004364,8003696,8001883,8000229,;426
2021-12-25T14:48:00.000Z;Wörsdorf;RB;RB 22;22;15271;8006535;8006535%2021-12-25T14:48:00.000Z%,8003041,8004400,8002935,8000106,8000105,;426
2021-12-25T15:11:00.000Z;Wörsdorf;RB;RB 22;22;15266;8006535;8006535%2021-12-25T15:11:00.000Z%,8001322,8004409,8004518,8004364,8003696,8001883,8000229,;426
2021-12-25T15:48:00.000Z;Wörsdorf;RB;RB 22;22;15273;8006535;8006535%2021-12-25T15:48:00.000Z%,8003041,8004400,8002935,8000106,8000105,;426
2021-12-25T16:11:00.000Z;Wörsdorf;RB;RB 22;22;15272;8006535;8006535%2021-12-25T16:11:00.000Z%,8001322,8004409,8004518,8004364,8003696,8001883,8000229,;426
2021-12-25T16:48:00.000Z;Wörsdorf;RB;RB 22;22;15275;8006535;8006535%2021-12-25T16:48:00.000Z%,8003041,8004400,8002935,8000106,8000105,;426
2021-12-25T17:11:00.000Z;Wörsdorf;RB;RB 22;22;15278;8006535;8006535%2021-12-25T17:11:00.000Z%,8001322,8004409,8004518,8004364,8003696,8001883,8000229,;426
2021-12-25T17:48:00.000Z;Wörsdorf;RB;RB 22;22;15277;8006535;8006535%2021-12-25T17:48:00.000Z%,8003041,8004400,8002935,8000106,8000105,;426
2021-12-25T18:11:00.000Z;Wörsdorf;RB;RB 22;22;15282;8006535;8006535%2021-12-25T18:11:00.000Z%,8001322,8004409,8004518,8004364,8003696,8001883,8000229,;426
2021-12-25T18:48:00.000Z;Wörsdorf;RB;RB 22;22;15279;8006535;8006535%2021-12-25T18:48:00.000Z%,8003041,8004400,8002935,8000106,8000105,;426
2021-12-25T19:11:00.000Z;Wörsdorf;RB;RB 22;22;15284;8006535;8006535%2021-12-25T19:11:00.000Z%,8001322,8004409,8004518,8004364,8003696,8001883,8000229,;426
2021-12-25T19:48:00.000Z;Wörsdorf;RB;RB 22;22;15281;8006535;8006535%2021-12-25T19:48:00.000Z%,8003041,8004400,8002935,8000106,8000105,;426
2021-12-25T20:11:00.000Z;Wörsdorf;RB;RB 22;22;15286;8006535;8006535%2021-12-25T20:11:00.000Z%,8001322,8004409,8004518,8004364,8003696,8001883,8000229,;426
2021-12-24T20:27:00.000Z;Wörth(Isar);RE;RE 3;3;4088;8006537;8006537%2021-12-24T20:32:00.000Z%5,8001466,8003506,8006181,8000301,8004700,8006086,8000298,;602
2021-12-24T20:31:00.000Z;Wörth(Isar);RE;RE 3;3;4087;8006537;8006537%2021-12-24T20:31:00.000Z%0,8000217,8004084,8002078,8000261,;602
2021-12-24T21:27:00.000Z;Wörth(Isar);RE;RE 3;3;4090;8006537;8006537%2021-12-24T21:32:00.000Z%5,8001466,8003506,8006181,8000301,8004700,8006086,8000298,;602
2021-12-24T21:31:00.000Z;Wörth(Isar);RE;RE 3;3;4089;8006537;8006537%2021-12-24T21:33:00.000Z%2,8000217,8004084,8002078,8000261,;602
2021-12-24T23:25:00.000Z;Wörth(Isar);RE;RE 3;3;4092;8006537;8006537%2021-12-24T23:25:00.000Z%,8001466,8003506,8006181,8000301,8004700,8006086,8000298,;602
2021-12-24T23:26:00.000Z;Wörth(Isar);RE;RE 3;3;4091;8006537;8006537%2021-12-24T23:26:00.000Z%,8000217,;602
2021-12-25T05:31:00.000Z;Wörth(Isar);RE;RE 3;3;4053;8006537;8006537%2021-12-25T05:31:00.000Z%,8000217,8004084,8002078,8000261,;602
2021-12-25T06:27:00.000Z;Wörth(Isar);RE;RE 3;3;4058;8006537;8006537%2021-12-25T06:27:00.000Z%,8001466,8003506,8006181,8000301,8004700,8006086,8000298,;602
2021-12-25T06:31:00.000Z;Wörth(Isar);RE;RE 3;3;4057;8006537;8006537%2021-12-25T06:31:00.000Z%,8000217,8004084,8002078,8000261,;602
2021-12-25T07:27:00.000Z;Wörth(Isar);RE;RE 3;3;4060;8006537;8006537%2021-12-25T07:27:00.000Z%,8001466,8003506,8006181,8000301,8004700,8006086,8000298,;602
2021-12-25T07:31:00.000Z;Wörth(Isar);RE;RE 3;3;4061;8006537;8006537%2021-12-25T07:31:00.000Z%,8000217,8004084,8002078,8000261,;602
2021-12-25T08:27:00.000Z;Wörth(Isar);RE;RE 3;3;4062;8006537;8006537%2021-12-25T08:27:00.000Z%,8001466,8003506,8006181,8000301,8004700,8006086,8000298,;602
2021-12-25T08:31:00.000Z;Wörth(Isar);RE;RE 3;3;4063;8006537;8006537%2021-12-25T08:31:00.000Z%,8000217,8004084,8002078,8000261,;602
2021-12-25T09:27:00.000Z;Wörth(Isar);RE;RE 3;3;4064;8006537;8006537%2021-12-25T09:27:00.000Z%,8001466,8003506,8006181,8000301,8004700,8006086,8000298,;602
2021-12-25T09:31:00.000Z;Wörth(Isar);RE;RE 3;3;4065;8006537;8006537%2021-12-25T09:31:00.000Z%,8000217,8004084,8002078,8000261,;602
2021-12-25T10:27:00.000Z;Wörth(Isar);RE;RE 3;3;4066;8006537;8006537%2021-12-25T10:27:00.000Z%,8001466,8003506,8006181,8000301,8004700,8006086,8000298,;602
2021-12-25T10:31:00.000Z;Wörth(Isar);RE;RE 3;3;4067;8006537;8006537%2021-12-25T10:31:00.000Z%,8000217,8004084,8002078,8000261,;602
2021-12-25T11:27:00.000Z;Wörth(Isar);RE;RE 3;3;4068;8006537;8006537%2021-12-25T11:27:00.000Z%,8001466,8003506,8006181,8000301,8004700,8006086,8000298,;602
2021-12-25T11:31:00.000Z;Wörth(Isar);RE;RE 3;3;4069;8006537;8006537%2021-12-25T11:31:00.000Z%,8000217,8004084,8002078,8000261,;602
2021-12-25T12:27:00.000Z;Wörth(Isar);RE;RE 3;3;4070;8006537;8006537%2021-12-25T12:27:00.000Z%,8001466,8003506,8006181,8000301,8004700,8006086,8000298,;602
2021-12-25T12:31:00.000Z;Wörth(Isar);RE;RE 3;3;4071;8006537;8006537%2021-12-25T12:31:00.000Z%,8000217,8004084,8002078,8000261,;602
2021-12-25T13:27:00.000Z;Wörth(Isar);RE;RE 3;3;4072;8006537;8006537%2021-12-25T13:27:00.000Z%,8001466,8003506,8006181,8000301,8004700,8006086,8000298,;602
2021-12-25T13:31:00.000Z;Wörth(Isar);RE;RE 3;3;4073;8006537;8006537%2021-12-25T13:31:00.000Z%,8000217,8004084,8002078,8000261,;602
2021-12-25T14:27:00.000Z;Wörth(Isar);RE;RE 3;3;4074;8006537;8006537%2021-12-25T14:27:00.000Z%,8001466,8003506,8006181,8000301,8004700,8006086,8000298,;602
2021-12-25T14:31:00.000Z;Wörth(Isar);RE;RE 3;3;4075;8006537;8006537%2021-12-25T14:31:00.000Z%,8000217,8004084,8002078,8000261,;602
2021-12-25T15:27:00.000Z;Wörth(Isar);RE;RE 3;3;4076;8006537;8006537%2021-12-25T15:27:00.000Z%,8001466,8003506,8006181,8000301,8004700,8006086,8000298,;602
2021-12-25T15:31:00.000Z;Wörth(Isar);RE;RE 3;3;4077;8006537;8006537%2021-12-25T15:31:00.000Z%,8000217,8004084,8002078,8000261,;602
2021-12-25T16:27:00.000Z;Wörth(Isar);RE;RE 3;3;4078;8006537;8006537%2021-12-25T16:27:00.000Z%,8001466,8003506,8006181,8000301,8004700,8006086,8000298,;602
2021-12-25T16:31:00.000Z;Wörth(Isar);RE;RE 3;3;4079;8006537;8006537%2021-12-25T16:31:00.000Z%,8000217,8004084,8002078,8000261,;602
2021-12-25T17:27:00.000Z;Wörth(Isar);RE;RE 3;3;4082;8006537;8006537%2021-12-25T17:27:00.000Z%,8001466,8003506,8006181,8000301,8004700,8006086,8000298,;602
2021-12-25T17:31:00.000Z;Wörth(Isar);RE;RE 3;3;4081;8006537;8006537%2021-12-25T17:31:00.000Z%,8000217,8004084,8002078,8000261,;602
2021-12-25T18:27:00.000Z;Wörth(Isar);RE;RE 3;3;4084;8006537;8006537%2021-12-25T18:27:00.000Z%,8001466,8003506,8006181,8000301,8004700,8006086,8000298,;602
2021-12-25T18:31:00.000Z;Wörth(Isar);RE;RE 3;3;4083;8006537;8006537%2021-12-25T18:31:00.000Z%,8000217,8004084,8002078,8000261,;602
2021-12-25T19:27:00.000Z;Wörth(Isar);RE;RE 3;3;4086;8006537;8006537%2021-12-25T19:27:00.000Z%,8001466,8003506,8006181,8000301,8004700,8006086,8000298,;602
2021-12-25T19:31:00.000Z;Wörth(Isar);RE;RE 3;3;4085;8006537;8006537%2021-12-25T19:31:00.000Z%,8000217,8004084,8002078,8000261,;602
2021-12-24T20:49:00.000Z;Wolfgang(Kr Hanau);RB;RB 51;51;15533;8006548;8006548%2021-12-24T20:50:00.000Z%1,8000150,8000349,8002041,8000105,;426
2021-12-24T21:07:00.000Z;Wolfgang(Kr Hanau);RB;RB 51;51;15534;8006548;8006548%2021-12-24T21:07:00.000Z%0,8004402,8003550,8004395,8002526,8000117,8002532,8006499,8006132,;426
2021-12-24T21:48:00.000Z;Wolfgang(Kr Hanau);RB;RB 51;51;15535;8006548;8006548%2021-12-24T21:48:00.000Z%,8000150,8000349,8002041,8000105,;426
2021-12-24T22:07:00.000Z;Wolfgang(Kr Hanau);RB;RB 51;51;15536;8006548;8006548%2021-12-24T22:07:00.000Z%,8004402,8003550,8004395,8002526,8000117,8002532,8006499,8006132,;426
2021-12-24T23:07:00.000Z;Wolfgang(Kr Hanau);RB;RB 51;51;15538;8006548;8006548%2021-12-24T23:07:00.000Z%,8004402,8003550,8004395,8002526,8000117,8002532,8006499,8006132,8005261,;426
2021-12-25T00:07:00.000Z;Wolfgang(Kr Hanau);RB;RB 51;51;15540;8006548;8006548%2021-12-25T00:07:00.000Z%,8004402,8003550,8004395,8002526,8000117,8002532,8006499,8006132,8005261,8005690,8000891,8002010,8004295,8000115,;426
2021-12-25T01:28:00.000Z;Wolfgang(Kr Hanau);RB;RB 51;51;15560;8006548;8006548%2021-12-25T01:28:00.000Z%,8004402,8003550,8004395,8002526,8000117,8002532,8006499,8006132,;426
2021-12-25T03:47:00.000Z;Wolfgang(Kr Hanau);RB;RB 51;51;15561;8006548;8006548%2021-12-25T03:47:00.000Z%,8000150,8000349,8002041,8000105,;426
2021-12-25T04:04:00.000Z;Wolfgang(Kr Hanau);RB;RB 51;51;15500;8006548;8006548%2021-12-25T04:04:00.000Z%,8004402,8003550,8004395,8002526,8000117,8002532,8006499,8006132,;426
2021-12-25T04:51:00.000Z;Wolfgang(Kr Hanau);RB;RB 51;51;15537;8006548;8006548%2021-12-25T04:51:00.000Z%,8000150,8000349,8002041,8000105,;426
2021-12-25T05:05:00.000Z;Wolfgang(Kr Hanau);RB;RB 51;51;15502;8006548;8006548%2021-12-25T05:05:00.000Z%,8004402,8003550,8004395,8002526,8000117,8002532,8006499,8006132,;426
2021-12-25T05:43:00.000Z;Wolfgang(Kr Hanau);RB;RB 51;51;15503;8006548;8006548%2021-12-25T05:43:00.000Z%,8000150,8000349,8002041,8000105,;426
2021-12-25T06:07:00.000Z;Wolfgang(Kr Hanau);RB;RB 51;51;15504;8006548;8006548%2021-12-25T06:07:00.000Z%,8004402,8003550,8004395,8002526,8000117,8002532,8006499,8006132,;426
2021-12-25T06:49:00.000Z;Wolfgang(Kr Hanau);RB;RB 51;51;15505;8006548;8006548%2021-12-25T06:49:00.000Z%,8000150,8000349,8002041,8000105,;426
2021-12-25T07:07:00.000Z;Wolfgang(Kr Hanau);RB;RB 51;51;15506;8006548;8006548%2021-12-25T07:07:00.000Z%,8004402,8003550,8004395,8002526,8000117,8002532,8006499,8006132,;426
2021-12-25T07:48:00.000Z;Wolfgang(Kr Hanau);RB;RB 51;51;15507;8006548;8006548%2021-12-25T07:48:00.000Z%,8000150,8000349,8002041,8000105,;426
2021-12-25T08:07:00.000Z;Wolfgang(Kr Hanau);RB;RB 51;51;15508;8006548;8006548%2021-12-25T08:07:00.000Z%,8004402,8003550,8004395,8002526,8000117,8002532,8006499,8006132,;426
2021-12-25T08:48:00.000Z;Wolfgang(Kr Hanau);RB;RB 51;51;15509;8006548;8006548%2021-12-25T08:48:00.000Z%,8000150,8000349,8002041,8000105,;426
2021-12-25T09:07:00.000Z;Wolfgang(Kr Hanau);RB;RB 51;51;15510;8006548;8006548%2021-12-25T09:07:00.000Z%,8004402,8003550,8004395,8002526,8000117,8002532,8006499,8006132,;426
2021-12-25T09:48:00.000Z;Wolfgang(Kr Hanau);RB;RB 51;51;15511;8006548;8006548%2021-12-25T09:48:00.000Z%,8000150,8000349,8002041,8000105,;426
2021-12-25T10:07:00.000Z;Wolfgang(Kr Hanau);RB;RB 51;51;15512;8006548;8006548%2021-12-25T10:07:00.000Z%,8004402,8003550,8004395,8002526,8000117,8002532,8006499,8006132,;426
2021-12-25T10:49:00.000Z;Wolfgang(Kr Hanau);RB;RB 51;51;15513;8006548;8006548%2021-12-25T10:49:00.000Z%,8000150,8000349,8002041,8000105,;426
2021-12-25T11:07:00.000Z;Wolfgang(Kr Hanau);RB;RB 51;51;15514;8006548;8006548%2021-12-25T11:07:00.000Z%,8004402,8003550,8004395,8002526,8000117,8002532,8006499,8006132,;426
2021-12-25T11:48:00.000Z;Wolfgang(Kr Hanau);RB;RB 51;51;15515;8006548;8006548%2021-12-25T11:48:00.000Z%,8000150,8000349,8002041,8000105,;426
2021-12-25T12:07:00.000Z;Wolfgang(Kr Hanau);RB;RB 51;51;15516;8006548;8006548%2021-12-25T12:07:00.000Z%,8004402,8003550,8004395,8002526,8000117,8002532,8006499,8006132,;426
2021-12-25T12:49:00.000Z;Wolfgang(Kr Hanau);RB;RB 51;51;15517;8006548;8006548%2021-12-25T12:49:00.000Z%,8000150,8000349,8002041,8000105,;426
2021-12-25T13:07:00.000Z;Wolfgang(Kr Hanau);RB;RB 51;51;15518;8006548;8006548%2021-12-25T13:07:00.000Z%,8004402,8003550,8004395,8002526,8000117,8002532,8006499,8006132,;426
2021-12-25T13:48:00.000Z;Wolfgang(Kr Hanau);RB;RB 51;51;15519;8006548;8006548%2021-12-25T13:48:00.000Z%,8000150,8000349,8002041,8000105,;426
2021-12-25T14:07:00.000Z;Wolfgang(Kr Hanau);RB;RB 51;51;15520;8006548;8006548%2021-12-25T14:07:00.000Z%,8004402,8003550,8004395,8002526,8000117,8002532,8006499,8006132,;426
2021-12-25T14:49:00.000Z;Wolfgang(Kr Hanau);RB;RB 51;51;15521;8006548;8006548%2021-12-25T14:49:00.000Z%,8000150,8000349,8002041,8000105,;426
2021-12-25T15:07:00.000Z;Wolfgang(Kr Hanau);RB;RB 51;51;15522;8006548;8006548%2021-12-25T15:07:00.000Z%,8004402,8003550,8004395,8002526,8000117,8002532,8006499,8006132,;426
2021-12-25T15:48:00.000Z;Wolfgang(Kr Hanau);RB;RB 51;51;15523;8006548;8006548%2021-12-25T15:48:00.000Z%,8000150,8000349,8002041,8000105,;426
2021-12-25T16:07:00.000Z;Wolfgang(Kr Hanau);RB;RB 51;51;15524;8006548;8006548%2021-12-25T16:07:00.000Z%,8004402,8003550,8004395,8002526,8000117,8002532,8006499,8006132,;426
2021-12-25T16:49:00.000Z;Wolfgang(Kr Hanau);RB;RB 51;51;15525;8006548;8006548%2021-12-25T16:49:00.000Z%,8000150,8000349,8002041,8000105,;426
2021-12-25T17:07:00.000Z;Wolfgang(Kr Hanau);RB;RB 51;51;15566;8006548;8006548%2021-12-25T17:07:00.000Z%,8004402,8003550,8004395,8002526,8000117,8002532,8006499,8006132,;426
2021-12-25T17:48:00.000Z;Wolfgang(Kr Hanau);RB;RB 51;51;15527;8006548;8006548%2021-12-25T17:48:00.000Z%,8000150,8000349,8002041,8000105,;426
2021-12-25T18:07:00.000Z;Wolfgang(Kr Hanau);RB;RB 51;51;15528;8006548;8006548%2021-12-25T18:07:00.000Z%,8004402,8003550,8004395,8002526,8000117,8002532,8006499,8006132,;426
2021-12-25T18:49:00.000Z;Wolfgang(Kr Hanau);RB;RB 51;51;15529;8006548;8006548%2021-12-25T18:49:00.000Z%,8000150,8000349,8002041,8000105,;426
2021-12-25T19:07:00.000Z;Wolfgang(Kr Hanau);RB;RB 51;51;15530;8006548;8006548%2021-12-25T19:07:00.000Z%,8004402,8003550,8004395,8002526,8000117,8002532,8006499,8006132,;426
2021-12-25T19:48:00.000Z;Wolfgang(Kr Hanau);RB;RB 51;51;15531;8006548;8006548%2021-12-25T19:48:00.000Z%,8000150,8000349,8002041,8000105,;426
2021-12-25T20:07:00.000Z;Wolfgang(Kr Hanau);RB;RB 51;51;15532;8006548;8006548%2021-12-25T20:07:00.000Z%,8004402,8003550,8004395,8002526,8000117,8002532,8006499,8006132,;426
2021-12-25T07:48:00.000Z;Wolfstein;RB;RB 66;66;12959;8006555;8006555%2021-12-25T07:48:00.000Z%,8005172,8003429,8004677,8006019,8002858,8003215,8003504,8003151,8000189,;426
2021-12-25T08:12:00.000Z;Wolfstein;RB;RB 66;66;12956;8006555;8006555%2021-12-25T08:12:00.000Z%,8004975,8002724,8003739,8000547,;426
2021-12-25T08:48:00.000Z;Wolfstein;RB;RB 66;66;12961;8006555;8006555%2021-12-25T08:48:00.000Z%,8005172,8003429,8004677,8006019,8002858,8003215,8003504,8003151,8003150,8000189,;426
2021-12-25T09:12:00.000Z;Wolfstein;RB;RB 66;66;12958;8006555;8006555%2021-12-25T09:12:00.000Z%,8004975,8002724,8003739,8000547,;426
2021-12-25T09:48:00.000Z;Wolfstein;RB;RB 66;66;12963;8006555;8006555%2021-12-25T09:48:00.000Z%,8005172,8003429,8004677,8006019,8002858,8003215,8003504,8003151,8000189,;426
2021-12-25T10:12:00.000Z;Wolfstein;RB;RB 66;66;12960;8006555;8006555%2021-12-25T10:12:00.000Z%,8004975,8002724,8003739,8000547,;426
2021-12-25T10:48:00.000Z;Wolfstein;RB;RB 66;66;12965;8006555;8006555%2021-12-25T10:48:00.000Z%,8005172,8003429,8004677,8006019,8002858,8003215,8003504,8003151,8003150,8000189,;426
2021-12-25T11:12:00.000Z;Wolfstein;RB;RB 66;66;12962;8006555;8006555%2021-12-25T11:12:00.000Z%,8004975,8002724,8003739,8000547,;426
2021-12-25T11:48:00.000Z;Wolfstein;RB;RB 66;66;12967;8006555;8006555%2021-12-25T11:48:00.000Z%,8005172,8003429,8004677,8006019,8002858,8003215,8003504,8003151,8000189,;426
2021-12-25T12:12:00.000Z;Wolfstein;RB;RB 66;66;12964;8006555;8006555%2021-12-25T12:12:00.000Z%,8004975,8002724,8003739,8000547,;426
2021-12-25T12:48:00.000Z;Wolfstein;RB;RB 66;66;12969;8006555;8006555%2021-12-25T12:48:00.000Z%,8005172,8003429,8004677,8006019,8002858,8003215,8003504,8003151,8003150,8000189,;426
2021-12-25T13:12:00.000Z;Wolfstein;RB;RB 66;66;12966;8006555;8006555%2021-12-25T13:12:00.000Z%,8004975,8002724,8003739,8000547,;426
2021-12-25T13:48:00.000Z;Wolfstein;RB;RB 66;66;12971;8006555;8006555%2021-12-25T13:48:00.000Z%,8005172,8003429,8004677,8006019,8002858,8003215,8003504,8003151,8000189,;426
2021-12-25T14:12:00.000Z;Wolfstein;RB;RB 66;66;12968;8006555;8006555%2021-12-25T14:12:00.000Z%,8004975,8002724,8003739,8000547,;426
2021-12-25T14:48:00.000Z;Wolfstein;RB;RB 66;66;12973;8006555;8006555%2021-12-25T14:48:00.000Z%,8005172,8003429,8004677,8006019,8002858,8003215,8003504,8003151,8003150,8000189,;426
2021-12-25T15:12:00.000Z;Wolfstein;RB;RB 66;66;12970;8006555;8006555%2021-12-25T15:12:00.000Z%,8004975,8002724,8003739,8000547,;426
2021-12-25T15:48:00.000Z;Wolfstein;RB;RB 66;66;12975;8006555;8006555%2021-12-25T15:48:00.000Z%,8005172,8003429,8004677,8006019,8002858,8003215,8003504,8003151,8003150,8000189,;426
2021-12-25T16:12:00.000Z;Wolfstein;RB;RB 66;66;12974;8006555;8006555%2021-12-25T16:12:00.000Z%,8004975,8002724,8003739,8000547,;426
2021-12-25T16:48:00.000Z;Wolfstein;RB;RB 66;66;12977;8006555;8006555%2021-12-25T16:48:00.000Z%,8005172,8003429,8004677,8006019,8002858,8003215,8003504,8003151,8000189,;426
2021-12-25T17:13:00.000Z;Wolfstein;RB;RB 66;66;12976;8006555;8006555%2021-12-25T17:13:00.000Z%,8004975,8002724,8003739,8000547,;426
2021-12-25T17:48:00.000Z;Wolfstein;RB;RB 66;66;12979;8006555;8006555%2021-12-25T17:48:00.000Z%,8005172,8003429,8004677,8006019,8002858,8003215,8003504,8003151,8000189,;426
2021-12-25T18:12:00.000Z;Wolfstein;RB;RB 66;66;12978;8006555;8006555%2021-12-25T18:12:00.000Z%,8004975,8002724,8003739,8000547,;426
2021-12-25T18:48:00.000Z;Wolfstein;RB;RB 66;66;12981;8006555;8006555%2021-12-25T18:48:00.000Z%,8005172,8003429,8004677,8006019,8002858,8003215,8003504,8003151,8003150,8000189,;426
2021-12-25T19:12:00.000Z;Wolfstein;RB;RB 66;66;12980;8006555;8006555%2021-12-25T19:12:00.000Z%,8004975,8002724,8003739,8000547,;426
2021-12-25T20:13:00.000Z;Wolfstein;RB;RB 66;66;12982;8006555;8006555%2021-12-25T20:13:00.000Z%,8004975,8002724,8003739,8000547,;426
2021-12-24T20:58:00.000Z;Wrist;RE;RE 70;70;21034;8006572;8006572%2021-12-24T20:58:00.000Z%0,8001190,8000271,8001092,8000199,;602
2021-12-24T21:46:00.000Z;Wrist;RE;RE 7;7;21139;8006572;8006572%2021-12-24T21:46:00.000Z%,8000092,8004819,8002548,8002549,;602
2021-12-24T22:01:00.000Z;Wrist;RE;RE 70;70;21036;8006572;8006572%2021-12-24T22:01:00.000Z%,8001190,8000271,8001092,8000199,;602
2021-12-25T00:22:00.000Z;Wrist;RE;RE 7;7;21140;8006572;8006572%2021-12-25T00:22:00.000Z%,8001190,8000271,8001718,8001092,8002011,8000199,;602
2021-12-25T00:44:00.000Z;Wrist;RE;RE 7;7;21145;8006572;8006572%2021-12-25T00:44:00.000Z%,8000092,8004819,8002548,8002549,;602
2021-12-25T02:22:00.000Z;Wrist;RE;RE 7;7;21144;8006572;8006572%2021-12-25T02:22:00.000Z%,8000271,8001718,8001092,8002011,8000199,;602
2021-12-25T03:41:00.000Z;Wrist;RE;RE 7;7;21103;8006572;8006572%2021-12-25T03:41:00.000Z%,8000092,8004819,8002548,8002549,;602
2021-12-25T05:15:00.000Z;Wrist;RE;RE 7;7;21102;8006572;8006572%2021-12-25T05:15:00.000Z%,8001190,8000271,8001718,8001092,8002011,8000199,;602
2021-12-25T05:59:00.000Z;Wrist;RE;RE 70;70;21007;8006572;8006572%2021-12-25T05:59:00.000Z%,8000092,8002548,8002549,;602
2021-12-25T06:15:00.000Z;Wrist;RE;RE 7;7;21194;8006572;8006572%2021-12-25T06:15:00.000Z%,8001190,8000271,8001718,8001092,8002011,8000199,;602
2021-12-25T06:59:00.000Z;Wrist;RE;RE 70;70;21009;8006572;8006572%2021-12-25T06:59:00.000Z%,8000092,8002548,8002549,;602
2021-12-25T07:15:00.000Z;Wrist;RE;RE 7;7;21196;8006572;8006572%2021-12-25T07:15:00.000Z%,8001190,8000271,8001718,8001092,8002011,8000199,;602
2021-12-25T07:58:00.000Z;Wrist;RE;RE 70;70;21008;8006572;8006572%2021-12-25T07:58:00.000Z%,8001190,8000271,8001092,8000199,;602
2021-12-25T07:59:00.000Z;Wrist;RE;RE 70;70;21011;8006572;8006572%2021-12-25T07:59:00.000Z%,8000092,8002548,8002549,;602
2021-12-25T08:58:00.000Z;Wrist;RE;RE 70;70;21010;8006572;8006572%2021-12-25T08:58:00.000Z%,8001190,8000271,8001092,8000199,;602
2021-12-25T08:59:00.000Z;Wrist;RE;RE 70;70;21013;8006572;8006572%2021-12-25T08:59:00.000Z%,8000092,8002548,8002549,;602
2021-12-25T09:58:00.000Z;Wrist;RE;RE 70;70;21012;8006572;8006572%2021-12-25T09:58:00.000Z%,8001190,8000271,8001092,8000199,;602
2021-12-25T09:59:00.000Z;Wrist;RE;RE 70;70;21015;8006572;8006572%2021-12-25T09:59:00.000Z%,8000092,8002548,8002549,;602
2021-12-25T10:58:00.000Z;Wrist;RE;RE 70;70;21014;8006572;8006572%2021-12-25T10:58:00.000Z%,8001190,8000271,8001092,8000199,;602
2021-12-25T10:59:00.000Z;Wrist;RE;RE 70;70;21017;8006572;8006572%2021-12-25T10:59:00.000Z%,8000092,8002548,8002549,;602
2021-12-25T11:58:00.000Z;Wrist;RE;RE 70;70;21016;8006572;8006572%2021-12-25T11:58:00.000Z%,8001190,8000271,8001092,8000199,;602
2021-12-25T11:59:00.000Z;Wrist;RE;RE 70;70;21019;8006572;8006572%2021-12-25T11:59:00.000Z%,8000092,8002548,8002549,;602
2021-12-25T12:58:00.000Z;Wrist;RE;RE 70;70;21018;8006572;8006572%2021-12-25T12:58:00.000Z%,8001190,8000271,8001092,8000199,;602
2021-12-25T12:59:00.000Z;Wrist;RE;RE 70;70;21021;8006572;8006572%2021-12-25T12:59:00.000Z%,8000092,8002548,8002549,;602
2021-12-25T13:58:00.000Z;Wrist;RE;RE 70;70;21020;8006572;8006572%2021-12-25T13:58:00.000Z%,8001190,8000271,8001092,8000199,;602
2021-12-25T13:59:00.000Z;Wrist;RE;RE 70;70;21023;8006572;8006572%2021-12-25T13:59:00.000Z%,8000092,8002548,8002549,;602
2021-12-25T14:58:00.000Z;Wrist;RE;RE 70;70;21022;8006572;8006572%2021-12-25T14:58:00.000Z%,8001190,8000271,8001092,8000199,;602
2021-12-25T14:59:00.000Z;Wrist;RE;RE 70;70;21025;8006572;8006572%2021-12-25T14:59:00.000Z%,8000092,8002548,8002549,;602
2021-12-25T15:58:00.000Z;Wrist;RE;RE 70;70;21024;8006572;8006572%2021-12-25T15:58:00.000Z%,8001190,8000271,8001092,8000199,;602
2021-12-25T15:59:00.000Z;Wrist;RE;RE 70;70;21027;8006572;8006572%2021-12-25T15:59:00.000Z%,8000092,8002548,8002549,;602
2021-12-25T16:58:00.000Z;Wrist;RE;RE 70;70;21026;8006572;8006572%2021-12-25T16:58:00.000Z%,8001190,8000271,8001092,8000199,;602
2021-12-25T16:59:00.000Z;Wrist;RE;RE 70;70;21029;8006572;8006572%2021-12-25T16:59:00.000Z%,8000092,8002548,8002549,;602
2021-12-25T17:58:00.000Z;Wrist;RE;RE 70;70;21028;8006572;8006572%2021-12-25T17:58:00.000Z%,8001190,8000271,8001092,8000199,;602
2021-12-25T17:59:00.000Z;Wrist;RE;RE 70;70;21031;8006572;8006572%2021-12-25T17:59:00.000Z%,8000092,8002548,8002549,;602
2021-12-25T18:58:00.000Z;Wrist;RE;RE 70;70;21030;8006572;8006572%2021-12-25T18:58:00.000Z%,8001190,8000271,8001092,8000199,;602
2021-12-25T18:59:00.000Z;Wrist;RE;RE 70;70;21033;8006572;8006572%2021-12-25T18:59:00.000Z%,8000092,8002548,8002549,;602
2021-12-25T19:58:00.000Z;Wrist;RE;RE 70;70;21032;8006572;8006572%2021-12-25T19:58:00.000Z%,8001190,8000271,8001092,8000199,;602
2021-12-25T19:59:00.000Z;Wrist;RE;RE 70;70;21035;8006572;8006572%2021-12-25T19:59:00.000Z%,8000092,8002548,8002549,;602
2021-12-25T06:29:00.000Z;Würzbach(Saar);RB;RB 68;68;12908;8006581;8006581%2021-12-25T06:29:00.000Z%,8001027,8000357,8000371,8006680,8006682,8001341,8005673,8001406,8001407,8005094,8002895,8005843,8000876,8004822,;426
2021-12-25T07:29:00.000Z;Würzbach(Saar);RB;RB 68;68;12907;8006581;8006581%2021-12-25T07:29:00.000Z%,8002625,8000319,8005649,8005241,8000323,;426
2021-12-25T07:29:00.000Z;Würzbach(Saar);RB;RB 68;68;12910;8006581;8006581%2021-12-25T07:29:00.000Z%,8001027,8000357,8000371,8006680,8006682,8001341,8005673,8001406,8001407,8005094,8002895,8005843,8000876,8004822,;426
2021-12-25T08:29:00.000Z;Würzbach(Saar);RB;RB 68;68;12909;8006581;8006581%2021-12-25T08:29:00.000Z%,8002625,8000319,8005649,8005241,8000323,;426
2021-12-25T08:29:00.000Z;Würzbach(Saar);RB;RB 68;68;12912;8006581;8006581%2021-12-25T08:29:00.000Z%,8001027,8000357,8000371,8006680,8006682,8001341,8005673,8001406,8001407,8005094,8002895,8005843,8000876,8004822,;426
2021-12-25T09:29:00.000Z;Würzbach(Saar);RB;RB 68;68;12911;8006581;8006581%2021-12-25T09:29:00.000Z%,8002625,8000319,8005649,8005241,8000323,;426
2021-12-25T09:29:00.000Z;Würzbach(Saar);RB;RB 68;68;12914;8006581;8006581%2021-12-25T09:29:00.000Z%,8001027,8000357,8000371,8006680,8006682,8001341,8005673,8001406,8001407,8005094,8002895,8005843,8000876,8004822,;426
2021-12-25T10:29:00.000Z;Würzbach(Saar);RB;RB 68;68;12916;8006581;8006581%2021-12-25T10:29:00.000Z%,8001027,8000357,8000371,8006680,8006682,8001341,8005673,8001406,8001407,8005094,8002895,8005843,8000876,8004822,;426
2021-12-25T10:29:00.000Z;Würzbach(Saar);RB;RB 68;68;12913;8006581;8006581%2021-12-25T10:29:00.000Z%,8002625,8000319,8005649,8005241,8000323,;426
2021-12-25T11:29:00.000Z;Würzbach(Saar);RB;RB 68;68;12918;8006581;8006581%2021-12-25T11:29:00.000Z%,8001027,8000357,8000371,8006680,8006682,8001341,8005673,8001406,8001407,8005094,8002895,8005843,8000876,8004822,;426
2021-12-25T11:29:00.000Z;Würzbach(Saar);RB;RB 68;68;12915;8006581;8006581%2021-12-25T11:29:00.000Z%,8002625,8000319,8005649,8005241,8000323,;426
2021-12-25T12:29:00.000Z;Würzbach(Saar);RB;RB 68;68;12922;8006581;8006581%2021-12-25T12:29:00.000Z%,8001027,8000357,8000371,8006680,8006682,8001341,8005673,8001406,8001407,8005094,8002895,8005843,8000876,8004822,;426
2021-12-25T12:29:00.000Z;Würzbach(Saar);RB;RB 68;68;12917;8006581;8006581%2021-12-25T12:29:00.000Z%,8002625,8000319,8005649,8005241,8000323,;426
2021-12-25T13:29:00.000Z;Würzbach(Saar);RB;RB 68;68;12924;8006581;8006581%2021-12-25T13:29:00.000Z%,8001027,8000357,8000371,8006680,8006682,8001341,8005673,8001406,8001407,8005094,8002895,8005843,8000876,8004822,;426
2021-12-25T13:29:00.000Z;Würzbach(Saar);RB;RB 68;68;12919;8006581;8006581%2021-12-25T13:29:00.000Z%,8002625,8000319,8005649,8005241,8000323,;426
2021-12-25T14:29:00.000Z;Würzbach(Saar);RB;RB 68;68;12926;8006581;8006581%2021-12-25T14:29:00.000Z%,8001027,8000357,8000371,8006680,8006682,8001341,8005673,8001406,8001407,8005094,8002895,8005843,8000876,8004822,;426
2021-12-25T14:29:00.000Z;Würzbach(Saar);RB;RB 68;68;12921;8006581;8006581%2021-12-25T14:29:00.000Z%,8002625,8000319,8005649,8005306,8000323,;426
2021-12-25T15:29:00.000Z;Würzbach(Saar);RB;RB 68;68;12928;8006581;8006581%2021-12-25T15:29:00.000Z%,8001027,8000357,8000371,8006680,8006682,8001341,8005673,8001406,8001407,8005094,8002895,8005843,8000876,8004822,;426
2021-12-25T15:29:00.000Z;Würzbach(Saar);RB;RB 68;68;12923;8006581;8006581%2021-12-25T15:29:00.000Z%,8002625,8000319,8005649,8005306,8000323,;426
2021-12-25T16:29:00.000Z;Würzbach(Saar);RB;RB 68;68;12925;8006581;8006581%2021-12-25T16:29:00.000Z%,8002625,8000319,8005649,8005306,8000323,;426
2021-12-25T16:29:00.000Z;Würzbach(Saar);RB;RB 68;68;12932;8006581;8006581%2021-12-25T16:29:00.000Z%,8001027,8000357,8000371,8006680,8006682,8001341,8005673,8001406,8001407,8005094,8002895,8005843,8000876,8004822,;426
2021-12-25T17:29:00.000Z;Würzbach(Saar);RB;RB 68;68;12927;8006581;8006581%2021-12-25T17:29:00.000Z%,8002625,8000319,8005649,8005241,8000323,;426
2021-12-25T17:29:00.000Z;Würzbach(Saar);RB;RB 68;68;12934;8006581;8006581%2021-12-25T17:29:00.000Z%,8001027,8000357,8000371,8006680,8006682,8001341,8005673,8001406,8001407,8005094,8002895,8005843,8000876,8004822,;426
2021-12-25T18:29:00.000Z;Würzbach(Saar);RB;RB 68;68;12929;8006581;8006581%2021-12-25T18:29:00.000Z%,8002625,8000319,8005649,8005241,8000323,;426
2021-12-25T18:29:00.000Z;Würzbach(Saar);RB;RB 68;68;12936;8006581;8006581%2021-12-25T18:29:00.000Z%,8001027,8000357,8000371,8006680,8006682,8001341,8005673,8001406,8001407,8005094,8002895,8005843,8000876,8004822,;426
2021-12-25T19:29:00.000Z;Würzbach(Saar);RB;RB 68;68;12931;8006581;8006581%2021-12-25T19:29:00.000Z%,8002625,8000319,8005649,8005241,8000323,;426
2021-12-25T19:29:00.000Z;Würzbach(Saar);RB;RB 68;68;12938;8006581;8006581%2021-12-25T19:29:00.000Z%,8001027,8000357,8000371,8006680,8006682,8001341,8005673,8001406,8001407,8005094,8002895,8005843,8000876,8004822,;426
2021-12-24T20:39:00.000Z;Würzburg-Zell;RE;RE 54;54;4634;8006586;8006586%2021-12-24T20:40:00.000Z%1,8006065,8005864,8005049,8002845,8003189,8006349,8000120,8003548,8003740,8004756,8006426,8002696,8003582,8002918,8000010,8003314,8005208,8001427,8003143,8002425,8002400,8000150,8002573,8002574,8002877,8000996,8002048,8002039,8002041,8000105,;602
2021-12-24T20:53:00.000Z;Würzburg-Zell;RB;RB 53;53;58077;8006586;8006586%2021-12-24T20:54:00.000Z%1,8000260,;426
2021-12-24T21:40:00.000Z;Würzburg-Zell;RE;RE 54;54;4636;8006586;8006586%2021-12-24T21:40:00.000Z%,8006065,8005864,8005049,8002845,8003189,8006349,8000120,8003548,8003740,8004756,8006426,8002696,8003582,8002918,8000010,8003314,8005208,8001427,8003143,8002425,8002400,8000150,8002573,8002574,8002877,8000996,8002048,8002039,8002041,8000105,;602
2021-12-24T22:26:00.000Z;Würzburg-Zell;RE;RE 54;54;4633;8006586;8006586%2021-12-24T22:27:00.000Z%1,8000260,;602
2021-12-24T22:44:00.000Z;Würzburg-Zell;RE;RE 55;55;4638;8006586;8006586%2021-12-24T22:44:00.000Z%,8006065,8005864,8005049,8002845,8003189,8006349,8000120,8003548,8003740,8004756,8006426,8002696,8003582,8002918,8000010,;602
2021-12-24T23:51:00.000Z;Würzburg-Zell;RE;RE 55;55;58406;8006586;8006586%2021-12-24T23:51:00.000Z%,8006065,8005864,8005049,8002845,8003189,8006349,8000120,8003548,8003740,8004756,8006426,8002696,8003582,8002918,8000010,;602
2021-12-25T04:19:00.000Z;Würzburg-Zell;RE;RE 55;55;4602;8006586;8006586%2021-12-25T04:19:00.000Z%,8006065,8005864,8005049,8002845,8003189,8006349,8000120,8003548,8003740,8004756,8006426,8002696,8003582,8002918,8000010,8003314,8001427,8003143,8002425,8000150,8000349,8002041,8000105,;602
2021-12-25T05:11:00.000Z;Würzburg-Zell;RE;RE 55;55;58405;8006586;8006586%2021-12-25T05:11:00.000Z%,8000260,;602
2021-12-25T06:05:00.000Z;Würzburg-Zell;RB;RB 53;53;58006;8006586;8006586%2021-12-25T06:05:00.000Z%,8006065,8005864,8005049,8002845,8003189,8006349,8000120,8005092,8001293,8004040,8004583,8003129,8005720,8000891,;426
2021-12-25T07:05:00.000Z;Würzburg-Zell;RB;RB 53;53;58012;8006586;8006586%2021-12-25T07:05:00.000Z%,8006065,8005864,8005049,8002845,8003189,8006349,8000120,8005092,8001293,8004040,8004583,8003129,;426
2021-12-25T07:54:00.000Z;Würzburg-Zell;RB;RB 53;53;58021;8006586;8006586%2021-12-25T07:54:00.000Z%,8000260,8005198,8005523,8000902,8001919,8006147,8000032,8005479,8005481,8005400,8002630,8006635,8001619,8004533,8000025,;426
2021-12-25T08:05:00.000Z;Würzburg-Zell;RB;RB 53;53;58016;8006586;8006586%2021-12-25T08:05:00.000Z%,8006065,8005864,8005049,8002845,8003189,8006349,8000120,8005092,8001293,8004040,8004583,8003129,8005720,8000891,;426
2021-12-25T08:53:00.000Z;Würzburg-Zell;RB;RB 53;53;58023;8006586;8006586%2021-12-25T08:53:00.000Z%,8000260,8005198,8005523,8000902,8001919,8006147,8000032,8005479,8005481,8005400,8002630,8006635,8001619,8004533,8000025,;426
2021-12-25T09:05:00.000Z;Würzburg-Zell;RB;RB 53;53;58020;8006586;8006586%2021-12-25T09:05:00.000Z%,8006065,8005864,8005049,8002845,8003189,8006349,8000120,8005092,8001293,8004040,8004583,8003129,;426
2021-12-25T09:53:00.000Z;Würzburg-Zell;RB;RB 53;53;58029;8006586;8006586%2021-12-25T09:53:00.000Z%,8000260,8005198,8005523,8000902,8001919,8006147,8000032,8005479,8005481,8005400,8002630,8006635,8001619,8004533,8000025,;426
2021-12-25T10:05:00.000Z;Würzburg-Zell;RB;RB 53;53;58024;8006586;8006586%2021-12-25T10:05:00.000Z%,8006065,8005864,8005049,8002845,8003189,8006349,8000120,8005092,8001293,8004040,8004583,8003129,8005720,8000891,;426
2021-12-25T10:52:00.000Z;Würzburg-Zell;RB;RB 53;53;58037;8006586;8006586%2021-12-25T10:52:00.000Z%,8000260,8005198,8005523,8000902,8001919,8006147,8000032,8005479,8005481,8005400,8002630,8006635,8001619,8004533,8000025,;426
2021-12-25T11:05:00.000Z;Würzburg-Zell;RB;RB 53;53;58028;8006586;8006586%2021-12-25T11:05:00.000Z%,8006065,8005864,8005049,8002845,8003189,8006349,8000120,8005092,8001293,8004040,8004583,8003129,;426
2021-12-25T11:53:00.000Z;Würzburg-Zell;RB;RB 53;53;58041;8006586;8006586%2021-12-25T11:53:00.000Z%,8000260,8005198,8005523,8000902,8001919,8006147,8000032,8005479,8005481,8005400,8002630,8006635,8001619,8004533,8000025,;426
2021-12-25T12:05:00.000Z;Würzburg-Zell;RB;RB 53;53;58032;8006586;8006586%2021-12-25T12:05:00.000Z%,8006065,8005864,8005049,8002845,8003189,8006349,8000120,8005092,8001293,8004040,8004583,8003129,8005720,8000891,;426
2021-12-25T12:53:00.000Z;Würzburg-Zell;RB;RB 53;53;58043;8006586;8006586%2021-12-25T12:53:00.000Z%,8000260,8005198,8005523,8000902,8001919,8006147,8000032,8005479,8005481,8005400,8002630,8006635,8001619,8004533,8000025,;426
2021-12-25T13:05:00.000Z;Würzburg-Zell;RB;RB 53;53;58036;8006586;8006586%2021-12-25T13:05:00.000Z%,8006065,8005864,8005049,8002845,8003189,8006349,8000120,8005092,8001293,8004040,8004583,8003129,;426
2021-12-25T13:53:00.000Z;Würzburg-Zell;RB;RB 53;53;58049;8006586;8006586%2021-12-25T13:53:00.000Z%,8000260,8005198,8005523,8000902,8001919,8006147,8000032,8005479,8005481,8005400,8002630,8006635,8001619,8004533,8000025,;426
2021-12-25T14:05:00.000Z;Würzburg-Zell;RB;RB 53;53;58044;8006586;8006586%2021-12-25T14:05:00.000Z%,8006065,8005864,8005049,8002845,8003189,8006349,8000120,8005092,8001293,8004040,8004583,8003129,8005720,8000891,;426
2021-12-25T14:53:00.000Z;Würzburg-Zell;RB;RB 53;53;58053;8006586;8006586%2021-12-25T14:53:00.000Z%,8000260,8005198,8005523,8000902,8001919,8006147,8000032,8005479,8005481,8005400,8002630,8006635,8001619,8004533,8000025,;426
2021-12-25T15:05:00.000Z;Würzburg-Zell;RB;RB 53;53;58050;8006586;8006586%2021-12-25T15:05:00.000Z%,8006065,8005864,8005049,8002845,8003189,8006349,8000120,8005092,8001293,8004040,8004583,8003129,;426
2021-12-25T15:53:00.000Z;Würzburg-Zell;RB;RB 53;53;58057;8006586;8006586%2021-12-25T15:53:00.000Z%,8000260,8005198,8005523,8000902,8001919,8006147,8000032,8005479,8005481,8005400,8002630,8006635,8001619,8004533,8000025,;426
2021-12-25T16:05:00.000Z;Würzburg-Zell;RB;RB 53;53;58054;8006586;8006586%2021-12-25T16:05:00.000Z%,8006065,8005864,8005049,8002845,8003189,8006349,8000120,8005092,8001293,8004040,8004583,8003129,8005720,8000891,;426
2021-12-25T16:53:00.000Z;Würzburg-Zell;RB;RB 53;53;58061;8006586;8006586%2021-12-25T16:53:00.000Z%,8000260,8005198,8005523,8000902,8001919,8006147,8000032,8005479,8005481,8005400,8002630,8006635,8001619,8004533,8000025,;426
2021-12-25T17:05:00.000Z;Würzburg-Zell;RB;RB 53;53;58062;8006586;8006586%2021-12-25T17:05:00.000Z%,8006065,8005864,8005049,8002845,8003189,8006349,8000120,8005092,8001293,8004040,8004583,8003129,;426
2021-12-25T17:54:00.000Z;Würzburg-Zell;RB;RB 53;53;58069;8006586;8006586%2021-12-25T17:54:00.000Z%,8000260,8005198,8005523,8000902,8001919,8006147,8000032,8005479,8005481,8005400,8002630,8006635,8001619,8004533,8000025,;426
2021-12-25T18:05:00.000Z;Würzburg-Zell;RB;RB 53;53;58068;8006586;8006586%2021-12-25T18:05:00.000Z%,8006065,8005864,8005049,8002845,8003189,8006349,8000120,8005092,8001293,8004040,8004583,8003129,8005720,8000891,;426
2021-12-25T18:53:00.000Z;Würzburg-Zell;RB;RB 53;53;58071;8006586;8006586%2021-12-25T18:53:00.000Z%,8000260,8005198,8005523,8000902,8001919,8006147,8000032,8005479,8005481,8005400,8002630,8006635,8001619,8004533,8000025,;426
2021-12-25T19:32:00.000Z;Würzburg-Zell;RB;RB 53;53;58072;8006586;8006586%2021-12-25T19:32:00.000Z%,8006065,8005864,8005049,8002845,8003189,8006349,8000120,8005092,8001293,8004040,8004583,8003129,;426
2021-12-25T09:24:00.000Z;Wustweiler;RB;RB 72;72;76616;8006627;8006627%2021-12-25T09:24:00.000Z%,8003059,8002238,8003980,8004909,8001990,8000323,;426
2021-12-25T10:24:00.000Z;Wustweiler;RB;RB 72;72;76618;8006627;8006627%2021-12-25T10:24:00.000Z%,8003059,8002238,8003980,8004909,8001990,8000323,;426
2021-12-25T10:38:00.000Z;Wustweiler;RB;RB 72;72;76615;8006627;8006627%2021-12-25T10:38:00.000Z%,8001470,8001812,8001221,8000563,8007868,;426
2021-12-25T11:24:00.000Z;Wustweiler;RB;RB 72;72;76620;8006627;8006627%2021-12-25T11:24:00.000Z%,8003059,8002238,8003980,8004909,8001990,8000323,;426
2021-12-25T11:38:00.000Z;Wustweiler;RB;RB 72;72;76617;8006627;8006627%2021-12-25T11:38:00.000Z%,8001470,8001812,8001221,8000563,8007868,;426
2021-12-25T12:24:00.000Z;Wustweiler;RB;RB 72;72;76622;8006627;8006627%2021-12-25T12:24:00.000Z%,8003059,8002238,8003980,8004909,8001990,8000323,;426
2021-12-25T12:38:00.000Z;Wustweiler;RB;RB 72;72;76619;8006627;8006627%2021-12-25T12:38:00.000Z%,8001470,8001812,8001221,8000563,8007868,;426
2021-12-25T13:24:00.000Z;Wustweiler;RB;RB 72;72;76624;8006627;8006627%2021-12-25T13:24:00.000Z%,8003059,8002238,8003980,8004909,8001990,8000323,;426
2021-12-25T13:38:00.000Z;Wustweiler;RB;RB 72;72;76621;8006627;8006627%2021-12-25T13:38:00.000Z%,8001470,8001812,8001221,8000563,8007868,;426
2021-12-25T14:24:00.000Z;Wustweiler;RB;RB 72;72;76626;8006627;8006627%2021-12-25T14:24:00.000Z%,8003059,8002238,8003980,8004909,8001990,8000323,;426
2021-12-25T14:38:00.000Z;Wustweiler;RB;RB 72;72;76623;8006627;8006627%2021-12-25T14:38:00.000Z%,8001470,8001812,8001221,8000563,8007868,;426
2021-12-25T15:24:00.000Z;Wustweiler;RB;RB 72;72;76628;8006627;8006627%2021-12-25T15:24:00.000Z%,8003059,8002238,8003980,8004909,8001990,8000323,;426
2021-12-25T15:38:00.000Z;Wustweiler;RB;RB 72;72;76625;8006627;8006627%2021-12-25T15:38:00.000Z%,8001470,8001812,8001221,8000563,8007868,;426
2021-12-25T16:24:00.000Z;Wustweiler;RB;RB 72;72;76630;8006627;8006627%2021-12-25T16:24:00.000Z%,8003059,8002238,8003980,8004909,8001990,8000323,;426
2021-12-25T16:38:00.000Z;Wustweiler;RB;RB 72;72;76629;8006627;8006627%2021-12-25T16:38:00.000Z%,8001470,8001812,8001221,8000563,8007868,;426
2021-12-25T17:24:00.000Z;Wustweiler;RB;RB 72;72;76632;8006627;8006627%2021-12-25T17:24:00.000Z%,8003059,8002238,8003980,8004909,8001990,8000323,;426
2021-12-25T17:38:00.000Z;Wustweiler;RB;RB 72;72;76631;8006627;8006627%2021-12-25T17:38:00.000Z%,8001470,8001812,8001221,8000563,8007868,;426
2021-12-25T18:24:00.000Z;Wustweiler;RB;RB 72;72;76634;8006627;8006627%2021-12-25T18:24:00.000Z%,8003059,8002238,8003980,8004909,8001990,8000323,;426
2021-12-25T18:38:00.000Z;Wustweiler;RB;RB 72;72;76633;8006627;8006627%2021-12-25T18:38:00.000Z%,8001470,8001812,8001221,8000563,8007868,;426
2021-12-25T19:24:00.000Z;Wustweiler;RB;RB 72;72;76636;8006627;8006627%2021-12-25T19:24:00.000Z%,8003059,8002238,8003980,8004909,8001990,8000323,;426
2021-12-25T19:38:00.000Z;Wustweiler;RB;RB 72;72;76635;8006627;8006627%2021-12-25T19:38:00.000Z%,8001470,8001812,8001221,8000563,8007868,;426
2021-12-24T20:24:00.000Z;Zapfendorf;RE;RE 42;42;4995;8006634;8006634%2021-12-24T20:24:00.000Z%0,8001640,8001149,8000025,8002853,8002024,8001844,8000114,8000284,;602
2021-12-24T20:48:00.000Z;Zapfendorf;RE;RE 14;14;4916;8006634;8006634%2021-12-24T20:51:00.000Z%3,8001623,8005670,8000228,8004011,8002878,8004979,8003472,8004319,8003446,8002467,8005737,8004881,8002020,8005692,8003770,8010288,;602
2021-12-24T21:25:00.000Z;Zapfendorf;RE;RE 49;49;4937;8006634;8006634%2021-12-24T21:25:00.000Z%,8001640,8001149,8002542,8000025,8002853,8002024,8001844,8000114,8000284,;602
2021-12-24T21:50:00.000Z;Zapfendorf;RE;RE 42;42;4998;8006634;8006634%2021-12-24T21:53:00.000Z%3,8001623,8005670,8000228,8004011,8002878,8004979,8003472,8004319,8003446,8002467,8005737,8004881,8002020,8005692,8003770,;602
2021-12-24T21:50:00.000Z;Zapfendorf;RE;RE 49;49;4936;8006634;8006634%2021-12-24T21:53:00.000Z%3,8001623,8005670,8000228,8005391,8001636,8002434,8001347,8001338,8001334,8001484,8004633,8005122,8004064,8004325,8013008,;602
2021-12-24T22:28:00.000Z;Zapfendorf;RE;RE 42;42;4997;8006634;8006634%2021-12-24T22:28:00.000Z%0,8001640,8001149,8002542,8000025,;602
2021-12-24T22:52:00.000Z;Zapfendorf;RE;RE 49;49;4938;8006634;8006634%2021-12-24T22:52:00.000Z%,8001623,8005670,8000228,8005391,8001636,8002434,8001347,8001338,;602
2021-12-24T23:46:00.000Z;Zapfendorf;RE;RE 49;49;4940;8006634;8006634%2021-12-24T23:46:00.000Z%,8001623,8005670,8000228,;602
2021-12-25T04:19:00.000Z;Zapfendorf;RE;RE 14;14;4900;8006634;8006634%2021-12-25T04:19:00.000Z%,8001623,8005670,8000228,;602
2021-12-25T04:22:00.000Z;Zapfendorf;RE;RE 49;49;4939;8006634;8006634%2021-12-25T04:22:00.000Z%,8001640,8001149,8002542,8000025,8002853,8002024,8001844,8000114,8000284,;602
2021-12-25T05:15:00.000Z;Zapfendorf;RE;RE 49;49;59393;8006634;8006634%2021-12-25T05:15:00.000Z%,8001640,8001149,8002542,8000025,;602
2021-12-25T05:40:00.000Z;Zapfendorf;RE;RE 42;42;4982;8006634;8006634%2021-12-25T05:40:00.000Z%,8001623,8005670,8000228,8004011,8002878,8004979,8003472,8004319,8003446,8005737,8004881,8005692,8003770,8010288,8013171,8012000,8010309,8010307,8010306,8011985,8010133,8011956,8013474,8010240,8010368,8010205,;602
2021-12-25T06:21:00.000Z;Zapfendorf;RE;RE 14;14;4981;8006634;8006634%2021-12-25T06:21:00.000Z%,8001640,8001149,8002542,8000025,8002853,8002024,8001844,8000114,8000284,;602
2021-12-25T07:32:00.000Z;Zapfendorf;RE;RE 42;42;4984;8006634;8006634%2021-12-25T07:32:00.000Z%,8001623,8005670,8000228,8004011,8002878,8004979,8003472,8004319,8003446,8002467,8005737,8004881,8002020,8005692,8003770,8010288,8013171,8012000,8011267,8010309,8010307,8010306,8011985,8010133,8011956,8013474,8010240,8010368,8010205,;602
2021-12-25T07:43:00.000Z;Zapfendorf;RB;RB 25;25;59331;8006634;8006634%2021-12-25T07:43:00.000Z%,8001640,8001149,8002542,8000025,;426
2021-12-25T08:15:00.000Z;Zapfendorf;RB;RB 25;25;59330;8006634;8006634%2021-12-25T08:15:00.000Z%,8001623,8005670,8000228,8004011,8002878,8004979,8003472,8004319,8003446,;426
2021-12-25T08:24:00.000Z;Zapfendorf;RE;RE 42;42;4983;8006634;8006634%2021-12-25T08:24:00.000Z%,8001149,8000025,8002853,8002024,8001844,8000114,8000284,;602
2021-12-25T09:32:00.000Z;Zapfendorf;RE;RE 42;42;4986;8006634;8006634%2021-12-25T09:32:00.000Z%,8001623,8005670,8000228,8004011,8002878,8004979,8003472,8004319,8003446,8002467,8005737,8004881,8002020,8005692,8003770,8010288,8013171,8012000,8011267,8010309,8010307,8010306,8011985,8010133,8011956,8013474,8010240,8010368,8010205,;602
2021-12-25T09:39:00.000Z;Zapfendorf;RB;RB 25;25;59333;8006634;8006634%2021-12-25T09:39:00.000Z%,8001640,8001149,8002542,8000025,;426
2021-12-25T10:15:00.000Z;Zapfendorf;RB;RB 25;25;59332;8006634;8006634%2021-12-25T10:15:00.000Z%,8001623,8005670,8000228,8004011,8002878,8004979,8003472,8004319,8003446,;426
2021-12-25T10:24:00.000Z;Zapfendorf;RE;RE 42;42;4985;8006634;8006634%2021-12-25T10:24:00.000Z%,8001149,8000025,8002853,8002024,8001844,8000114,8000284,;602
2021-12-25T11:32:00.000Z;Zapfendorf;RE;RE 42;42;4988;8006634;8006634%2021-12-25T11:32:00.000Z%,8001623,8005670,8000228,8004011,8002878,8004979,8003472,8004319,8003446,8002467,8005737,8004881,8002020,8005692,8003770,8010288,8013171,8012000,8011267,8010309,8010307,8010306,8011985,8010133,8011956,8013474,8010240,8010368,8010205,;602
2021-12-25T11:46:00.000Z;Zapfendorf;RB;RB 25;25;59335;8006634;8006634%2021-12-25T11:46:00.000Z%,8001640,8001149,8002542,8000025,;426
2021-12-25T12:18:00.000Z;Zapfendorf;RB;RB 25;25;59336;8006634;8006634%2021-12-25T12:18:00.000Z%,8001623,8005670,8000228,8004011,8002878,8004979,8003472,8004319,8003446,;426
2021-12-25T12:24:00.000Z;Zapfendorf;RE;RE 42;42;4987;8006634;8006634%2021-12-25T12:24:00.000Z%,8001149,8000025,8002853,8002024,8001844,8000114,8000284,;602
2021-12-25T13:32:00.000Z;Zapfendorf;RE;RE 42;42;4990;8006634;8006634%2021-12-25T13:32:00.000Z%,8001623,8005670,8000228,8004011,8002878,8004979,8003472,8004319,8003446,8002467,8005737,8004881,8002020,8005692,8003770,8010288,8013171,8012000,8011267,8010309,8010307,8010306,8011985,8010133,8011956,8013474,8010240,8010368,8010205,;602
2021-12-25T13:42:00.000Z;Zapfendorf;RB;RB 25;25;59339;8006634;8006634%2021-12-25T13:42:00.000Z%,8001640,8001149,8002542,8000025,;426
2021-12-25T14:14:00.000Z;Zapfendorf;RB;RB 25;25;59340;8006634;8006634%2021-12-25T14:14:00.000Z%,8001623,8005670,8000228,8004011,8002878,8004979,8003472,8004319,8003446,;426
2021-12-25T14:24:00.000Z;Zapfendorf;RE;RE 42;42;4989;8006634;8006634%2021-12-25T14:24:00.000Z%,8001149,8000025,8002853,8002024,8001844,8000114,8000284,;602
2021-12-25T15:32:00.000Z;Zapfendorf;RE;RE 42;42;4992;8006634;8006634%2021-12-25T15:32:00.000Z%,8001623,8005670,8000228,8004011,8002878,8004979,8003472,8004319,8003446,8002467,8005737,8004881,8002020,8005692,8003770,8010288,8013171,8012000,8011267,8010309,8010307,8010306,8011985,8010133,8011956,8013474,8010240,8010368,8010205,;602
2021-12-25T15:39:00.000Z;Zapfendorf;RB;RB 25;25;59341;8006634;8006634%2021-12-25T15:39:00.000Z%,8001640,8001149,8002542,8000025,;426
2021-12-25T16:18:00.000Z;Zapfendorf;RB;RB 25;25;59342;8006634;8006634%2021-12-25T16:18:00.000Z%,8001623,8005670,8000228,8004011,8002878,8004979,8003472,8004319,8003446,;426
2021-12-25T16:24:00.000Z;Zapfendorf;RE;RE 42;42;4991;8006634;8006634%2021-12-25T16:24:00.000Z%,8001149,8000025,8002853,8002024,8001844,8000114,8000284,;602
2021-12-25T17:32:00.000Z;Zapfendorf;RE;RE 42;42;4994;8006634;8006634%2021-12-25T17:32:00.000Z%,8001623,8005670,8000228,8004011,8002878,8004979,8003472,8004319,8003446,8002467,8005737,8004881,8002020,8005692,8003770,8010288,8013171,8012000,8011267,8010309,8010307,8010306,8011985,8010133,8011956,8013474,8010240,8010368,8010205,;602
2021-12-25T17:39:00.000Z;Zapfendorf;RB;RB 25;25;59343;8006634;8006634%2021-12-25T17:39:00.000Z%,8001640,8001149,8002542,8000025,;426
2021-12-25T18:17:00.000Z;Zapfendorf;RB;RB 25;25;59344;8006634;8006634%2021-12-25T18:17:00.000Z%,8001623,8005670,8000228,;426
2021-12-25T18:24:00.000Z;Zapfendorf;RE;RE 42;42;4993;8006634;8006634%2021-12-25T18:24:00.000Z%,8001149,8000025,8002853,8002024,8001844,8000114,8000284,;602
2021-12-25T18:33:00.000Z;Zapfendorf;RE;RE 14;14;4914;8006634;8006634%2021-12-25T18:33:00.000Z%,8001623,8005670,8000228,8002878,8004979,8003472,8004319,8003446,8005737,8004881,8005692,8003770,8010288,8012000,8010309,;602
2021-12-25T18:33:00.000Z;Zapfendorf;RE;RE 49;49;4934;8006634;8006634%2021-12-25T18:33:00.000Z%,8001623,8005670,8000228,8001636,8002434,8001338,8001334,8001484,8004633,8005122,8004064,8004325,8013008,;602
2021-12-25T19:33:00.000Z;Zapfendorf;RE;RE 42;42;4996;8006634;8006634%2021-12-25T19:33:00.000Z%,8001623,8005670,8000228,8004011,8002878,8004979,8003472,8004319,8003446,8002467,8005737,8004881,8002020,8005692,8003770,8010288,8013171,8012000,8011267,8010309,8010307,8010306,8011985,8010133,8011956,8011058,;602
2021-12-25T19:40:00.000Z;Zapfendorf;RB;RB 25;25;59345;8006634;8006634%2021-12-25T19:40:00.000Z%,8001640,8001149,8002542,8000025,;426
2021-12-24T20:57:00.000Z;Zeil;RE;RE 55;55;58404;8006635;8006635%2021-12-24T20:57:00.000Z%0,8002630,8005400,8005481,8005479,8000032,8006147,8001919,8000902,8005523,8005198,8000260,;602
2021-12-24T21:00:00.000Z;Zeil;RB;RB 53;53;58275;8006635;8006635%2021-12-24T21:01:00.000Z%1,8001619,8004533,8000025,;426
2021-12-24T22:20:00.000Z;Zeil;RB;RB 53;53;58272;8006635;8006635%2021-12-24T22:20:00.000Z%,8002630,8005400,8005481,8005479,8000032,8006147,8001919,8000902,8005523,8005198,8000260,;426
2021-12-24T23:09:00.000Z;Zeil;RB;RB 53;53;58279;8006635;8006635%2021-12-24T23:09:00.000Z%,8001619,8004533,8000025,;426
2021-12-24T23:52:00.000Z;Zeil;RB;RB 53;53;58274;8006635;8006635%2021-12-24T23:52:00.000Z%,8002630,8005400,8005481,8005479,8000032,;426
2021-12-25T04:01:00.000Z;Zeil;RB;RB 53;53;58254;8006635;8006635%2021-12-25T04:01:00.000Z%,8002630,8005400,8005481,8005479,8000032,8006147,8001919,8000902,8005523,8005198,8000260,;426
2021-12-25T05:48:00.000Z;Zeil;RB;RB 53;53;58012;8006635;8006635%2021-12-25T05:48:00.000Z%,8002630,8005400,8005481,8005479,8000032,8006147,8001919,8000902,8005523,8005198,8000260,8006586,8006065,8005864,8005049,8002845,8003189,8006349,8000120,8005092,8001293,8004040,8004583,8003129,;426
2021-12-25T05:57:00.000Z;Zeil;RB;RB 53;53;58253;8006635;8006635%2021-12-25T05:57:00.000Z%,8001619,8004533,8000025,;426
2021-12-25T06:57:00.000Z;Zeil;RB;RB 53;53;58016;8006635;8006635%2021-12-25T06:57:00.000Z%,8002630,8005400,8005481,8005479,8000032,8006147,8001919,8000902,8005523,8005198,8000260,8006586,8006065,8005864,8005049,8002845,8003189,8006349,8000120,8005092,8001293,8004040,8004583,8003129,8005720,8000891,;426
2021-12-25T07:57:00.000Z;Zeil;RB;RB 53;53;58020;8006635;8006635%2021-12-25T07:57:00.000Z%,8002630,8005400,8005481,8005479,8000032,8006147,8001919,8000902,8005523,8005198,8000260,8006586,8006065,8005864,8005049,8002845,8003189,8006349,8000120,8005092,8001293,8004040,8004583,8003129,;426
2021-12-25T08:00:00.000Z;Zeil;RB;RB 53;53;58259;8006635;8006635%2021-12-25T08:00:00.000Z%,8001619,8004533,8000025,;426
2021-12-25T08:57:00.000Z;Zeil;RB;RB 53;53;58024;8006635;8006635%2021-12-25T08:57:00.000Z%,8002630,8005400,8005481,8005479,8000032,8006147,8001919,8000902,8005523,8005198,8000260,8006586,8006065,8005864,8005049,8002845,8003189,8006349,8000120,8005092,8001293,8004040,8004583,8003129,8005720,8000891,;426
2021-12-25T09:00:00.000Z;Zeil;RB;RB 53;53;58021;8006635;8006635%2021-12-25T09:00:00.000Z%,8001619,8004533,8000025,;426
2021-12-25T09:57:00.000Z;Zeil;RB;RB 53;53;58028;8006635;8006635%2021-12-25T09:57:00.000Z%,8002630,8005400,8005481,8005479,8000032,8006147,8001919,8000902,8005523,8005198,8000260,8006586,8006065,8005864,8005049,8002845,8003189,8006349,8000120,8005092,8001293,8004040,8004583,8003129,;426
2021-12-25T10:00:00.000Z;Zeil;RB;RB 53;53;58023;8006635;8006635%2021-12-25T10:00:00.000Z%,8001619,8004533,8000025,;426
2021-12-25T10:57:00.000Z;Zeil;RB;RB 53;53;58032;8006635;8006635%2021-12-25T10:57:00.000Z%,8002630,8005400,8005481,8005479,8000032,8006147,8001919,8000902,8005523,8005198,8000260,8006586,8006065,8005864,8005049,8002845,8003189,8006349,8000120,8005092,8001293,8004040,8004583,8003129,8005720,8000891,;426
2021-12-25T11:00:00.000Z;Zeil;RB;RB 53;53;58029;8006635;8006635%2021-12-25T11:00:00.000Z%,8001619,8004533,8000025,;426
2021-12-25T11:57:00.000Z;Zeil;RB;RB 53;53;58036;8006635;8006635%2021-12-25T11:57:00.000Z%,8002630,8005400,8005481,8005479,8000032,8006147,8001919,8000902,8005523,8005198,8000260,8006586,8006065,8005864,8005049,8002845,8003189,8006349,8000120,8005092,8001293,8004040,8004583,8003129,;426
2021-12-25T12:00:00.000Z;Zeil;RB;RB 53;53;58037;8006635;8006635%2021-12-25T12:00:00.000Z%,8001619,8004533,8000025,;426
2021-12-25T12:57:00.000Z;Zeil;RB;RB 53;53;58044;8006635;8006635%2021-12-25T12:57:00.000Z%,8002630,8005400,8005481,8005479,8000032,8006147,8001919,8000902,8005523,8005198,8000260,8006586,8006065,8005864,8005049,8002845,8003189,8006349,8000120,8005092,8001293,8004040,8004583,8003129,8005720,8000891,;426
2021-12-25T13:00:00.000Z;Zeil;RB;RB 53;53;58041;8006635;8006635%2021-12-25T13:00:00.000Z%,8001619,8004533,8000025,;426
2021-12-25T13:57:00.000Z;Zeil;RB;RB 53;53;58050;8006635;8006635%2021-12-25T13:57:00.000Z%,8002630,8005400,8005481,8005479,8000032,8006147,8001919,8000902,8005523,8005198,8000260,8006586,8006065,8005864,8005049,8002845,8003189,8006349,8000120,8005092,8001293,8004040,8004583,8003129,;426
2021-12-25T14:00:00.000Z;Zeil;RB;RB 53;53;58043;8006635;8006635%2021-12-25T14:00:00.000Z%,8001619,8004533,8000025,;426
2021-12-25T14:57:00.000Z;Zeil;RB;RB 53;53;58054;8006635;8006635%2021-12-25T14:57:00.000Z%,8002630,8005400,8005481,8005479,8000032,8006147,8001919,8000902,8005523,8005198,8000260,8006586,8006065,8005864,8005049,8002845,8003189,8006349,8000120,8005092,8001293,8004040,8004583,8003129,8005720,8000891,;426
2021-12-25T15:00:00.000Z;Zeil;RB;RB 53;53;58049;8006635;8006635%2021-12-25T15:00:00.000Z%,8001619,8004533,8000025,;426
2021-12-25T15:57:00.000Z;Zeil;RB;RB 53;53;58062;8006635;8006635%2021-12-25T15:57:00.000Z%,8002630,8005400,8005481,8005479,8000032,8006147,8001919,8000902,8005523,8005198,8000260,8006586,8006065,8005864,8005049,8002845,8003189,8006349,8000120,8005092,8001293,8004040,8004583,8003129,;426
2021-12-25T16:00:00.000Z;Zeil;RB;RB 53;53;58053;8006635;8006635%2021-12-25T16:00:00.000Z%,8001619,8004533,8000025,;426
2021-12-25T16:57:00.000Z;Zeil;RB;RB 53;53;58068;8006635;8006635%2021-12-25T16:57:00.000Z%,8002630,8005400,8005481,8005479,8000032,8006147,8001919,8000902,8005523,8005198,8000260,8006586,8006065,8005864,8005049,8002845,8003189,8006349,8000120,8005092,8001293,8004040,8004583,8003129,8005720,8000891,;426
2021-12-25T17:00:00.000Z;Zeil;RB;RB 53;53;58057;8006635;8006635%2021-12-25T17:00:00.000Z%,8001619,8004533,8000025,;426
2021-12-25T17:57:00.000Z;Zeil;RB;RB 53;53;58264;8006635;8006635%2021-12-25T17:57:00.000Z%,8002630,8005400,8005481,8005479,8000032,8006147,8001919,8000902,8005523,8005198,8000260,;426
2021-12-25T18:00:00.000Z;Zeil;RB;RB 53;53;58061;8006635;8006635%2021-12-25T18:00:00.000Z%,8001619,8004533,8000025,;426
2021-12-25T18:57:00.000Z;Zeil;RB;RB 53;53;58266;8006635;8006635%2021-12-25T18:57:00.000Z%,8002630,8005400,8005481,8005479,8000032,8006147,8001919,8000902,8005523,8005198,8000260,;426
2021-12-25T19:00:00.000Z;Zeil;RB;RB 53;53;58069;8006635;8006635%2021-12-25T19:00:00.000Z%,8001619,8004533,8000025,;426
2021-12-25T19:57:00.000Z;Zeil;RB;RB 53;53;58268;8006635;8006635%2021-12-25T19:57:00.000Z%,8002630,8005400,8005481,8005479,8000032,8006147,8001919,8000902,8005523,8005198,8000260,;426
2021-12-25T20:00:00.000Z;Zeil;RB;RB 53;53;58071;8006635;8006635%2021-12-25T20:00:00.000Z%,8001619,8004533,8000025,;426
2021-12-24T20:54:00.000Z;Zieverich;RB;RB 38;38;10283;8006659;8006659%2021-12-24T20:54:00.000Z%0,8000355,8004907,8000178,8000208,8000207,8003368,;426
2021-12-24T21:00:00.000Z;Zieverich;RB;RB 38;38;10284;8006659;8006659%2021-12-24T21:00:00.000Z%0,8004746,8002290,8000030,;426
2021-12-24T21:54:00.000Z;Zieverich;RB;RB 38;38;10285;8006659;8006659%2021-12-24T21:54:00.000Z%,8000355,8004907,8000178,8000208,8000207,8003368,;426
2021-12-24T22:01:00.000Z;Zieverich;RB;RB 38;38;10286;8006659;8006659%2021-12-24T22:01:00.000Z%,8004746,8002290,8000030,;426
2021-12-24T22:54:00.000Z;Zieverich;RB;RB 38;38;10287;8006659;8006659%2021-12-24T22:54:00.000Z%,8000355,8004907,8000178,8000208,8000207,8003368,;426
2021-12-24T23:00:00.000Z;Zieverich;RB;RB 38;38;10288;8006659;8006659%2021-12-24T23:00:00.000Z%,8004746,8002290,8000030,;426
2021-12-24T23:54:00.000Z;Zieverich;RB;RB 38;38;10289;8006659;8006659%2021-12-24T23:54:00.000Z%,8000355,8004907,8000178,8000208,8000207,8003368,;426
2021-12-25T00:00:00.000Z;Zieverich;RB;RB 38;38;10290;8006659;8006659%2021-12-25T00:00:00.000Z%,8004746,8002290,8000030,;426
2021-12-25T00:54:00.000Z;Zieverich;RB;RB 38;38;10291;8006659;8006659%2021-12-25T00:54:00.000Z%,8000355,8004907,8000178,8000208,8000207,8003368,;426
2021-12-25T06:00:00.000Z;Zieverich;RB;RB 38;38;10254;8006659;8006659%2021-12-25T06:00:00.000Z%,8004746,8002290,8000030,;426
2021-12-25T06:54:00.000Z;Zieverich;RB;RB 38;38;10255;8006659;8006659%2021-12-25T06:54:00.000Z%,8000355,8004907,8000178,8000208,8000207,8003368,;426
2021-12-25T07:00:00.000Z;Zieverich;RB;RB 38;38;10256;8006659;8006659%2021-12-25T07:00:00.000Z%,8004746,8002290,8000030,;426
2021-12-25T07:54:00.000Z;Zieverich;RB;RB 38;38;10257;8006659;8006659%2021-12-25T07:54:00.000Z%,8000355,8004907,8000178,8000208,8000207,8003368,;426
2021-12-25T08:00:00.000Z;Zieverich;RB;RB 38;38;10258;8006659;8006659%2021-12-25T08:00:00.000Z%,8004746,8002290,8000030,;426
2021-12-25T08:54:00.000Z;Zieverich;RB;RB 38;38;10259;8006659;8006659%2021-12-25T08:54:00.000Z%,8000355,8004907,8000178,8000208,8000207,8003368,;426
2021-12-25T09:00:00.000Z;Zieverich;RB;RB 38;38;10260;8006659;8006659%2021-12-25T09:00:00.000Z%,8004746,8002290,8000030,;426
2021-12-25T09:54:00.000Z;Zieverich;RB;RB 38;38;10261;8006659;8006659%2021-12-25T09:54:00.000Z%,8000355,8004907,8000178,8000208,8000207,8003368,;426
2021-12-25T10:00:00.000Z;Zieverich;RB;RB 38;38;10262;8006659;8006659%2021-12-25T10:00:00.000Z%,8004746,8002290,8000030,;426
2021-12-25T10:54:00.000Z;Zieverich;RB;RB 38;38;10263;8006659;8006659%2021-12-25T10:54:00.000Z%,8000355,8004907,8000178,8000208,8000207,8003368,;426
2021-12-25T11:00:00.000Z;Zieverich;RB;RB 38;38;10264;8006659;8006659%2021-12-25T11:00:00.000Z%,8004746,8002290,8000030,;426
2021-12-25T11:54:00.000Z;Zieverich;RB;RB 38;38;10265;8006659;8006659%2021-12-25T11:54:00.000Z%,8000355,8004907,8000178,8000208,8000207,8003368,;426
2021-12-25T12:00:00.000Z;Zieverich;RB;RB 38;38;10266;8006659;8006659%2021-12-25T12:00:00.000Z%,8004746,8002290,8000030,;426
2021-12-25T12:54:00.000Z;Zieverich;RB;RB 38;38;10267;8006659;8006659%2021-12-25T12:54:00.000Z%,8000355,8004907,8000178,8000208,8000207,8003368,;426
2021-12-25T13:00:00.000Z;Zieverich;RB;RB 38;38;10268;8006659;8006659%2021-12-25T13:00:00.000Z%,8004746,8002290,8000030,;426
2021-12-25T13:54:00.000Z;Zieverich;RB;RB 38;38;10269;8006659;8006659%2021-12-25T13:54:00.000Z%,8000355,8004907,8000178,8000208,8000207,8003368,;426
2021-12-25T14:00:00.000Z;Zieverich;RB;RB 38;38;10270;8006659;8006659%2021-12-25T14:00:00.000Z%,8004746,8002290,8000030,;426
2021-12-25T14:54:00.000Z;Zieverich;RB;RB 38;38;10271;8006659;8006659%2021-12-25T14:54:00.000Z%,8000355,8004907,8000178,8000208,8000207,8003368,;426
2021-12-25T15:00:00.000Z;Zieverich;RB;RB 38;38;10272;8006659;8006659%2021-12-25T15:00:00.000Z%,8004746,8002290,8000030,;426
2021-12-25T15:54:00.000Z;Zieverich;RB;RB 38;38;10273;8006659;8006659%2021-12-25T15:54:00.000Z%,8000355,8004907,8000178,8000208,8000207,8003368,;426
2021-12-25T16:00:00.000Z;Zieverich;RB;RB 38;38;10274;8006659;8006659%2021-12-25T16:00:00.000Z%,8004746,8002290,8000030,;426
2021-12-25T16:54:00.000Z;Zieverich;RB;RB 38;38;10275;8006659;8006659%2021-12-25T16:54:00.000Z%,8000355,8004907,8000178,8000208,8000207,8003368,;426
2021-12-25T17:00:00.000Z;Zieverich;RB;RB 38;38;10276;8006659;8006659%2021-12-25T17:00:00.000Z%,8004746,8002290,8000030,;426
2021-12-25T17:54:00.000Z;Zieverich;RB;RB 38;38;10277;8006659;8006659%2021-12-25T17:54:00.000Z%,8000355,8004907,8000178,8000208,8000207,8003368,;426
2021-12-25T18:00:00.000Z;Zieverich;RB;RB 38;38;10278;8006659;8006659%2021-12-25T18:00:00.000Z%,8004746,8002290,8000030,;426
2021-12-25T18:54:00.000Z;Zieverich;RB;RB 38;38;10279;8006659;8006659%2021-12-25T18:54:00.000Z%,8000355,8004907,8000178,8000208,8000207,8003368,;426
2021-12-25T19:00:00.000Z;Zieverich;RB;RB 38;38;10280;8006659;8006659%2021-12-25T19:00:00.000Z%,8004746,8002290,8000030,;426
2021-12-25T19:54:00.000Z;Zieverich;RB;RB 38;38;10281;8006659;8006659%2021-12-25T19:54:00.000Z%,8000355,8004907,8000178,8000208,8000207,8003368,;426
2021-12-25T20:00:00.000Z;Zieverich;RB;RB 38;38;10282;8006659;8006659%2021-12-25T20:00:00.000Z%,8004746,8002290,8000030,;426
2021-12-24T20:22:00.000Z;Zimmern(Main-Tauber);RB;RB 85;85;57984;8006662;8006662%2021-12-24T20:23:00.000Z%1,8006517,8002195,8003284,8002251,8005002,8006582,8000260,;426
2021-12-24T20:38:00.000Z;Zimmern(Main-Tauber);RB;RB 85;85;57983;8006662;8006662%2021-12-24T20:38:00.000Z%0,8002447,8002243,8000221,;426
2021-12-24T22:06:00.000Z;Zimmern(Main-Tauber);RB;RB 8;8;19089;8006662;8006662%2021-12-24T22:06:00.000Z%0,8002447,8002243,8000221,;426
2021-12-24T22:22:00.000Z;Zimmern(Main-Tauber);RB;RB 85;85;57988;8006662;8006662%2021-12-24T22:22:00.000Z%,8006517,8002195,8003284,8002251,8005002,8006582,8000260,;426
2021-12-24T23:12:00.000Z;Zimmern(Main-Tauber);RB;RB 8;8;19099;8006662;8006662%2021-12-24T23:12:00.000Z%0,8002447,8002243,8000221,;426
2021-12-25T05:51:00.000Z;Zimmern(Main-Tauber);RB;RB 8;8;19092;8006662;8006662%2021-12-25T05:51:00.000Z%,8006517,8002195,8003284,8002251,8005002,8006582,8000260,;426
2021-12-25T06:38:00.000Z;Zimmern(Main-Tauber);RB;RB 85;85;57955;8006662;8006662%2021-12-25T06:38:00.000Z%,8002447,8002243,8000221,;426
2021-12-25T07:22:00.000Z;Zimmern(Main-Tauber);RB;RB 85;85;57958;8006662;8006662%2021-12-25T07:22:00.000Z%,8006517,8002195,8003284,8002251,8005002,8006582,8000260,;426
2021-12-25T07:38:00.000Z;Zimmern(Main-Tauber);RB;RB 85;85;57957;8006662;8006662%2021-12-25T07:38:00.000Z%,8002447,8002243,8000221,;426
2021-12-25T08:22:00.000Z;Zimmern(Main-Tauber);RB;RB 85;85;57960;8006662;8006662%2021-12-25T08:22:00.000Z%,8006517,8002195,8003284,8002251,8005002,8006582,8000260,;426
2021-12-25T08:38:00.000Z;Zimmern(Main-Tauber);RB;RB 85;85;57959;8006662;8006662%2021-12-25T08:38:00.000Z%,8002447,8002243,8000221,;426
2021-12-25T09:22:00.000Z;Zimmern(Main-Tauber);RB;RB 85;85;57962;8006662;8006662%2021-12-25T09:22:00.000Z%,8006517,8002195,8003284,8002251,8005002,8006582,8000260,;426
2021-12-25T09:38:00.000Z;Zimmern(Main-Tauber);RB;RB 85;85;57961;8006662;8006662%2021-12-25T09:38:00.000Z%,8002447,8002243,8000221,;426
2021-12-25T10:23:00.000Z;Zimmern(Main-Tauber);RB;RB 85;85;57964;8006662;8006662%2021-12-25T10:23:00.000Z%,8006517,8002195,8003284,8002251,8005002,8006582,8000260,;426
2021-12-25T10:39:00.000Z;Zimmern(Main-Tauber);RB;RB 85;85;57963;8006662;8006662%2021-12-25T10:39:00.000Z%,8002447,8002243,8000221,;426
2021-12-25T11:22:00.000Z;Zimmern(Main-Tauber);RB;RB 85;85;57966;8006662;8006662%2021-12-25T11:22:00.000Z%,8006517,8002195,8003284,8002251,8005002,8006582,8000260,;426
2021-12-25T11:38:00.000Z;Zimmern(Main-Tauber);RB;RB 85;85;57965;8006662;8006662%2021-12-25T11:38:00.000Z%,8002447,8002243,8000221,;426
2021-12-25T12:26:00.000Z;Zimmern(Main-Tauber);RB;RB 85;85;57968;8006662;8006662%2021-12-25T12:26:00.000Z%,8006517,8002195,8003284,8002251,8005002,8006582,8000260,;426
2021-12-25T12:41:00.000Z;Zimmern(Main-Tauber);RB;RB 85;85;57967;8006662;8006662%2021-12-25T12:41:00.000Z%,8002447,8002243,8000221,;426
2021-12-25T13:22:00.000Z;Zimmern(Main-Tauber);RB;RB 85;85;57970;8006662;8006662%2021-12-25T13:22:00.000Z%,8006517,8002195,8003284,8002251,8005002,8006582,8000260,;426
2021-12-25T13:38:00.000Z;Zimmern(Main-Tauber);RB;RB 85;85;57969;8006662;8006662%2021-12-25T13:38:00.000Z%,8002447,8002243,8000221,;426
2021-12-25T14:23:00.000Z;Zimmern(Main-Tauber);RB;RB 85;85;57972;8006662;8006662%2021-12-25T14:23:00.000Z%,8006517,8002195,8003284,8002251,8005002,8006582,8000260,;426
2021-12-25T14:39:00.000Z;Zimmern(Main-Tauber);RB;RB 85;85;57971;8006662;8006662%2021-12-25T14:39:00.000Z%,8002447,8002243,8000221,;426
2021-12-25T15:25:00.000Z;Zimmern(Main-Tauber);RB;RB 85;85;57974;8006662;8006662%2021-12-25T15:25:00.000Z%,8006517,8002195,8003284,8002251,8005002,8006582,8000260,;426
2021-12-25T15:40:00.000Z;Zimmern(Main-Tauber);RB;RB 85;85;57973;8006662;8006662%2021-12-25T15:40:00.000Z%,8002447,8002243,8000221,;426
2021-12-25T16:23:00.000Z;Zimmern(Main-Tauber);RB;RB 85;85;57976;8006662;8006662%2021-12-25T16:23:00.000Z%,8006517,8002195,8003284,8002251,8005002,8006582,8000260,;426
2021-12-25T16:39:00.000Z;Zimmern(Main-Tauber);RB;RB 85;85;57975;8006662;8006662%2021-12-25T16:39:00.000Z%,8002447,8002243,8000221,;426
2021-12-25T17:23:00.000Z;Zimmern(Main-Tauber);RB;RB 85;85;57978;8006662;8006662%2021-12-25T17:23:00.000Z%,8006517,8002195,8003284,8002251,8005002,8006582,8000260,;426
2021-12-25T17:39:00.000Z;Zimmern(Main-Tauber);RB;RB 85;85;57977;8006662;8006662%2021-12-25T17:39:00.000Z%,8002447,8002243,8000221,;426
2021-12-25T18:22:00.000Z;Zimmern(Main-Tauber);RB;RB 85;85;57980;8006662;8006662%2021-12-25T18:22:00.000Z%,8006517,8002195,8003284,8002251,8005002,8006582,8000260,;426
2021-12-25T18:38:00.000Z;Zimmern(Main-Tauber);RB;RB 85;85;57979;8006662;8006662%2021-12-25T18:38:00.000Z%,8002447,8002243,8000221,;426
2021-12-25T19:22:00.000Z;Zimmern(Main-Tauber);RB;RB 85;85;57982;8006662;8006662%2021-12-25T19:22:00.000Z%,8006517,8002195,8003284,8002251,8005002,8006582,8000260,;426
2021-12-25T19:38:00.000Z;Zimmern(Main-Tauber);RB;RB 85;85;57981;8006662;8006662%2021-12-25T19:38:00.000Z%,8002447,8002243,8000221,;426
2021-12-24T21:01:00.000Z;Züttlingen;RB;RB 18;18;19334;8006676;8006676%2021-12-24T21:01:00.000Z%0,8004050,8005151,8005536,8000424,8000295,;426
2021-12-24T22:01:00.000Z;Züttlingen;RB;RB 18;18;19336;8006676;8006676%2021-12-24T22:06:00.000Z%5,8004050,8005151,8005536,8000424,8000295,;426
2021-12-24T22:31:00.000Z;Züttlingen;RE;RE 8;8;19088;8006676;8006676%2021-12-24T22:31:00.000Z%0,8004050,8005151,8005536,8000424,8000295,8005168,8001933,8001111,8003381,8000221,;602
2021-12-24T22:55:00.000Z;Züttlingen;RB;RB 18;18;19345;8006676;8006676%2021-12-24T22:55:00.000Z%0,8005566,8004258,8002764,8005989,8000017,8004220,8002699,8000157,;426
2021-12-24T23:01:00.000Z;Züttlingen;RB;RB 18;18;19338;8006676;8006676%2021-12-24T23:01:00.000Z%0,8004050,8005151,8005536,8000424,8000295,;426
2021-12-24T23:55:00.000Z;Züttlingen;RB;RB 18;18;19347;8006676;8006676%2021-12-24T23:55:00.000Z%0,8005566,8004258,8002764,8005989,8000017,8004220,8002699,8000157,;426
2021-12-25T05:25:00.000Z;Züttlingen;RB;RB 8;8;19095;8006676;8006676%2021-12-25T05:25:00.000Z%,8005566,8004258,8002764,8005989,8000017,8004220,8000157,8004458,8003588,8003278,8006171,8000925,8000038,8000235,8000096,;426
2021-12-25T06:55:00.000Z;Züttlingen;RB;RB 18;18;19309;8006676;8006676%2021-12-25T06:55:00.000Z%,8005566,8004258,8002764,8005989,8000017,8004220,8002699,8000157,8004458,8003588,8003278,8006171,8000925,8000038,8000235,8000096,8005769,8001920,8000302,8006331,8004517,8004488,8000865,8004009,8000314,8000141,;426
2021-12-25T07:55:00.000Z;Züttlingen;RB;RB 18;18;19313;8006676;8006676%2021-12-25T07:55:00.000Z%,8005566,8004258,8002764,8005989,8000017,8004220,8002699,8000157,8004458,8003588,8003278,8006171,8000925,8000038,8000235,8000096,8005769,8001920,8000302,8006331,8004517,8004488,8000865,8004009,8000314,8000141,;426
2021-12-25T08:01:00.000Z;Züttlingen;RB;RB 18;18;19306;8006676;8006676%2021-12-25T08:01:00.000Z%,8004050,8005151,8005536,8000424,8000295,;426
2021-12-25T08:55:00.000Z;Züttlingen;RB;RB 18;18;19315;8006676;8006676%2021-12-25T08:55:00.000Z%,8005566,8004258,8002764,8005989,8000017,8004220,8002699,8000157,8004458,8003588,8003278,8006171,8000925,8000038,8000235,8000096,8005769,8001920,8000302,8006331,8004517,8004488,8000865,8004009,8000314,8000141,;426
2021-12-25T09:01:00.000Z;Züttlingen;RB;RB 18;18;19308;8006676;8006676%2021-12-25T09:01:00.000Z%,8004050,8005151,8005536,8000424,8000295,;426
2021-12-25T09:55:00.000Z;Züttlingen;RB;RB 18;18;19317;8006676;8006676%2021-12-25T09:55:00.000Z%,8005566,8004258,8002764,8005989,8000017,8004220,8002699,8000157,8004458,8003588,8003278,8006171,8000925,8000038,8000235,8000096,8005769,8001920,8000302,8006331,8004517,8004488,8000865,8004009,8000314,8000141,;426
2021-12-25T10:01:00.000Z;Züttlingen;RB;RB 18;18;19310;8006676;8006676%2021-12-25T10:01:00.000Z%,8004050,8005151,8005536,8000424,8000295,;426
2021-12-25T10:55:00.000Z;Züttlingen;RB;RB 18;18;19319;8006676;8006676%2021-12-25T10:55:00.000Z%,8005566,8004258,8002764,8005989,8000017,8004220,8002699,8000157,8004458,8003588,8003278,8006171,8000925,8000038,8000235,8000096,8005769,8001920,8000302,8006331,8004517,8004488,8000865,8004009,8000314,8000141,;426
2021-12-25T11:01:00.000Z;Züttlingen;RB;RB 18;18;19312;8006676;8006676%2021-12-25T11:01:00.000Z%,8004050,8005151,8005536,8000424,8000295,;426
2021-12-25T11:55:00.000Z;Züttlingen;RB;RB 18;18;19321;8006676;8006676%2021-12-25T11:55:00.000Z%,8005566,8004258,8002764,8005989,8000017,8004220,8002699,8000157,8004458,8003588,8003278,8006171,8000925,8000038,8000235,8000096,8005769,8001920,8000302,8006331,8004517,8004488,8000865,8004009,8000314,8000141,;426
2021-12-25T12:01:00.000Z;Züttlingen;RB;RB 18;18;19314;8006676;8006676%2021-12-25T12:01:00.000Z%,8004050,8005151,8005536,8000424,8000295,;426
2021-12-25T12:55:00.000Z;Züttlingen;RB;RB 18;18;19323;8006676;8006676%2021-12-25T12:55:00.000Z%,8005566,8004258,8002764,8005989,8000017,8004220,8002699,8000157,8004458,8003588,8003278,8006171,8000925,8000038,8000235,8000096,8005769,8001920,8000302,8006331,8004517,8004488,8000865,8004009,8000314,8000141,;426
2021-12-25T13:01:00.000Z;Züttlingen;RB;RB 18;18;19316;8006676;8006676%2021-12-25T13:01:00.000Z%,8004050,8005151,8005536,8000424,8000295,;426
2021-12-25T13:55:00.000Z;Züttlingen;RB;RB 18;18;19325;8006676;8006676%2021-12-25T13:55:00.000Z%,8005566,8004258,8002764,8005989,8000017,8004220,8002699,8000157,8004458,8003588,8003278,8006171,8000925,8000038,8000235,8000096,8005769,8001920,8000302,8006331,8004517,8004488,8000865,8004009,8000314,8000141,;426
2021-12-25T14:01:00.000Z;Züttlingen;RB;RB 18;18;19318;8006676;8006676%2021-12-25T14:01:00.000Z%,8004050,8005151,8005536,8000424,8000295,;426
2021-12-25T14:55:00.000Z;Züttlingen;RB;RB 18;18;19327;8006676;8006676%2021-12-25T14:55:00.000Z%,8005566,8004258,8002764,8005989,8000017,8004220,8002699,8000157,8004458,8003588,8003278,8006171,8000925,8000038,8000235,8000096,8005769,8001920,8000302,8006331,8004517,8004488,8000865,8004009,8000314,8000141,;426
2021-12-25T15:01:00.000Z;Züttlingen;RB;RB 18;18;19320;8006676;8006676%2021-12-25T15:01:00.000Z%,8004050,8005151,8005536,8000424,8000295,;426
2021-12-25T15:55:00.000Z;Züttlingen;RB;RB 18;18;19329;8006676;8006676%2021-12-25T15:55:00.000Z%,8005566,8004258,8002764,8005989,8000017,8004220,8002699,8000157,8004458,8003588,8003278,8006171,8000925,8000038,8000235,8000096,8005769,8001920,8000302,8006331,8004517,8004488,8000865,8004009,8000314,8000141,;426
2021-12-25T16:01:00.000Z;Züttlingen;RB;RB 18;18;19322;8006676;8006676%2021-12-25T16:01:00.000Z%,8004050,8005151,8005536,8000424,8000295,;426
2021-12-25T16:55:00.000Z;Züttlingen;RB;RB 18;18;19331;8006676;8006676%2021-12-25T16:55:00.000Z%,8005566,8004258,8002764,8005989,8000017,8004220,8002699,8000157,8004458,8003588,8003278,8006171,8000925,8000038,8000235,8000096,8005769,8001920,8000302,8006331,8004517,8004488,8000865,8004009,8000314,8000141,;426
2021-12-25T17:01:00.000Z;Züttlingen;RB;RB 18;18;19326;8006676;8006676%2021-12-25T17:01:00.000Z%,8004050,8005151,8005536,8000424,8000295,;426
2021-12-25T17:55:00.000Z;Züttlingen;RB;RB 18;18;19333;8006676;8006676%2021-12-25T17:55:00.000Z%,8005566,8004258,8002764,8005989,8000017,8004220,8002699,8000157,8004458,8003588,8003278,8006171,8000925,8000038,8000235,8000096,8005769,8001920,8000302,8006331,8004517,8004488,8000865,8004009,8000314,8000141,;426
2021-12-25T18:01:00.000Z;Züttlingen;RB;RB 18;18;19328;8006676;8006676%2021-12-25T18:01:00.000Z%,8004050,8005151,8005536,8000424,8000295,;426
2021-12-25T18:55:00.000Z;Züttlingen;RB;RB 18;18;19335;8006676;8006676%2021-12-25T18:55:00.000Z%,8005566,8004258,8002764,8005989,8000017,8004220,8002699,8000157,8004458,8003588,8003278,8006171,8000925,8000038,8000235,8000096,8005769,8001920,8000302,8006331,8004517,8004488,8000865,8004009,8000314,8000141,;426
2021-12-25T19:01:00.000Z;Züttlingen;RB;RB 18;18;19330;8006676;8006676%2021-12-25T19:01:00.000Z%,8004050,8005151,8005536,8000424,8000295,;426
2021-12-25T19:55:00.000Z;Züttlingen;RB;RB 18;18;19337;8006676;8006676%2021-12-25T19:55:00.000Z%,8005566,8004258,8002764,8005989,8000017,8004220,8002699,8000157,8004458,8003588,8003278,8006171,8000925,8000038,8000235,8000096,8005769,8001920,8000302,8006331,8004517,8004488,8000865,8004009,8000314,8000141,;426
2021-12-25T20:01:00.000Z;Züttlingen;RB;RB 18;18;19332;8006676;8006676%2021-12-25T20:01:00.000Z%,8004050,8005151,8005536,8000424,8000295,;426
2021-12-25T06:45:00.000Z;Zweibrücken Hbf;RB;RB 68;68;12908;8006680;8006680%2021-12-25T06:45:00.000Z%,8006682,8001341,8005673,8001406,8001407,8005094,8002895,8005843,8000876,8004822,;426
2021-12-25T07:13:00.000Z;Zweibrücken Hbf;RB;RB 68;68;12907;8006680;8006680%2021-12-25T07:13:00.000Z%,8000371,8000357,8001027,8006581,8002625,8000319,8005649,8005241,8000323,;426
2021-12-25T07:45:00.000Z;Zweibrücken Hbf;RB;RB 68;68;12910;8006680;8006680%2021-12-25T07:45:00.000Z%,8006682,8001341,8005673,8001406,8001407,8005094,8002895,8005843,8000876,8004822,;426
2021-12-25T08:13:00.000Z;Zweibrücken Hbf;RB;RB 68;68;12909;8006680;8006680%2021-12-25T08:13:00.000Z%,8000371,8000357,8001027,8006581,8002625,8000319,8005649,8005241,8000323,;426
2021-12-25T08:45:00.000Z;Zweibrücken Hbf;RB;RB 68;68;12912;8006680;8006680%2021-12-25T08:45:00.000Z%,8006682,8001341,8005673,8001406,8001407,8005094,8002895,8005843,8000876,8004822,;426
2021-12-25T09:13:00.000Z;Zweibrücken Hbf;RB;RB 68;68;12911;8006680;8006680%2021-12-25T09:13:00.000Z%,8000371,8000357,8001027,8006581,8002625,8000319,8005649,8005241,8000323,;426
2021-12-25T09:45:00.000Z;Zweibrücken Hbf;RB;RB 68;68;12914;8006680;8006680%2021-12-25T09:45:00.000Z%,8006682,8001341,8005673,8001406,8001407,8005094,8002895,8005843,8000876,8004822,;426
2021-12-25T10:13:00.000Z;Zweibrücken Hbf;RB;RB 68;68;12913;8006680;8006680%2021-12-25T10:13:00.000Z%,8000371,8000357,8001027,8006581,8002625,8000319,8005649,8005241,8000323,;426
2021-12-25T10:45:00.000Z;Zweibrücken Hbf;RB;RB 68;68;12916;8006680;8006680%2021-12-25T10:45:00.000Z%,8006682,8001341,8005673,8001406,8001407,8005094,8002895,8005843,8000876,8004822,;426
2021-12-25T11:13:00.000Z;Zweibrücken Hbf;RB;RB 68;68;12915;8006680;8006680%2021-12-25T11:13:00.000Z%,8000371,8000357,8001027,8006581,8002625,8000319,8005649,8005241,8000323,;426
2021-12-25T11:45:00.000Z;Zweibrücken Hbf;RB;RB 68;68;12918;8006680;8006680%2021-12-25T11:45:00.000Z%,8006682,8001341,8005673,8001406,8001407,8005094,8002895,8005843,8000876,8004822,;426
2021-12-25T12:13:00.000Z;Zweibrücken Hbf;RB;RB 68;68;12917;8006680;8006680%2021-12-25T12:13:00.000Z%,8000371,8000357,8001027,8006581,8002625,8000319,8005649,8005241,8000323,;426
2021-12-25T12:45:00.000Z;Zweibrücken Hbf;RB;RB 68;68;12922;8006680;8006680%2021-12-25T12:45:00.000Z%,8006682,8001341,8005673,8001406,8001407,8005094,8002895,8005843,8000876,8004822,;426
2021-12-25T13:13:00.000Z;Zweibrücken Hbf;RB;RB 68;68;12919;8006680;8006680%2021-12-25T13:13:00.000Z%,8000371,8000357,8001027,8006581,8002625,8000319,8005649,8005241,8000323,;426
2021-12-25T13:45:00.000Z;Zweibrücken Hbf;RB;RB 68;68;12924;8006680;8006680%2021-12-25T13:45:00.000Z%,8006682,8001341,8005673,8001406,8001407,8005094,8002895,8005843,8000876,8004822,;426
2021-12-25T14:13:00.000Z;Zweibrücken Hbf;RB;RB 68;68;12921;8006680;8006680%2021-12-25T14:13:00.000Z%,8000371,8000357,8001027,8006581,8002625,8000319,8005649,8005306,8000323,;426
2021-12-25T14:45:00.000Z;Zweibrücken Hbf;RB;RB 68;68;12926;8006680;8006680%2021-12-25T14:45:00.000Z%,8006682,8001341,8005673,8001406,8001407,8005094,8002895,8005843,8000876,8004822,;426
2021-12-25T15:13:00.000Z;Zweibrücken Hbf;RB;RB 68;68;12923;8006680;8006680%2021-12-25T15:13:00.000Z%,8000371,8000357,8001027,8006581,8002625,8000319,8005649,8005306,8000323,;426
2021-12-25T15:45:00.000Z;Zweibrücken Hbf;RB;RB 68;68;12928;8006680;8006680%2021-12-25T15:45:00.000Z%,8006682,8001341,8005673,8001406,8001407,8005094,8002895,8005843,8000876,8004822,;426
2021-12-25T16:13:00.000Z;Zweibrücken Hbf;RB;RB 68;68;12925;8006680;8006680%2021-12-25T16:13:00.000Z%,8000371,8000357,8001027,8006581,8002625,8000319,8005649,8005306,8000323,;426
2021-12-25T16:45:00.000Z;Zweibrücken Hbf;RB;RB 68;68;12932;8006680;8006680%2021-12-25T16:45:00.000Z%,8006682,8001341,8005673,8001406,8001407,8005094,8002895,8005843,8000876,8004822,;426
2021-12-25T17:13:00.000Z;Zweibrücken Hbf;RB;RB 68;68;12927;8006680;8006680%2021-12-25T17:13:00.000Z%,8000371,8000357,8001027,8006581,8002625,8000319,8005649,8005241,8000323,;426
2021-12-25T17:45:00.000Z;Zweibrücken Hbf;RB;RB 68;68;12934;8006680;8006680%2021-12-25T17:45:00.000Z%,8006682,8001341,8005673,8001406,8001407,8005094,8002895,8005843,8000876,8004822,;426
2021-12-25T18:13:00.000Z;Zweibrücken Hbf;RB;RB 68;68;12929;8006680;8006680%2021-12-25T18:13:00.000Z%,8000371,8000357,8001027,8006581,8002625,8000319,8005649,8005241,8000323,;426
2021-12-25T18:45:00.000Z;Zweibrücken Hbf;RB;RB 68;68;12936;8006680;8006680%2021-12-25T18:45:00.000Z%,8006682,8001341,8005673,8001406,8001407,8005094,8002895,8005843,8000876,8004822,;426
2021-12-25T19:13:00.000Z;Zweibrücken Hbf;RB;RB 68;68;12931;8006680;8006680%2021-12-25T19:13:00.000Z%,8000371,8000357,8001027,8006581,8002625,8000319,8005649,8005241,8000323,;426
2021-12-25T19:45:00.000Z;Zweibrücken Hbf;RB;RB 68;68;12938;8006680;8006680%2021-12-25T19:45:00.000Z%,8006682,8001341,8005673,8001406,8001407,8005094,8002895,8005843,8000876,8004822,;426
2021-12-25T20:13:00.000Z;Zweibrücken Hbf;RB;RB 68;68;12933;8006680;8006680%2021-12-25T20:13:00.000Z%,8000371,8000357,8001027,8006581,8002625,8000319,8005649,8005241,8000323,;426
2021-12-24T20:49:00.000Z;Zwingenberg(Bergstr);RB;RB 68;68;15335;8006687;8006687%2021-12-24T20:49:00.000Z%0,8000877,8000031,8002757,8003571,8002748,8000377,8003792,8002430,8003489,8000631,8002687,8000156,;426
2021-12-24T20:49:00.000Z;Zwingenberg(Bergstr);RB;RB 67;67;15435;8006687;8006687%2021-12-24T20:49:00.000Z%0,8000877,8000031,8002757,8003571,8002748,8000377,8003792,8002430,8003489,8000631,8003841,8000244,;426
2021-12-24T21:10:00.000Z;Zwingenberg(Bergstr);RB;RB 67;67;15434;8006687;8006687%2021-12-24T21:11:00.000Z%1,8002498,8000948,8001379,8001377,8000068,8003523,8000105,;426
2021-12-24T21:10:00.000Z;Zwingenberg(Bergstr);RB;RB 68;68;15334;8006687;8006687%2021-12-24T21:11:00.000Z%1,8002498,8000948,8001379,8001377,8000068,8003523,8000105,;426
2021-12-24T21:49:00.000Z;Zwingenberg(Bergstr);RB;RB 68;68;15337;8006687;8006687%2021-12-24T21:49:00.000Z%,8000877,8000031,8002757,8003571,8002748,8000377,8003792,8002430,8003489,8000631,8002687,8000156,;426
2021-12-24T21:49:00.000Z;Zwingenberg(Bergstr);RB;RB 67;67;15437;8006687;8006687%2021-12-24T21:49:00.000Z%,8000877,8000031,8002757,8003571,8002748,8000377,8003792,8002430,8003489,8000631,8003841,8000244,;426
2021-12-24T21:55:00.000Z;Zwingenberg(Bergstr);RE;RE 60;60;4684;8006687;8006687%2021-12-24T21:55:00.000Z%,8000948,8000068,8003523,8000105,;602
2021-12-24T22:05:00.000Z;Zwingenberg(Bergstr);RE;RE 60;60;4685;8006687;8006687%2021-12-24T22:05:00.000Z%,8000031,8002757,8002748,8000377,8003489,8000631,8000244,;602
2021-12-24T22:06:00.000Z;Zwingenberg(Bergstr);RB;RB 67;67;15442;8006687;8006687%2021-12-24T22:06:00.000Z%,8002498,8000948,8001379,8001377,8000068,8003523,8000105,;426
2021-12-24T22:06:00.000Z;Zwingenberg(Bergstr);RB;RB 68;68;15336;8006687;8006687%2021-12-24T22:06:00.000Z%,8002498,8000948,8001379,8001377,8000068,8003523,8000105,;426
2021-12-24T22:49:00.000Z;Zwingenberg(Bergstr);RB;RB 68;68;15339;8006687;8006687%2021-12-24T22:49:00.000Z%,8000877,8000031,8002757,8003571,8002748,8000377,8003792,8002430,8003489,8000631,8002687,8000156,;426
2021-12-24T23:10:00.000Z;Zwingenberg(Bergstr);RB;RB 67;67;15438;8006687;8006687%2021-12-24T23:10:00.000Z%,8002498,8000948,8001379,8001377,8000068,8003523,8000105,;426
2021-12-24T23:10:00.000Z;Zwingenberg(Bergstr);RB;RB 68;68;15338;8006687;8006687%2021-12-24T23:10:00.000Z%,8002498,8000948,8001379,8001377,8000068,8003523,8000105,;426
2021-12-24T23:49:00.000Z;Zwingenberg(Bergstr);RB;RB 67;67;15443;8006687;8006687%2021-12-24T23:49:00.000Z%,8000877,8000031,8002757,8003571,8002748,8000377,8003792,8002430,8003489,8000631,8002687,8000156,;426
2021-12-25T00:09:00.000Z;Zwingenberg(Bergstr);RB;RB 67;67;15440;8006687;8006687%2021-12-25T00:09:00.000Z%,8002498,8000948,8001379,8001377,8000068,8003523,8000105,;426
2021-12-25T00:09:00.000Z;Zwingenberg(Bergstr);RB;RB 68;68;15340;8006687;8006687%2021-12-25T00:09:00.000Z%,8002498,8000948,8001379,8001377,8000068,8003523,8000105,;426
2021-12-25T01:48:00.000Z;Zwingenberg(Bergstr);RB;RB 68;68;15343;8006687;8006687%2021-12-25T01:48:00.000Z%,8000877,8000031,8002757,8003571,8002748,8000377,8003792,8002430,8003489,8000631,8002687,8000156,;426
2021-12-25T02:13:00.000Z;Zwingenberg(Bergstr);RB;RB 68;68;15344;8006687;8006687%2021-12-25T02:13:00.000Z%,8002498,8000948,8001379,8001377,8000068,8003523,8000105,;426
2021-12-25T03:51:00.000Z;Zwingenberg(Bergstr);RB;RB 68;68;15301;8006687;8006687%2021-12-25T03:51:00.000Z%,8000877,8000031,8002757,8003571,8002748,8000377,8003792,8002430,8003489,8000631,8002687,8000156,;426
2021-12-25T04:51:00.000Z;Zwingenberg(Bergstr);RB;RB 68;68;15303;8006687;8006687%2021-12-25T04:51:00.000Z%,8000877,8000031,8002757,8003571,8002748,8000377,8003792,8002430,8003489,8000631,8002687,8000156,;426
2021-12-25T04:51:00.000Z;Zwingenberg(Bergstr);RB;RB 67;67;15453;8006687;8006687%2021-12-25T04:51:00.000Z%,8000877,8000031,8002757,8003571,8002748,8000377,8003792,8002430,8003489,8000631,8003847,8003841,8000244,;426
2021-12-25T05:08:00.000Z;Zwingenberg(Bergstr);RB;RB 67;67;15402;8006687;8006687%2021-12-25T05:08:00.000Z%,8002498,8000948,8001379,8001377,8000068,8003523,8000105,;426
2021-12-25T05:08:00.000Z;Zwingenberg(Bergstr);RB;RB 68;68;15302;8006687;8006687%2021-12-25T05:08:00.000Z%,8002498,8000948,8001379,8001377,8000068,8003523,8000105,;426
2021-12-25T05:49:00.000Z;Zwingenberg(Bergstr);RB;RB 68;68;15305;8006687;8006687%2021-12-25T05:49:00.000Z%,8000877,8000031,8002757,8003571,8002748,8000377,8003792,8002430,8003489,8000631,8002687,8000156,;426
2021-12-25T05:49:00.000Z;Zwingenberg(Bergstr);RB;RB 67;67;15455;8006687;8006687%2021-12-25T05:49:00.000Z%,8000877,8000031,8002757,8003571,8002748,8000377,8003792,8002430,8003489,8000631,8000244,;426
2021-12-25T06:08:00.000Z;Zwingenberg(Bergstr);RB;RB 67;67;15404;8006687;8006687%2021-12-25T06:08:00.000Z%,8002498,8000948,8001379,8001377,8000068,8003523,8000105,;426
2021-12-25T06:08:00.000Z;Zwingenberg(Bergstr);RB;RB 68;68;15304;8006687;8006687%2021-12-25T06:08:00.000Z%,8002498,8000948,8001379,8001377,8000068,8003523,8000105,;426
2021-12-25T06:52:00.000Z;Zwingenberg(Bergstr);RB;RB 68;68;15307;8006687;8006687%2021-12-25T06:52:00.000Z%,8000877,8000031,8002757,8003571,8002748,8000377,8003792,8002430,8003489,8000631,8002687,8000156,;426
2021-12-25T06:52:00.000Z;Zwingenberg(Bergstr);RB;RB 67;67;15407;8006687;8006687%2021-12-25T06:52:00.000Z%,8000877,8000031,8002757,8003571,8002748,8000377,8003792,8002430,8003489,8000631,8005494,;426
2021-12-25T07:07:00.000Z;Zwingenberg(Bergstr);RB;RB 67;67;15446;8006687;8006687%2021-12-25T07:07:00.000Z%,8002498,8000948,8001379,8001377,8000068,8003523,8000105,;426
2021-12-25T07:07:00.000Z;Zwingenberg(Bergstr);RB;RB 68;68;15390;8006687;8006687%2021-12-25T07:07:00.000Z%,8002498,8000948,8001379,8001377,8000068,8003523,8000105,;426
2021-12-25T07:52:00.000Z;Zwingenberg(Bergstr);RB;RB 68;68;15309;8006687;8006687%2021-12-25T07:52:00.000Z%,8000877,8000031,8002757,8003571,8002748,8000377,8003792,8002430,8003489,8000631,8002687,8000156,;426
2021-12-25T07:52:00.000Z;Zwingenberg(Bergstr);RB;RB 67;67;15409;8006687;8006687%2021-12-25T07:52:00.000Z%,8000877,8000031,8002757,8003571,8002748,8000377,8003792,8002430,8003489,8000631,8005494,;426
2021-12-25T07:55:00.000Z;Zwingenberg(Bergstr);RE;RE 60;60;4656;8006687;8006687%2021-12-25T07:55:00.000Z%,8000948,8000068,8003523,8000105,;602
2021-12-25T08:05:00.000Z;Zwingenberg(Bergstr);RE;RE 60;60;4657;8006687;8006687%2021-12-25T08:05:00.000Z%,8000031,8002757,8002748,8000377,8003489,8000631,8000244,;602
2021-12-25T08:06:00.000Z;Zwingenberg(Bergstr);RB;RB 67;67;15448;8006687;8006687%2021-12-25T08:06:00.000Z%,8002498,8000948,8001379,8001377,8000068,8003523,8000105,;426
2021-12-25T08:06:00.000Z;Zwingenberg(Bergstr);RB;RB 68;68;15308;8006687;8006687%2021-12-25T08:06:00.000Z%,8002498,8000948,8001379,8001377,8000068,8003523,8000105,;426
2021-12-25T08:51:00.000Z;Zwingenberg(Bergstr);RE;RE 60;60;4658;8006687;8006687%2021-12-25T08:51:00.000Z%,8000948,8000068,8003523,8000105,;602
2021-12-25T08:52:00.000Z;Zwingenberg(Bergstr);RB;RB 68;68;15311;8006687;8006687%2021-12-25T08:52:00.000Z%,8000877,8000031,8002757,8003571,8002748,8000377,8003792,8002430,8003489,8000631,8002687,8000156,;426
2021-12-25T08:52:00.000Z;Zwingenberg(Bergstr);RB;RB 67;67;15411;8006687;8006687%2021-12-25T08:52:00.000Z%,8000877,8000031,8002757,8003571,8002748,8000377,8003792,8002430,8003489,8000631,8005494,;426
2021-12-25T09:06:00.000Z;Zwingenberg(Bergstr);RB;RB 67;67;15410;8006687;8006687%2021-12-25T09:06:00.000Z%,8002498,8000948,8001379,8001377,8000068,8003523,8000105,;426
2021-12-25T09:06:00.000Z;Zwingenberg(Bergstr);RB;RB 68;68;15310;8006687;8006687%2021-12-25T09:06:00.000Z%,8002498,8000948,8001379,8001377,8000068,8003523,8000105,;426
2021-12-25T09:07:00.000Z;Zwingenberg(Bergstr);RE;RE 60;60;4659;8006687;8006687%2021-12-25T09:07:00.000Z%,8000031,8002757,8002748,8000377,8003489,8000631,8000244,;602
2021-12-25T09:52:00.000Z;Zwingenberg(Bergstr);RB;RB 68;68;15313;8006687;8006687%2021-12-25T09:52:00.000Z%,8000877,8000031,8002757,8003571,8002748,8000377,8003792,8002430,8003489,8000631,8002687,8000156,;426
2021-12-25T09:52:00.000Z;Zwingenberg(Bergstr);RB;RB 67;67;15413;8006687;8006687%2021-12-25T09:52:00.000Z%,8000877,8000031,8002757,8003571,8002748,8000377,8003792,8002430,8003489,8000631,8005494,;426
2021-12-25T09:55:00.000Z;Zwingenberg(Bergstr);RE;RE 60;60;4660;8006687;8006687%2021-12-25T09:55:00.000Z%,8000948,8000068,8003523,8000105,;602
2021-12-25T10:05:00.000Z;Zwingenberg(Bergstr);RE;RE 60;60;4661;8006687;8006687%2021-12-25T10:05:00.000Z%,8000031,8002757,8002748,8000377,8003489,8000631,8000244,;602
2021-12-25T10:06:00.000Z;Zwingenberg(Bergstr);RB;RB 67;67;15412;8006687;8006687%2021-12-25T10:06:00.000Z%,8002498,8000948,8001379,8001377,8000068,8003523,8000105,;426
2021-12-25T10:06:00.000Z;Zwingenberg(Bergstr);RB;RB 68;68;15312;8006687;8006687%2021-12-25T10:06:00.000Z%,8002498,8000948,8001379,8001377,8000068,8003523,8000105,;426
2021-12-25T10:52:00.000Z;Zwingenberg(Bergstr);RB;RB 68;68;15315;8006687;8006687%2021-12-25T10:52:00.000Z%,8000877,8000031,8002757,8003571,8002748,8000377,8003792,8002430,8003489,8000631,8002687,8000156,;426
2021-12-25T10:52:00.000Z;Zwingenberg(Bergstr);RB;RB 67;67;15415;8006687;8006687%2021-12-25T10:52:00.000Z%,8000877,8000031,8002757,8003571,8002748,8000377,8003792,8002430,8003489,8000631,8005494,;426
2021-12-25T10:55:00.000Z;Zwingenberg(Bergstr);RE;RE 60;60;4662;8006687;8006687%2021-12-25T10:55:00.000Z%,8000948,8000068,8003523,8000105,;602
2021-12-25T11:02:00.000Z;Zwingenberg(Bergstr);RE;RE 60;60;4663;8006687;8006687%2021-12-25T11:02:00.000Z%,8000031,8002757,8002748,8000377,8003489,8000631,8000244,;602
2021-12-25T11:06:00.000Z;Zwingenberg(Bergstr);RB;RB 67;67;15414;8006687;8006687%2021-12-25T11:06:00.000Z%,8002498,8000948,8001379,8001377,8000068,8003523,8000105,;426
2021-12-25T11:06:00.000Z;Zwingenberg(Bergstr);RB;RB 68;68;15314;8006687;8006687%2021-12-25T11:06:00.000Z%,8002498,8000948,8001379,8001377,8000068,8003523,8000105,;426
2021-12-25T11:52:00.000Z;Zwingenberg(Bergstr);RB;RB 68;68;15317;8006687;8006687%2021-12-25T11:52:00.000Z%,8000877,8000031,8002757,8003571,8002748,8000377,8003792,8002430,8003489,8000631,8002687,8000156,;426
2021-12-25T11:52:00.000Z;Zwingenberg(Bergstr);RB;RB 67;67;15417;8006687;8006687%2021-12-25T11:52:00.000Z%,8000877,8000031,8002757,8003571,8002748,8000377,8003792,8002430,8003489,8000631,8005494,;426
2021-12-25T11:55:00.000Z;Zwingenberg(Bergstr);RE;RE 60;60;4664;8006687;8006687%2021-12-25T11:55:00.000Z%,8000948,8000068,8003523,8000105,;602
2021-12-25T12:05:00.000Z;Zwingenberg(Bergstr);RE;RE 60;60;4665;8006687;8006687%2021-12-25T12:05:00.000Z%,8000031,8002757,8002748,8000377,8003489,8000631,8000244,;602
2021-12-25T12:06:00.000Z;Zwingenberg(Bergstr);RB;RB 67;67;15416;8006687;8006687%2021-12-25T12:06:00.000Z%,8002498,8000948,8001379,8001377,8000068,8003523,8000105,;426
2021-12-25T12:06:00.000Z;Zwingenberg(Bergstr);RB;RB 68;68;15316;8006687;8006687%2021-12-25T12:06:00.000Z%,8002498,8000948,8001379,8001377,8000068,8003523,8000105,;426
2021-12-25T12:52:00.000Z;Zwingenberg(Bergstr);RB;RB 68;68;15319;8006687;8006687%2021-12-25T12:52:00.000Z%,8000877,8000031,8002757,8003571,8002748,8000377,8003792,8002430,8003489,8000631,8002687,8000156,;426
2021-12-25T12:52:00.000Z;Zwingenberg(Bergstr);RE;RE 60;60;4666;8006687;8006687%2021-12-25T12:52:00.000Z%,8000948,8000068,8003523,8000105,;602
2021-12-25T12:52:00.000Z;Zwingenberg(Bergstr);RB;RB 67;67;15419;8006687;8006687%2021-12-25T12:52:00.000Z%,8000877,8000031,8002757,8003571,8002748,8000377,8003792,8002430,8003489,8000631,8005494,;426
2021-12-25T13:02:00.000Z;Zwingenberg(Bergstr);RE;RE 60;60;4667;8006687;8006687%2021-12-25T13:02:00.000Z%,8000031,8002757,8002748,8000377,8003489,8000631,8000244,;602
2021-12-25T13:06:00.000Z;Zwingenberg(Bergstr);RB;RB 67;67;15418;8006687;8006687%2021-12-25T13:06:00.000Z%,8002498,8000948,8001379,8001377,8000068,8003523,8000105,;426
2021-12-25T13:06:00.000Z;Zwingenberg(Bergstr);RB;RB 68;68;15318;8006687;8006687%2021-12-25T13:06:00.000Z%,8002498,8000948,8001379,8001377,8000068,8003523,8000105,;426
2021-12-25T13:52:00.000Z;Zwingenberg(Bergstr);RB;RB 68;68;15321;8006687;8006687%2021-12-25T13:52:00.000Z%,8000877,8000031,8002757,8003571,8002748,8000377,8003792,8002430,8003489,8000631,8002687,8000156,;426
2021-12-25T13:52:00.000Z;Zwingenberg(Bergstr);RB;RB 67;67;15421;8006687;8006687%2021-12-25T13:52:00.000Z%,8000877,8000031,8002757,8003571,8002748,8000377,8003792,8002430,8003489,8000631,8005494,8004658,8002883,;426
2021-12-25T13:55:00.000Z;Zwingenberg(Bergstr);RE;RE 60;60;4668;8006687;8006687%2021-12-25T13:55:00.000Z%,8000948,8000068,8003523,8000105,;602
2021-12-25T14:05:00.000Z;Zwingenberg(Bergstr);RE;RE 60;60;4669;8006687;8006687%2021-12-25T14:05:00.000Z%,8000031,8002757,8002748,8000377,8003489,8000631,8000244,;602
2021-12-25T14:06:00.000Z;Zwingenberg(Bergstr);RB;RB 67;67;15420;8006687;8006687%2021-12-25T14:06:00.000Z%,8002498,8000948,8001379,8001377,8000068,8003523,8000105,;426
2021-12-25T14:06:00.000Z;Zwingenberg(Bergstr);RB;RB 68;68;15320;8006687;8006687%2021-12-25T14:06:00.000Z%,8002498,8000948,8001379,8001377,8000068,8003523,8000105,;426
2021-12-25T14:52:00.000Z;Zwingenberg(Bergstr);RB;RB 68;68;15323;8006687;8006687%2021-12-25T14:52:00.000Z%,8000877,8000031,8002757,8003571,8002748,8000377,8003792,8002430,8003489,8000631,8002687,8000156,;426
2021-12-25T14:52:00.000Z;Zwingenberg(Bergstr);RB;RB 67;67;15423;8006687;8006687%2021-12-25T14:52:00.000Z%,8000877,8000031,8002757,8003571,8002748,8000377,8003792,8002430,8003489,8000631,8005494,8004658,8002883,;426
2021-12-25T14:55:00.000Z;Zwingenberg(Bergstr);RE;RE 60;60;4670;8006687;8006687%2021-12-25T14:55:00.000Z%,8000948,8000068,8003523,8000105,;602
2021-12-25T15:04:00.000Z;Zwingenberg(Bergstr);RE;RE 60;60;4671;8006687;8006687%2021-12-25T15:04:00.000Z%,8000031,8002757,8002748,8000377,8003489,8000631,8000244,;602
2021-12-25T15:06:00.000Z;Zwingenberg(Bergstr);RB;RB 67;67;15422;8006687;8006687%2021-12-25T15:06:00.000Z%,8002498,8000948,8001379,8001377,8000068,8003523,8000105,;426
2021-12-25T15:06:00.000Z;Zwingenberg(Bergstr);RB;RB 68;68;15392;8006687;8006687%2021-12-25T15:06:00.000Z%,8002498,8000948,8001379,8001377,8000068,8003523,8000105,;426
2021-12-25T15:52:00.000Z;Zwingenberg(Bergstr);RB;RB 68;68;15325;8006687;8006687%2021-12-25T15:52:00.000Z%,8000877,8000031,8002757,8003571,8002748,8000377,8003792,8002430,8003489,8000631,8002687,8000156,;426
2021-12-25T15:52:00.000Z;Zwingenberg(Bergstr);RB;RB 67;67;15425;8006687;8006687%2021-12-25T15:52:00.000Z%,8000877,8000031,8002757,8003571,8002748,8000377,8003792,8002430,8003489,8000631,8005494,;426
2021-12-25T15:55:00.000Z;Zwingenberg(Bergstr);RE;RE 60;60;4672;8006687;8006687%2021-12-25T15:55:00.000Z%,8000948,8000068,8003523,8000105,;602
2021-12-25T16:05:00.000Z;Zwingenberg(Bergstr);RE;RE 60;60;4673;8006687;8006687%2021-12-25T16:05:00.000Z%,8000031,8002757,8002748,8000377,8003489,8000631,8000244,;602
2021-12-25T16:06:00.000Z;Zwingenberg(Bergstr);RB;RB 67;67;15424;8006687;8006687%2021-12-25T16:06:00.000Z%,8002498,8000948,8001379,8001377,8000068,8003523,8000105,;426
2021-12-25T16:06:00.000Z;Zwingenberg(Bergstr);RB;RB 68;68;15324;8006687;8006687%2021-12-25T16:06:00.000Z%,8002498,8000948,8001379,8001377,8000068,8003523,8000105,;426
2021-12-25T16:52:00.000Z;Zwingenberg(Bergstr);RB;RB 68;68;15327;8006687;8006687%2021-12-25T16:52:00.000Z%,8000877,8000031,8002757,8003571,8002748,8000377,8003792,8002430,8003489,8000631,8002687,8000156,;426
2021-12-25T16:52:00.000Z;Zwingenberg(Bergstr);RB;RB 67;67;15427;8006687;8006687%2021-12-25T16:52:00.000Z%,8000877,8000031,8002757,8003571,8002748,8000377,8003792,8002430,8003489,8000631,8005494,;426
2021-12-25T16:55:00.000Z;Zwingenberg(Bergstr);RE;RE 60;60;4674;8006687;8006687%2021-12-25T16:55:00.000Z%,8000948,8000068,8003523,8000105,;602
2021-12-25T17:02:00.000Z;Zwingenberg(Bergstr);RE;RE 60;60;4675;8006687;8006687%2021-12-25T17:02:00.000Z%,8000031,8002757,8002748,8000377,8003489,8000631,8000244,;602
2021-12-25T17:06:00.000Z;Zwingenberg(Bergstr);RB;RB 67;67;15426;8006687;8006687%2021-12-25T17:06:00.000Z%,8002498,8000948,8001379,8001377,8000068,8003523,8000105,;426
2021-12-25T17:06:00.000Z;Zwingenberg(Bergstr);RB;RB 68;68;15394;8006687;8006687%2021-12-25T17:06:00.000Z%,8002498,8000948,8001379,8001377,8000068,8003523,8000105,;426
2021-12-25T17:52:00.000Z;Zwingenberg(Bergstr);RB;RB 68;68;15329;8006687;8006687%2021-12-25T17:52:00.000Z%,8000877,8000031,8002757,8003571,8002748,8000377,8003792,8002430,8003489,8000631,8002687,8000156,;426
2021-12-25T17:52:00.000Z;Zwingenberg(Bergstr);RB;RB 67;67;15429;8006687;8006687%2021-12-25T17:52:00.000Z%,8000877,8000031,8002757,8003571,8002748,8000377,8003792,8002430,8003489,8000631,8005494,;426
2021-12-25T17:55:00.000Z;Zwingenberg(Bergstr);RE;RE 60;60;4676;8006687;8006687%2021-12-25T17:55:00.000Z%,8000948,8000068,8003523,8000105,;602
2021-12-25T18:05:00.000Z;Zwingenberg(Bergstr);RE;RE 60;60;4677;8006687;8006687%2021-12-25T18:05:00.000Z%,8000031,8002757,8002748,8000377,8003489,8000631,8000244,;602
2021-12-25T18:06:00.000Z;Zwingenberg(Bergstr);RB;RB 67;67;15428;8006687;8006687%2021-12-25T18:06:00.000Z%,8002498,8000948,8001379,8001377,8000068,8003523,8000105,;426
2021-12-25T18:06:00.000Z;Zwingenberg(Bergstr);RB;RB 68;68;15328;8006687;8006687%2021-12-25T18:06:00.000Z%,8002498,8000948,8001379,8001377,8000068,8003523,8000105,;426
2021-12-25T18:52:00.000Z;Zwingenberg(Bergstr);RB;RB 68;68;15331;8006687;8006687%2021-12-25T18:52:00.000Z%,8000877,8000031,8002757,8003571,8002748,8000377,8003792,8002430,8003489,8000631,8002687,8000156,;426
2021-12-25T18:52:00.000Z;Zwingenberg(Bergstr);RB;RB 67;67;15431;8006687;8006687%2021-12-25T18:52:00.000Z%,8000877,8000031,8002757,8003571,8002748,8000377,8003792,8002430,8003489,8000631,8000244,;426
2021-12-25T18:55:00.000Z;Zwingenberg(Bergstr);RE;RE 60;60;4678;8006687;8006687%2021-12-25T18:55:00.000Z%,8000948,8000068,8003523,8000105,;602
2021-12-25T19:02:00.000Z;Zwingenberg(Bergstr);RE;RE 60;60;4679;8006687;8006687%2021-12-25T19:02:00.000Z%,8000031,8002757,8002748,8000377,8003489,8000631,8000244,;602
2021-12-25T19:06:00.000Z;Zwingenberg(Bergstr);RB;RB 67;67;15430;8006687;8006687%2021-12-25T19:06:00.000Z%,8002498,8000948,8001379,8001377,8000068,8003523,8000105,;426
2021-12-25T19:06:00.000Z;Zwingenberg(Bergstr);RB;RB 68;68;15330;8006687;8006687%2021-12-25T19:06:00.000Z%,8002498,8000948,8001379,8001377,8000068,8003523,8000105,;426
2021-12-25T19:52:00.000Z;Zwingenberg(Bergstr);RB;RB 68;68;15333;8006687;8006687%2021-12-25T19:52:00.000Z%,8000877,8000031,8002757,8003571,8002748,8000377,8003792,8002430,8003489,8000631,8002687,8000156,;426
2021-12-25T19:52:00.000Z;Zwingenberg(Bergstr);RB;RB 67;67;15439;8006687;8006687%2021-12-25T19:52:00.000Z%,8000877,8000031,8002757,8003571,8002748,8000377,8003792,8002430,8003489,8000631,8005494,;426
2021-12-25T19:55:00.000Z;Zwingenberg(Bergstr);RE;RE 60;60;4680;8006687;8006687%2021-12-25T19:55:00.000Z%,8000948,8000068,8003523,8000105,;602
2021-12-25T20:05:00.000Z;Zwingenberg(Bergstr);RE;RE 60;60;4681;8006687;8006687%2021-12-25T20:05:00.000Z%,8000031,8002757,8002748,8000377,8003489,8000631,8000244,;602
2021-12-25T20:07:00.000Z;Zwingenberg(Bergstr);RB;RB 67;67;15432;8006687;8006687%2021-12-25T20:07:00.000Z%,8002498,8000948,8001379,8001377,8000068,8003523,8000105,;426
2021-12-25T20:07:00.000Z;Zwingenberg(Bergstr);RB;RB 68;68;15332;8006687;8006687%2021-12-25T20:07:00.000Z%,8002498,8000948,8001379,8001377,8000068,8003523,8000105,;426
2021-12-24T20:22:00.000Z;Lübeck-Travem. Skandinavienkai;RB;RB 86;86;11532;8006704;8006704%2021-12-24T20:22:00.000Z%0,8003777,8003778,;426
2021-12-24T20:37:00.000Z;Lübeck-Travem. Skandinavienkai;RB;RB 86;86;11537;8006704;8006704%2021-12-24T20:37:00.000Z%0,8003776,8003786,8000237,;426
2021-12-25T06:22:00.000Z;Lübeck-Travem. Skandinavienkai;RB;RB 86;86;11504;8006704;8006704%2021-12-25T06:22:00.000Z%,8003777,8003778,;426
2021-12-25T06:37:00.000Z;Lübeck-Travem. Skandinavienkai;RB;RB 86;86;11509;8006704;8006704%2021-12-25T06:37:00.000Z%,8003776,8003786,8000237,;426
2021-12-25T07:22:00.000Z;Lübeck-Travem. Skandinavienkai;RB;RB 86;86;11506;8006704;8006704%2021-12-25T07:22:00.000Z%,8003777,8003778,;426
2021-12-25T07:37:00.000Z;Lübeck-Travem. Skandinavienkai;RB;RB 86;86;11511;8006704;8006704%2021-12-25T07:37:00.000Z%,8003776,8003786,8000237,;426
2021-12-25T08:22:00.000Z;Lübeck-Travem. Skandinavienkai;RB;RB 86;86;11508;8006704;8006704%2021-12-25T08:22:00.000Z%,8003777,8003778,;426
2021-12-25T08:37:00.000Z;Lübeck-Travem. Skandinavienkai;RB;RB 86;86;11513;8006704;8006704%2021-12-25T08:37:00.000Z%,8003776,8003786,8000237,;426
2021-12-25T09:22:00.000Z;Lübeck-Travem. Skandinavienkai;RB;RB 86;86;11510;8006704;8006704%2021-12-25T09:22:00.000Z%,8003777,8003778,;426
2021-12-25T09:37:00.000Z;Lübeck-Travem. Skandinavienkai;RB;RB 86;86;11515;8006704;8006704%2021-12-25T09:37:00.000Z%,8003776,8003786,8000237,;426
2021-12-25T10:22:00.000Z;Lübeck-Travem. Skandinavienkai;RB;RB 86;86;11512;8006704;8006704%2021-12-25T10:22:00.000Z%,8003777,8003778,;426
2021-12-25T10:37:00.000Z;Lübeck-Travem. Skandinavienkai;RB;RB 86;86;11517;8006704;8006704%2021-12-25T10:37:00.000Z%,8003776,8003786,8000237,;426
2021-12-25T11:22:00.000Z;Lübeck-Travem. Skandinavienkai;RB;RB 86;86;11514;8006704;8006704%2021-12-25T11:22:00.000Z%,8003777,8003778,;426
2021-12-25T11:37:00.000Z;Lübeck-Travem. Skandinavienkai;RB;RB 86;86;11519;8006704;8006704%2021-12-25T11:37:00.000Z%,8003776,8003786,8000237,;426
2021-12-25T12:22:00.000Z;Lübeck-Travem. Skandinavienkai;RB;RB 86;86;11516;8006704;8006704%2021-12-25T12:22:00.000Z%,8003777,8003778,;426
2021-12-25T12:37:00.000Z;Lübeck-Travem. Skandinavienkai;RB;RB 86;86;11521;8006704;8006704%2021-12-25T12:37:00.000Z%,8003776,8003786,8000237,;426
2021-12-25T13:22:00.000Z;Lübeck-Travem. Skandinavienkai;RB;RB 86;86;11518;8006704;8006704%2021-12-25T13:22:00.000Z%,8003777,8003778,;426
2021-12-25T13:37:00.000Z;Lübeck-Travem. Skandinavienkai;RB;RB 86;86;11523;8006704;8006704%2021-12-25T13:37:00.000Z%,8003776,8003786,8000237,;426
2021-12-25T14:22:00.000Z;Lübeck-Travem. Skandinavienkai;RB;RB 86;86;11520;8006704;8006704%2021-12-25T14:22:00.000Z%,8003777,8003778,;426
2021-12-25T14:37:00.000Z;Lübeck-Travem. Skandinavienkai;RB;RB 86;86;11525;8006704;8006704%2021-12-25T14:37:00.000Z%,8003776,8003786,8000237,;426
2021-12-25T15:22:00.000Z;Lübeck-Travem. Skandinavienkai;RB;RB 86;86;11522;8006704;8006704%2021-12-25T15:22:00.000Z%,8003777,8003778,;426
2021-12-25T15:37:00.000Z;Lübeck-Travem. Skandinavienkai;RB;RB 86;86;11527;8006704;8006704%2021-12-25T15:37:00.000Z%,8003776,8003786,8000237,;426
2021-12-25T16:22:00.000Z;Lübeck-Travem. Skandinavienkai;RB;RB 86;86;11524;8006704;8006704%2021-12-25T16:22:00.000Z%,8003777,8003778,;426
2021-12-25T16:37:00.000Z;Lübeck-Travem. Skandinavienkai;RB;RB 86;86;11529;8006704;8006704%2021-12-25T16:37:00.000Z%,8003776,8003786,8000237,;426
2021-12-25T17:22:00.000Z;Lübeck-Travem. Skandinavienkai;RB;RB 86;86;11526;8006704;8006704%2021-12-25T17:22:00.000Z%,8003777,8003778,;426
2021-12-25T17:37:00.000Z;Lübeck-Travem. Skandinavienkai;RB;RB 86;86;11531;8006704;8006704%2021-12-25T17:37:00.000Z%,8003776,8003786,8000237,;426
2021-12-25T18:22:00.000Z;Lübeck-Travem. Skandinavienkai;RB;RB 86;86;11528;8006704;8006704%2021-12-25T18:22:00.000Z%,8003777,8003778,;426
2021-12-25T18:37:00.000Z;Lübeck-Travem. Skandinavienkai;RB;RB 86;86;11533;8006704;8006704%2021-12-25T18:37:00.000Z%,8003776,8003786,8000237,;426
2021-12-25T19:22:00.000Z;Lübeck-Travem. Skandinavienkai;RB;RB 86;86;11530;8006704;8006704%2021-12-25T19:22:00.000Z%,8003777,8003778,;426
2021-12-25T19:37:00.000Z;Lübeck-Travem. Skandinavienkai;RB;RB 86;86;11535;8006704;8006704%2021-12-25T19:37:00.000Z%,8003776,8003786,8000237,;426
2021-12-24T20:22:00.000Z;Hann Münden;RE;RE 2;2;16267;8006707;8006707%2021-12-24T20:23:00.000Z%1,8006524,8000090,8011054,8013159,8011849,8010203,8012993,8010235,8011746,8012919,8010020,8011687,8010081,8010198,8010102,8010101,;602
2021-12-24T20:36:00.000Z;Hann Münden;RE;RE 9;9;74716;8006707;8006707%2021-12-24T20:36:00.000Z%0,8000193,;602
2021-12-24T20:53:00.000Z;Hann Münden;RB;RB 83;83;24035;8006707;8006707%2021-12-24T20:53:00.000Z%0,8005623,8003053,8004415,8000193,;426
2021-12-24T21:06:00.000Z;Hann Münden;RB;RB 83;83;24034;8006707;8006707%2021-12-24T21:06:00.000Z%0,8002677,8002259,8006524,8000090,8002102,8000128,;426
2021-12-24T21:53:00.000Z;Hann Münden;RB;RB 83;83;24037;8006707;8006707%2021-12-24T21:53:00.000Z%0,8005623,8003053,8004415,8000193,;426
2021-12-24T22:06:00.000Z;Hann Münden;RB;RB 83;83;24036;8006707;8006707%2021-12-24T22:06:00.000Z%0,8002677,8002259,8006524,8000090,8002102,8000128,;426
2021-12-24T22:53:00.000Z;Hann Münden;RB;RB 83;83;24039;8006707;8006707%2021-12-24T22:53:00.000Z%0,8005623,8003053,8004415,8000193,;426
2021-12-24T23:06:00.000Z;Hann Münden;RB;RB 83;83;24038;8006707;8006707%2021-12-24T23:06:00.000Z%0,8002677,8002259,8006524,8000090,8002102,8000128,;426
2021-12-25T00:01:00.000Z;Hann Münden;RB;RB 83;83;24041;8006707;8006707%2021-12-25T00:01:00.000Z%0,8005623,8003053,8004415,8000193,;426
2021-12-25T00:35:00.000Z;Hann Münden;RB;RB 83;83;24040;8006707;8006707%2021-12-25T00:35:00.000Z%0,8002677,8002259,8006524,8000090,8002102,8000128,;426
2021-12-25T05:23:00.000Z;Hann Münden;RE;RE 9;9;74705;8006707;8006707%2021-12-25T05:23:00.000Z%,8006524,8000090,8011849,8010203,8013004,8010055,8010385,8010256,8011860,8011657,8010032,8012796,8011138,8013217,8010312,8010054,8013336,8012279,8010299,8010159,;602
2021-12-25T06:06:00.000Z;Hann Münden;RB;RB 83;83;24004;8006707;8006707%2021-12-25T06:06:00.000Z%,8002677,8002259,8006524,8000090,8002102,8000128,;426
2021-12-25T06:36:00.000Z;Hann Münden;RE;RE 9;9;74700;8006707;8006707%2021-12-25T06:36:00.000Z%,8003200,;602
2021-12-25T06:53:00.000Z;Hann Münden;RB;RB 83;83;24007;8006707;8006707%2021-12-25T06:53:00.000Z%,8005623,8003053,8004415,8000193,;426
2021-12-25T07:06:00.000Z;Hann Münden;RB;RB 83;83;24006;8006707;8006707%2021-12-25T07:06:00.000Z%,8002677,8002259,8006524,8000090,8002102,8000128,;426
2021-12-25T07:23:00.000Z;Hann Münden;RE;RE 9;9;74707;8006707;8006707%2021-12-25T07:23:00.000Z%,8006524,8000090,8011849,8010203,8010055,8010385,8010256,8011860,8011657,8010032,8012796,8011138,8013217,8010312,8010054,8013336,8012279,8010299,8010159,;602
2021-12-25T07:33:00.000Z;Hann Münden;RE;RE 2;2;16252;8006707;8006707%2021-12-25T07:33:00.000Z%,8003200,;602
2021-12-25T07:53:00.000Z;Hann Münden;RB;RB 83;83;24009;8006707;8006707%2021-12-25T07:53:00.000Z%,8005623,8003053,8004415,8000193,;426
2021-12-25T08:06:00.000Z;Hann Münden;RB;RB 83;83;24008;8006707;8006707%2021-12-25T08:06:00.000Z%,8002677,8002259,8006524,8000090,8002102,8000128,;426
2021-12-25T08:22:00.000Z;Hann Münden;RE;RE 2;2;16255;8006707;8006707%2021-12-25T08:22:00.000Z%,8006524,8000090,8011054,8013159,8011849,8010203,8012993,8011335,8010235,8010020,8010081,8010101,;602
2021-12-25T08:36:00.000Z;Hann Münden;RE;RE 9;9;74702;8006707;8006707%2021-12-25T08:36:00.000Z%,8003200,;602
2021-12-25T08:53:00.000Z;Hann Münden;RB;RB 83;83;24011;8006707;8006707%2021-12-25T08:53:00.000Z%,8005623,8003053,8004415,8000193,;426
2021-12-25T09:06:00.000Z;Hann Münden;RB;RB 83;83;24010;8006707;8006707%2021-12-25T09:06:00.000Z%,8002677,8002259,8006524,8000090,8002102,8000128,;426
2021-12-25T09:23:00.000Z;Hann Münden;RE;RE 9;9;74709;8006707;8006707%2021-12-25T09:23:00.000Z%,8006524,8000090,8011849,8010203,8010055,8010385,8010256,8011860,8011657,8010032,8012796,8011138,8013217,8010312,8010054,8013336,8012279,8010299,8010159,;602
2021-12-25T09:35:00.000Z;Hann Münden;RE;RE 2;2;16254;8006707;8006707%2021-12-25T09:35:00.000Z%,8003200,;602
2021-12-25T09:53:00.000Z;Hann Münden;RB;RB 83;83;24013;8006707;8006707%2021-12-25T09:53:00.000Z%,8005623,8003053,8004415,8000193,;426
2021-12-25T10:06:00.000Z;Hann Münden;RB;RB 83;83;24012;8006707;8006707%2021-12-25T10:06:00.000Z%,8002677,8002259,8006524,8000090,8002102,8000128,;426
2021-12-25T10:22:00.000Z;Hann Münden;RE;RE 2;2;16257;8006707;8006707%2021-12-25T10:22:00.000Z%,8006524,8000090,8011054,8013159,8011849,8010203,8012993,8011335,8010235,8010020,8010081,8010101,;602
2021-12-25T10:36:00.000Z;Hann Münden;RE;RE 9;9;74704;8006707;8006707%2021-12-25T10:36:00.000Z%,8003200,;602
2021-12-25T10:53:00.000Z;Hann Münden;RB;RB 83;83;24015;8006707;8006707%2021-12-25T10:53:00.000Z%,8005623,8003053,8004415,8000193,;426
2021-12-25T11:06:00.000Z;Hann Münden;RB;RB 83;83;24014;8006707;8006707%2021-12-25T11:06:00.000Z%,8002677,8002259,8006524,8000090,8002102,8000128,;426
2021-12-25T11:23:00.000Z;Hann Münden;RE;RE 9;9;74711;8006707;8006707%2021-12-25T11:23:00.000Z%,8006524,8000090,8011849,8010203,8010055,8010385,8010256,8011860,8011657,8010032,8012796,8011138,8013217,8010312,8010054,8013336,8012279,8010299,8010159,;602
2021-12-25T11:35:00.000Z;Hann Münden;RE;RE 2;2;16256;8006707;8006707%2021-12-25T11:35:00.000Z%,8003200,;602
2021-12-25T11:53:00.000Z;Hann Münden;RB;RB 83;83;24017;8006707;8006707%2021-12-25T11:53:00.000Z%,8005623,8003053,8004415,8000193,;426
2021-12-25T12:06:00.000Z;Hann Münden;RB;RB 83;83;24016;8006707;8006707%2021-12-25T12:06:00.000Z%,8002677,8002259,8006524,8000090,8002102,8000128,;426
2021-12-25T12:22:00.000Z;Hann Münden;RE;RE 2;2;16259;8006707;8006707%2021-12-25T12:22:00.000Z%,8006524,8000090,8011054,8013159,8011849,8010203,8012993,8011335,8010235,8010020,8010081,8010101,;602
2021-12-25T12:36:00.000Z;Hann Münden;RE;RE 9;9;74708;8006707;8006707%2021-12-25T12:36:00.000Z%,8003200,;602
2021-12-25T12:53:00.000Z;Hann Münden;RB;RB 83;83;24019;8006707;8006707%2021-12-25T12:53:00.000Z%,8005623,8003053,8004415,8000193,;426
2021-12-25T13:06:00.000Z;Hann Münden;RB;RB 83;83;24018;8006707;8006707%2021-12-25T13:06:00.000Z%,8002677,8002259,8006524,8000090,8002102,8000128,;426
2021-12-25T13:23:00.000Z;Hann Münden;RE;RE 9;9;74713;8006707;8006707%2021-12-25T13:23:00.000Z%,8006524,8000090,8011849,8010203,8010055,8010385,8010256,8011860,8011657,8010032,8012796,8011138,8013217,8010312,8010054,8013336,8012279,8010299,8010159,;602
2021-12-25T13:35:00.000Z;Hann Münden;RE;RE 2;2;16258;8006707;8006707%2021-12-25T13:35:00.000Z%,8003200,;602
2021-12-25T13:53:00.000Z;Hann Münden;RB;RB 83;83;24021;8006707;8006707%2021-12-25T13:53:00.000Z%,8005623,8003053,8004415,8000193,;426
2021-12-25T14:06:00.000Z;Hann Münden;RB;RB 83;83;24020;8006707;8006707%2021-12-25T14:06:00.000Z%,8002677,8002259,8006524,8000090,8002102,8000128,;426
2021-12-25T14:23:00.000Z;Hann Münden;RE;RE 2;2;16261;8006707;8006707%2021-12-25T14:23:00.000Z%,8006524,8000090,8011054,8013159,8011849,8010203,8012993,8011335,8010235,8010020,8010081,8010101,;602
2021-12-25T14:36:00.000Z;Hann Münden;RE;RE 9;9;74710;8006707;8006707%2021-12-25T14:36:00.000Z%,8003200,;602
2021-12-25T14:53:00.000Z;Hann Münden;RB;RB 83;83;24023;8006707;8006707%2021-12-25T14:53:00.000Z%,8005623,8003053,8004415,8000193,;426
2021-12-25T15:06:00.000Z;Hann Münden;RB;RB 83;83;24022;8006707;8006707%2021-12-25T15:06:00.000Z%,8002677,8002259,8006524,8000090,8002102,8000128,;426
2021-12-25T15:23:00.000Z;Hann Münden;RE;RE 9;9;74715;8006707;8006707%2021-12-25T15:23:00.000Z%,8006524,8000090,8011849,8010203,8010055,8010385,8010256,8011860,8011657,8010032,8012796,8011138,8013217,8010312,8010054,8013336,8012279,8010299,8010159,;602
2021-12-25T15:35:00.000Z;Hann Münden;RE;RE 2;2;16260;8006707;8006707%2021-12-25T15:35:00.000Z%,8003200,;602
2021-12-25T15:53:00.000Z;Hann Münden;RB;RB 83;83;24025;8006707;8006707%2021-12-25T15:53:00.000Z%,8005623,8003053,8004415,8000193,;426
2021-12-25T16:06:00.000Z;Hann Münden;RB;RB 83;83;24024;8006707;8006707%2021-12-25T16:06:00.000Z%,8002677,8002259,8006524,8000090,8002102,8000128,;426
2021-12-25T16:22:00.000Z;Hann Münden;RE;RE 2;2;16263;8006707;8006707%2021-12-25T16:22:00.000Z%,8006524,8000090,8011054,8013159,8011849,8010203,8012993,8011335,8010235,8010020,8010081,8010101,;602
2021-12-25T16:36:00.000Z;Hann Münden;RE;RE 9;9;74712;8006707;8006707%2021-12-25T16:36:00.000Z%,8003200,;602
2021-12-25T16:53:00.000Z;Hann Münden;RB;RB 83;83;24027;8006707;8006707%2021-12-25T16:53:00.000Z%,8005623,8003053,8004415,8000193,;426
2021-12-25T17:06:00.000Z;Hann Münden;RB;RB 83;83;24026;8006707;8006707%2021-12-25T17:06:00.000Z%,8002677,8002259,8006524,8000090,8002102,8000128,;426
2021-12-25T17:23:00.000Z;Hann Münden;RE;RE 9;9;74717;8006707;8006707%2021-12-25T17:23:00.000Z%,8006524,8000090,8011849,8010203,8010055,8010385,8010256,8011860,8011657,8010032,8012796,8011138,8013217,8010312,8010054,8013336,8012279,8010299,8010159,;602
2021-12-25T17:35:00.000Z;Hann Münden;RE;RE 2;2;16262;8006707;8006707%2021-12-25T17:35:00.000Z%,8003200,;602
2021-12-25T17:53:00.000Z;Hann Münden;RB;RB 83;83;24029;8006707;8006707%2021-12-25T17:53:00.000Z%,8005623,8003053,8004415,8000193,;426
2021-12-25T18:06:00.000Z;Hann Münden;RB;RB 83;83;24028;8006707;8006707%2021-12-25T18:06:00.000Z%,8002677,8002259,8006524,8000090,8002102,8000128,;426
2021-12-25T18:22:00.000Z;Hann Münden;RE;RE 2;2;16265;8006707;8006707%2021-12-25T18:22:00.000Z%,8006524,8000090,8011054,8013159,8011849,8010203,8012993,8010235,8011746,8010020,8010081,8010101,;602
2021-12-25T18:36:00.000Z;Hann Münden;RE;RE 9;9;74714;8006707;8006707%2021-12-25T18:36:00.000Z%,8003200,;602
2021-12-25T18:53:00.000Z;Hann Münden;RB;RB 83;83;24031;8006707;8006707%2021-12-25T18:53:00.000Z%,8005623,8003053,8004415,8000193,;426
2021-12-25T19:06:00.000Z;Hann Münden;RB;RB 83;83;24030;8006707;8006707%2021-12-25T19:06:00.000Z%,8002677,8002259,8006524,8000090,8002102,8000128,;426
2021-12-25T19:23:00.000Z;Hann Münden;RE;RE 9;9;74719;8006707;8006707%2021-12-25T19:23:00.000Z%,8006524,8000090,8011849,8010203,8012492,8011172,8013004,8010055,8010385,8010256,8011860,8011657,8010032,8012796,8011138,8013217,8010312,8010054,8013336,8012279,8010299,8010159,;602
2021-12-25T19:35:00.000Z;Hann Münden;RE;RE 2;2;16264;8006707;8006707%2021-12-25T19:35:00.000Z%,8003200,;602
2021-12-25T19:53:00.000Z;Hann Münden;RB;RB 83;83;24033;8006707;8006707%2021-12-25T19:53:00.000Z%,8005623,8003053,8004415,8000193,;426
2021-12-25T20:06:00.000Z;Hann Münden;RB;RB 83;83;24032;8006707;8006707%2021-12-25T20:06:00.000Z%,8002677,8002259,8006524,8000090,8002102,8000128,;426
2021-12-25T07:06:00.000Z;Dorsten;RB;RB 43;43;14758;8006709;8006709%2021-12-25T07:06:00.000Z%,8001972,8002284,8002283,8002225,8002223,8000192,8000164,8002779,8001328,8001329,8001528,8001539,8001541,8001544,8001532,8000080,;426
2021-12-25T08:06:00.000Z;Dorsten;RB;RB 43;43;14760;8006709;8006709%2021-12-25T08:06:00.000Z%,8001972,8002284,8002283,8002225,8002223,8000192,8000164,8002779,8001328,8001329,8001528,8001539,8001541,8001544,8001532,8000080,;426
2021-12-25T09:06:00.000Z;Dorsten;RB;RB 43;43;14762;8006709;8006709%2021-12-25T09:06:00.000Z%,8001972,8002284,8002283,8002225,8002223,8000192,8000164,8002779,8001328,8001329,8001528,8001539,8001541,8001544,8001532,8000080,;426
2021-12-25T10:06:00.000Z;Dorsten;RB;RB 43;43;14764;8006709;8006709%2021-12-25T10:06:00.000Z%,8001972,8002284,8002283,8002225,8002223,8000192,8000164,8002779,8001328,8001329,8001528,8001539,8001541,8001544,8001532,8000080,;426
2021-12-25T11:06:00.000Z;Dorsten;RB;RB 43;43;14766;8006709;8006709%2021-12-25T11:06:00.000Z%,8001972,8002284,8002283,8002225,8002223,8000192,8000164,8002779,8001328,8001329,8001528,8001539,8001541,8001544,8001532,8000080,;426
2021-12-25T12:06:00.000Z;Dorsten;RB;RB 43;43;14768;8006709;8006709%2021-12-25T12:06:00.000Z%,8001972,8002284,8002283,8002225,8002223,8000192,8000164,8002779,8001328,8001329,8001528,8001539,8001541,8001544,8001532,8000080,;426
2021-12-25T13:06:00.000Z;Dorsten;RB;RB 43;43;14770;8006709;8006709%2021-12-25T13:06:00.000Z%,8001972,8002284,8002283,8002225,8002223,8000192,8000164,8002779,8001328,8001329,8001528,8001539,8001541,8001544,8001532,8000080,;426
2021-12-25T14:06:00.000Z;Dorsten;RB;RB 43;43;14772;8006709;8006709%2021-12-25T14:06:00.000Z%,8001972,8002284,8002283,8002225,8002223,8000192,8000164,8002779,8001328,8001329,8001528,8001539,8001541,8001544,8001532,8000080,;426
2021-12-25T15:06:00.000Z;Dorsten;RB;RB 43;43;14774;8006709;8006709%2021-12-25T15:06:00.000Z%,8001972,8002284,8002283,8002225,8002223,8000192,8000164,8002779,8001328,8001329,8001528,8001539,8001541,8001544,8001532,8000080,;426
2021-12-25T16:06:00.000Z;Dorsten;RB;RB 43;43;14776;8006709;8006709%2021-12-25T16:06:00.000Z%,8001972,8002284,8002283,8002225,8002223,8000192,8000164,8002779,8001328,8001329,8001528,8001539,8001541,8001544,8001532,8000080,;426
2021-12-25T17:06:00.000Z;Dorsten;RB;RB 43;43;14778;8006709;8006709%2021-12-25T17:06:00.000Z%,8001972,8002284,8002283,8002225,8002223,8000192,8000164,8002779,8001328,8001329,8001528,8001539,8001541,8001544,8001532,8000080,;426
2021-12-25T05:47:00.000Z;Vachendorf;RB;RB 52;52;27552;8006717;8006717%2021-12-25T05:47:00.000Z%,8006037,8004885,;426
2021-12-25T06:08:00.000Z;Vachendorf;RB;RB 52;52;27553;8006717;8006717%2021-12-25T06:08:00.000Z%,8005962,8000621,;426
2021-12-25T06:41:00.000Z;Vachendorf;RB;RB 52;52;27556;8006717;8006717%2021-12-25T06:41:00.000Z%,8006037,8004885,;426
2021-12-25T07:01:00.000Z;Vachendorf;RB;RB 52;52;27555;8006717;8006717%2021-12-25T07:01:00.000Z%,8005962,8000621,;426
2021-12-25T07:29:00.000Z;Vachendorf;RB;RB 52;52;27558;8006717;8006717%2021-12-25T07:29:00.000Z%,8006037,8004885,;426
2021-12-25T08:22:00.000Z;Vachendorf;RB;RB 52;52;27557;8006717;8006717%2021-12-25T08:22:00.000Z%,8005962,8000621,;426
2021-12-25T08:51:00.000Z;Vachendorf;RB;RB 52;52;27560;8006717;8006717%2021-12-25T08:51:00.000Z%,8006037,8004885,;426
2021-12-25T09:08:00.000Z;Vachendorf;RB;RB 52;52;27559;8006717;8006717%2021-12-25T09:08:00.000Z%,8005962,8000621,;426
2021-12-25T09:33:00.000Z;Vachendorf;RB;RB 52;52;27562;8006717;8006717%2021-12-25T09:33:00.000Z%,8006037,8004885,;426
2021-12-25T10:22:00.000Z;Vachendorf;RB;RB 52;52;27561;8006717;8006717%2021-12-25T10:22:00.000Z%,8005962,8000621,;426
2021-12-25T10:51:00.000Z;Vachendorf;RB;RB 52;52;27564;8006717;8006717%2021-12-25T10:51:00.000Z%,8006037,8004885,;426
2021-12-25T11:08:00.000Z;Vachendorf;RB;RB 52;52;27563;8006717;8006717%2021-12-25T11:08:00.000Z%,8005962,8000621,;426
2021-12-25T11:33:00.000Z;Vachendorf;RB;RB 52;52;27566;8006717;8006717%2021-12-25T11:33:00.000Z%,8006037,8004885,;426
2021-12-25T12:22:00.000Z;Vachendorf;RB;RB 52;52;27567;8006717;8006717%2021-12-25T12:22:00.000Z%,8005962,8000621,;426
2021-12-25T12:51:00.000Z;Vachendorf;RB;RB 52;52;27570;8006717;8006717%2021-12-25T12:51:00.000Z%,8006037,8004885,;426
2021-12-25T13:08:00.000Z;Vachendorf;RB;RB 52;52;27569;8006717;8006717%2021-12-25T13:08:00.000Z%,8005962,8000621,;426
2021-12-25T13:33:00.000Z;Vachendorf;RB;RB 52;52;27572;8006717;8006717%2021-12-25T13:33:00.000Z%,8006037,8004885,;426
2021-12-25T14:22:00.000Z;Vachendorf;RB;RB 52;52;27571;8006717;8006717%2021-12-25T14:22:00.000Z%,8005962,8000621,;426
2021-12-25T14:51:00.000Z;Vachendorf;RB;RB 52;52;27574;8006717;8006717%2021-12-25T14:51:00.000Z%,8006037,8004885,;426
2021-12-25T15:08:00.000Z;Vachendorf;RB;RB 52;52;27573;8006717;8006717%2021-12-25T15:08:00.000Z%,8005962,8000621,;426
2021-12-25T15:33:00.000Z;Vachendorf;RB;RB 52;52;27576;8006717;8006717%2021-12-25T15:33:00.000Z%,8006037,8004885,;426
2021-12-25T16:22:00.000Z;Vachendorf;RB;RB 52;52;27577;8006717;8006717%2021-12-25T16:22:00.000Z%,8005962,8000621,;426
2021-12-25T16:51:00.000Z;Vachendorf;RB;RB 52;52;27580;8006717;8006717%2021-12-25T16:51:00.000Z%,8006037,8004885,;426
2021-12-25T17:08:00.000Z;Vachendorf;RB;RB 52;52;27581;8006717;8006717%2021-12-25T17:08:00.000Z%,8005962,8000621,;426
2021-12-25T17:54:00.000Z;Vachendorf;RB;RB 52;52;27584;8006717;8006717%2021-12-25T17:54:00.000Z%,8006037,8004885,;426
2021-12-25T18:27:00.000Z;Vachendorf;RB;RB 52;52;27585;8006717;8006717%2021-12-25T18:27:00.000Z%,8005962,8000621,;426
2021-12-25T18:54:00.000Z;Vachendorf;RB;RB 52;52;27586;8006717;8006717%2021-12-25T18:54:00.000Z%,8006037,8004885,;426
2021-12-25T19:25:00.000Z;Vachendorf;RB;RB 52;52;27587;8006717;8006717%2021-12-25T19:25:00.000Z%,8005962,8000621,;426
2021-12-25T19:51:00.000Z;Vachendorf;RB;RB 52;52;27588;8006717;8006717%2021-12-25T19:51:00.000Z%,8006037,8004885,8001787,8000320,;426
2021-12-24T20:09:00.000Z;Wuppertal-Oberbarmen;RE;RE 4;4;26433;8006719;8006719%2021-12-24T20:25:00.000Z%16,8000033,8001795,8000142,8006386,8000251,8000080,;602
2021-12-24T20:50:00.000Z;Wuppertal-Oberbarmen;RE;RE 4;4;26436;8006719;8006719%2021-12-24T20:59:00.000Z%9,8006596,8000266,8006718,8000085,8001585,8000274,8000253,8000318,8001839,8000677,8003697,8002206,8005935,8002806,8000404,8070704,8000001,;602
2021-12-24T20:55:00.000Z;Wuppertal-Oberbarmen;RE;RE 7;7;91775;8006719;8006719%2021-12-24T20:59:00.000Z%4,8000266,8000087,8000853,8003368,8000207,8001506,8000274,8004694,8000212,8000211,;602
2021-12-24T21:01:00.000Z;Wuppertal-Oberbarmen;RE;RE 7;7;91774;8006719;8006719%2021-12-24T21:01:00.000Z%0,8000033,8001795,8000142,;602
2021-12-24T21:09:00.000Z;Wuppertal-Oberbarmen;RE;RE 4;4;26435;8006719;8006719%2021-12-24T21:09:00.000Z%0,8000033,8001795,8000142,8006386,8000251,8000080,;602
2021-12-24T21:13:00.000Z;Wuppertal-Oberbarmen;RB;RB 48;48;32493;8006719;8006719%2021-12-24T21:13:00.000Z%0,8006596,8000266,8006718,8000138,8002490,8000087,8003616,8000853,8003669,8000209,8003368,8000207,;426
2021-12-24T21:50:00.000Z;Wuppertal-Oberbarmen;RE;RE 4;4;26438;8006719;8006719%2021-12-24T21:51:00.000Z%1,8006596,8000266,8006718,8000085,8001585,8000274,8000253,8000318,8001839,8000677,8003697,8002206,8005935,8002806,8000404,8070704,8000001,;602
2021-12-24T21:55:00.000Z;Wuppertal-Oberbarmen;RE;RE 7;7;91777;8006719;8006719%2021-12-24T21:55:00.000Z%0,8000266,8000087,8000853,8003368,8000207,8001506,8000274,8004694,8000212,8000211,;602
2021-12-24T22:01:00.000Z;Wuppertal-Oberbarmen;RE;RE 7;7;91776;8006719;8006719%2021-12-24T22:01:00.000Z%0,8000033,8001795,8000142,;602
2021-12-24T22:09:00.000Z;Wuppertal-Oberbarmen;RE;RE 4;4;26437;8006719;8006719%2021-12-24T22:09:00.000Z%0,8000033,8001795,8000142,8006386,8000251,8000080,;602
2021-12-24T22:13:00.000Z;Wuppertal-Oberbarmen;RB;RB 48;48;32497;8006719;8006719%2021-12-24T22:13:00.000Z%,8006596,8000266,8006718,8000138,8002490,8000087,8003616,8000853,8003669,8000209,8003368,8000207,;426
2021-12-24T22:50:00.000Z;Wuppertal-Oberbarmen;RE;RE 4;4;26442;8006719;8006719%2021-12-24T22:50:00.000Z%0,8006596,8000266,8006718,8000085,8001585,8000274,8000253,8000318,8001839,8000677,8003697,8002206,8005935,8002806,8000404,8070704,8000001,;602
2021-12-24T22:55:00.000Z;Wuppertal-Oberbarmen;RE;RE 7;7;91783;8006719;8006719%2021-12-24T22:55:00.000Z%,8000266,;602
2021-12-24T23:01:00.000Z;Wuppertal-Oberbarmen;RE;RE 7;7;91778;8006719;8006719%2021-12-24T23:01:00.000Z%,8000033,8001795,8000142,;602
2021-12-24T23:09:00.000Z;Wuppertal-Oberbarmen;RE;RE 4;4;26439;8006719;8006719%2021-12-24T23:09:00.000Z%,8000033,8001795,8000142,;602
2021-12-24T23:13:00.000Z;Wuppertal-Oberbarmen;RB;RB 48;48;32501;8006719;8006719%2021-12-24T23:13:00.000Z%,8006596,8000266,8006718,8000138,8002490,8000087,8003616,8000853,8003669,8000209,8003368,8000207,;426
2021-12-24T23:50:00.000Z;Wuppertal-Oberbarmen;RE;RE 4;4;26444;8006719;8006719%2021-12-24T23:50:00.000Z%,8006596,8000266,8006718,8000085,;602
2021-12-25T00:01:00.000Z;Wuppertal-Oberbarmen;RE;RE 7;7;91782;8006719;8006719%2021-12-25T00:01:00.000Z%,8000033,8001795,8000142,;602
2021-12-25T00:09:00.000Z;Wuppertal-Oberbarmen;RE;RE 4;4;26441;8006719;8006719%2021-12-25T00:09:00.000Z%,8000033,8001795,8000142,;602
2021-12-25T00:13:00.000Z;Wuppertal-Oberbarmen;RB;RB 48;48;32505;8006719;8006719%2021-12-25T00:13:00.000Z%,8006596,8000266,8006718,8000138,8002490,8000087,8003616,8000853,8003669,8000209,8003368,8000207,;426
2021-12-25T00:52:00.000Z;Wuppertal-Oberbarmen;RE;RE 4;4;26446;8006719;8006719%2021-12-25T00:52:00.000Z%,8006596,8000266,8006718,8000085,;602
2021-12-25T01:09:00.000Z;Wuppertal-Oberbarmen;RE;RE 4;4;26443;8006719;8006719%2021-12-25T01:09:00.000Z%,8000033,8001795,8000142,;602
2021-12-25T01:50:00.000Z;Wuppertal-Oberbarmen;RE;RE 4;4;26448;8006719;8006719%2021-12-25T01:50:00.000Z%,8006596,8000266,8006718,8000085,;602
2021-12-25T02:09:00.000Z;Wuppertal-Oberbarmen;RE;RE 4;4;26445;8006719;8006719%2021-12-25T02:09:00.000Z%,8000033,8001795,8000142,;602
2021-12-25T02:50:00.000Z;Wuppertal-Oberbarmen;RE;RE 4;4;26450;8006719;8006719%2021-12-25T02:50:00.000Z%,8006596,8000266,8006718,8000085,;602
2021-12-25T04:13:00.000Z;Wuppertal-Oberbarmen;RB;RB 48;48;32411;8006719;8006719%2021-12-25T04:13:00.000Z%,8006596,8000266,8006718,8000138,8002490,8000087,8003616,8000853,8003669,8000209,8003368,8000207,;426
2021-12-25T05:13:00.000Z;Wuppertal-Oberbarmen;RB;RB 48;48;32415;8006719;8006719%2021-12-25T05:13:00.000Z%,8006596,8000266,8006718,8000138,8002490,8000087,8003616,8000853,8003669,8000209,8003368,8000207,;426
2021-12-25T05:55:00.000Z;Wuppertal-Oberbarmen;RE;RE 7;7;91745;8006719;8006719%2021-12-25T05:55:00.000Z%,8000266,8000087,8000853,8003368,8000207,8001506,8000274,8004694,8000212,8000211,;602
2021-12-25T06:13:00.000Z;Wuppertal-Oberbarmen;RB;RB 48;48;32421;8006719;8006719%2021-12-25T06:13:00.000Z%,8006596,8000266,8006718,8000138,8002490,8000087,8003616,8000853,8003669,8000209,8003368,8000207,;426
2021-12-25T06:55:00.000Z;Wuppertal-Oberbarmen;RE;RE 7;7;91747;8006719;8006719%2021-12-25T06:55:00.000Z%,8000266,8000087,8000853,8003368,8000207,8001506,8000274,8004694,8000212,8000211,;602
2021-12-25T07:01:00.000Z;Wuppertal-Oberbarmen;RE;RE 7;7;91746;8006719;8006719%2021-12-25T07:01:00.000Z%,8000033,8001795,8000142,;602
2021-12-25T07:09:00.000Z;Wuppertal-Oberbarmen;RE;RE 4;4;26407;8006719;8006719%2021-12-25T07:09:00.000Z%,8000033,8001795,8000142,8006386,8000251,8000080,;602
2021-12-25T07:13:00.000Z;Wuppertal-Oberbarmen;RB;RB 48;48;32427;8006719;8006719%2021-12-25T07:13:00.000Z%,8006596,8000266,8006718,8000138,8002490,8000087,8003616,8000853,8003669,8000209,8003368,8000207,;426
2021-12-25T07:18:00.000Z;Wuppertal-Oberbarmen;RE;RE 13;13;20068;8006719;8006719%2021-12-25T07:18:00.000Z%,8006596,8000266,8006718,8000085,8000274,8000253,8000174,8001571,8001072,8001180,8000190,8400644,;602
2021-12-25T07:39:00.000Z;Wuppertal-Oberbarmen;RE;RE 13;13;20069;8006719;8006719%2021-12-25T07:39:00.000Z%,8000033,8001795,8000142,8000037,8000392,8000171,8001061,8000149,;602
2021-12-25T07:50:00.000Z;Wuppertal-Oberbarmen;RE;RE 4;4;26410;8006719;8006719%2021-12-25T07:50:00.000Z%,8006596,8000266,8006718,8000085,8000274,8000253,8000318,8001839,8000677,8003697,8002206,8005935,8002806,8000404,8070704,8000001,;602
2021-12-25T07:55:00.000Z;Wuppertal-Oberbarmen;RE;RE 7;7;91749;8006719;8006719%2021-12-25T07:55:00.000Z%,8000266,8000087,8000853,8003368,8000207,8001506,8000274,8004694,8000212,8000211,;602
2021-12-25T08:01:00.000Z;Wuppertal-Oberbarmen;RE;RE 7;7;91748;8006719;8006719%2021-12-25T08:01:00.000Z%,8000033,8001795,8000142,;602
2021-12-25T08:09:00.000Z;Wuppertal-Oberbarmen;RE;RE 4;4;26409;8006719;8006719%2021-12-25T08:09:00.000Z%,8000033,8001795,8000142,8006386,8000251,8000080,;602
2021-12-25T08:13:00.000Z;Wuppertal-Oberbarmen;RB;RB 48;48;32433;8006719;8006719%2021-12-25T08:13:00.000Z%,8006596,8000266,8006718,8000138,8002490,8000087,8003616,8000853,8003669,8000209,8003368,8000207,;426
2021-12-25T08:18:00.000Z;Wuppertal-Oberbarmen;RE;RE 13;13;20070;8006719;8006719%2021-12-25T08:18:00.000Z%,8006596,8000266,8006718,8000085,8000274,8000253,8000174,8001571,8001072,8001180,8000190,8400644,;602
2021-12-25T08:39:00.000Z;Wuppertal-Oberbarmen;RE;RE 13;13;20071;8006719;8006719%2021-12-25T08:39:00.000Z%,8000033,8001795,8000142,8000037,8000392,8000171,8001061,8000149,;602
2021-12-25T08:50:00.000Z;Wuppertal-Oberbarmen;RE;RE 4;4;26412;8006719;8006719%2021-12-25T08:50:00.000Z%,8006596,8000266,8006718,8001603,8000274,8000253,8000318,8001839,8000677,8003697,8002206,8005935,8002806,8000404,8070704,8000001,;602
2021-12-25T08:55:00.000Z;Wuppertal-Oberbarmen;RE;RE 7;7;91751;8006719;8006719%2021-12-25T08:55:00.000Z%,8000266,8000087,8000853,8003368,8000207,8001506,8000274,8004694,8000212,8000211,;602
2021-12-25T09:01:00.000Z;Wuppertal-Oberbarmen;RE;RE 7;7;91750;8006719;8006719%2021-12-25T09:01:00.000Z%,8000033,8001795,8000142,;602
2021-12-25T09:09:00.000Z;Wuppertal-Oberbarmen;RE;RE 4;4;26411;8006719;8006719%2021-12-25T09:09:00.000Z%,8000033,8001795,8000142,8006386,8000251,8000080,;602
2021-12-25T09:13:00.000Z;Wuppertal-Oberbarmen;RB;RB 48;48;32439;8006719;8006719%2021-12-25T09:13:00.000Z%,8006596,8000266,8006718,8000138,8002490,8000087,8003616,8000853,8003669,8000209,8003368,8000207,;426
2021-12-25T09:18:00.000Z;Wuppertal-Oberbarmen;RE;RE 13;13;20072;8006719;8006719%2021-12-25T09:18:00.000Z%,8006596,8000266,8006718,8000085,8000274,8000253,8000174,8001571,8001072,8001180,8000190,8400644,;602
2021-12-25T09:39:00.000Z;Wuppertal-Oberbarmen;RE;RE 13;13;20073;8006719;8006719%2021-12-25T09:39:00.000Z%,8000033,8001795,8000142,8000037,8000392,8000171,8001061,8000149,;602
2021-12-25T09:50:00.000Z;Wuppertal-Oberbarmen;RE;RE 4;4;26414;8006719;8006719%2021-12-25T09:50:00.000Z%,8006596,8000266,8006718,8001603,8000274,8000253,8000318,8001839,8000677,8003697,8002206,8005935,8002806,8000404,8070704,8000001,;602
2021-12-25T09:55:00.000Z;Wuppertal-Oberbarmen;RE;RE 7;7;91753;8006719;8006719%2021-12-25T09:55:00.000Z%,8000266,8000087,8000853,8003368,8000207,8001506,8000274,8004694,8000212,8000211,;602
2021-12-25T10:01:00.000Z;Wuppertal-Oberbarmen;RE;RE 7;7;91752;8006719;8006719%2021-12-25T10:01:00.000Z%,8000033,8001795,8000142,;602
2021-12-25T10:09:00.000Z;Wuppertal-Oberbarmen;RE;RE 4;4;26413;8006719;8006719%2021-12-25T10:09:00.000Z%,8000033,8001795,8000142,8006386,8000251,8000080,;602
2021-12-25T05:38:00.000Z;Straubing-Ost;RB;RB 32;32;27604;8006745;8006745%2021-12-25T05:38:00.000Z%,8003100,8005279,8001069,;426
2021-12-25T06:12:00.000Z;Straubing-Ost;RB;RB 32;32;27609;8006745;8006745%2021-12-25T06:12:00.000Z%,8000095,8004917,8004770,8002209,8005259,8003488,8003830,8004391,8004554,8000688,;426
2021-12-25T06:31:00.000Z;Straubing-Ost;RB;RB 32;32;27606;8006745;8006745%2021-12-25T06:31:00.000Z%,8003100,8005279,8001069,;426
2021-12-25T07:00:00.000Z;Straubing-Ost;RB;RB 32;32;27611;8006745;8006745%2021-12-25T07:00:00.000Z%,8000095,8004917,8004770,8002209,8005259,8003488,8003830,8004391,8004554,8000688,;426
2021-12-25T07:42:00.000Z;Straubing-Ost;RB;RB 32;32;27610;8006745;8006745%2021-12-25T07:42:00.000Z%,8003100,8005279,8001069,;426
2021-12-25T08:16:00.000Z;Straubing-Ost;RB;RB 32;32;27613;8006745;8006745%2021-12-25T08:16:00.000Z%,8000095,8004917,8004770,8002209,8005259,8003488,8003830,8004391,8004554,8000688,;426
2021-12-25T08:42:00.000Z;Straubing-Ost;RB;RB 32;32;27612;8006745;8006745%2021-12-25T08:42:00.000Z%,8003100,8005279,8001069,;426
2021-12-25T09:16:00.000Z;Straubing-Ost;RB;RB 32;32;27615;8006745;8006745%2021-12-25T09:16:00.000Z%,8000095,8004917,8004770,8002209,8005259,8003488,8003830,8004391,8004554,8000688,;426
2021-12-25T09:42:00.000Z;Straubing-Ost;RB;RB 32;32;27614;8006745;8006745%2021-12-25T09:42:00.000Z%,8003100,8005279,8001069,;426
2021-12-25T10:16:00.000Z;Straubing-Ost;RB;RB 32;32;27617;8006745;8006745%2021-12-25T10:16:00.000Z%,8000095,8004917,8004770,8002209,8005259,8003488,8003830,8004391,8004554,8000688,;426
2021-12-25T10:42:00.000Z;Straubing-Ost;RB;RB 32;32;27616;8006745;8006745%2021-12-25T10:42:00.000Z%,8003100,8005279,8001069,;426
2021-12-25T11:16:00.000Z;Straubing-Ost;RB;RB 32;32;27619;8006745;8006745%2021-12-25T11:16:00.000Z%,8000095,8004917,8004770,8002209,8005259,8003488,8003830,8004391,8004554,8000688,;426
2021-12-25T11:42:00.000Z;Straubing-Ost;RB;RB 32;32;27618;8006745;8006745%2021-12-25T11:42:00.000Z%,8003100,8005279,8001069,;426
2021-12-25T12:16:00.000Z;Straubing-Ost;RB;RB 32;32;27623;8006745;8006745%2021-12-25T12:16:00.000Z%,8000095,8004917,8004770,8002209,8005259,8003488,8003830,8004391,8004554,8000688,;426
2021-12-25T12:42:00.000Z;Straubing-Ost;RB;RB 32;32;27620;8006745;8006745%2021-12-25T12:42:00.000Z%,8003100,8005279,8001069,;426
2021-12-25T13:16:00.000Z;Straubing-Ost;RB;RB 32;32;27625;8006745;8006745%2021-12-25T13:16:00.000Z%,8000095,8004917,8004770,8002209,8005259,8003488,8003830,8004391,8004554,8000688,;426
2021-12-25T13:42:00.000Z;Straubing-Ost;RB;RB 32;32;27622;8006745;8006745%2021-12-25T13:42:00.000Z%,8003100,8005279,8001069,;426
2021-12-25T14:16:00.000Z;Straubing-Ost;RB;RB 32;32;27627;8006745;8006745%2021-12-25T14:16:00.000Z%,8000095,8004917,8004770,8002209,8005259,8003488,8003830,8004391,8004554,8000688,;426
2021-12-25T14:42:00.000Z;Straubing-Ost;RB;RB 32;32;27624;8006745;8006745%2021-12-25T14:42:00.000Z%,8003100,8005279,8001069,;426
2021-12-25T15:16:00.000Z;Straubing-Ost;RB;RB 32;32;27629;8006745;8006745%2021-12-25T15:16:00.000Z%,8000095,8004917,8004770,8002209,8005259,8003488,8003830,8004391,8004554,8000688,;426
2021-12-25T15:42:00.000Z;Straubing-Ost;RB;RB 32;32;27626;8006745;8006745%2021-12-25T15:42:00.000Z%,8003100,8005279,8001069,;426
2021-12-25T16:16:00.000Z;Straubing-Ost;RB;RB 32;32;27631;8006745;8006745%2021-12-25T16:16:00.000Z%,8000095,8004917,8004770,8002209,8005259,8003488,8003830,8004391,8004554,8000688,;426
2021-12-25T16:42:00.000Z;Straubing-Ost;RB;RB 32;32;27628;8006745;8006745%2021-12-25T16:42:00.000Z%,8003100,8005279,8001069,;426
2021-12-25T17:16:00.000Z;Straubing-Ost;RB;RB 32;32;27633;8006745;8006745%2021-12-25T17:16:00.000Z%,8000095,8004917,8004770,8002209,8005259,8003488,8003830,8004391,8004554,8000688,;426
2021-12-25T17:42:00.000Z;Straubing-Ost;RB;RB 32;32;27630;8006745;8006745%2021-12-25T17:42:00.000Z%,8003100,8005279,8001069,;426
2021-12-25T18:16:00.000Z;Straubing-Ost;RB;RB 32;32;27635;8006745;8006745%2021-12-25T18:16:00.000Z%,8000095,8004917,8004770,8002209,8005259,8003488,8003830,8004391,8004554,8000688,;426
2021-12-25T18:42:00.000Z;Straubing-Ost;RB;RB 32;32;27632;8006745;8006745%2021-12-25T18:42:00.000Z%,8003100,8005279,8001069,;426
2021-12-25T19:16:00.000Z;Straubing-Ost;RB;RB 32;32;27637;8006745;8006745%2021-12-25T19:16:00.000Z%,8000095,8004917,8004770,8002209,8005259,8003488,8003830,8004391,8004554,8000688,;426
2021-12-25T19:42:00.000Z;Straubing-Ost;RB;RB 32;32;27634;8006745;8006745%2021-12-25T19:42:00.000Z%,8003100,8005279,8001069,;426
2021-12-25T20:16:00.000Z;Straubing-Ost;RB;RB 32;32;27639;8006745;8006745%2021-12-25T20:16:00.000Z%,8000095,8004917,8004770,8002209,8005259,8003488,8003830,8004391,8004554,8000688,;426
2021-12-25T07:19:00.000Z;Urmersbach;RB;RB 38;38;12652;8007357;8007357%2021-12-25T07:19:00.000Z%,8003148,;426
2021-12-25T07:33:00.000Z;Urmersbach;RB;RB 38;38;12659;8007357;8007357%2021-12-25T07:33:00.000Z%,8004078,8003924,8000248,8003415,8005865,8004393,8003455,8004826,8004020,8000331,;426
2021-12-25T08:19:00.000Z;Urmersbach;RB;RB 38;38;12654;8007357;8007357%2021-12-25T08:19:00.000Z%,8003148,;426
2021-12-25T08:33:00.000Z;Urmersbach;RB;RB 38;38;12661;8007357;8007357%2021-12-25T08:33:00.000Z%,8004078,8003924,8000248,8003415,8005865,8004393,8003455,8004826,8004020,8000331,;426
2021-12-25T09:19:00.000Z;Urmersbach;RB;RB 38;38;12656;8007357;8007357%2021-12-25T09:19:00.000Z%,8003148,;426
2021-12-25T09:33:00.000Z;Urmersbach;RB;RB 38;38;12663;8007357;8007357%2021-12-25T09:33:00.000Z%,8004078,8003924,8000248,8003415,8005865,8004393,8003455,8004826,8004020,8000331,;426
2021-12-25T10:19:00.000Z;Urmersbach;RB;RB 38;38;12658;8007357;8007357%2021-12-25T10:19:00.000Z%,8003148,;426
2021-12-25T10:33:00.000Z;Urmersbach;RB;RB 38;38;12665;8007357;8007357%2021-12-25T10:33:00.000Z%,8004078,8003924,8000248,8003415,8005865,8004393,8003455,8004826,8004020,8000331,;426
2021-12-25T11:19:00.000Z;Urmersbach;RB;RB 38;38;12660;8007357;8007357%2021-12-25T11:19:00.000Z%,8003148,;426
2021-12-25T11:33:00.000Z;Urmersbach;RB;RB 38;38;12667;8007357;8007357%2021-12-25T11:33:00.000Z%,8004078,8003924,8000248,8003415,8005865,8004393,8003455,8004826,8004020,8000331,;426
2021-12-25T13:27:00.000Z;Urmersbach;RB;RB 38;38;12664;8007357;8007357%2021-12-25T13:27:00.000Z%,8003148,;426
2021-12-25T13:40:00.000Z;Urmersbach;RB;RB 38;38;12671;8007357;8007357%2021-12-25T13:40:00.000Z%,8004078,8003924,8000248,8003415,8005865,8004393,8003455,8004826,8004020,8000331,;426
2021-12-25T14:27:00.000Z;Urmersbach;RB;RB 38;38;12666;8007357;8007357%2021-12-25T14:27:00.000Z%,8003148,;426
2021-12-25T14:40:00.000Z;Urmersbach;RB;RB 38;38;12673;8007357;8007357%2021-12-25T14:40:00.000Z%,8004078,8003924,8000248,8003415,8005865,8004393,8003455,8004826,8004020,8000331,;426
2021-12-25T15:27:00.000Z;Urmersbach;RB;RB 38;38;12668;8007357;8007357%2021-12-25T15:27:00.000Z%,8003148,;426
2021-12-25T15:40:00.000Z;Urmersbach;RB;RB 38;38;12675;8007357;8007357%2021-12-25T15:40:00.000Z%,8004078,8003924,8000248,8003415,8005865,8004393,8003455,8004826,8004020,8000331,;426
2021-12-25T16:27:00.000Z;Urmersbach;RB;RB 38;38;12670;8007357;8007357%2021-12-25T16:27:00.000Z%,8003148,;426
2021-12-25T16:40:00.000Z;Urmersbach;RB;RB 38;38;12677;8007357;8007357%2021-12-25T16:40:00.000Z%,8004078,8003924,8000248,8003415,8005865,8004393,8003455,8004826,8004020,8000331,;426
2021-12-25T17:27:00.000Z;Urmersbach;RB;RB 38;38;12672;8007357;8007357%2021-12-25T17:27:00.000Z%,8003148,;426
2021-12-25T17:40:00.000Z;Urmersbach;RB;RB 38;38;12679;8007357;8007357%2021-12-25T17:40:00.000Z%,8004078,8003924,8000248,8003415,8005865,8004393,8003455,8004826,8004020,8000331,;426
2021-12-25T18:27:00.000Z;Urmersbach;RB;RB 38;38;12674;8007357;8007357%2021-12-25T18:27:00.000Z%,8003148,;426
2021-12-25T18:40:00.000Z;Urmersbach;RB;RB 38;38;12681;8007357;8007357%2021-12-25T18:40:00.000Z%,8004078,8003924,8000248,8003415,8005865,8004393,8003455,8004826,8004020,8000331,;426
2021-12-25T19:27:00.000Z;Urmersbach;RB;RB 38;38;12676;8007357;8007357%2021-12-25T19:27:00.000Z%,8003148,;426
2021-12-25T19:40:00.000Z;Urmersbach;RB;RB 38;38;12683;8007357;8007357%2021-12-25T19:40:00.000Z%,8004078,8003924,8000248,8003415,8005865,8004393,8003455,8004826,8004020,8000331,;426
2021-12-25T08:00:00.000Z;Miesenbach;RB;RB 67;67;12891;8007482;8007482%2021-12-25T08:00:00.000Z%,8004938,8003515,;426
2021-12-25T08:29:00.000Z;Miesenbach;RB;RB 67;67;12858;8007482;8007482%2021-12-25T08:29:00.000Z%,8005715,8004557,8004396,8002286,8004993,8001727,8005857,8000491,8004929,8003481,;426
2021-12-25T08:55:00.000Z;Miesenbach;RB;RB 67;67;12863;8007482;8007482%2021-12-25T08:55:00.000Z%,8004938,8003515,;426
2021-12-25T09:55:00.000Z;Miesenbach;RB;RB 67;67;12865;8007482;8007482%2021-12-25T09:55:00.000Z%,8004938,8003515,;426
2021-12-25T10:01:00.000Z;Miesenbach;RB;RB 67;67;12860;8007482;8007482%2021-12-25T10:01:00.000Z%,8005715,8004557,8004396,8002286,8004993,8001727,8005857,8000491,8004929,8003481,;426
2021-12-25T10:55:00.000Z;Miesenbach;RB;RB 67;67;12867;8007482;8007482%2021-12-25T10:55:00.000Z%,8004938,8003515,;426
2021-12-25T11:01:00.000Z;Miesenbach;RB;RB 67;67;12862;8007482;8007482%2021-12-25T11:01:00.000Z%,8005715,8004557,8004396,8002286,8004993,8001727,8005857,8000491,8004929,8003481,;426
2021-12-25T11:55:00.000Z;Miesenbach;RB;RB 67;67;12869;8007482;8007482%2021-12-25T11:55:00.000Z%,8004938,8003515,;426
2021-12-25T12:01:00.000Z;Miesenbach;RB;RB 67;67;12866;8007482;8007482%2021-12-25T12:01:00.000Z%,8005715,8004557,8004396,8002286,8004993,8001727,8005857,8000491,8004929,8003481,;426
2021-12-25T12:55:00.000Z;Miesenbach;RB;RB 67;67;12871;8007482;8007482%2021-12-25T12:55:00.000Z%,8004938,8003515,;426
2021-12-25T13:01:00.000Z;Miesenbach;RB;RB 67;67;12870;8007482;8007482%2021-12-25T13:01:00.000Z%,8005715,8004557,8004396,8002286,8004993,8001727,8005857,8000491,8004929,8003481,;426
2021-12-25T13:55:00.000Z;Miesenbach;RB;RB 67;67;12873;8007482;8007482%2021-12-25T13:55:00.000Z%,8004938,8003515,;426
2021-12-25T14:01:00.000Z;Miesenbach;RB;RB 67;67;12872;8007482;8007482%2021-12-25T14:01:00.000Z%,8005715,8004557,8004396,8002286,8004993,8001727,8005857,8000491,8004929,8003481,;426
2021-12-25T14:55:00.000Z;Miesenbach;RB;RB 67;67;12875;8007482;8007482%2021-12-25T14:55:00.000Z%,8004938,8003515,;426
2021-12-25T15:01:00.000Z;Miesenbach;RB;RB 67;67;12874;8007482;8007482%2021-12-25T15:01:00.000Z%,8005715,8004557,8004396,8002286,8004993,8001727,8005857,8000491,8004929,8003481,;426
2021-12-25T15:55:00.000Z;Miesenbach;RB;RB 67;67;12877;8007482;8007482%2021-12-25T15:55:00.000Z%,8004938,8003515,;426
2021-12-25T16:01:00.000Z;Miesenbach;RB;RB 67;67;12878;8007482;8007482%2021-12-25T16:01:00.000Z%,8005715,8004557,8004396,8002286,8004993,8001727,8005857,8000491,8004929,8003481,;426
2021-12-25T16:55:00.000Z;Miesenbach;RB;RB 67;67;12879;8007482;8007482%2021-12-25T16:55:00.000Z%,8004938,8003515,;426
2021-12-25T17:01:00.000Z;Miesenbach;RB;RB 67;67;12882;8007482;8007482%2021-12-25T17:01:00.000Z%,8005715,8004557,8004396,8002286,8004993,8001727,8005857,8000491,8004929,8003481,;426
2021-12-25T17:54:00.000Z;Miesenbach;RB;RB 67;67;12881;8007482;8007482%2021-12-25T17:54:00.000Z%,8004938,8003515,;426
2021-12-25T18:01:00.000Z;Miesenbach;RB;RB 67;67;12894;8007482;8007482%2021-12-25T18:01:00.000Z%,8005715,8004557,8004396,8002286,8004993,8001727,8005857,8000491,8004929,8003481,;426
2021-12-25T19:01:00.000Z;Miesenbach;RB;RB 67;67;12886;8007482;8007482%2021-12-25T19:01:00.000Z%,8005715,8004557,8004396,8002286,8004993,8001727,8005857,8000491,8004929,8003481,;426
2021-12-25T19:54:00.000Z;Miesenbach;RB;RB 67;67;12883;8007482;8007482%2021-12-25T19:54:00.000Z%,8004938,8003515,8003257,8001720,8006100,8003232,8000189,;426
2021-12-25T20:11:00.000Z;Miesenbach;RB;RB 67;67;12888;8007482;8007482%2021-12-25T20:11:00.000Z%,8005715,8004557,8004396,8002286,8004993,8001727,8005857,8000491,8004929,8003481,;426
2021-12-24T20:26:00.000Z;Wilhermsdorf Mitte;RB;RB 12;12;58875;8007856;8007856%2021-12-24T20:26:00.000Z%0,8006448,8003567,8002596,8003552,8004923,8005557,8002152,8002155,8000114,;426
2021-12-24T21:32:00.000Z;Wilhermsdorf Mitte;RB;RB 12;12;58872;8007856;8007856%2021-12-24T21:32:00.000Z%,8000420,8001877,8003878,;426
2021-12-24T22:26:00.000Z;Wilhermsdorf Mitte;RB;RB 12;12;58879;8007856;8007856%2021-12-24T22:26:00.000Z%,8006448,8003567,8002596,8003552,8004923,8005557,8002152,8002155,8000114,;426
2021-12-24T23:44:00.000Z;Wilhermsdorf Mitte;RB;RB 12;12;58876;8007856;8007856%2021-12-24T23:44:00.000Z%,8000420,8001877,8003878,;426
2021-12-25T05:46:00.000Z;Wilhermsdorf Mitte;RB;RB 12;12;58837;8007856;8007856%2021-12-25T05:46:00.000Z%,8006448,8003567,8002596,8003552,8004923,8005557,8002152,8002155,8000114,8000284,;426
2021-12-25T05:53:00.000Z;Wilhermsdorf Mitte;RB;RB 12;12;58832;8007856;8007856%2021-12-25T05:53:00.000Z%,8000420,8001877,8003878,;426
2021-12-25T06:26:00.000Z;Wilhermsdorf Mitte;RB;RB 12;12;58839;8007856;8007856%2021-12-25T06:26:00.000Z%,8006448,8003567,8002596,8003552,8004923,8005557,8002152,8002155,8000114,8000284,;426
2021-12-25T07:26:00.000Z;Wilhermsdorf Mitte;RB;RB 12;12;58843;8007856;8007856%2021-12-25T07:26:00.000Z%,8006448,8003567,8002596,8003552,8004923,8005557,8002152,8002155,8000114,;426
2021-12-25T07:33:00.000Z;Wilhermsdorf Mitte;RB;RB 12;12;58836;8007856;8007856%2021-12-25T07:33:00.000Z%,8000420,8001877,8003878,;426
2021-12-25T08:26:00.000Z;Wilhermsdorf Mitte;RB;RB 12;12;58845;8007856;8007856%2021-12-25T08:26:00.000Z%,8006448,8003567,8002596,8003552,8004923,8005557,8002152,8002155,8000114,;426
2021-12-25T08:33:00.000Z;Wilhermsdorf Mitte;RB;RB 12;12;58838;8007856;8007856%2021-12-25T08:33:00.000Z%,8000420,8001877,8003878,;426
2021-12-25T09:26:00.000Z;Wilhermsdorf Mitte;RB;RB 12;12;58847;8007856;8007856%2021-12-25T09:26:00.000Z%,8006448,8003567,8002596,8003552,8004923,8005557,8002152,8002155,8000114,;426
2021-12-25T09:33:00.000Z;Wilhermsdorf Mitte;RB;RB 12;12;58840;8007856;8007856%2021-12-25T09:33:00.000Z%,8000420,8001877,8003878,;426
2021-12-25T10:26:00.000Z;Wilhermsdorf Mitte;RB;RB 12;12;58851;8007856;8007856%2021-12-25T10:26:00.000Z%,8006448,8003567,8002596,8003552,8004923,8005557,8002152,8002155,8000114,;426
2021-12-25T10:33:00.000Z;Wilhermsdorf Mitte;RB;RB 12;12;58842;8007856;8007856%2021-12-25T10:33:00.000Z%,8000420,8001877,8003878,;426
2021-12-25T11:26:00.000Z;Wilhermsdorf Mitte;RB;RB 12;12;58853;8007856;8007856%2021-12-25T11:26:00.000Z%,8006448,8003567,8002596,8003552,8004923,8005557,8002152,8002155,8000114,;426
2021-12-25T11:33:00.000Z;Wilhermsdorf Mitte;RB;RB 12;12;58844;8007856;8007856%2021-12-25T11:33:00.000Z%,8000420,8001877,8003878,;426
2021-12-25T12:26:00.000Z;Wilhermsdorf Mitte;RB;RB 12;12;58857;8007856;8007856%2021-12-25T12:26:00.000Z%,8006448,8003567,8002596,8003552,8004923,8005557,8002152,8002155,8000114,;426
2021-12-25T12:33:00.000Z;Wilhermsdorf Mitte;RB;RB 12;12;58846;8007856;8007856%2021-12-25T12:33:00.000Z%,8000420,8001877,8003878,;426
2021-12-25T13:26:00.000Z;Wilhermsdorf Mitte;RB;RB 12;12;58859;8007856;8007856%2021-12-25T13:26:00.000Z%,8006448,8003567,8002596,8003552,8004923,8005557,8002152,8002155,8000114,8000284,;426
2021-12-25T13:34:00.000Z;Wilhermsdorf Mitte;RB;RB 12;12;58850;8007856;8007856%2021-12-25T13:34:00.000Z%,8000420,8001877,8003878,;426
2021-12-25T14:26:00.000Z;Wilhermsdorf Mitte;RB;RB 12;12;58861;8007856;8007856%2021-12-25T14:26:00.000Z%,8006448,8003567,8002596,8003552,8004923,8005557,8002152,8002155,8000114,8000284,;426
2021-12-25T14:33:00.000Z;Wilhermsdorf Mitte;RB;RB 12;12;58852;8007856;8007856%2021-12-25T14:33:00.000Z%,8000420,8001877,8003878,;426
2021-12-25T15:26:00.000Z;Wilhermsdorf Mitte;RB;RB 12;12;58863;8007856;8007856%2021-12-25T15:26:00.000Z%,8006448,8003567,8002596,8003552,8004923,8005557,8002152,8002155,8000114,8000284,;426
2021-12-25T15:33:00.000Z;Wilhermsdorf Mitte;RB;RB 12;12;58854;8007856;8007856%2021-12-25T15:33:00.000Z%,8000420,8001877,8003878,;426
2021-12-25T16:25:00.000Z;Wilhermsdorf Mitte;RB;RB 12;12;58865;8007856;8007856%2021-12-25T16:25:00.000Z%,8006448,8003567,8002596,8003552,8004923,8005557,8002152,8002155,8000114,8000284,;426
2021-12-25T16:32:00.000Z;Wilhermsdorf Mitte;RB;RB 12;12;58858;8007856;8007856%2021-12-25T16:32:00.000Z%,8000420,8001877,8003878,;426
2021-12-25T17:30:00.000Z;Wilhermsdorf Mitte;RB;RB 12;12;58869;8007856;8007856%2021-12-25T17:30:00.000Z%,8006448,8003567,8002596,8003552,8004923,8005557,8002152,8002155,8000114,;426
2021-12-25T17:37:00.000Z;Wilhermsdorf Mitte;RB;RB 12;12;58862;8007856;8007856%2021-12-25T17:37:00.000Z%,8000420,8001877,8003878,;426
2021-12-25T18:26:00.000Z;Wilhermsdorf Mitte;RB;RB 12;12;58871;8007856;8007856%2021-12-25T18:26:00.000Z%,8006448,8003567,8002596,8003552,8004923,8005557,8002152,8002155,8000114,8000284,;426
2021-12-25T18:33:00.000Z;Wilhermsdorf Mitte;RB;RB 12;12;58864;8007856;8007856%2021-12-25T18:33:00.000Z%,8000420,8001877,8003878,;426
2021-12-25T19:26:00.000Z;Wilhermsdorf Mitte;RB;RB 12;12;58873;8007856;8007856%2021-12-25T19:26:00.000Z%,8006448,8003567,8002596,8003552,8004923,8005557,8002152,8002155,8000114,;426
2021-12-25T19:33:00.000Z;Wilhermsdorf Mitte;RB;RB 12;12;58866;8007856;8007856%2021-12-25T19:33:00.000Z%,8000420,8001877,8003878,;426
2021-12-25T07:14:00.000Z;Schaidt(Pfalz);RB;RB 53;53;81407;8007857;8007857%2021-12-25T07:14:00.000Z%,8007858,8007859,8007860,8700382,;426
2021-12-25T07:46:00.000Z;Schaidt(Pfalz);RB;RB 53;53;81408;8007857;8007857%2021-12-25T07:46:00.000Z%,8006468,8000216,8003349,8001665,8001663,8003809,8004306,8000275,;426
2021-12-25T08:14:00.000Z;Schaidt(Pfalz);RB;RB 53;53;81409;8007857;8007857%2021-12-25T08:14:00.000Z%,8007858,8007859,8007860,8700382,;426
2021-12-25T08:46:00.000Z;Schaidt(Pfalz);RB;RB 53;53;81410;8007857;8007857%2021-12-25T08:46:00.000Z%,8006468,8000216,8003349,8001665,8001663,8003809,8004306,8000275,;426
2021-12-25T09:14:00.000Z;Schaidt(Pfalz);RB;RB 53;53;81413;8007857;8007857%2021-12-25T09:14:00.000Z%,8007858,8007859,8007860,8700382,;426
2021-12-25T09:46:00.000Z;Schaidt(Pfalz);RB;RB 53;53;81412;8007857;8007857%2021-12-25T09:46:00.000Z%,8006468,8000216,8003349,8001665,8001663,8003809,8004306,8000275,;426
2021-12-25T10:14:00.000Z;Schaidt(Pfalz);RB;RB 53;53;81415;8007857;8007857%2021-12-25T10:14:00.000Z%,8007858,8007859,8007860,8700382,;426
2021-12-25T10:46:00.000Z;Schaidt(Pfalz);RB;RB 53;53;81414;8007857;8007857%2021-12-25T10:46:00.000Z%,8006468,8000216,8003349,8001665,8001663,8003809,8004306,8000275,;426
2021-12-25T11:14:00.000Z;Schaidt(Pfalz);RB;RB 53;53;81417;8007857;8007857%2021-12-25T11:14:00.000Z%,8007858,8007859,8007860,8700382,;426
2021-12-25T11:46:00.000Z;Schaidt(Pfalz);RB;RB 53;53;81416;8007857;8007857%2021-12-25T11:46:00.000Z%,8006468,8000216,8003349,8001665,8001663,8003809,8004306,8000275,;426
2021-12-25T12:14:00.000Z;Schaidt(Pfalz);RB;RB 53;53;81419;8007857;8007857%2021-12-25T12:14:00.000Z%,8007858,8007859,8007860,8700382,;426
2021-12-25T12:46:00.000Z;Schaidt(Pfalz);RB;RB 53;53;81418;8007857;8007857%2021-12-25T12:46:00.000Z%,8006468,8000216,8003349,8001665,8001663,8003809,8004306,8000275,;426
2021-12-25T13:14:00.000Z;Schaidt(Pfalz);RB;RB 53;53;81421;8007857;8007857%2021-12-25T13:14:00.000Z%,8007858,8007859,8007860,8700382,;426
2021-12-25T13:46:00.000Z;Schaidt(Pfalz);RB;RB 53;53;81420;8007857;8007857%2021-12-25T13:46:00.000Z%,8006468,8000216,8003349,8001665,8001663,8003809,8004306,8000275,;426
2021-12-25T14:14:00.000Z;Schaidt(Pfalz);RB;RB 53;53;81423;8007857;8007857%2021-12-25T14:14:00.000Z%,8007858,8007859,8007860,8700382,;426
2021-12-25T14:46:00.000Z;Schaidt(Pfalz);RB;RB 53;53;81422;8007857;8007857%2021-12-25T14:46:00.000Z%,8006468,8000216,8003349,8001665,8001663,8003809,8004306,8000275,;426
2021-12-25T15:14:00.000Z;Schaidt(Pfalz);RB;RB 53;53;81425;8007857;8007857%2021-12-25T15:14:00.000Z%,8007858,8007859,8007860,8700382,;426
2021-12-25T15:46:00.000Z;Schaidt(Pfalz);RB;RB 53;53;81424;8007857;8007857%2021-12-25T15:46:00.000Z%,8006468,8000216,8003349,8001665,8001663,8003809,8004306,8000275,;426
2021-12-25T16:14:00.000Z;Schaidt(Pfalz);RB;RB 53;53;81427;8007857;8007857%2021-12-25T16:14:00.000Z%,8007858,8007859,8007860,8700382,;426
2021-12-25T16:46:00.000Z;Schaidt(Pfalz);RB;RB 53;53;81426;8007857;8007857%2021-12-25T16:46:00.000Z%,8006468,8000216,8003349,8001665,8001663,8003809,8004306,8000275,;426
2021-12-25T17:14:00.000Z;Schaidt(Pfalz);RB;RB 53;53;81429;8007857;8007857%2021-12-25T17:14:00.000Z%,8007858,8007859,8007860,8700382,;426
2021-12-25T17:46:00.000Z;Schaidt(Pfalz);RB;RB 53;53;81430;8007857;8007857%2021-12-25T17:46:00.000Z%,8006468,8000216,8003349,8001665,8001663,8003809,8004306,8000275,;426
2021-12-25T18:14:00.000Z;Schaidt(Pfalz);RB;RB 53;53;81431;8007857;8007857%2021-12-25T18:14:00.000Z%,8007858,8007859,8007860,8700382,;426
2021-12-25T18:46:00.000Z;Schaidt(Pfalz);RB;RB 53;53;81432;8007857;8007857%2021-12-25T18:46:00.000Z%,8006468,8000216,8003349,8001665,8001663,8003809,8004306,8000275,;426
2021-12-25T19:14:00.000Z;Schaidt(Pfalz);RB;RB 53;53;81435;8007857;8007857%2021-12-25T19:14:00.000Z%,8007858,8007859,8007860,8700382,;426
2021-12-25T20:16:00.000Z;Schaidt(Pfalz);RB;RB 53;53;81436;8007857;8007857%2021-12-25T20:16:00.000Z%,8006468,8000216,;426
2021-12-25T07:22:00.000Z;Schweighofen;RB;RB 53;53;81407;8007860;8007860%2021-12-25T07:22:00.000Z%,8700382,;426
2021-12-25T07:38:00.000Z;Schweighofen;RB;RB 53;53;81408;8007860;8007860%2021-12-25T07:38:00.000Z%,8007859,8007858,8007857,8006468,8000216,8003349,8001665,8001663,8003809,8004306,8000275,;426
2021-12-25T08:22:00.000Z;Schweighofen;RB;RB 53;53;81409;8007860;8007860%2021-12-25T08:22:00.000Z%,8700382,;426
2021-12-25T08:38:00.000Z;Schweighofen;RB;RB 53;53;81410;8007860;8007860%2021-12-25T08:38:00.000Z%,8007859,8007858,8007857,8006468,8000216,8003349,8001665,8001663,8003809,8004306,8000275,;426
2021-12-25T09:22:00.000Z;Schweighofen;RB;RB 53;53;81413;8007860;8007860%2021-12-25T09:22:00.000Z%,8700382,;426
2021-12-25T09:38:00.000Z;Schweighofen;RB;RB 53;53;81412;8007860;8007860%2021-12-25T09:38:00.000Z%,8007859,8007858,8007857,8006468,8000216,8003349,8001665,8001663,8003809,8004306,8000275,;426
2021-12-25T10:22:00.000Z;Schweighofen;RB;RB 53;53;81415;8007860;8007860%2021-12-25T10:22:00.000Z%,8700382,;426
2021-12-25T10:38:00.000Z;Schweighofen;RB;RB 53;53;81414;8007860;8007860%2021-12-25T10:38:00.000Z%,8007859,8007858,8007857,8006468,8000216,8003349,8001665,8001663,8003809,8004306,8000275,;426
2021-12-25T11:22:00.000Z;Schweighofen;RB;RB 53;53;81417;8007860;8007860%2021-12-25T11:22:00.000Z%,8700382,;426
2021-12-25T11:38:00.000Z;Schweighofen;RB;RB 53;53;81416;8007860;8007860%2021-12-25T11:38:00.000Z%,8007859,8007858,8007857,8006468,8000216,8003349,8001665,8001663,8003809,8004306,8000275,;426
2021-12-25T12:22:00.000Z;Schweighofen;RB;RB 53;53;81419;8007860;8007860%2021-12-25T12:22:00.000Z%,8700382,;426
2021-12-25T12:38:00.000Z;Schweighofen;RB;RB 53;53;81418;8007860;8007860%2021-12-25T12:38:00.000Z%,8007859,8007858,8007857,8006468,8000216,8003349,8001665,8001663,8003809,8004306,8000275,;426
2021-12-25T13:22:00.000Z;Schweighofen;RB;RB 53;53;81421;8007860;8007860%2021-12-25T13:22:00.000Z%,8700382,;426
2021-12-25T13:38:00.000Z;Schweighofen;RB;RB 53;53;81420;8007860;8007860%2021-12-25T13:38:00.000Z%,8007859,8007858,8007857,8006468,8000216,8003349,8001665,8001663,8003809,8004306,8000275,;426
2021-12-25T14:22:00.000Z;Schweighofen;RB;RB 53;53;81423;8007860;8007860%2021-12-25T14:22:00.000Z%,8700382,;426
2021-12-25T14:38:00.000Z;Schweighofen;RB;RB 53;53;81422;8007860;8007860%2021-12-25T14:38:00.000Z%,8007859,8007858,8007857,8006468,8000216,8003349,8001665,8001663,8003809,8004306,8000275,;426
2021-12-25T15:22:00.000Z;Schweighofen;RB;RB 53;53;81425;8007860;8007860%2021-12-25T15:22:00.000Z%,8700382,;426
2021-12-25T15:38:00.000Z;Schweighofen;RB;RB 53;53;81424;8007860;8007860%2021-12-25T15:38:00.000Z%,8007859,8007858,8007857,8006468,8000216,8003349,8001665,8001663,8003809,8004306,8000275,;426
2021-12-25T16:22:00.000Z;Schweighofen;RB;RB 53;53;81427;8007860;8007860%2021-12-25T16:22:00.000Z%,8700382,;426
2021-12-25T16:38:00.000Z;Schweighofen;RB;RB 53;53;81426;8007860;8007860%2021-12-25T16:38:00.000Z%,8007859,8007858,8007857,8006468,8000216,8003349,8001665,8001663,8003809,8004306,8000275,;426
2021-12-25T17:22:00.000Z;Schweighofen;RB;RB 53;53;81429;8007860;8007860%2021-12-25T17:22:00.000Z%,8700382,;426
2021-12-25T17:38:00.000Z;Schweighofen;RB;RB 53;53;81430;8007860;8007860%2021-12-25T17:38:00.000Z%,8007859,8007858,8007857,8006468,8000216,8003349,8001665,8001663,8003809,8004306,8000275,;426
2021-12-25T18:22:00.000Z;Schweighofen;RB;RB 53;53;81431;8007860;8007860%2021-12-25T18:22:00.000Z%,8700382,;426
2021-12-25T18:38:00.000Z;Schweighofen;RB;RB 53;53;81432;8007860;8007860%2021-12-25T18:38:00.000Z%,8007859,8007858,8007857,8006468,8000216,8003349,8001665,8001663,8003809,8004306,8000275,;426
2021-12-25T19:22:00.000Z;Schweighofen;RB;RB 53;53;81435;8007860;8007860%2021-12-25T19:22:00.000Z%,8700382,;426
2021-12-25T20:08:00.000Z;Schweighofen;RB;RB 53;53;81436;8007860;8007860%2021-12-25T20:08:00.000Z%,8007859,8007858,8007857,8006468,8000216,;426
2021-12-25T09:06:00.000Z;Lebach-Jabach;RB;RB 72;72;76616;8007868;8007868%2021-12-25T09:06:00.000Z%,8000563,8001221,8001812,8001470,8006627,8003059,8002238,8003980,8004909,8001990,8000323,;426
2021-12-25T10:06:00.000Z;Lebach-Jabach;RB;RB 72;72;76618;8007868;8007868%2021-12-25T10:06:00.000Z%,8000563,8001221,8001812,8001470,8006627,8003059,8002238,8003980,8004909,8001990,8000323,;426
2021-12-25T11:06:00.000Z;Lebach-Jabach;RB;RB 72;72;76620;8007868;8007868%2021-12-25T11:06:00.000Z%,8000563,8001221,8001812,8001470,8006627,8003059,8002238,8003980,8004909,8001990,8000323,;426
2021-12-25T12:06:00.000Z;Lebach-Jabach;RB;RB 72;72;76622;8007868;8007868%2021-12-25T12:06:00.000Z%,8000563,8001221,8001812,8001470,8006627,8003059,8002238,8003980,8004909,8001990,8000323,;426
2021-12-25T13:06:00.000Z;Lebach-Jabach;RB;RB 72;72;76624;8007868;8007868%2021-12-25T13:06:00.000Z%,8000563,8001221,8001812,8001470,8006627,8003059,8002238,8003980,8004909,8001990,8000323,;426
2021-12-25T14:06:00.000Z;Lebach-Jabach;RB;RB 72;72;76626;8007868;8007868%2021-12-25T14:06:00.000Z%,8000563,8001221,8001812,8001470,8006627,8003059,8002238,8003980,8004909,8001990,8000323,;426
2021-12-25T15:06:00.000Z;Lebach-Jabach;RB;RB 72;72;76628;8007868;8007868%2021-12-25T15:06:00.000Z%,8000563,8001221,8001812,8001470,8006627,8003059,8002238,8003980,8004909,8001990,8000323,;426
2021-12-25T16:06:00.000Z;Lebach-Jabach;RB;RB 72;72;76630;8007868;8007868%2021-12-25T16:06:00.000Z%,8000563,8001221,8001812,8001470,8006627,8003059,8002238,8003980,8004909,8001990,8000323,;426
2021-12-25T17:06:00.000Z;Lebach-Jabach;RB;RB 72;72;76632;8007868;8007868%2021-12-25T17:06:00.000Z%,8000563,8001221,8001812,8001470,8006627,8003059,8002238,8003980,8004909,8001990,8000323,;426
2021-12-25T18:06:00.000Z;Lebach-Jabach;RB;RB 72;72;76634;8007868;8007868%2021-12-25T18:06:00.000Z%,8000563,8001221,8001812,8001470,8006627,8003059,8002238,8003980,8004909,8001990,8000323,;426
2021-12-25T19:06:00.000Z;Lebach-Jabach;RB;RB 72;72;76636;8007868;8007868%2021-12-25T19:06:00.000Z%,8000563,8001221,8001812,8001470,8006627,8003059,8002238,8003980,8004909,8001990,8000323,;426
2021-12-25T20:06:00.000Z;Lebach-Jabach;RB;RB 72;72;76638;8007868;8007868%2021-12-25T20:06:00.000Z%,8000563,8001221,8001812,8001470,8006627,8003059,8002238,8003980,8004909,8001990,8000323,;426
2021-12-25T09:01:00.000Z;Cranzahl;RB;RB 80;80;23712;8010074;8010074%2021-12-25T09:01:00.000Z%,8012976,8010005,8011045,8011047,8013310,8013116,8013343,8013235,8012853,8013312,8013427,8013311,8013212,8013328,8011856,8011497,8010128,8010108,8010253,8010184,;426
2021-12-25T10:55:00.000Z;Cranzahl;RB;RB 80;80;23716;8010074;8010074%2021-12-25T10:55:00.000Z%,8012976,8010005,8011045,8011047,8013310,8013116,8013343,8013235,8012853,8013312,8013427,8013311,8013212,8013328,8011856,8011497,8010128,8010108,8010253,8010184,;426
2021-12-25T12:01:00.000Z;Cranzahl;RB;RB 80;80;23718;8010074;8010074%2021-12-25T12:01:00.000Z%,8012976,8010005,8011045,8011047,8013310,8013116,8013343,8013235,8012853,8013312,8013427,8013311,8013212,8013328,8011856,8011497,8010128,8010108,8010253,8010184,;426
2021-12-25T13:45:00.000Z;Cranzahl;RB;RB 80;80;23722;8010074;8010074%2021-12-25T13:45:00.000Z%,8012976,8010005,8011045,8011047,8013310,8013116,8013343,8013235,8012853,8013312,8013427,8013311,8013212,8013328,8011856,8011497,8010128,8010108,8010253,8010184,;426
2021-12-25T14:58:00.000Z;Cranzahl;RB;RB 80;80;23724;8010074;8010074%2021-12-25T14:58:00.000Z%,8012976,8010005,8011045,8011047,8013310,8013116,8013343,8013235,8012853,8013312,8013427,8013311,8013212,8013328,8011856,8011497,8010128,8010108,8010253,8010184,;426
2021-12-25T15:55:00.000Z;Cranzahl;RB;RB 80;80;23726;8010074;8010074%2021-12-25T15:55:00.000Z%,8012976,8010005,8011045,8011047,8013310,8013116,8013343,8013235,8012853,8013312,8013427,8013311,8013212,8013328,8011856,8011497,8010128,8010108,8010253,8010184,;426
2021-12-25T17:01:00.000Z;Cranzahl;RB;RB 80;80;23728;8010074;8010074%2021-12-25T17:01:00.000Z%,8012976,8010005,8011045,8011047,8013310,8013116,8013343,8013235,8012853,8013312,8013427,8013311,8013212,8013328,8011856,8011497,8010128,8010108,8010253,8010184,;426
2021-12-24T20:44:00.000Z;Görlitz;RB;RB 65;65;62138;8010131;8010131%2021-12-24T20:44:00.000Z%0,8012061,8010174,8013165,8011795,8012767,8010370,8012870,8010330,8011097,8012456,8010073,;426
2021-12-24T21:21:00.000Z;Görlitz;RB;RB 65;65;62135;8010131;8010131%2021-12-24T21:21:00.000Z%0,8011656,8011799,;426
2021-12-24T21:44:00.000Z;Görlitz;RB;RB 65;65;62142;8010131;8010131%2021-12-24T21:44:00.000Z%0,8012061,8010174,8013165,8011795,8012767,8010370,;426
2021-12-25T04:44:00.000Z;Görlitz;RB;RB 65;65;62106;8010131;8010131%2021-12-25T04:44:00.000Z%,8012061,8010174,8013165,8011795,8012767,8010370,8012870,8010330,8011097,8012456,8010073,;426
2021-12-25T06:44:00.000Z;Görlitz;RB;RB 65;65;62110;8010131;8010131%2021-12-25T06:44:00.000Z%,8012061,8010174,8013165,8011795,8012767,8010370,8012870,8010330,8011097,8012456,8010073,;426
2021-12-25T07:21:00.000Z;Görlitz;RB;RB 65;65;62107;8010131;8010131%2021-12-25T07:21:00.000Z%,8011656,8011799,;426
2021-12-25T07:33:00.000Z;Görlitz;RB;RB 64;64;63904;8010131;8010131%2021-12-25T07:33:00.000Z%,8012061,8013493,8012628,8012391,8012047,8013166,8012250,8011922,8010177,;426
2021-12-25T07:44:00.000Z;Görlitz;RB;RB 65;65;62112;8010131;8010131%2021-12-25T07:44:00.000Z%,8012061,8010174,8013165,8011795,8012767,8010370,8012870,8010330,8011097,8012456,8010073,;426
2021-12-25T08:21:00.000Z;Görlitz;RB;RB 65;65;62109;8010131;8010131%2021-12-25T08:21:00.000Z%,8011656,8011799,;426
2021-12-25T08:44:00.000Z;Görlitz;RB;RB 65;65;62114;8010131;8010131%2021-12-25T08:44:00.000Z%,8012061,8010174,8013165,8011795,8012767,8010370,8012870,8010330,8011097,8012456,8010073,;426
2021-12-25T09:21:00.000Z;Görlitz;RB;RB 65;65;62111;8010131;8010131%2021-12-25T09:21:00.000Z%,8011656,8011799,;426
2021-12-25T09:33:00.000Z;Görlitz;RB;RB 64;64;63906;8010131;8010131%2021-12-25T09:33:00.000Z%,8012061,8013493,8012628,8012391,8012047,8013166,8012250,8011922,8010177,;426
2021-12-25T09:44:00.000Z;Görlitz;RB;RB 65;65;62116;8010131;8010131%2021-12-25T09:44:00.000Z%,8012061,8010174,8013165,8011795,8012767,8010370,8012870,8010330,8011097,8012456,8010073,;426
2021-12-25T10:21:00.000Z;Görlitz;RB;RB 65;65;62113;8010131;8010131%2021-12-25T10:21:00.000Z%,8011656,8011799,;426
2021-12-25T10:44:00.000Z;Görlitz;RB;RB 65;65;62118;8010131;8010131%2021-12-25T10:44:00.000Z%,8012061,8010174,8013165,8011795,8012767,8010370,8012870,8010330,8011097,8012456,8010073,;426
2021-12-25T11:21:00.000Z;Görlitz;RB;RB 65;65;62115;8010131;8010131%2021-12-25T11:21:00.000Z%,8011656,8011799,;426
2021-12-25T11:33:00.000Z;Görlitz;RB;RB 64;64;63908;8010131;8010131%2021-12-25T11:33:00.000Z%,8012061,8013493,8012628,8012391,8012047,8013166,8012250,8011922,8010177,;426
2021-12-25T11:44:00.000Z;Görlitz;RB;RB 65;65;62120;8010131;8010131%2021-12-25T11:44:00.000Z%,8012061,8010174,8013165,8011795,8012767,8010370,8012870,8010330,8011097,8012456,8010073,;426
2021-12-25T12:21:00.000Z;Görlitz;RB;RB 65;65;62117;8010131;8010131%2021-12-25T12:21:00.000Z%,8011656,8011799,;426
2021-12-24T20:58:00.000Z;Plaue(Thür);RE;RE 7;7;3764;8010274;8010274%2021-12-24T21:00:00.000Z%2,8010007,8010242,8010101,;602
2021-12-25T04:23:00.000Z;Plaue(Thür);RE;RE 7;7;3751;8010274;8010274%2021-12-25T04:23:00.000Z%,8010137,8010391,8010345,8010142,8012750,8003959,8000730,8001290,8004169,8005199,8001620,8004865,8004453,8000032,8005198,8000260,;602
2021-12-25T04:57:00.000Z;Plaue(Thür);RB;RB 46;46;81189;8010274;8010274%2021-12-25T04:57:00.000Z%,8012317,8011624,8011476,8011932,8011935,8010178,;426
2021-12-25T05:26:00.000Z;Plaue(Thür);RB;RB 46;46;81192;8010274;8010274%2021-12-25T05:26:00.000Z%,8011055,8010007,8011792,8013074,8010242,8010101,;426
2021-12-25T05:26:00.000Z;Plaue(Thür);RB;RB 44;44;81274;8010274;8010274%2021-12-25T05:26:00.000Z%,8011055,8010007,8011792,8013074,8010242,8010101,;426
2021-12-25T06:00:00.000Z;Plaue(Thür);RE;RE 7;7;3768;8010274;8010274%2021-12-25T06:00:00.000Z%,8010007,8010242,8010101,;602
2021-12-25T06:10:00.000Z;Plaue(Thür);RB;RB 46;46;81191;8010274;8010274%2021-12-25T06:10:00.000Z%,8012317,8011624,8011476,8011932,8011935,8010178,;426
2021-12-25T06:27:00.000Z;Plaue(Thür);RB;RB 44;44;81273;8010274;8010274%2021-12-25T06:27:00.000Z%,8010137,8011397,8011603,8010391,8010345,8013077,8011378,8012787,8010142,8010230,;426
2021-12-25T06:40:00.000Z;Plaue(Thür);RB;RB 46;46;81194;8010274;8010274%2021-12-25T06:40:00.000Z%,8011055,8010007,8011792,8013074,8010242,8011502,8010101,;426
2021-12-25T06:59:00.000Z;Plaue(Thür);RE;RE 7;7;3755;8010274;8010274%2021-12-25T06:59:00.000Z%,8010391,8010345,8010142,8003959,8000730,8004169,8001620,8000032,8000260,;602
2021-12-25T07:10:00.000Z;Plaue(Thür);RB;RB 46;46;81193;8010274;8010274%2021-12-25T07:10:00.000Z%,8012317,8011624,8011476,8011932,8011935,8010178,;426
2021-12-25T07:29:00.000Z;Plaue(Thür);RB;RB 44;44;81278;8010274;8010274%2021-12-25T07:29:00.000Z%,8011055,8010007,8010242,8010101,;426
2021-12-25T07:40:00.000Z;Plaue(Thür);RB;RB 46;46;81196;8010274;8010274%2021-12-25T07:40:00.000Z%,8011055,8010007,8011792,8013074,8010242,8011502,8010101,;426
2021-12-25T08:10:00.000Z;Plaue(Thür);RB;RB 46;46;81195;8010274;8010274%2021-12-25T08:10:00.000Z%,8012317,8011624,8011476,8011932,8011935,8010178,8011931,8012299,8013071,8012749,;426
2021-12-25T08:27:00.000Z;Plaue(Thür);RB;RB 44;44;81275;8010274;8010274%2021-12-25T08:27:00.000Z%,8010137,8011397,8011603,8010391,8010345,8013077,8011378,8012787,8010142,8010230,;426
2021-12-25T08:40:00.000Z;Plaue(Thür);RB;RB 46;46;81198;8010274;8010274%2021-12-25T08:40:00.000Z%,8011055,8010007,8011792,8013074,8010242,8011502,8010101,;426
2021-12-25T08:57:00.000Z;Plaue(Thür);RE;RE 7;7;3752;8010274;8010274%2021-12-25T08:57:00.000Z%,8010007,8010242,8010101,;602
2021-12-25T08:59:00.000Z;Plaue(Thür);RE;RE 7;7;3757;8010274;8010274%2021-12-25T08:59:00.000Z%,8010391,8010345,8010142,8003959,8000730,8004169,8001620,8000032,8000260,;602
2021-12-25T09:10:00.000Z;Plaue(Thür);RB;RB 46;46;81197;8010274;8010274%2021-12-25T09:10:00.000Z%,8012317,8011624,8011476,8011932,8011935,8010178,;426
2021-12-25T09:29:00.000Z;Plaue(Thür);RB;RB 44;44;81280;8010274;8010274%2021-12-25T09:29:00.000Z%,8011055,8010007,8010242,8010101,;426
2021-12-25T09:40:00.000Z;Plaue(Thür);RB;RB 46;46;81200;8010274;8010274%2021-12-25T09:40:00.000Z%,8011055,8010007,8011792,8013074,8010242,8011502,8010101,;426
2021-12-25T10:10:00.000Z;Plaue(Thür);RB;RB 46;46;81199;8010274;8010274%2021-12-25T10:10:00.000Z%,8012317,8011624,8011476,8011932,8011935,8010178,8011931,8012299,8013071,8012749,;426
2021-12-25T10:27:00.000Z;Plaue(Thür);RB;RB 44;44;81277;8010274;8010274%2021-12-25T10:27:00.000Z%,8010137,8011397,8011603,8010391,8010345,8013077,8011378,8012787,8010142,8010230,;426
2021-12-25T10:40:00.000Z;Plaue(Thür);RB;RB 46;46;81202;8010274;8010274%2021-12-25T10:40:00.000Z%,8011055,8010007,8011792,8013074,8010242,8011502,8010101,;426
2021-12-25T10:57:00.000Z;Plaue(Thür);RE;RE 7;7;3754;8010274;8010274%2021-12-25T10:57:00.000Z%,8010007,8010242,8010101,;602
2021-12-25T10:59:00.000Z;Plaue(Thür);RE;RE 7;7;3759;8010274;8010274%2021-12-25T10:59:00.000Z%,8010391,8010345,8010142,8003959,8000730,8004169,8001620,8000032,8000260,;602
2021-12-25T11:10:00.000Z;Plaue(Thür);RB;RB 46;46;81201;8010274;8010274%2021-12-25T11:10:00.000Z%,8012317,8011624,8011476,8011932,8011935,8010178,;426
2021-12-25T11:29:00.000Z;Plaue(Thür);RB;RB 44;44;81282;8010274;8010274%2021-12-25T11:29:00.000Z%,8011055,8010007,8010242,8010101,;426
2021-12-25T11:40:00.000Z;Plaue(Thür);RB;RB 46;46;81204;8010274;8010274%2021-12-25T11:40:00.000Z%,8011055,8010007,8011792,8013074,8010242,8011502,8010101,;426
2021-12-25T12:10:00.000Z;Plaue(Thür);RB;RB 46;46;81203;8010274;8010274%2021-12-25T12:10:00.000Z%,8012317,8011624,8011476,8011932,8011935,8010178,8011931,8012299,8013071,8012749,;426
2021-12-25T12:27:00.000Z;Plaue(Thür);RB;RB 44;44;81279;8010274;8010274%2021-12-25T12:27:00.000Z%,8010137,8011397,8011603,8010391,8010345,8013077,8011378,8012787,8010142,8010230,;426
2021-12-25T12:40:00.000Z;Plaue(Thür);RB;RB 46;46;81206;8010274;8010274%2021-12-25T12:40:00.000Z%,8011055,8010007,8011792,8013074,8010242,8011502,8010101,;426
2021-12-25T12:57:00.000Z;Plaue(Thür);RE;RE 7;7;3756;8010274;8010274%2021-12-25T12:57:00.000Z%,8010007,8010242,8010101,;602
2021-12-25T12:59:00.000Z;Plaue(Thür);RE;RE 7;7;3761;8010274;8010274%2021-12-25T12:59:00.000Z%,8010391,8010345,8010142,8003959,8000730,8004169,8001620,8000032,8000260,;602
2021-12-25T13:10:00.000Z;Plaue(Thür);RB;RB 46;46;81205;8010274;8010274%2021-12-25T13:10:00.000Z%,8012317,8011624,8011476,8011932,8011935,8010178,;426
2021-12-25T13:29:00.000Z;Plaue(Thür);RB;RB 44;44;81284;8010274;8010274%2021-12-25T13:29:00.000Z%,8011055,8010007,8010242,8010101,;426
2021-12-25T13:40:00.000Z;Plaue(Thür);RB;RB 46;46;81208;8010274;8010274%2021-12-25T13:40:00.000Z%,8011055,8010007,8011792,8013074,8010242,8011502,8010101,;426
2021-12-25T14:10:00.000Z;Plaue(Thür);RB;RB 46;46;81207;8010274;8010274%2021-12-25T14:10:00.000Z%,8012317,8011624,8011476,8011932,8011935,8010178,8011931,8012299,8013071,8012749,;426
2021-12-25T14:27:00.000Z;Plaue(Thür);RB;RB 44;44;81281;8010274;8010274%2021-12-25T14:27:00.000Z%,8010137,8011397,8011603,8010391,8010345,8013077,8011378,8012787,8010142,8010230,;426
2021-12-25T14:40:00.000Z;Plaue(Thür);RB;RB 46;46;81210;8010274;8010274%2021-12-25T14:40:00.000Z%,8011055,8010007,8011792,8013074,8010242,8011502,8010101,;426
2021-12-25T14:57:00.000Z;Plaue(Thür);RE;RE 7;7;3758;8010274;8010274%2021-12-25T14:57:00.000Z%,8010007,8010242,8010101,;602
2021-12-25T14:59:00.000Z;Plaue(Thür);RE;RE 7;7;3763;8010274;8010274%2021-12-25T14:59:00.000Z%,8010391,8010345,8010142,8003959,8000730,8004169,8001620,8000032,8000260,;602
2021-12-25T15:10:00.000Z;Plaue(Thür);RB;RB 46;46;81209;8010274;8010274%2021-12-25T15:10:00.000Z%,8012317,8011624,8011476,8011932,8011935,8010178,;426
2021-12-25T15:29:00.000Z;Plaue(Thür);RB;RB 44;44;81286;8010274;8010274%2021-12-25T15:29:00.000Z%,8011055,8010007,8010242,8010101,;426
2021-12-25T15:40:00.000Z;Plaue(Thür);RB;RB 46;46;81212;8010274;8010274%2021-12-25T15:40:00.000Z%,8011055,8010007,8011792,8013074,8010242,8011502,8010101,;426
2021-12-25T16:10:00.000Z;Plaue(Thür);RB;RB 46;46;81211;8010274;8010274%2021-12-25T16:10:00.000Z%,8012317,8011624,8011476,8011932,8011935,8010178,;426
2021-12-25T16:27:00.000Z;Plaue(Thür);RB;RB 44;44;81283;8010274;8010274%2021-12-25T16:27:00.000Z%,8010137,8011397,8011603,8010391,8010345,8013077,8011378,8012787,8010142,8010230,;426
2021-12-25T16:39:00.000Z;Plaue(Thür);RB;RB 46;46;81214;8010274;8010274%2021-12-25T16:39:00.000Z%,8011055,8010007,8011792,8013074,8010242,8011502,8010101,;426
2021-12-25T16:57:00.000Z;Plaue(Thür);RE;RE 7;7;3760;8010274;8010274%2021-12-25T16:57:00.000Z%,8010007,8010242,8010101,;602
2021-12-25T16:59:00.000Z;Plaue(Thür);RE;RE 7;7;3765;8010274;8010274%2021-12-25T16:59:00.000Z%,8010391,8010345,8010142,8003959,8000730,8004169,8001620,8000032,8000260,;602
2021-12-25T17:10:00.000Z;Plaue(Thür);RB;RB 46;46;81213;8010274;8010274%2021-12-25T17:10:00.000Z%,8012317,8011624,8011476,8011932,8011935,8010178,;426
2021-12-25T17:29:00.000Z;Plaue(Thür);RB;RB 44;44;81288;8010274;8010274%2021-12-25T17:29:00.000Z%,8011055,8010007,8010242,8010101,;426
2021-12-25T17:40:00.000Z;Plaue(Thür);RB;RB 46;46;81216;8010274;8010274%2021-12-25T17:40:00.000Z%,8011055,8010007,8011792,8013074,8010242,8011502,8010101,;426
2021-12-25T18:10:00.000Z;Plaue(Thür);RB;RB 46;46;81215;8010274;8010274%2021-12-25T18:10:00.000Z%,8012317,8011624,8011476,8011932,8011935,8010178,;426
2021-12-25T18:27:00.000Z;Plaue(Thür);RB;RB 44;44;81285;8010274;8010274%2021-12-25T18:27:00.000Z%,8010137,8011397,8011603,8010391,8010345,8013077,8011378,8012787,8010142,8010230,;426
2021-12-25T18:40:00.000Z;Plaue(Thür);RB;RB 46;46;81218;8010274;8010274%2021-12-25T18:40:00.000Z%,8011055,8010007,8011792,8013074,8010242,8011502,8010101,;426
2021-12-25T18:57:00.000Z;Plaue(Thür);RE;RE 7;7;3762;8010274;8010274%2021-12-25T18:57:00.000Z%,8010007,8010242,8010101,;602
2021-12-25T18:59:00.000Z;Plaue(Thür);RE;RE 7;7;3767;8010274;8010274%2021-12-25T18:59:00.000Z%,8010137,8010391,8010345,8010142,8003959,8000730,8004169,8001620,8000032,8000260,;602
2021-12-25T19:10:00.000Z;Plaue(Thür);RB;RB 46;46;81217;8010274;8010274%2021-12-25T19:10:00.000Z%,8012317,8011624,8011476,8011932,8011935,8010178,;426
2021-12-25T19:29:00.000Z;Plaue(Thür);RB;RB 44;44;81290;8010274;8010274%2021-12-25T19:29:00.000Z%,8011055,8010007,8010242,8010101,;426
2021-12-25T19:40:00.000Z;Plaue(Thür);RB;RB 46;46;81220;8010274;8010274%2021-12-25T19:40:00.000Z%,8011055,8010007,8011792,8013074,8010242,8011502,8010101,;426
2021-12-25T20:10:00.000Z;Plaue(Thür);RB;RB 46;46;81219;8010274;8010274%2021-12-25T20:10:00.000Z%,8012317,8011624,8011476,8011932,8011935,8010178,;426
2021-12-24T20:33:00.000Z;Suhl;RE;RE 7;7;3764;8010345;8010345%2021-12-24T20:35:00.000Z%2,8010391,8010137,8010274,8010007,8010242,8010101,;602
2021-12-25T04:49:00.000Z;Suhl;RE;RE 7;7;3751;8010345;8010345%2021-12-25T04:49:00.000Z%,8010142,8012750,8003959,8000730,8001290,8004169,8005199,8001620,8004865,8004453,8000032,8005198,8000260,;602
2021-12-25T04:49:00.000Z;Suhl;RB;RB 44;44;81274;8010345;8010345%2021-12-25T04:49:00.000Z%,8010391,8011603,8011397,8010137,8010274,8011055,8010007,8011792,8013074,8010242,8010101,;426
2021-12-25T05:33:00.000Z;Suhl;RE;RE 7;7;3768;8010345;8010345%2021-12-25T05:33:00.000Z%,8010391,8010137,8010274,8010007,8010242,8010101,;602
2021-12-25T06:58:00.000Z;Suhl;RB;RB 44;44;81273;8010345;8010345%2021-12-25T06:58:00.000Z%,8013077,8011378,8012787,8010142,8010230,;426
2021-12-25T06:59:00.000Z;Suhl;RB;RB 44;44;81278;8010345;8010345%2021-12-25T06:59:00.000Z%,8010391,8011603,8011397,8010137,8010274,8011055,8010007,8010242,8010101,;426
2021-12-25T07:22:00.000Z;Suhl;RE;RE 7;7;3755;8010345;8010345%2021-12-25T07:22:00.000Z%,8010142,8003959,8000730,8004169,8001620,8000032,8000260,;602
2021-12-25T08:32:00.000Z;Suhl;RE;RE 7;7;3752;8010345;8010345%2021-12-25T08:32:00.000Z%,8010391,8010274,8010007,8010242,8010101,;602
2021-12-25T08:58:00.000Z;Suhl;RB;RB 44;44;81275;8010345;8010345%2021-12-25T08:58:00.000Z%,8013077,8011378,8012787,8010142,8010230,;426
2021-12-25T08:59:00.000Z;Suhl;RB;RB 44;44;81280;8010345;8010345%2021-12-25T08:59:00.000Z%,8010391,8011603,8011397,8010137,8010274,8011055,8010007,8010242,8010101,;426
2021-12-25T09:22:00.000Z;Suhl;RE;RE 7;7;3757;8010345;8010345%2021-12-25T09:22:00.000Z%,8010142,8003959,8000730,8004169,8001620,8000032,8000260,;602
2021-12-25T10:32:00.000Z;Suhl;RE;RE 7;7;3754;8010345;8010345%2021-12-25T10:32:00.000Z%,8010391,8010274,8010007,8010242,8010101,;602
2021-12-25T10:58:00.000Z;Suhl;RB;RB 44;44;81277;8010345;8010345%2021-12-25T10:58:00.000Z%,8013077,8011378,8012787,8010142,8010230,;426
2021-12-25T10:59:00.000Z;Suhl;RB;RB 44;44;81282;8010345;8010345%2021-12-25T10:59:00.000Z%,8010391,8011603,8011397,8010137,8010274,8011055,8010007,8010242,8010101,;426
2021-12-25T11:22:00.000Z;Suhl;RE;RE 7;7;3759;8010345;8010345%2021-12-25T11:22:00.000Z%,8010142,8003959,8000730,8004169,8001620,8000032,8000260,;602
2021-12-25T12:32:00.000Z;Suhl;RE;RE 7;7;3756;8010345;8010345%2021-12-25T12:32:00.000Z%,8010391,8010274,8010007,8010242,8010101,;602
2021-12-25T12:58:00.000Z;Suhl;RB;RB 44;44;81279;8010345;8010345%2021-12-25T12:58:00.000Z%,8013077,8011378,8012787,8010142,8010230,;426
2021-12-25T12:59:00.000Z;Suhl;RB;RB 44;44;81284;8010345;8010345%2021-12-25T12:59:00.000Z%,8010391,8011603,8011397,8010137,8010274,8011055,8010007,8010242,8010101,;426
2021-12-25T13:22:00.000Z;Suhl;RE;RE 7;7;3761;8010345;8010345%2021-12-25T13:22:00.000Z%,8010142,8003959,8000730,8004169,8001620,8000032,8000260,;602
2021-12-25T14:32:00.000Z;Suhl;RE;RE 7;7;3758;8010345;8010345%2021-12-25T14:32:00.000Z%,8010391,8010274,8010007,8010242,8010101,;602
2021-12-25T14:58:00.000Z;Suhl;RB;RB 44;44;81281;8010345;8010345%2021-12-25T14:58:00.000Z%,8013077,8011378,8012787,8010142,8010230,;426
2021-12-25T14:59:00.000Z;Suhl;RB;RB 44;44;81286;8010345;8010345%2021-12-25T14:59:00.000Z%,8010391,8011603,8011397,8010137,8010274,8011055,8010007,8010242,8010101,;426
2021-12-25T15:22:00.000Z;Suhl;RE;RE 7;7;3763;8010345;8010345%2021-12-25T15:22:00.000Z%,8010142,8003959,8000730,8004169,8001620,8000032,8000260,;602
2021-12-25T16:32:00.000Z;Suhl;RE;RE 7;7;3760;8010345;8010345%2021-12-25T16:32:00.000Z%,8010391,8010274,8010007,8010242,8010101,;602
2021-12-25T16:58:00.000Z;Suhl;RB;RB 44;44;81283;8010345;8010345%2021-12-25T16:58:00.000Z%,8013077,8011378,8012787,8010142,8010230,;426
2021-12-25T16:59:00.000Z;Suhl;RB;RB 44;44;81288;8010345;8010345%2021-12-25T16:59:00.000Z%,8010391,8011603,8011397,8010137,8010274,8011055,8010007,8010242,8010101,;426
2021-12-25T17:22:00.000Z;Suhl;RE;RE 7;7;3765;8010345;8010345%2021-12-25T17:22:00.000Z%,8010142,8003959,8000730,8004169,8001620,8000032,8000260,;602
2021-12-25T18:32:00.000Z;Suhl;RE;RE 7;7;3762;8010345;8010345%2021-12-25T18:32:00.000Z%,8010391,8010274,8010007,8010242,8010101,;602
2021-12-25T18:58:00.000Z;Suhl;RB;RB 44;44;81285;8010345;8010345%2021-12-25T18:58:00.000Z%,8013077,8011378,8012787,8010142,8010230,;426
2021-12-25T18:59:00.000Z;Suhl;RB;RB 44;44;81290;8010345;8010345%2021-12-25T18:59:00.000Z%,8010391,8011603,8011397,8010137,8010274,8011055,8010007,8010242,8010101,;426
2021-12-25T19:25:00.000Z;Suhl;RE;RE 7;7;3767;8010345;8010345%2021-12-25T19:25:00.000Z%,8010142,8003959,8000730,8004169,8001620,8000032,8000260,;602
2021-12-25T05:07:00.000Z;Erfurt-Gispersleben;RE;RE 55;55;16552;8011503;8011503%2021-12-25T05:07:00.000Z%,8010198,8013221,8012769,8010342,8011700,;602
2021-12-25T06:20:00.000Z;Erfurt-Gispersleben;RB;RB 52;52;16282;8011503;8011503%2021-12-25T06:20:00.000Z%,8010198,8011489,8011336,8010081,8011687,8010020,8012919,8011746,8012961,8010235,8011029,8011335,8012993,8010048,8010203,;426
2021-12-25T06:29:00.000Z;Erfurt-Gispersleben;RE;RE 55;55;16553;8011503;8011503%2021-12-25T06:29:00.000Z%,8010102,8010101,;602
2021-12-25T07:10:00.000Z;Erfurt-Gispersleben;RE;RE 55;55;16554;8011503;8011503%2021-12-25T07:10:00.000Z%,8010198,8013221,8012769,8010342,8011700,;602
2021-12-25T07:33:00.000Z;Erfurt-Gispersleben;RB;RB 52;52;16285;8011503;8011503%2021-12-25T07:33:00.000Z%,8010102,8010101,;426
2021-12-25T08:23:00.000Z;Erfurt-Gispersleben;RB;RB 52;52;16284;8011503;8011503%2021-12-25T08:23:00.000Z%,8010198,8011489,8011336,8010081,8011687,8010020,8012919,8011746,8012961,8010235,8011029,8011335,8012993,8010048,8010203,;426
2021-12-25T08:41:00.000Z;Erfurt-Gispersleben;RE;RE 55;55;16555;8011503;8011503%2021-12-25T08:41:00.000Z%,8010102,8010101,;602
2021-12-25T09:10:00.000Z;Erfurt-Gispersleben;RE;RE 55;55;16556;8011503;8011503%2021-12-25T09:10:00.000Z%,8010198,8013221,8012769,8010342,8011700,;602
2021-12-25T09:33:00.000Z;Erfurt-Gispersleben;RB;RB 52;52;16287;8011503;8011503%2021-12-25T09:33:00.000Z%,8010102,8010101,;426
2021-12-25T10:23:00.000Z;Erfurt-Gispersleben;RB;RB 52;52;16286;8011503;8011503%2021-12-25T10:23:00.000Z%,8010198,8011489,8011336,8010081,8011687,8010020,8012919,8011746,8012961,8010235,8011029,8011335,8012993,8010048,8010203,;426
2021-12-25T10:41:00.000Z;Erfurt-Gispersleben;RE;RE 55;55;16557;8011503;8011503%2021-12-25T10:41:00.000Z%,8010102,8010101,;602
2021-12-25T11:10:00.000Z;Erfurt-Gispersleben;RE;RE 55;55;16558;8011503;8011503%2021-12-25T11:10:00.000Z%,8010198,8013221,8012769,8010342,8011700,;602
2021-12-25T11:33:00.000Z;Erfurt-Gispersleben;RB;RB 52;52;16289;8011503;8011503%2021-12-25T11:33:00.000Z%,8010102,8010101,;426
2021-12-25T12:23:00.000Z;Erfurt-Gispersleben;RB;RB 52;52;16288;8011503;8011503%2021-12-25T12:23:00.000Z%,8010198,8011489,8011336,8010081,8011687,8010020,8012919,8011746,8012961,8010235,8011029,8011335,8012993,8010048,8010203,;426
2021-12-25T12:41:00.000Z;Erfurt-Gispersleben;RE;RE 55;55;16559;8011503;8011503%2021-12-25T12:41:00.000Z%,8010102,8010101,;602
2021-12-25T13:10:00.000Z;Erfurt-Gispersleben;RE;RE 55;55;16560;8011503;8011503%2021-12-25T13:10:00.000Z%,8010198,8013221,8012769,8010342,8011700,;602
2021-12-25T13:33:00.000Z;Erfurt-Gispersleben;RB;RB 52;52;16291;8011503;8011503%2021-12-25T13:33:00.000Z%,8010102,8010101,;426
2021-12-25T14:23:00.000Z;Erfurt-Gispersleben;RB;RB 52;52;16290;8011503;8011503%2021-12-25T14:23:00.000Z%,8010198,8011489,8011336,8010081,8011687,8010020,8012919,8011746,8012961,8010235,8011029,8011335,8012993,8010048,8010203,;426
2021-12-25T14:41:00.000Z;Erfurt-Gispersleben;RE;RE 55;55;16561;8011503;8011503%2021-12-25T14:41:00.000Z%,8010102,8010101,;602
2021-12-25T15:10:00.000Z;Erfurt-Gispersleben;RE;RE 55;55;16562;8011503;8011503%2021-12-25T15:10:00.000Z%,8010198,8013221,8012769,8010342,8011700,;602
2021-12-25T15:33:00.000Z;Erfurt-Gispersleben;RB;RB 52;52;16293;8011503;8011503%2021-12-25T15:33:00.000Z%,8010102,8010101,;426
2021-12-25T16:23:00.000Z;Erfurt-Gispersleben;RB;RB 52;52;16292;8011503;8011503%2021-12-25T16:23:00.000Z%,8010198,8011489,8011336,8010081,8011687,8010020,8012919,8011746,8012961,8010235,8011029,8011335,8012993,8010048,8010203,;426
2021-12-25T16:41:00.000Z;Erfurt-Gispersleben;RE;RE 55;55;16563;8011503;8011503%2021-12-25T16:41:00.000Z%,8010102,8010101,;602
2021-12-25T17:10:00.000Z;Erfurt-Gispersleben;RE;RE 55;55;16564;8011503;8011503%2021-12-25T17:10:00.000Z%,8010198,8013221,8012769,8010342,8011700,;602
2021-12-25T17:33:00.000Z;Erfurt-Gispersleben;RB;RB 52;52;16295;8011503;8011503%2021-12-25T17:33:00.000Z%,8010102,8010101,;426
2021-12-25T18:23:00.000Z;Erfurt-Gispersleben;RB;RB 52;52;16294;8011503;8011503%2021-12-25T18:23:00.000Z%,8010198,8011489,8011336,8010081,8011687,8010020,8012919,8011746,8012961,8010235,;426
2021-12-25T18:41:00.000Z;Erfurt-Gispersleben;RE;RE 55;55;16565;8011503;8011503%2021-12-25T18:41:00.000Z%,8010102,8010101,;602
2021-12-25T19:24:00.000Z;Erfurt-Gispersleben;RE;RE 55;55;16566;8011503;8011503%2021-12-25T19:24:00.000Z%,8010198,8013221,8012769,8010342,8011700,;602
2021-12-25T19:42:00.000Z;Erfurt-Gispersleben;RB;RB 52;52;16297;8011503;8011503%2021-12-25T19:42:00.000Z%,8010102,8010101,;426
2021-12-25T03:46:00.000Z;Gera-Zwötzen;RB;RB 22;22;80832;8011623;8011623%2021-12-25T03:46:00.000Z%,8010126,8010125,8011619,8011074,8010196,8011312,8013297,8010390,8012682,8010269,8013447,8012192,8010209,8012193,8010205,;426
2021-12-25T04:58:00.000Z;Gera-Zwötzen;RB;RB 22;22;80925;8011623;8011623%2021-12-25T04:58:00.000Z%,8010365,8012493,8010352,8012472,8012468,8012563,8012657,8012107,8012075,8013174,8010309,;426
2021-12-25T04:58:00.000Z;Gera-Zwötzen;RB;RB 13;13;81011;8011623;8011623%2021-12-25T04:58:00.000Z%,8010365,8013251,8013254,8012252,8012927,8011895,8013150,8013396,8010229,8010317,8011790,8001969,8002924,;426
2021-12-25T06:44:00.000Z;Gera-Zwötzen;RE;RE 3;3;3924;8011623;8011623%2021-12-25T06:44:00.000Z%,8010126,8010125,;602
2021-12-25T06:51:00.000Z;Gera-Zwötzen;RB;RB 13;13;80790;8011623;8011623%2021-12-25T06:51:00.000Z%,8010126,8010125,8011619,8011074,8011312,8013297,8010390,8012682,8010269,8013447,8012192,8010209,8010205,;426
2021-12-25T06:51:00.000Z;Gera-Zwötzen;RB;RB 22;22;80794;8011623;8011623%2021-12-25T06:51:00.000Z%,8010126,8010125,8011619,8011074,8011312,8013297,8010390,8012682,8010269,8013447,8012192,8010209,8010205,;426
2021-12-25T07:07:00.000Z;Gera-Zwötzen;RB;RB 22;22;80835;8011623;8011623%2021-12-25T07:07:00.000Z%,8010365,8012493,8010352,8012472,8012468,8012563,8012657,8012107,8012075,8013174,8010309,;426
2021-12-25T07:07:00.000Z;Gera-Zwötzen;RB;RB 13;13;81013;8011623;8011623%2021-12-25T07:07:00.000Z%,8010365,8013251,8013254,8012252,8011895,8013150,8013396,8010229,8010317,8001969,8002924,;426
2021-12-25T07:12:00.000Z;Gera-Zwötzen;RE;RE 3;3;3923;8011623;8011623%2021-12-25T07:12:00.000Z%,8010387,8011144,8012465,8010140,;602
2021-12-25T07:50:00.000Z;Gera-Zwötzen;RE;RE 12;12;80846;8011623;8011623%2021-12-25T07:50:00.000Z%,8010126,8010125,8011074,8010196,8011312,8013297,8010390,8012682,8010269,8013447,8012192,8010209,8010205,;602
2021-12-25T08:07:00.000Z;Gera-Zwötzen;RE;RE 12;12;80841;8011623;8011623%2021-12-25T08:07:00.000Z%,8013334,8010365,8012493,8010352,8012472,8012657,8010309,8011267,8012000,8010170,8012213,8012225,8013360,8010354,8013452,8011821,8011820,8011206,;602
2021-12-25T08:17:00.000Z;Gera-Zwötzen;RB;RB 21;21;80888;8011623;8011623%2021-12-25T08:17:00.000Z%,8010126,8010125,8013129,8012088,8011862,8012604,8013025,8012443,8010133,8011957,8011762,8012332,8012541,8010366,8013192,8010101,;426
2021-12-25T08:44:00.000Z;Gera-Zwötzen;RE;RE 3;3;3926;8011623;8011623%2021-12-25T08:44:00.000Z%,8010126,8010125,;602
2021-12-25T08:52:00.000Z;Gera-Zwötzen;RB;RB 22;22;80848;8011623;8011623%2021-12-25T08:52:00.000Z%,8010126,8010125,8011619,8011074,8011312,8013297,8010390,8012682,8010269,8013447,8012192,8010209,8010205,;426
2021-12-25T08:52:00.000Z;Gera-Zwötzen;RB;RB 13;13;81016;8011623;8011623%2021-12-25T08:52:00.000Z%,8010126,8010125,8011619,8011074,8011312,8013297,8010390,8012682,8010269,8013447,8012192,8010209,8010205,;426
2021-12-25T09:07:00.000Z;Gera-Zwötzen;RB;RB 22;22;80843;8011623;8011623%2021-12-25T09:07:00.000Z%,8010365,8012493,8010352,8012472,8012468,8012563,8012657,8012107,8012075,8013174,8010309,;426
2021-12-25T09:07:00.000Z;Gera-Zwötzen;RB;RB 13;13;81015;8011623;8011623%2021-12-25T09:07:00.000Z%,8010365,8013251,8013254,8012252,8011895,8013150,8013396,8010229,8010317,8001969,8002924,;426
2021-12-25T09:12:00.000Z;Gera-Zwötzen;RE;RE 3;3;3925;8011623;8011623%2021-12-25T09:12:00.000Z%,8010387,8011144,8012465,8010140,;602
2021-12-25T09:48:00.000Z;Gera-Zwötzen;RE;RE 12;12;80850;8011623;8011623%2021-12-25T09:48:00.000Z%,8010126,8010125,8011074,8010196,8011312,8013297,8010390,8012682,8010269,8013447,8012192,8010209,8010205,;602
2021-12-25T10:07:00.000Z;Gera-Zwötzen;RE;RE 12;12;80845;8011623;8011623%2021-12-25T10:07:00.000Z%,8013334,8010365,8012493,8010352,8012472,8012657,8010309,8011267,8012000,8010170,8012213,8012225,8013360,8010354,8013452,8011821,8011820,8011206,;602
2021-12-25T10:44:00.000Z;Gera-Zwötzen;RE;RE 3;3;3928;8011623;8011623%2021-12-25T10:44:00.000Z%,8010126,8010125,;602
2021-12-25T10:52:00.000Z;Gera-Zwötzen;RB;RB 22;22;80852;8011623;8011623%2021-12-25T10:52:00.000Z%,8010126,8010125,8011619,8011074,8011312,8013297,8010390,8012682,8010269,8013447,8012192,8010209,8010205,;426
2021-12-25T10:52:00.000Z;Gera-Zwötzen;RB;RB 13;13;81018;8011623;8011623%2021-12-25T10:52:00.000Z%,8010126,8010125,8011619,8011074,8011312,8013297,8010390,8012682,8010269,8013447,8012192,8010209,8010205,;426
2021-12-25T11:07:00.000Z;Gera-Zwötzen;RB;RB 22;22;80847;8011623;8011623%2021-12-25T11:07:00.000Z%,8010365,8012493,8010352,8012472,8012468,8012563,8012657,8012107,8012075,8013174,8010309,;426
2021-12-25T11:07:00.000Z;Gera-Zwötzen;RB;RB 13;13;81017;8011623;8011623%2021-12-25T11:07:00.000Z%,8010365,8013251,8013254,8012252,8011895,8013150,8013396,8010229,8010317,8001969,8002924,;426
2021-12-25T11:12:00.000Z;Gera-Zwötzen;RE;RE 3;3;3927;8011623;8011623%2021-12-25T11:12:00.000Z%,8010387,8011144,8012465,8010140,;602
2021-12-25T11:48:00.000Z;Gera-Zwötzen;RE;RE 12;12;80854;8011623;8011623%2021-12-25T11:48:00.000Z%,8010126,8010125,8011074,8010196,8011312,8013297,8010390,8012682,8010269,8013447,8012192,8010209,8010205,;602
2021-12-25T12:07:00.000Z;Gera-Zwötzen;RE;RE 12;12;80849;8011623;8011623%2021-12-25T12:07:00.000Z%,8013334,8010365,8012493,8010352,8012472,8012657,8010309,8011267,8012000,8010170,8012213,8012225,8013360,8010354,8013452,8011821,8011820,8011206,;602
2021-12-25T12:44:00.000Z;Gera-Zwötzen;RE;RE 3;3;3930;8011623;8011623%2021-12-25T12:44:00.000Z%,8010126,8010125,;602
2021-12-25T12:52:00.000Z;Gera-Zwötzen;RB;RB 22;22;80856;8011623;8011623%2021-12-25T12:52:00.000Z%,8010126,8010125,8011619,8011074,8010196,8011312,8013297,8010390,8012682,8010269,8013447,8012192,8010209,8010205,;426
2021-12-25T12:52:00.000Z;Gera-Zwötzen;RB;RB 13;13;81020;8011623;8011623%2021-12-25T12:52:00.000Z%,8010126,8010125,8011619,8011074,8010196,8011312,8013297,8010390,8012682,8010269,8013447,8012192,8010209,8010205,;426
2021-12-25T13:07:00.000Z;Gera-Zwötzen;RB;RB 22;22;80851;8011623;8011623%2021-12-25T13:07:00.000Z%,8010365,8012493,8010352,8012472,8012468,8012563,8012657,8012107,8012075,8013174,8010309,;426
2021-12-25T13:07:00.000Z;Gera-Zwötzen;RB;RB 13;13;81019;8011623;8011623%2021-12-25T13:07:00.000Z%,8010365,8013251,8013254,8012252,8011895,8013150,8013396,8010229,8010317,8001969,8002924,;426
2021-12-25T13:12:00.000Z;Gera-Zwötzen;RE;RE 3;3;3929;8011623;8011623%2021-12-25T13:12:00.000Z%,8010387,8011144,8012465,8010140,;602
2021-12-25T13:48:00.000Z;Gera-Zwötzen;RE;RE 12;12;80858;8011623;8011623%2021-12-25T13:48:00.000Z%,8010126,8010125,8011619,8011074,8010196,8011312,8013297,8010390,8012682,8010269,8013447,8012192,8010209,8010205,;602
2021-12-25T14:07:00.000Z;Gera-Zwötzen;RE;RE 12;12;80853;8011623;8011623%2021-12-25T14:07:00.000Z%,8013334,8010365,8012493,8010352,8012472,8012657,8010309,8011267,8012000,8010170,8012213,8012225,8013360,8010354,8013452,8011821,8011820,8011206,;602
2021-12-25T14:44:00.000Z;Gera-Zwötzen;RE;RE 3;3;3932;8011623;8011623%2021-12-25T14:44:00.000Z%,8010126,8010125,8011862,8013025,8010133,8011957,8010366,8010101,;602
2021-12-25T14:52:00.000Z;Gera-Zwötzen;RB;RB 22;22;80860;8011623;8011623%2021-12-25T14:52:00.000Z%,8010126,8010125,8011619,8011074,8011312,8013297,8010390,8012682,8010269,8013447,8012192,8010209,8010205,;426
2021-12-25T14:52:00.000Z;Gera-Zwötzen;RB;RB 13;13;81022;8011623;8011623%2021-12-25T14:52:00.000Z%,8010126,8010125,8011619,8011074,8011312,8013297,8010390,8012682,8010269,8013447,8012192,8010209,8010205,;426
2021-12-25T15:07:00.000Z;Gera-Zwötzen;RB;RB 22;22;80855;8011623;8011623%2021-12-25T15:07:00.000Z%,8010365,8012493,8010352,8012472,8012468,8012563,8012657,8012107,8012075,8013174,8010309,;426
2021-12-25T15:07:00.000Z;Gera-Zwötzen;RB;RB 13;13;81021;8011623;8011623%2021-12-25T15:07:00.000Z%,8010365,8013251,8013254,8012252,8011895,8013150,8013396,8010229,8010317,8001969,8002924,;426
2021-12-25T15:12:00.000Z;Gera-Zwötzen;RE;RE 3;3;3931;8011623;8011623%2021-12-25T15:12:00.000Z%,8010387,8011144,8012465,8010140,;602
2021-12-25T15:48:00.000Z;Gera-Zwötzen;RE;RE 12;12;80862;8011623;8011623%2021-12-25T15:48:00.000Z%,8010126,8010125,8011619,8011074,8010196,8011312,8013297,8010390,8012682,8010269,8013447,8012192,8010209,8010205,;602
2021-12-25T16:07:00.000Z;Gera-Zwötzen;RE;RE 12;12;80857;8011623;8011623%2021-12-25T16:07:00.000Z%,8013334,8010365,8012493,8010352,8012472,8012657,8012075,8010309,8011267,8012000,8010170,8012213,8012225,8013360,8010354,8013452,8011821,8011820,8011206,;602
2021-12-25T16:44:00.000Z;Gera-Zwötzen;RE;RE 3;3;3934;8011623;8011623%2021-12-25T16:44:00.000Z%,8010126,8010125,8011862,8013025,8010133,8011957,8010366,8010101,;602
2021-12-25T16:52:00.000Z;Gera-Zwötzen;RB;RB 22;22;80864;8011623;8011623%2021-12-25T16:52:00.000Z%,8010126,8010125,8011619,8011074,8011312,8013297,8010390,8012682,8010269,8013447,8012192,8010209,8010205,;426
2021-12-25T16:52:00.000Z;Gera-Zwötzen;RB;RB 13;13;81024;8011623;8011623%2021-12-25T16:52:00.000Z%,8010126,8010125,8011619,8011074,8011312,8013297,8010390,8012682,8010269,8013447,8012192,8010209,8010205,;426
2021-12-25T17:07:00.000Z;Gera-Zwötzen;RB;RB 22;22;80859;8011623;8011623%2021-12-25T17:07:00.000Z%,8010365,8012493,8010352,8012472,8012468,8012563,8012657,8012107,8012075,8013174,8010309,;426
2021-12-25T17:07:00.000Z;Gera-Zwötzen;RB;RB 13;13;81025;8011623;8011623%2021-12-25T17:07:00.000Z%,8010365,8013251,8013254,8012252,8011895,8013150,8013396,8010229,8010317,8001969,8002924,;426
2021-12-25T17:12:00.000Z;Gera-Zwötzen;RE;RE 3;3;3933;8011623;8011623%2021-12-25T17:12:00.000Z%,8010387,8011144,8012465,8010140,;602
2021-12-25T17:48:00.000Z;Gera-Zwötzen;RE;RE 12;12;80866;8011623;8011623%2021-12-25T17:48:00.000Z%,8010126,8010125,8011074,8010196,8011312,8013297,8010390,8012682,8010269,8013447,8012192,8010209,8010205,;602
2021-12-25T18:07:00.000Z;Gera-Zwötzen;RE;RE 12;12;80861;8011623;8011623%2021-12-25T18:07:00.000Z%,8013334,8010365,8012493,8010352,8012472,8012657,8010309,8011267,8012000,8010170,8012213,8012225,8013360,8010354,8013452,;602
2021-12-25T18:17:00.000Z;Gera-Zwötzen;RB;RB 21;21;80908;8011623;8011623%2021-12-25T18:17:00.000Z%,8010126,8010125,8013129,8012088,8011862,8012604,8013025,8012443,8010133,8011957,8011762,8012332,8012541,8010366,8013192,8010101,;426
2021-12-25T18:44:00.000Z;Gera-Zwötzen;RE;RE 3;3;3936;8011623;8011623%2021-12-25T18:44:00.000Z%,8010126,8010125,;602
2021-12-25T18:52:00.000Z;Gera-Zwötzen;RB;RB 22;22;80868;8011623;8011623%2021-12-25T18:52:00.000Z%,8010126,8010125,8011619,8011074,8011312,8013297,8010390,8012682,8010269,8013447,8012192,8010209,8010205,;426
2021-12-25T18:52:00.000Z;Gera-Zwötzen;RB;RB 13;13;81026;8011623;8011623%2021-12-25T18:52:00.000Z%,8010126,8010125,8011619,8011074,8011312,8013297,8010390,8012682,8010269,8013447,8012192,8010209,8010205,;426
2021-12-25T19:07:00.000Z;Gera-Zwötzen;RB;RB 22;22;80863;8011623;8011623%2021-12-25T19:07:00.000Z%,8010365,8012493,8010352,8012472,8012468,8012563,8012657,8012107,8012075,8013174,8010309,;426
2021-12-25T19:07:00.000Z;Gera-Zwötzen;RB;RB 13;13;81027;8011623;8011623%2021-12-25T19:07:00.000Z%,8010365,8013251,8013254,8012252,8012927,8011895,8013150,8013396,;426
2021-12-25T19:12:00.000Z;Gera-Zwötzen;RE;RE 3;3;3935;8011623;8011623%2021-12-25T19:12:00.000Z%,8010387,8011144,8012465,8010140,;602
2021-12-25T20:01:00.000Z;Gera-Zwötzen;RB;RB 22;22;80870;8011623;8011623%2021-12-25T20:01:00.000Z%,8010126,8010125,;426
2021-12-25T20:08:00.000Z;Gera-Zwötzen;RB;RB 22;22;80865;8011623;8011623%2021-12-25T20:08:00.000Z%,8013334,8010365,8012493,8010352,8012472,8012468,8012563,8012657,8012107,8012075,8013174,8010309,;426
2021-12-24T20:39:00.000Z;Jena-Zwätzen;RB;RB 25;25;74684;8011958;8011958%2021-12-24T20:39:00.000Z%0,8011058,8011956,8010133,8012811,8011985,8010264,8013398,8013164,8010306,8010307,8010309,;426
2021-12-24T21:19:00.000Z;Jena-Zwätzen;RB;RB 25;25;74689;8011958;8011958%2021-12-24T21:19:00.000Z%0,8012663,8011406,8013474,8010019,8010240,8012199,8010368,8010146,8012212,8012211,8010232,8012867,8010162,8010159,;426
2021-12-24T21:39:00.000Z;Jena-Zwätzen;RB;RB 25;25;74686;8011958;8011958%2021-12-24T21:39:00.000Z%0,8011058,8011956,8010133,8012811,8011985,8010264,8013398,8013164,8010306,8010307,8010309,;426
2021-12-24T22:19:00.000Z;Jena-Zwätzen;RB;RB 25;25;74693;8011958;8011958%2021-12-24T22:19:00.000Z%0,8012663,8011406,8013474,8010019,8010240,8012199,8010368,8010146,8011071,8012080,8011753,8012311,8012355,8012817,8010207,8012193,8010205,;426
2021-12-24T22:39:00.000Z;Jena-Zwätzen;RB;RB 25;25;74688;8011958;8011958%2021-12-24T22:39:00.000Z%0,8011058,8011956,8010133,8012811,8011985,8010264,8013398,8013164,8010306,8010307,8010309,;426
2021-12-24T23:19:00.000Z;Jena-Zwätzen;RB;RB 25;25;74695;8011958;8011958%2021-12-24T23:19:00.000Z%,8012663,8011406,8013474,;426
2021-12-24T23:39:00.000Z;Jena-Zwätzen;RB;RB 25;25;74690;8011958;8011958%2021-12-24T23:39:00.000Z%,8011058,8011956,8010133,8012811,8011985,8010264,8013398,8013164,8010306,8010307,8010309,;426
2021-12-25T04:16:00.000Z;Jena-Zwätzen;RB;RB 25;25;74655;8011958;8011958%2021-12-25T04:16:00.000Z%,8012663,8011406,8013474,8010019,8010240,8012199,8010368,8010146,8012212,8012211,8010232,8012867,8010162,8010159,;426
2021-12-25T05:19:00.000Z;Jena-Zwätzen;RB;RB 25;25;74657;8011958;8011958%2021-12-25T05:19:00.000Z%,8012663,8011406,8013474,8010019,8010240,8012199,8010368,8010146,8012212,8012211,8010232,8012867,8010162,8010159,;426
2021-12-25T05:39:00.000Z;Jena-Zwätzen;RB;RB 25;25;74654;8011958;8011958%2021-12-25T05:39:00.000Z%,8011058,8011956,8010133,8012811,8011985,8010264,8013398,8013164,8010306,8010307,8010309,;426
2021-12-25T06:01:00.000Z;Jena-Zwätzen;RE;RE 42;42;4983;8011958;8011958%2021-12-25T06:01:00.000Z%,8011058,8011956,8010133,8012811,8011985,8010264,8013398,8013164,8010306,8010307,8010309,8011267,8012000,8013171,8010288,8003770,8005692,8002020,8004881,8005737,8002467,8003446,8004319,8003472,8004979,8002878,8004011,8000228,8005670,8001623,8006634,8001149,8000025,8002853,8002024,8001844,8000114,8000284,;602
2021-12-25T06:19:00.000Z;Jena-Zwätzen;RB;RB 25;25;74659;8011958;8011958%2021-12-25T06:19:00.000Z%,8012663,8011406,8013474,8010019,8010240,8012199,8010368,8010146,8012212,8012211,8010232,8012867,8010162,8010159,;426
2021-12-25T06:39:00.000Z;Jena-Zwätzen;RB;RB 25;25;74656;8011958;8011958%2021-12-25T06:39:00.000Z%,8011058,8011956,8010133,8012811,8011985,8010264,8013398,8013164,8010306,8010307,8010309,;426
2021-12-25T07:19:00.000Z;Jena-Zwätzen;RB;RB 25;25;74661;8011958;8011958%2021-12-25T07:19:00.000Z%,8012663,8011406,8013474,8010019,8010240,8012199,8010368,8010146,8012212,8012211,8010232,8012867,8010162,8010159,;426
2021-12-25T07:39:00.000Z;Jena-Zwätzen;RB;RB 25;25;74658;8011958;8011958%2021-12-25T07:39:00.000Z%,8011058,8011956,8010133,8012811,8011985,8010264,8013398,8013164,8010306,8010307,8010309,;426
2021-12-25T08:19:00.000Z;Jena-Zwätzen;RB;RB 25;25;74663;8011958;8011958%2021-12-25T08:19:00.000Z%,8012663,8011406,8013474,8010019,8010240,8012199,8010368,8010146,8012212,8012211,8010232,8012867,8010162,8010159,;426
2021-12-25T08:39:00.000Z;Jena-Zwätzen;RB;RB 25;25;74660;8011958;8011958%2021-12-25T08:39:00.000Z%,8011058,8011956,8010133,8012811,8011985,8010264,8013398,8013164,8010306,8010307,8010309,;426
2021-12-25T09:19:00.000Z;Jena-Zwätzen;RB;RB 25;25;74665;8011958;8011958%2021-12-25T09:19:00.000Z%,8012663,8011406,8013474,8010019,8010240,8012199,8010368,8010146,8012212,8012211,8010232,8012867,8010162,8010159,;426
2021-12-25T09:39:00.000Z;Jena-Zwätzen;RB;RB 25;25;74662;8011958;8011958%2021-12-25T09:39:00.000Z%,8011058,8011956,8010133,8012811,8011985,8010264,8013398,8013164,8010306,8010307,8010309,;426
2021-12-25T10:19:00.000Z;Jena-Zwätzen;RB;RB 25;25;74667;8011958;8011958%2021-12-25T10:19:00.000Z%,8012663,8011406,8013474,8010019,8010240,8012199,8010368,8010146,8012212,8012211,8010232,8012867,8010162,8010159,;426
2021-12-25T10:39:00.000Z;Jena-Zwätzen;RB;RB 25;25;74664;8011958;8011958%2021-12-25T10:39:00.000Z%,8011058,8011956,8010133,8012811,8011985,8010264,8013398,8013164,8010306,8010307,8010309,;426
2021-12-25T11:19:00.000Z;Jena-Zwätzen;RB;RB 25;25;74669;8011958;8011958%2021-12-25T11:19:00.000Z%,8012663,8011406,8013474,8010019,8010240,8012199,8010368,8010146,8012212,8012211,8010232,8012867,8010162,8010159,;426
2021-12-25T11:39:00.000Z;Jena-Zwätzen;RB;RB 25;25;74666;8011958;8011958%2021-12-25T11:39:00.000Z%,8011058,8011956,8010133,8012811,8011985,8010264,8013398,8013164,8010306,8010307,8010309,;426
2021-12-25T12:19:00.000Z;Jena-Zwätzen;RB;RB 25;25;74671;8011958;8011958%2021-12-25T12:19:00.000Z%,8012663,8011406,8013474,8010019,8010240,8012199,8010368,8010146,8012212,8012211,8010232,8012867,8010162,8010159,;426
2021-12-25T12:39:00.000Z;Jena-Zwätzen;RB;RB 25;25;74668;8011958;8011958%2021-12-25T12:39:00.000Z%,8011058,8011956,8010133,8012811,8011985,8010264,8013398,8013164,8010306,8010307,8010309,;426
2021-12-25T13:19:00.000Z;Jena-Zwätzen;RB;RB 25;25;74673;8011958;8011958%2021-12-25T13:19:00.000Z%,8012663,8011406,8013474,8010019,8010240,8012199,8010368,8010146,8012212,8012211,8010232,8012867,8010162,8010159,;426
2021-12-25T13:39:00.000Z;Jena-Zwätzen;RB;RB 25;25;74670;8011958;8011958%2021-12-25T13:39:00.000Z%,8011058,8011956,8010133,8012811,8011985,8010264,8013398,8013164,8010306,8010307,8010309,;426
2021-12-25T14:19:00.000Z;Jena-Zwätzen;RB;RB 25;25;74675;8011958;8011958%2021-12-25T14:19:00.000Z%,8012663,8011406,8013474,8010019,8010240,8012199,8010368,8010146,8012212,8012211,8010232,8012867,8010162,8010159,;426
2021-12-25T14:39:00.000Z;Jena-Zwätzen;RB;RB 25;25;74672;8011958;8011958%2021-12-25T14:39:00.000Z%,8011058,8011956,8010133,8012811,8011985,8010264,8013398,8013164,8010306,8010307,8010309,;426
2021-12-25T15:19:00.000Z;Jena-Zwätzen;RB;RB 25;25;74677;8011958;8011958%2021-12-25T15:19:00.000Z%,8012663,8011406,8013474,8010019,8010240,8012199,8010368,8010146,8012212,8012211,8010232,8012867,8010162,8010159,;426
2021-12-25T15:39:00.000Z;Jena-Zwätzen;RB;RB 25;25;74674;8011958;8011958%2021-12-25T15:39:00.000Z%,8011058,8011956,8010133,8012811,8011985,8010264,8013398,8013164,8010306,8010307,8010309,;426
2021-12-25T16:19:00.000Z;Jena-Zwätzen;RB;RB 25;25;74679;8011958;8011958%2021-12-25T16:19:00.000Z%,8012663,8011406,8013474,8010019,8010240,8012199,8010368,8010146,8012212,8012211,8010232,8012867,8010162,8010159,;426
2021-12-25T16:39:00.000Z;Jena-Zwätzen;RB;RB 25;25;74676;8011958;8011958%2021-12-25T16:39:00.000Z%,8011058,8011956,8010133,8012811,8011985,8010264,8013398,8013164,8010306,8010307,8010309,;426
2021-12-25T17:19:00.000Z;Jena-Zwätzen;RB;RB 25;25;74681;8011958;8011958%2021-12-25T17:19:00.000Z%,8012663,8011406,8013474,8010019,8010240,8012199,8010368,8010146,8012212,8012211,8010232,8012867,8010162,8010159,;426
2021-12-25T17:39:00.000Z;Jena-Zwätzen;RB;RB 25;25;74678;8011958;8011958%2021-12-25T17:39:00.000Z%,8011058,8011956,8010133,8012811,8011985,8010264,8013398,8013164,8010306,8010307,8010309,;426
2021-12-25T18:19:00.000Z;Jena-Zwätzen;RB;RB 25;25;74683;8011958;8011958%2021-12-25T18:19:00.000Z%,8012663,8011406,8013474,8010019,8010240,8012199,8010368,8010146,8012212,8012211,8010232,8012867,8010162,8010159,;426
2021-12-25T18:39:00.000Z;Jena-Zwätzen;RB;RB 25;25;74680;8011958;8011958%2021-12-25T18:39:00.000Z%,8011058,8011956,8010133,8012811,8011985,8010264,8013398,8013164,8010306,8010307,8010309,;426
2021-12-25T19:19:00.000Z;Jena-Zwätzen;RB;RB 25;25;74685;8011958;8011958%2021-12-25T19:19:00.000Z%,8012663,8011406,8013474,8010019,8010240,8012199,8010368,8010146,8012212,8012211,8010232,8012867,8010162,8010159,;426
2021-12-25T19:39:00.000Z;Jena-Zwätzen;RB;RB 25;25;74682;8011958;8011958%2021-12-25T19:39:00.000Z%,8011058,8011956,8010133,8012811,8011985,8010264,8013398,8013164,8010306,8010307,8010309,;426
2021-12-25T20:19:00.000Z;Jena-Zwätzen;RB;RB 25;25;74687;8011958;8011958%2021-12-25T20:19:00.000Z%,8012663,8011406,8013474,8010019,8010240,8012199,8010368,8010146,8012212,8012211,8010232,8012867,8010162,8010159,;426
2021-12-24T20:45:00.000Z;Kirchmöser;RE;RE 1;1;3190;8012011;8012011%2021-12-24T20:47:00.000Z%2,8013365,8010123,8010151,8011294,8012381,8011630,8010047,8013455,8010226,8010224,;602
2021-12-24T20:51:00.000Z;Kirchmöser;RE;RE 1;1;3135;8012011;8012011%2021-12-24T20:51:00.000Z%0,8010060,8011662,8011725,8010373,8010377,8010280,8012666,8010405,8010403,8010406,8011160,8011306,8011155,8010255,8011162,8013477,8011533,8011818,8010120,8011154,8011269,8011940,8012636,8010113,;602
2021-12-24T21:51:00.000Z;Kirchmöser;RE;RE 1;1;3137;8012011;8012011%2021-12-24T21:51:00.000Z%,8010060,8011662,8011725,8010373,8010377,8010280,8012666,8010405,8010403,8010406,8011160,8011306,8011155,8010255,8011162,8013477,8011533,8011818,8010120,8011154,8011269,8011940,8012636,8010113,8012089,8011540,8013305,8013406,8011471,;602
2021-12-24T22:47:00.000Z;Kirchmöser;RE;RE 1;1;3196;8012011;8012011%2021-12-24T22:49:00.000Z%2,8013365,8010123,8010151,8011294,8010226,8010224,;602
2021-12-24T23:12:00.000Z;Kirchmöser;RE;RE 1;1;3139;8012011;8012011%2021-12-24T23:12:00.000Z%,8010060,8011662,8011725,8010373,8010377,8010280,8012666,8010405,8010403,8010406,8011160,8011306,;602
2021-12-25T03:26:00.000Z;Kirchmöser;RE;RE 1;1;3140;8012011;8012011%2021-12-25T03:26:00.000Z%,8013365,8010123,8010151,8011294,8012381,8011630,8010047,8013455,8010226,8010224,;602
2021-12-25T05:07:00.000Z;Kirchmöser;RE;RE 1;1;3104;8012011;8012011%2021-12-25T05:07:00.000Z%,8013365,8010123,8010151,8011294,8010226,8010224,;602
2021-12-25T05:17:00.000Z;Kirchmöser;RE;RE 1;1;3169;8012011;8012011%2021-12-25T05:17:00.000Z%,8010060,8011662,8011725,8010373,8010377,8010280,8012666,8010405,8010403,8010406,8011160,8011306,8011155,8010255,8011162,8013477,8011533,8011818,8010120,8010113,;602
2021-12-25T05:51:00.000Z;Kirchmöser;RE;RE 1;1;3105;8012011;8012011%2021-12-25T05:51:00.000Z%,8010060,8010373,8012666,8010405,8010403,8010406,8011160,8011306,8011155,8010255,8011162,8013477,8011533,8010120,8011154,8011269,8011940,8012636,8010113,;602
2021-12-25T06:07:00.000Z;Kirchmöser;RE;RE 1;1;3106;8012011;8012011%2021-12-25T06:07:00.000Z%,8013365,8010123,8010151,8011294,8010226,8010224,;602
2021-12-25T06:51:00.000Z;Kirchmöser;RE;RE 1;1;3107;8012011;8012011%2021-12-25T06:51:00.000Z%,8010060,8010373,8012666,8010405,8010403,8010406,8011160,8011306,8011155,8010255,8011162,8013477,8011533,8010120,8011154,8011269,8011940,8012636,8010113,;602
2021-12-25T07:07:00.000Z;Kirchmöser;RE;RE 1;1;3108;8012011;8012011%2021-12-25T07:07:00.000Z%,8013365,8010123,8010151,8011294,8010226,8010224,;602
2021-12-25T07:51:00.000Z;Kirchmöser;RE;RE 1;1;3109;8012011;8012011%2021-12-25T07:51:00.000Z%,8010060,8010373,8012666,8010405,8010403,8010406,8011160,8011306,8011155,8010255,8011162,8013477,8011533,8010120,8011154,8011269,8011940,8012636,8010113,;602
2021-12-25T08:07:00.000Z;Kirchmöser;RE;RE 1;1;3110;8012011;8012011%2021-12-25T08:07:00.000Z%,8013365,8010123,8010151,8011294,8010226,8010224,;602
2021-12-25T08:51:00.000Z;Kirchmöser;RE;RE 1;1;3111;8012011;8012011%2021-12-25T08:51:00.000Z%,8010060,8010373,8012666,8010405,8010403,8010406,8011160,8011306,8011155,8010255,8011162,8013477,8011533,8010120,8011154,8011269,8011940,8012636,8010113,;602
2021-12-25T09:07:00.000Z;Kirchmöser;RE;RE 1;1;3112;8012011;8012011%2021-12-25T09:07:00.000Z%,8013365,8010123,8010151,8011294,8010226,8010224,;602
2021-12-25T09:51:00.000Z;Kirchmöser;RE;RE 1;1;3113;8012011;8012011%2021-12-25T09:51:00.000Z%,8010060,8010373,8012666,8010405,8010403,8010406,8011160,8011306,8011155,8010255,8011162,8013477,8011533,8010120,8011154,8011269,8011940,8012636,8010113,;602
2021-12-25T10:07:00.000Z;Kirchmöser;RE;RE 1;1;3114;8012011;8012011%2021-12-25T10:07:00.000Z%,8013365,8010123,8010151,8011294,8010226,8010224,;602
2021-12-25T10:51:00.000Z;Kirchmöser;RE;RE 1;1;3115;8012011;8012011%2021-12-25T10:51:00.000Z%,8010060,8010373,8012666,8010405,8010403,8010406,8011160,8011306,8011155,8010255,8011162,8013477,8011533,8010120,8011154,8011269,8011940,8012636,8010113,;602
2021-12-25T11:07:00.000Z;Kirchmöser;RE;RE 1;1;3116;8012011;8012011%2021-12-25T11:07:00.000Z%,8013365,8010123,8010151,8011294,8010226,8010224,;602
2021-12-25T11:51:00.000Z;Kirchmöser;RE;RE 1;1;3117;8012011;8012011%2021-12-25T11:51:00.000Z%,8010060,8010373,8012666,8010405,8010403,8010406,8011160,8011306,8011155,8010255,8011162,8013477,8011533,8010120,8011154,8011269,8011940,8012636,8010113,;602
2021-12-25T12:07:00.000Z;Kirchmöser;RE;RE 1;1;3118;8012011;8012011%2021-12-25T12:07:00.000Z%,8013365,8010123,8010151,8011294,8010226,8010224,;602
2021-12-25T12:51:00.000Z;Kirchmöser;RE;RE 1;1;3119;8012011;8012011%2021-12-25T12:51:00.000Z%,8010060,8010373,8012666,8010405,8010403,8010406,8011160,8011306,8011155,8010255,8011162,8013477,8011533,8010120,8011154,8011269,8011940,8012636,8010113,;602
2021-12-25T13:07:00.000Z;Kirchmöser;RE;RE 1;1;3120;8012011;8012011%2021-12-25T13:07:00.000Z%,8013365,8010123,8010151,8011294,8010226,8010224,;602
2021-12-25T13:51:00.000Z;Kirchmöser;RE;RE 1;1;3121;8012011;8012011%2021-12-25T13:51:00.000Z%,8010060,8010373,8012666,8010405,8010403,8010406,8011160,8011306,8011155,8010255,8011162,8013477,8011533,8010120,8011154,8011269,8011940,8012636,8010113,;602
2021-12-25T14:07:00.000Z;Kirchmöser;RE;RE 1;1;3122;8012011;8012011%2021-12-25T14:07:00.000Z%,8013365,8010123,8010151,8011294,8010226,8010224,;602
2021-12-25T14:51:00.000Z;Kirchmöser;RE;RE 1;1;3123;8012011;8012011%2021-12-25T14:51:00.000Z%,8010060,8010373,8012666,8010405,8010403,8010406,8011160,8011306,8011155,8010255,8011162,8013477,8011533,8010120,8011154,8011269,8011940,8012636,8010113,;602
2021-12-25T15:07:00.000Z;Kirchmöser;RE;RE 1;1;3124;8012011;8012011%2021-12-25T15:07:00.000Z%,8013365,8010123,8010151,8011294,8010226,8010224,;602
2021-12-25T15:51:00.000Z;Kirchmöser;RE;RE 1;1;3125;8012011;8012011%2021-12-25T15:51:00.000Z%,8010060,8010373,8012666,8010405,8010403,8010406,8011160,8011306,8011155,8010255,8011162,8013477,8011533,8010120,8011154,8011269,8011940,8012636,8010113,;602
2021-12-25T16:07:00.000Z;Kirchmöser;RE;RE 1;1;3126;8012011;8012011%2021-12-25T16:07:00.000Z%,8013365,8010123,8010151,8011294,8010226,8010224,;602
2021-12-25T16:51:00.000Z;Kirchmöser;RE;RE 1;1;3127;8012011;8012011%2021-12-25T16:51:00.000Z%,8010060,8010373,8012666,8010405,8010403,8010406,8011160,8011306,8011155,8010255,8011162,8013477,8011533,8010120,8011154,8011269,8011940,8012636,8010113,;602
2021-12-25T17:07:00.000Z;Kirchmöser;RE;RE 1;1;3128;8012011;8012011%2021-12-25T17:07:00.000Z%,8013365,8010123,8010151,8011294,8010226,8010224,;602
2021-12-25T17:51:00.000Z;Kirchmöser;RE;RE 1;1;3129;8012011;8012011%2021-12-25T17:51:00.000Z%,8010060,8010373,8012666,8010405,8010403,8010406,8011160,8011306,8011155,8010255,8011162,8013477,8011533,8010120,8011154,8011269,8011940,8012636,8010113,;602
2021-12-25T18:07:00.000Z;Kirchmöser;RE;RE 1;1;3130;8012011;8012011%2021-12-25T18:07:00.000Z%,8013365,8010123,8010151,8011294,8010226,8010224,;602
2021-12-25T18:51:00.000Z;Kirchmöser;RE;RE 1;1;3131;8012011;8012011%2021-12-25T18:51:00.000Z%,8010060,8010373,8012666,8010405,8010403,8010406,8011160,8011306,8011155,8010255,8011162,8013477,8011533,8011818,8010120,8011154,8011269,8011940,8012636,8010113,;602
2021-12-25T19:07:00.000Z;Kirchmöser;RE;RE 1;1;3132;8012011;8012011%2021-12-25T19:07:00.000Z%,8013365,8010123,8010151,8011294,8010226,8010224,;602
2021-12-25T19:51:00.000Z;Kirchmöser;RE;RE 1;1;3133;8012011;8012011%2021-12-25T19:51:00.000Z%,8010060,8010373,8012666,8010405,8010403,8010406,8011160,8011306,8011155,8010255,8011162,8013477,8011533,8011818,8010120,8011154,8011269,8011940,8012636,8010113,;602
2021-12-25T20:07:00.000Z;Kirchmöser;RE;RE 1;1;3134;8012011;8012011%2021-12-25T20:07:00.000Z%,8013365,8010123,8010151,8011294,8010226,8010224,;602
2021-12-25T06:24:00.000Z;Neumühle(Elster);RE;RE 3;3;3924;8012465;8012465%2021-12-25T06:24:00.000Z%,8011144,8010387,8011623,8010126,8010125,;602
2021-12-25T07:35:00.000Z;Neumühle(Elster);RE;RE 3;3;3923;8012465;8012465%2021-12-25T07:35:00.000Z%,8010140,;602
2021-12-25T08:24:00.000Z;Neumühle(Elster);RE;RE 3;3;3926;8012465;8012465%2021-12-25T08:24:00.000Z%,8011144,8010387,8011623,8010126,8010125,;602
2021-12-25T09:35:00.000Z;Neumühle(Elster);RE;RE 3;3;3925;8012465;8012465%2021-12-25T09:35:00.000Z%,8010140,;602
2021-12-25T10:24:00.000Z;Neumühle(Elster);RE;RE 3;3;3928;8012465;8012465%2021-12-25T10:24:00.000Z%,8011144,8010387,8011623,8010126,8010125,;602
2021-12-25T11:35:00.000Z;Neumühle(Elster);RE;RE 3;3;3927;8012465;8012465%2021-12-25T11:35:00.000Z%,8010140,;602
2021-12-25T12:24:00.000Z;Neumühle(Elster);RE;RE 3;3;3930;8012465;8012465%2021-12-25T12:24:00.000Z%,8011144,8010387,8011623,8010126,8010125,;602
2021-12-25T13:35:00.000Z;Neumühle(Elster);RE;RE 3;3;3929;8012465;8012465%2021-12-25T13:35:00.000Z%,8010140,;602
2021-12-25T14:24:00.000Z;Neumühle(Elster);RE;RE 3;3;3932;8012465;8012465%2021-12-25T14:24:00.000Z%,8011144,8010387,8011623,8010126,8010125,8011862,8013025,8010133,8011957,8010366,8010101,;602
2021-12-25T15:35:00.000Z;Neumühle(Elster);RE;RE 3;3;3931;8012465;8012465%2021-12-25T15:35:00.000Z%,8010140,;602
2021-12-25T16:24:00.000Z;Neumühle(Elster);RE;RE 3;3;3934;8012465;8012465%2021-12-25T16:24:00.000Z%,8011144,8010387,8011623,8010126,8010125,8011862,8013025,8010133,8011957,8010366,8010101,;602
2021-12-25T17:35:00.000Z;Neumühle(Elster);RE;RE 3;3;3933;8012465;8012465%2021-12-25T17:35:00.000Z%,8010140,;602
2021-12-25T18:24:00.000Z;Neumühle(Elster);RE;RE 3;3;3936;8012465;8012465%2021-12-25T18:24:00.000Z%,8011144,8010387,8011623,8010126,8010125,;602
2021-12-25T19:35:00.000Z;Neumühle(Elster);RE;RE 3;3;3935;8012465;8012465%2021-12-25T19:35:00.000Z%,8010140,;602
2021-12-24T20:25:00.000Z;Peitz Ost;RE;RE 1;1;3198;8012621;8012621%2021-12-24T20:28:00.000Z%3,8011944,8011945,8012006,8010357,8011319,8013272,8012479,8011471,8013406,8013305,8011540,8012089,8010113,8012636,8011940,8011269,8011154,8010120,8011818,8011533,8013477,8011162,8010255,8011155,8011306,8011160,8010406,8010403,8010405,8012666,8010280,8010377,8010373,8011725,8011662,8010060,;602
2021-12-24T20:37:00.000Z;Peitz Ost;RB;RB 11;11;18233;8012621;8012621%2021-12-24T20:39:00.000Z%2,8012445,8081688,8012341,8011318,8010073,;426
2021-12-24T21:30:00.000Z;Peitz Ost;RE;RE 1;1;3195;8012621;8012621%2021-12-24T21:32:00.000Z%2,8012445,8081688,8012341,8011318,8010073,;602
2021-12-24T22:22:00.000Z;Peitz Ost;RB;RB 11;11;18234;8012621;8012621%2021-12-24T22:22:00.000Z%,8011944,8011945,8012006,8010357,8011319,8013272,8012479,8011471,8013406,8013305,8011540,8012089,8010113,;426
2021-12-24T23:14:00.000Z;Peitz Ost;RE;RE 1;1;3151;8012621;8012621%2021-12-24T23:14:00.000Z%,8012445,8081688,8012341,8011318,8010073,;602
2021-12-25T04:23:00.000Z;Peitz Ost;RB;RB 11;11;18202;8012621;8012621%2021-12-25T04:23:00.000Z%,8011944,8011945,8012006,8010357,8011319,8013272,8012479,8011471,8013406,8013305,8011540,8012089,8010113,8010120,8011818,8011533,8013477,8011162,8010255,8011155,8011306,8011160,8010406,8010403,8010405,8012666,8010280,8010377,8010373,8011725,8011662,8010060,;426
2021-12-25T05:22:00.000Z;Peitz Ost;RB;RB 11;11;18204;8012621;8012621%2021-12-25T05:22:00.000Z%,8011944,8011945,8012006,8010357,8011319,8013272,8012479,8011471,8013406,8013305,8011540,8012089,8010113,;426
2021-12-25T05:37:00.000Z;Peitz Ost;RB;RB 11;11;18203;8012621;8012621%2021-12-25T05:37:00.000Z%,8012445,8081688,8012341,8011318,8010073,;426
2021-12-25T06:22:00.000Z;Peitz Ost;RB;RB 11;11;18206;8012621;8012621%2021-12-25T06:22:00.000Z%,8011944,8011945,8012006,8010357,8011319,8013272,8012479,8011471,8013406,8013305,8011540,8012089,8010113,;426
2021-12-25T06:37:00.000Z;Peitz Ost;RB;RB 11;11;18205;8012621;8012621%2021-12-25T06:37:00.000Z%,8012445,8081688,8012341,8011318,8010073,;426
2021-12-25T07:22:00.000Z;Peitz Ost;RB;RB 11;11;18208;8012621;8012621%2021-12-25T07:22:00.000Z%,8011944,8011945,8012006,8010357,8011319,8013272,8012479,8011471,8013406,8013305,8011540,8012089,8010113,;426
2021-12-25T07:37:00.000Z;Peitz Ost;RB;RB 11;11;18207;8012621;8012621%2021-12-25T07:37:00.000Z%,8012445,8081688,8012341,8011318,8010073,;426
2021-12-25T08:22:00.000Z;Peitz Ost;RB;RB 11;11;18210;8012621;8012621%2021-12-25T08:22:00.000Z%,8011944,8011945,8012006,8010357,8011319,8013272,8012479,8011471,8013406,8013305,8011540,8012089,8010113,;426
2021-12-25T08:37:00.000Z;Peitz Ost;RB;RB 11;11;18209;8012621;8012621%2021-12-25T08:37:00.000Z%,8012445,8081688,8012341,8011318,8010073,;426
2021-12-25T09:22:00.000Z;Peitz Ost;RB;RB 11;11;18212;8012621;8012621%2021-12-25T09:22:00.000Z%,8011944,8011945,8012006,8010357,8011319,8013272,8012479,8011471,8013406,8013305,8011540,8012089,8010113,;426
2021-12-25T09:37:00.000Z;Peitz Ost;RB;RB 11;11;18211;8012621;8012621%2021-12-25T09:37:00.000Z%,8012445,8081688,8012341,8011318,8010073,;426
2021-12-25T10:22:00.000Z;Peitz Ost;RB;RB 11;11;18214;8012621;8012621%2021-12-25T10:22:00.000Z%,8011944,8011945,8012006,8010357,8011319,8013272,8012479,8011471,8013406,8013305,8011540,8012089,8010113,;426
2021-12-25T10:37:00.000Z;Peitz Ost;RB;RB 11;11;18213;8012621;8012621%2021-12-25T10:37:00.000Z%,8012445,8081688,8012341,8011318,8010073,;426
2021-12-25T11:22:00.000Z;Peitz Ost;RB;RB 11;11;18216;8012621;8012621%2021-12-25T11:22:00.000Z%,8011944,8011945,8012006,8010357,8011319,8013272,8012479,8011471,8013406,8013305,8011540,8012089,8010113,;426
2021-12-25T11:37:00.000Z;Peitz Ost;RB;RB 11;11;18215;8012621;8012621%2021-12-25T11:37:00.000Z%,8012445,8081688,8012341,8011318,8010073,;426
2021-12-25T12:22:00.000Z;Peitz Ost;RB;RB 11;11;18218;8012621;8012621%2021-12-25T12:22:00.000Z%,8011944,8011945,8012006,8010357,8011319,8013272,8012479,8011471,8013406,8013305,8011540,8012089,8010113,;426
2021-12-25T12:37:00.000Z;Peitz Ost;RB;RB 11;11;18217;8012621;8012621%2021-12-25T12:37:00.000Z%,8012445,8081688,8012341,8011318,8010073,;426
2021-12-25T13:22:00.000Z;Peitz Ost;RB;RB 11;11;18220;8012621;8012621%2021-12-25T13:22:00.000Z%,8011944,8011945,8012006,8010357,8011319,8013272,8012479,8011471,8013406,8013305,8011540,8012089,8010113,;426
2021-12-25T13:37:00.000Z;Peitz Ost;RB;RB 11;11;18219;8012621;8012621%2021-12-25T13:37:00.000Z%,8012445,8081688,8012341,8011318,8010073,;426
2021-12-25T14:22:00.000Z;Peitz Ost;RB;RB 11;11;18222;8012621;8012621%2021-12-25T14:22:00.000Z%,8011944,8011945,8012006,8010357,8011319,8013272,8012479,8011471,8013406,8013305,8011540,8012089,8010113,;426
2021-12-25T14:37:00.000Z;Peitz Ost;RB;RB 11;11;18221;8012621;8012621%2021-12-25T14:37:00.000Z%,8012445,8081688,8012341,8011318,8010073,;426
2021-12-25T15:22:00.000Z;Peitz Ost;RB;RB 11;11;18224;8012621;8012621%2021-12-25T15:22:00.000Z%,8011944,8011945,8012006,8010357,8011319,8013272,8012479,8011471,8013406,8013305,8011540,8012089,8010113,;426
2021-12-25T15:37:00.000Z;Peitz Ost;RB;RB 11;11;18223;8012621;8012621%2021-12-25T15:37:00.000Z%,8012445,8081688,8012341,8011318,8010073,;426
2021-12-25T16:22:00.000Z;Peitz Ost;RB;RB 11;11;18226;8012621;8012621%2021-12-25T16:22:00.000Z%,8011944,8011945,8012006,8010357,8011319,8013272,8012479,8011471,8013406,8013305,8011540,8012089,8010113,;426
2021-12-25T16:37:00.000Z;Peitz Ost;RB;RB 11;11;18225;8012621;8012621%2021-12-25T16:37:00.000Z%,8012445,8081688,8012341,8011318,8010073,;426
2021-12-25T17:22:00.000Z;Peitz Ost;RB;RB 11;11;18228;8012621;8012621%2021-12-25T17:22:00.000Z%,8011944,8011945,8012006,8010357,8011319,8013272,8012479,8011471,8013406,8013305,8011540,8012089,8010113,;426
2021-12-25T17:37:00.000Z;Peitz Ost;RB;RB 11;11;18227;8012621;8012621%2021-12-25T17:37:00.000Z%,8012445,8081688,8012341,8011318,8010073,;426
2021-12-25T18:22:00.000Z;Peitz Ost;RB;RB 11;11;18230;8012621;8012621%2021-12-25T18:22:00.000Z%,8011944,8011945,8012006,8010357,8011319,8013272,8012479,8011471,8013406,8013305,8011540,8012089,8010113,;426
2021-12-25T18:37:00.000Z;Peitz Ost;RB;RB 11;11;18229;8012621;8012621%2021-12-25T18:37:00.000Z%,8012445,8081688,8012341,8011318,8010073,;426
2021-12-25T19:22:00.000Z;Peitz Ost;RB;RB 11;11;18232;8012621;8012621%2021-12-25T19:22:00.000Z%,8011944,8011945,8012006,8010357,8011319,8013272,8012479,8011471,8013406,8013305,8011540,8012089,8010113,;426
2021-12-25T19:37:00.000Z;Peitz Ost;RB;RB 11;11;18231;8012621;8012621%2021-12-25T19:37:00.000Z%,8012445,8081688,8012341,8011318,8010073,;426
2021-12-24T20:39:00.000Z;Pretzier(Altm);RE;RE 20;20;16211;8012673;8012673%2021-12-24T20:39:00.000Z%0,8011545,8011277,8010172,8012014,8013039,8010334,8013083,8013344,8010226,8010224,8013456,8012287,8010318,8013465,8010084,8010070,8012830,8013357,8010195,8011053,8013259,8010343,8012506,8013414,8010159,;602
2021-12-24T22:04:00.000Z;Pretzier(Altm);RE;RE 20;20;16208;8012673;8012673%2021-12-24T22:05:00.000Z%1,8010310,;602
2021-12-24T23:59:00.000Z;Pretzier(Altm);RB;RB 32;32;16232;8012673;8012673%2021-12-24T23:59:00.000Z%,8010310,;426
2021-12-25T05:02:00.000Z;Pretzier(Altm);RE;RE 20;20;16205;8012673;8012673%2021-12-25T05:02:00.000Z%,8011545,8011277,8010172,8012014,8013039,8010334,8013083,8013344,8010226,8010224,8013456,8012287,8010318,8013465,8010084,8010070,8012830,8013357,8010195,8011053,8013259,8010343,8012506,8013414,8010159,;602
2021-12-25T06:04:00.000Z;Pretzier(Altm);RE;RE 20;20;16204;8012673;8012673%2021-12-25T06:04:00.000Z%,8010310,8000440,8000445,8006402,8005682,8000168,;602
2021-12-25T08:42:00.000Z;Pretzier(Altm);RB;RB 32;32;16212;8012673;8012673%2021-12-25T08:42:00.000Z%,8010310,;426
2021-12-25T09:09:00.000Z;Pretzier(Altm);RB;RB 32;32;16217;8012673;8012673%2021-12-25T09:09:00.000Z%,8011545,8011277,8010172,8012014,8013039,8010334,8011355,8013083,8012295,8011042,8073410,8013344,8010086,8012289,8010226,8010224,8080660,8013456,8013485,8012291,8012287,8081270,8010318,8081260,8012907,;426
2021-12-25T11:42:00.000Z;Pretzier(Altm);RB;RB 32;32;16216;8012673;8012673%2021-12-25T11:42:00.000Z%,8010310,;426
2021-12-25T12:09:00.000Z;Pretzier(Altm);RB;RB 32;32;16219;8012673;8012673%2021-12-25T12:09:00.000Z%,8011545,8011277,8010172,8012014,8013039,8010334,;426
2021-12-25T13:42:00.000Z;Pretzier(Altm);RB;RB 32;32;16220;8012673;8012673%2021-12-25T13:42:00.000Z%,8010310,;426
2021-12-25T14:09:00.000Z;Pretzier(Altm);RB;RB 32;32;16223;8012673;8012673%2021-12-25T14:09:00.000Z%,8011545,8011277,8010172,8012014,8013039,8010334,;426
2021-12-25T15:42:00.000Z;Pretzier(Altm);RB;RB 32;32;16224;8012673;8012673%2021-12-25T15:42:00.000Z%,8010310,;426
2021-12-25T16:09:00.000Z;Pretzier(Altm);RB;RB 32;32;16227;8012673;8012673%2021-12-25T16:09:00.000Z%,8011545,8011277,8010172,8012014,8013039,8010334,;426
2021-12-25T17:39:00.000Z;Pretzier(Altm);RE;RE 20;20;4847;8012673;8012673%2021-12-25T17:39:00.000Z%,8011545,8011277,8010172,8012014,8013039,8010334,8013083,8013344,8010226,8010224,;602
2021-12-25T17:44:00.000Z;Pretzier(Altm);RB;RB 32;32;16228;8012673;8012673%2021-12-25T17:44:00.000Z%,8010310,;426
2021-12-25T19:09:00.000Z;Pretzier(Altm);RB;RB 32;32;16231;8012673;8012673%2021-12-25T19:09:00.000Z%,8011545,8011277,8010172,8012014,8013039,8010334,;426
2021-12-25T19:42:00.000Z;Pretzier(Altm);RB;RB 32;32;16230;8012673;8012673%2021-12-25T19:42:00.000Z%,8010310,;426
2021-12-24T20:48:00.000Z;Rodleben;RE;RE 13;13;16133;8012777;8012777%2021-12-24T20:48:00.000Z%0,8010302,8010077,8011361,8012305,8012707,8011961,8013335,8011699,8010050,8010076,8012478,8010205,;602
2021-12-24T21:21:00.000Z;Rodleben;RE;RE 13;13;16132;8012777;8012777%2021-12-24T21:22:00.000Z%1,8013389,8011673,8010047,8010226,8010224,;602
2021-12-24T21:49:00.000Z;Rodleben;RE;RE 13;13;16157;8012777;8012777%2021-12-24T21:49:00.000Z%,8010302,8010077,8011361,8012707,8011961,8013335,8010050,8012629,8010076,8013428,8012697,8012478,8012200,8012196,8098205,8012186,8012202,8012184,8012187,8012343,8012194,;602
2021-12-24T22:21:00.000Z;Rodleben;RE;RE 13;13;16158;8012777;8012777%2021-12-24T22:21:00.000Z%,8013389,8010154,8012263,8012678,8011673,8013205,8012066,8010047,8013455,8010226,8010224,;602
2021-12-24T22:58:00.000Z;Rodleben;RE;RE 13;13;16159;8012777;8012777%2021-12-24T22:58:00.000Z%,8010302,8010077,;602
2021-12-25T03:56:00.000Z;Rodleben;RE;RE 13;13;16152;8012777;8012777%2021-12-25T03:56:00.000Z%,8013389,8010154,8012263,8012678,8011673,8013205,8012066,8010047,8013455,8010226,8010224,;602
2021-12-25T04:56:00.000Z;Rodleben;RE;RE 13;13;16100;8012777;8012777%2021-12-25T04:56:00.000Z%,8013389,8010154,8012263,8012678,8011673,8013205,8012066,8010047,8013455,8010226,8010224,;602
2021-12-25T05:00:00.000Z;Rodleben;RE;RE 13;13;16101;8012777;8012777%2021-12-25T05:00:00.000Z%,8010302,8010077,8011361,8013335,8010050,8010076,8012478,8010205,;602
2021-12-25T05:56:00.000Z;Rodleben;RE;RE 13;13;16102;8012777;8012777%2021-12-25T05:56:00.000Z%,8013389,8010154,8012263,8012678,8011673,8013205,8012066,8010047,8013455,8010226,8010224,;602
2021-12-25T06:00:00.000Z;Rodleben;RE;RE 13;13;16103;8012777;8012777%2021-12-25T06:00:00.000Z%,8010302,8010077,8013335,8010050,8010076,8012478,8010205,;602
2021-12-25T06:56:00.000Z;Rodleben;RE;RE 13;13;16104;8012777;8012777%2021-12-25T06:56:00.000Z%,8013389,8010154,8012263,8012678,8011673,8013205,8012066,8010047,8013455,8010226,8010224,;602
2021-12-25T07:00:00.000Z;Rodleben;RE;RE 13;13;16105;8012777;8012777%2021-12-25T07:00:00.000Z%,8010302,8010077,8013335,8010050,8010076,8012478,8010205,;602
2021-12-25T07:56:00.000Z;Rodleben;RE;RE 13;13;16106;8012777;8012777%2021-12-25T07:56:00.000Z%,8013389,8010154,8012263,8012678,8011673,8013205,8012066,8010047,8013455,8010226,8010224,;602
2021-12-25T08:00:00.000Z;Rodleben;RE;RE 13;13;16107;8012777;8012777%2021-12-25T08:00:00.000Z%,8010302,8010077,8013335,8010050,8010076,8012478,8010205,;602
2021-12-25T08:56:00.000Z;Rodleben;RE;RE 13;13;16108;8012777;8012777%2021-12-25T08:56:00.000Z%,8013389,8010154,8012263,8012678,8011673,8013205,8012066,8010047,8013455,8010226,8010224,;602
2021-12-25T09:00:00.000Z;Rodleben;RE;RE 13;13;16109;8012777;8012777%2021-12-25T09:00:00.000Z%,8010302,8010077,8013335,8010050,8010076,8012478,8010205,;602
2021-12-25T09:56:00.000Z;Rodleben;RE;RE 13;13;16110;8012777;8012777%2021-12-25T09:56:00.000Z%,8013389,8010154,8012263,8012678,8011673,8013205,8012066,8010047,8013455,8010226,8010224,;602
2021-12-25T10:00:00.000Z;Rodleben;RE;RE 13;13;16111;8012777;8012777%2021-12-25T10:00:00.000Z%,8010302,8010077,8013335,8010050,8010076,8012478,8010205,;602
2021-12-25T10:56:00.000Z;Rodleben;RE;RE 13;13;16112;8012777;8012777%2021-12-25T10:56:00.000Z%,8013389,8010154,8012263,8012678,8011673,8013205,8012066,8010047,8013455,8010226,8010224,;602
2021-12-25T11:00:00.000Z;Rodleben;RE;RE 13;13;16113;8012777;8012777%2021-12-25T11:00:00.000Z%,8010302,8010077,8013335,8010050,8010076,8012478,8010205,;602
2021-12-25T11:56:00.000Z;Rodleben;RE;RE 13;13;16114;8012777;8012777%2021-12-25T11:56:00.000Z%,8013389,8010154,8012263,8012678,8011673,8013205,8012066,8010047,8013455,8010226,8010224,;602
2021-12-25T12:00:00.000Z;Rodleben;RE;RE 13;13;16115;8012777;8012777%2021-12-25T12:00:00.000Z%,8010302,8010077,8013335,8010050,8010076,8012478,8010205,;602
2021-12-25T12:56:00.000Z;Rodleben;RE;RE 13;13;16116;8012777;8012777%2021-12-25T12:56:00.000Z%,8013389,8010154,8012263,8012678,8011673,8013205,8012066,8010047,8013455,8010226,8010224,;602
2021-12-25T13:00:00.000Z;Rodleben;RE;RE 13;13;16117;8012777;8012777%2021-12-25T13:00:00.000Z%,8010302,8010077,8013335,8010050,8010076,8012478,8010205,;602
2021-12-25T13:56:00.000Z;Rodleben;RE;RE 13;13;16118;8012777;8012777%2021-12-25T13:56:00.000Z%,8013389,8010154,8012263,8012678,8011673,8013205,8012066,8010047,8013455,8010226,8010224,;602
2021-12-25T14:00:00.000Z;Rodleben;RE;RE 13;13;16151;8012777;8012777%2021-12-25T14:00:00.000Z%,8010302,8010077,8013335,8010050,8010076,8012478,8010205,;602
2021-12-25T14:56:00.000Z;Rodleben;RE;RE 13;13;16120;8012777;8012777%2021-12-25T14:56:00.000Z%,8013389,8010154,8012263,8012678,8011673,8013205,8012066,8010047,8013455,8010226,8010224,;602
2021-12-25T15:00:00.000Z;Rodleben;RE;RE 13;13;16121;8012777;8012777%2021-12-25T15:00:00.000Z%,8010302,8010077,8013335,8010050,8010076,8012478,8010205,;602
2021-12-25T15:56:00.000Z;Rodleben;RE;RE 13;13;16134;8012777;8012777%2021-12-25T15:56:00.000Z%,8013389,8010154,8012263,8012678,8011673,8013205,8012066,8010047,8013455,8010226,8010224,;602
2021-12-25T16:00:00.000Z;Rodleben;RE;RE 13;13;16123;8012777;8012777%2021-12-25T16:00:00.000Z%,8010302,8010077,8013335,8010050,8010076,8012478,8010205,;602
2021-12-25T16:56:00.000Z;Rodleben;RE;RE 13;13;16124;8012777;8012777%2021-12-25T16:56:00.000Z%,8013389,8010154,8012263,8012678,8011673,8013205,8012066,8010047,8013455,8010226,8010224,;602
2021-12-25T17:00:00.000Z;Rodleben;RE;RE 13;13;16125;8012777;8012777%2021-12-25T17:00:00.000Z%,8010302,8010077,8013335,8010050,8010076,8012478,8010205,;602
2021-12-25T17:56:00.000Z;Rodleben;RE;RE 13;13;16126;8012777;8012777%2021-12-25T17:56:00.000Z%,8013389,8010154,8012263,8012678,8011673,8013205,8012066,8010047,8013455,8010226,8010224,;602
2021-12-25T18:00:00.000Z;Rodleben;RE;RE 13;13;16127;8012777;8012777%2021-12-25T18:00:00.000Z%,8010302,8010077,8013335,8010050,8010076,8012478,8010205,;602
2021-12-25T18:56:00.000Z;Rodleben;RE;RE 13;13;16128;8012777;8012777%2021-12-25T18:56:00.000Z%,8013389,8010154,8012263,8012678,8011673,8013205,8012066,8010047,8013455,8010226,8010224,;602
2021-12-25T19:00:00.000Z;Rodleben;RE;RE 13;13;16129;8012777;8012777%2021-12-25T19:00:00.000Z%,8010302,8010077,8013335,8010050,8010076,8012478,8010205,;602
2021-12-25T19:56:00.000Z;Rodleben;RE;RE 13;13;16130;8012777;8012777%2021-12-25T19:56:00.000Z%,8013389,8010154,8012263,8012678,8011673,8013205,8012066,8010047,8013455,8010226,8010224,;602
2021-12-25T20:00:00.000Z;Rodleben;RE;RE 13;13;16131;8012777;8012777%2021-12-25T20:00:00.000Z%,8010302,8010077,8013335,8010050,8010076,8012478,8010205,;602
2021-12-25T04:36:00.000Z;Rohr(Thür);RB;RB 44;44;81274;8012787;8012787%2021-12-25T04:36:00.000Z%,8011378,8013077,8010345,8010391,8011603,8011397,8010137,8010274,8011055,8010007,8011792,8013074,8010242,8010101,;426
2021-12-25T06:46:00.000Z;Rohr(Thür);RB;RB 44;44;81278;8012787;8012787%2021-12-25T06:46:00.000Z%,8011378,8013077,8010345,8010391,8011603,8011397,8010137,8010274,8011055,8010007,8010242,8010101,;426
2021-12-25T07:09:00.000Z;Rohr(Thür);RB;RB 44;44;81273;8012787;8012787%2021-12-25T07:09:00.000Z%,8010142,8010230,;426
2021-12-25T08:46:00.000Z;Rohr(Thür);RB;RB 44;44;81280;8012787;8012787%2021-12-25T08:46:00.000Z%,8011378,8013077,8010345,8010391,8011603,8011397,8010137,8010274,8011055,8010007,8010242,8010101,;426
2021-12-25T09:09:00.000Z;Rohr(Thür);RB;RB 44;44;81275;8012787;8012787%2021-12-25T09:09:00.000Z%,8010142,8010230,;426
2021-12-25T10:46:00.000Z;Rohr(Thür);RB;RB 44;44;81282;8012787;8012787%2021-12-25T10:46:00.000Z%,8011378,8013077,8010345,8010391,8011603,8011397,8010137,8010274,8011055,8010007,8010242,8010101,;426
2021-12-25T11:09:00.000Z;Rohr(Thür);RB;RB 44;44;81277;8012787;8012787%2021-12-25T11:09:00.000Z%,8010142,8010230,;426
2021-12-25T12:46:00.000Z;Rohr(Thür);RB;RB 44;44;81284;8012787;8012787%2021-12-25T12:46:00.000Z%,8011378,8013077,8010345,8010391,8011603,8011397,8010137,8010274,8011055,8010007,8010242,8010101,;426
2021-12-25T13:09:00.000Z;Rohr(Thür);RB;RB 44;44;81279;8012787;8012787%2021-12-25T13:09:00.000Z%,8010142,8010230,;426
2021-12-25T14:46:00.000Z;Rohr(Thür);RB;RB 44;44;81286;8012787;8012787%2021-12-25T14:46:00.000Z%,8011378,8013077,8010345,8010391,8011603,8011397,8010137,8010274,8011055,8010007,8010242,8010101,;426
2021-12-25T15:09:00.000Z;Rohr(Thür);RB;RB 44;44;81281;8012787;8012787%2021-12-25T15:09:00.000Z%,8010142,8010230,;426
2021-12-25T16:46:00.000Z;Rohr(Thür);RB;RB 44;44;81288;8012787;8012787%2021-12-25T16:46:00.000Z%,8011378,8013077,8010345,8010391,8011603,8011397,8010137,8010274,8011055,8010007,8010242,8010101,;426
2021-12-25T17:09:00.000Z;Rohr(Thür);RB;RB 44;44;81283;8012787;8012787%2021-12-25T17:09:00.000Z%,8010142,8010230,;426
2021-12-25T18:46:00.000Z;Rohr(Thür);RB;RB 44;44;81290;8012787;8012787%2021-12-25T18:46:00.000Z%,8011378,8013077,8010345,8010391,8011603,8011397,8010137,8010274,8011055,8010007,8010242,8010101,;426
2021-12-25T19:09:00.000Z;Rohr(Thür);RB;RB 44;44;81285;8012787;8012787%2021-12-25T19:09:00.000Z%,8010142,8010230,;426
2021-12-24T20:46:00.000Z;Schwerin Mitte;RE;RE 1;1;4319;8012940;8012940%2021-12-24T20:46:00.000Z%0,8010324,8010018,8013186,8010051,8010066,8010322,8010304,;602
2021-12-24T20:57:00.000Z;Schwerin Mitte;RE;RE 2;2;63987;8012940;8012940%2021-12-24T20:57:00.000Z%0,8010324,8012264,8010018,8012321,8010381,;602
2021-12-24T21:01:00.000Z;Schwerin Mitte;RE;RE 2;2;63998;8012940;8012940%2021-12-24T21:01:00.000Z%0,8012951,8010173,8013073,8012716,8012262,8010216,8011681,8011994,8010382,8011088,8011641,8011258,8010248,8011585,8012614,8010239,8013479,8010404,8010406,8011160,8011306,8011155,8010255,8011162,8010193,8013376,8011173,8013109,8011805,8012549,8011250,8012923,8012257,8010217,8010220,8012698,8013188,8012605,8012083,8010073,;602
2021-12-24T21:12:00.000Z;Schwerin Mitte;RE;RE 1;1;4318;8012940;8012940%2021-12-24T21:13:00.000Z%1,8012951,8010156,8012677,8011248,8011230,8012933,8000058,8004177,8005468,8002554,8002549,;602
2021-12-24T22:01:00.000Z;Schwerin Mitte;RB;RB 17;17;13177;8012940;8012940%2021-12-24T22:01:00.000Z%,8010325,8012951,8010173,8013073,8012716,8012262,8010216,;426
2021-12-24T22:29:00.000Z;Schwerin Mitte;RB;RB 17;17;13178;8012940;8012940%2021-12-24T22:29:00.000Z%,8010324,;426
2021-12-24T22:57:00.000Z;Schwerin Mitte;RE;RE 2;2;63991;8012940;8012940%2021-12-24T22:57:00.000Z%0,8010324,8012264,8010018,8012321,8010381,;602
2021-12-24T23:18:00.000Z;Schwerin Mitte;RE;RE 1;1;4321;8012940;8012940%2021-12-24T23:18:00.000Z%,8010324,8010018,8013186,8010051,8010066,8010322,8010304,;602
2021-12-24T23:28:00.000Z;Schwerin Mitte;RB;RB 17;17;13180;8012940;8012940%2021-12-24T23:28:00.000Z%,8010324,;426
2021-12-25T00:56:00.000Z;Schwerin Mitte;RE;RE 1;1;4323;8012940;8012940%2021-12-25T00:56:00.000Z%,8010324,;602
2021-12-25T03:44:00.000Z;Schwerin Mitte;RE;RE 1;1;4338;8012940;8012940%2021-12-25T03:44:00.000Z%,8012951,8010173,8013370,8012009,8010156,8012677,8011248,8011230,8012933,8000058,8004177,8005468,8002554,8002549,;602
2021-12-25T04:01:00.000Z;Schwerin Mitte;RE;RE 2;2;63964;8012940;8012940%2021-12-25T04:01:00.000Z%,8012951,8010173,8013073,8012716,8012262,8010216,8011681,8011994,8010382,8011088,8011641,8011258,8010248,8011585,8012614,8010239,8013479,8010404,8010406,8011160,8011306,8011155,8011162,8010193,8011250,8010217,8010220,8013188,8010073,;602
2021-12-25T04:50:00.000Z;Schwerin Mitte;RB;RB 13;13;68965;8012940;8012940%2021-12-25T04:50:00.000Z%,8010324,8012953,8012960,8012954,8011718,8012274,8011592,8011908,8012737,;426
2021-12-25T05:12:00.000Z;Schwerin Mitte;RE;RE 1;1;4302;8012940;8012940%2021-12-25T05:12:00.000Z%,8012951,8010156,8012677,8011248,8011230,8012933,8000058,8004177,8005468,8002554,8002549,;602
2021-12-25T05:31:00.000Z;Schwerin Mitte;RB;RB 13;13;68968;8012940;8012940%2021-12-25T05:31:00.000Z%,8010325,8013354,8012643,8013079,8011326,8012824,8011582,8011403,8010267,8013018,8011442,8012474,8011726,8010216,8011951,8013069,8010156,8011798,;426
2021-12-25T05:58:00.000Z;Schwerin Mitte;RE;RE 2;2;63957;8012940;8012940%2021-12-25T05:58:00.000Z%,8010324,8012264,8010018,8012384,8012321,8010381,;602
2021-12-25T06:02:00.000Z;Schwerin Mitte;RB;RB 17;17;13153;8012940;8012940%2021-12-25T06:02:00.000Z%,8010325,8012951,8010173,8013073,8012716,8012262,8010216,;426
2021-12-25T06:23:00.000Z;Schwerin Mitte;RB;RB 13;13;68999;8012940;8012940%2021-12-25T06:23:00.000Z%,8010324,;426
2021-12-25T06:46:00.000Z;Schwerin Mitte;RE;RE 1;1;4305;8012940;8012940%2021-12-25T06:46:00.000Z%,8010324,8010018,8013186,8010051,8010066,8010322,8010304,;602
2021-12-24T22:18:00.000Z;Schwarzkollm;RE;RE 15;15;18296;8012942;8012942%2021-12-24T22:18:00.000Z%,8010177,;602
2021-12-25T03:39:00.000Z;Schwarzkollm;RE;RE 15;15;18281;8012942;8012942%2021-12-25T03:39:00.000Z%,8012175,8010171,8010308,8012565,8012145,8011749,8010285,8013267,8010072,8010089,8013444,8010085,;602
2021-12-25T05:39:00.000Z;Schwarzkollm;RE;RE 15;15;18283;8012942;8012942%2021-12-25T05:39:00.000Z%,8012175,8010171,8010308,8012565,8012145,8011749,8010285,8013267,8010072,8010089,8013444,8010085,;602
2021-12-25T06:18:00.000Z;Schwarzkollm;RE;RE 15;15;18280;8012942;8012942%2021-12-25T06:18:00.000Z%,8010177,;602
2021-12-25T07:39:00.000Z;Schwarzkollm;RE;RE 15;15;18285;8012942;8012942%2021-12-25T07:39:00.000Z%,8012175,8010171,8010308,8012565,8012145,8011749,8010285,8013267,8010072,8010089,8013444,8010085,;602
2021-12-25T08:18:00.000Z;Schwarzkollm;RE;RE 15;15;18282;8012942;8012942%2021-12-25T08:18:00.000Z%,8010177,;602
2021-12-25T09:39:00.000Z;Schwarzkollm;RE;RE 15;15;18287;8012942;8012942%2021-12-25T09:39:00.000Z%,8012175,8010171,8010308,8012565,8012145,8011749,8010285,8013267,8010072,8010089,8013444,8010085,;602
2021-12-25T10:18:00.000Z;Schwarzkollm;RE;RE 15;15;18284;8012942;8012942%2021-12-25T10:18:00.000Z%,8010177,;602
2021-12-25T11:39:00.000Z;Schwarzkollm;RE;RE 15;15;18289;8012942;8012942%2021-12-25T11:39:00.000Z%,8012175,8010171,8010308,8012565,8012145,8011749,8010285,8013267,8010072,8010089,8013444,8010085,;602
2021-12-25T12:18:00.000Z;Schwarzkollm;RE;RE 15;15;18286;8012942;8012942%2021-12-25T12:18:00.000Z%,8010177,;602
2021-12-25T13:39:00.000Z;Schwarzkollm;RE;RE 15;15;18291;8012942;8012942%2021-12-25T13:39:00.000Z%,8012175,8010171,8010308,8012565,8012145,8011749,8010285,8013267,8010072,8010089,8013444,8010085,;602
2021-12-25T14:18:00.000Z;Schwarzkollm;RE;RE 15;15;18288;8012942;8012942%2021-12-25T14:18:00.000Z%,8010177,;602
2021-12-25T15:39:00.000Z;Schwarzkollm;RE;RE 15;15;18293;8012942;8012942%2021-12-25T15:39:00.000Z%,8012175,8010171,8010308,8012565,8012145,8011749,8010285,8013267,8010072,8010089,8013444,8010085,;602
2021-12-25T16:18:00.000Z;Schwarzkollm;RE;RE 15;15;18290;8012942;8012942%2021-12-25T16:18:00.000Z%,8010177,;602
2021-12-25T17:39:00.000Z;Schwarzkollm;RE;RE 15;15;18295;8012942;8012942%2021-12-25T17:39:00.000Z%,8012175,8010171,8010308,8012565,8012145,8011749,8010285,8013267,8010072,8010089,8013444,8010085,;602
2021-12-25T18:18:00.000Z;Schwarzkollm;RE;RE 15;15;18292;8012942;8012942%2021-12-25T18:18:00.000Z%,8010177,;602
2021-12-25T19:39:00.000Z;Schwarzkollm;RE;RE 15;15;18297;8012942;8012942%2021-12-25T19:39:00.000Z%,8012175,8010171,8010308,8012565,8012145,8011749,8010285,8013267,8010072,8010089,8013444,8010085,;602
2021-12-25T20:18:00.000Z;Schwarzkollm;RE;RE 15;15;18294;8012942;8012942%2021-12-25T20:18:00.000Z%,8010177,;602
2021-12-25T06:20:00.000Z;Seebach(Mühlhausen);RE;RE 2;2;16252;8012961;8012961%2021-12-25T06:20:00.000Z%,8010235,8011335,8012993,8010203,8011849,8013159,8011054,8000090,8006524,8006707,8003200,;602
2021-12-25T06:47:00.000Z;Seebach(Mühlhausen);RB;RB 52;52;16285;8012961;8012961%2021-12-25T06:47:00.000Z%,8011746,8012919,8010020,8011687,8010081,8011336,8011489,8010198,8011503,8010102,8010101,;426
2021-12-25T07:10:00.000Z;Seebach(Mühlhausen);RB;RB 52;52;16282;8012961;8012961%2021-12-25T07:10:00.000Z%,8010235,8011029,8011335,8012993,8010048,8010203,;426
2021-12-25T08:47:00.000Z;Seebach(Mühlhausen);RB;RB 52;52;16287;8012961;8012961%2021-12-25T08:47:00.000Z%,8011746,8012919,8010020,8011687,8010081,8011336,8011489,8010198,8011503,8010102,8010101,;426
2021-12-25T09:10:00.000Z;Seebach(Mühlhausen);RB;RB 52;52;16284;8012961;8012961%2021-12-25T09:10:00.000Z%,8010235,8011029,8011335,8012993,8010048,8010203,;426
2021-12-25T10:47:00.000Z;Seebach(Mühlhausen);RB;RB 52;52;16289;8012961;8012961%2021-12-25T10:47:00.000Z%,8011746,8012919,8010020,8011687,8010081,8011336,8011489,8010198,8011503,8010102,8010101,;426
2021-12-25T11:10:00.000Z;Seebach(Mühlhausen);RB;RB 52;52;16286;8012961;8012961%2021-12-25T11:10:00.000Z%,8010235,8011029,8011335,8012993,8010048,8010203,;426
2021-12-25T12:47:00.000Z;Seebach(Mühlhausen);RB;RB 52;52;16291;8012961;8012961%2021-12-25T12:47:00.000Z%,8011746,8012919,8010020,8011687,8010081,8011336,8011489,8010198,8011503,8010102,8010101,;426
2021-12-25T13:10:00.000Z;Seebach(Mühlhausen);RB;RB 52;52;16288;8012961;8012961%2021-12-25T13:10:00.000Z%,8010235,8011029,8011335,8012993,8010048,8010203,;426
2021-12-25T14:47:00.000Z;Seebach(Mühlhausen);RB;RB 52;52;16293;8012961;8012961%2021-12-25T14:47:00.000Z%,8011746,8012919,8010020,8011687,8010081,8011336,8011489,8010198,8011503,8010102,8010101,;426
2021-12-25T15:10:00.000Z;Seebach(Mühlhausen);RB;RB 52;52;16290;8012961;8012961%2021-12-25T15:10:00.000Z%,8010235,8011029,8011335,8012993,8010048,8010203,;426
2021-12-25T16:47:00.000Z;Seebach(Mühlhausen);RB;RB 52;52;16295;8012961;8012961%2021-12-25T16:47:00.000Z%,8011746,8012919,8010020,8011687,8010081,8011336,8011489,8010198,8011503,8010102,8010101,;426
2021-12-25T17:10:00.000Z;Seebach(Mühlhausen);RB;RB 52;52;16292;8012961;8012961%2021-12-25T17:10:00.000Z%,8010235,8011029,8011335,8012993,8010048,8010203,;426
2021-12-25T18:47:00.000Z;Seebach(Mühlhausen);RB;RB 52;52;16297;8012961;8012961%2021-12-25T18:47:00.000Z%,8011746,8012919,8010020,8011687,8010081,8011336,8011489,8010198,8011503,8010102,8010101,;426
2021-12-25T19:11:00.000Z;Seebach(Mühlhausen);RB;RB 52;52;16294;8012961;8012961%2021-12-25T19:11:00.000Z%,8010235,;426
2021-12-24T21:07:00.000Z;Sonneberg(Thür)Hbf;RE;RE 49;49;59379;8013008;8013008%2021-12-24T21:07:00.000Z%,8004325,8004064,8005122,8004633,8001484,8001334,8001338,8001347,8002434,8001636,8005391,8000228,;602
2021-12-25T04:39:00.000Z;Sonneberg(Thür)Hbf;RE;RE 19;19;4951;8013008;8013008%2021-12-25T04:39:00.000Z%,8004325,8004064,8005122,8004633,8001484,8001334,8001338,8000025,8002853,8002024,8001844,8000114,8000284,;602
2021-12-25T06:02:00.000Z;Sonneberg(Thür)Hbf;RB;RB 41;41;81115;8013008;8013008%2021-12-25T06:02:00.000Z%,8013011,8012334,8012333,8011453,8012984,8012723,8012854,8012852,8011065,8011472,8011822,8013184,8011871,8012756,8010350,8013179,8010142,8013172,8010230,8013215,8013245,8012929,8010375,8011265,8011934,8010021,8012533,8011519,8012312,8010110,8010097,;426
2021-12-25T06:04:00.000Z;Sonneberg(Thür)Hbf;RB;RB 41;41;81102;8013008;8013008%2021-12-25T06:04:00.000Z%,8013010,8013009,8011925,8011208,8013036,8013034,8012171,8012527,8011512,8012452,8087081,;426
2021-12-25T06:05:00.000Z;Sonneberg(Thür)Hbf;RE;RE 49;49;4945;8013008;8013008%2021-12-25T06:05:00.000Z%,8004325,8004064,8005122,8004633,8001484,8001334,8001338,8001636,8000228,8005670,8001149,8000025,8002853,8002024,8001844,8000114,8000284,;602
2021-12-25T07:04:00.000Z;Sonneberg(Thür)Hbf;RB;RB 41;41;2104;8013008;8013008%2021-12-25T07:04:00.000Z%,8013010,8013009,8011925,8011208,8013036,8013034,8012171,8012527,8011512,8012452,8087081,;426
2021-12-25T07:06:00.000Z;Sonneberg(Thür)Hbf;RE;RE 49;49;59353;8013008;8013008%2021-12-25T07:06:00.000Z%,8004325,8004064,8005122,8004633,8001484,8001334,8001338,;602
2021-12-25T08:02:00.000Z;Sonneberg(Thür)Hbf;RB;RB 41;41;81119;8013008;8013008%2021-12-25T08:02:00.000Z%,8013011,8012334,8012333,8011453,8012984,8012723,8012854,8012852,8011065,8011472,8011822,8013184,8011871,8012756,8010350,8013179,8010142,8013172,8010230,8013215,8013245,8012929,8010375,8011265,8011934,8010021,8012533,8011519,8012312,8010110,8010097,;426
2021-12-25T08:04:00.000Z;Sonneberg(Thür)Hbf;RB;RB 41;41;81106;8013008;8013008%2021-12-25T08:04:00.000Z%,8013010,8013009,8011925,8011208,8013036,8013034,8012171,8012527,8011512,8012452,8087081,;426
2021-12-25T08:06:00.000Z;Sonneberg(Thür)Hbf;RE;RE 49;49;4925;8013008;8013008%2021-12-25T08:06:00.000Z%,8004325,8004064,8005122,8004633,8001484,8001334,8001338,8001636,8000228,8005670,8001149,8000025,8002853,8002024,8001844,8000114,8000284,;602
2021-12-25T09:04:00.000Z;Sonneberg(Thür)Hbf;RB;RB 41;41;2108;8013008;8013008%2021-12-25T09:04:00.000Z%,8013010,8013009,8011925,8011208,8013036,8013034,8012171,8012527,8011512,8012452,8087081,;426
2021-12-25T09:06:00.000Z;Sonneberg(Thür)Hbf;RE;RE 19;19;4959;8013008;8013008%2021-12-25T09:06:00.000Z%,8004325,8004064,8005122,8004633,8001484,8001334,8001338,8000025,8002853,8002024,8001844,8000114,8000284,;602
2021-12-25T10:02:00.000Z;Sonneberg(Thür)Hbf;RB;RB 41;41;81123;8013008;8013008%2021-12-25T10:02:00.000Z%,8013011,8012334,8012333,8011453,8012984,8012723,8012854,8012852,8011065,8011472,8011822,8013184,8011871,8012756,8010350,8013179,8010142,8013172,8010230,8013215,8013245,8012929,8010375,8011265,8011934,8010021,8012533,8011519,8012312,8010110,8010097,;426
2021-12-25T10:04:00.000Z;Sonneberg(Thür)Hbf;RE;RE 49;49;4927;8013008;8013008%2021-12-25T10:04:00.000Z%,8004325,8004064,8005122,8004633,8001484,8001334,8001338,8001636,8000228,8005670,8001149,8000025,8002853,8002024,8001844,8000114,8000284,;602
2021-12-25T10:04:00.000Z;Sonneberg(Thür)Hbf;RB;RB 41;41;81110;8013008;8013008%2021-12-25T10:04:00.000Z%,8013010,8013009,8011925,8011208,8013036,8013034,8012171,8012527,8011512,8012452,8087081,;426
2021-12-25T11:03:00.000Z;Sonneberg(Thür)Hbf;RE;RE 49;49;59377;8013008;8013008%2021-12-25T11:03:00.000Z%,8004325,8004064,8005122,8004633,8001484,8001334,8001338,8002434,8001636,8005391,8000228,;602
2021-12-25T11:04:00.000Z;Sonneberg(Thür)Hbf;RB;RB 41;41;2112;8013008;8013008%2021-12-25T11:04:00.000Z%,8013010,8013009,8011925,8011208,8013036,8013034,8012171,8012527,8011512,8012452,8087081,;426
2021-12-25T12:02:00.000Z;Sonneberg(Thür)Hbf;RB;RB 41;41;81127;8013008;8013008%2021-12-25T12:02:00.000Z%,8013011,8012334,8012333,8011453,8012984,8012723,8012854,8012852,8011065,8011472,8011822,8013184,8011871,8012756,8010350,8013179,8010142,8013172,8010230,8013215,8013245,8012929,8010375,8011265,8011934,8010021,8012533,8011519,8012312,8010110,8010097,;426
2021-12-25T12:04:00.000Z;Sonneberg(Thür)Hbf;RB;RB 41;41;81114;8013008;8013008%2021-12-25T12:04:00.000Z%,8013010,8013009,8011925,8011208,8013036,8013034,8012171,8012527,8011512,8012452,8087081,;426
2021-12-25T12:06:00.000Z;Sonneberg(Thür)Hbf;RE;RE 49;49;4929;8013008;8013008%2021-12-25T12:06:00.000Z%,8004325,8004064,8005122,8004633,8001484,8001334,8001338,8001347,8002434,8001636,8005391,8000228,8005670,8001149,8000025,8002853,8002024,8001844,8000114,8000284,;602
2021-12-25T13:04:00.000Z;Sonneberg(Thür)Hbf;RB;RB 41;41;2116;8013008;8013008%2021-12-25T13:04:00.000Z%,8013010,8013009,8011925,8011208,8013036,8013034,8012171,8012527,8011512,8012452,8087081,;426
2021-12-25T13:06:00.000Z;Sonneberg(Thür)Hbf;RE;RE 19;19;4963;8013008;8013008%2021-12-25T13:06:00.000Z%,8004325,8004064,8005122,8004633,8001484,8001334,8001338,8000025,8002853,8002024,8001844,8000114,8000284,;602
2021-12-25T14:02:00.000Z;Sonneberg(Thür)Hbf;RB;RB 41;41;81131;8013008;8013008%2021-12-25T14:02:00.000Z%,8013011,8012334,8012333,8011453,8012984,8012723,8012854,8012852,8011065,8011472,8011822,8013184,8011871,8012756,8010350,8013179,8010142,8013172,8010230,8013215,8013245,8012929,8010375,8011265,8011934,8010021,8012533,8011519,8012312,8010110,8010097,;426
2021-12-25T14:04:00.000Z;Sonneberg(Thür)Hbf;RB;RB 41;41;81118;8013008;8013008%2021-12-25T14:04:00.000Z%,8013010,8013009,8011925,8011208,8013036,8013034,8012171,8012527,8011512,8012452,8087081,;426
2021-12-25T14:05:00.000Z;Sonneberg(Thür)Hbf;RE;RE 49;49;4931;8013008;8013008%2021-12-25T14:05:00.000Z%,8004325,8004064,8005122,8004633,8001484,8001334,8001338,8001636,8000228,8005670,8001149,8000025,8002853,8002024,8001844,8000114,8000284,;602
2021-12-25T15:03:00.000Z;Sonneberg(Thür)Hbf;RE;RE 49;49;59371;8013008;8013008%2021-12-25T15:03:00.000Z%,8004325,8004064,8005122,8004633,8001484,8001334,8001338,8002434,8001636,8000228,;602
2021-12-25T15:04:00.000Z;Sonneberg(Thür)Hbf;RB;RB 41;41;2120;8013008;8013008%2021-12-25T15:04:00.000Z%,8013010,8013009,8011925,8011208,8013036,8013034,8012171,8012527,8011512,8012452,8087081,;426
2021-12-25T16:02:00.000Z;Sonneberg(Thür)Hbf;RB;RB 41;41;81135;8013008;8013008%2021-12-25T16:02:00.000Z%,8013011,8012334,8012333,8011453,8012984,8012723,8012854,8012852,8011065,8011472,8011822,8013184,8011871,8012756,8010350,8013179,8010142,8013172,8010230,8013215,8013245,8012929,8010375,8011265,8011934,8010021,8012533,8011519,8012312,8010110,8010097,;426
2021-12-25T16:04:00.000Z;Sonneberg(Thür)Hbf;RB;RB 41;41;81122;8013008;8013008%2021-12-25T16:04:00.000Z%,8013010,8013009,8011925,8011208,8013036,8013034,8012171,8012527,8011512,8012452,8087081,;426
2021-12-25T16:06:00.000Z;Sonneberg(Thür)Hbf;RE;RE 49;49;4933;8013008;8013008%2021-12-25T16:06:00.000Z%,8004325,8004064,8005122,8004633,8001484,8001334,8001338,8001636,8000228,8005670,8001149,8000025,8002853,8002024,8001844,8000114,8000284,;602
2021-12-25T17:04:00.000Z;Sonneberg(Thür)Hbf;RB;RB 41;41;2124;8013008;8013008%2021-12-25T17:04:00.000Z%,8013010,8013009,8011925,8011208,8013036,8013034,8012171,8012527,8011512,8012452,8087081,;426
2021-12-25T17:06:00.000Z;Sonneberg(Thür)Hbf;RE;RE 19;19;4971;8013008;8013008%2021-12-25T17:06:00.000Z%,8004325,8004064,8005122,8004633,8001484,8001334,8001338,8000025,8002853,8002024,8001844,8000114,8000284,;602
2021-12-25T18:02:00.000Z;Sonneberg(Thür)Hbf;RB;RB 41;41;81139;8013008;8013008%2021-12-25T18:02:00.000Z%,8013011,8012334,8012333,8011453,8012984,8012723,8012854,8012852,8011065,8011472,8011822,8013184,8011871,8012756,8010350,8013179,8010142,8013172,8010230,8013215,8013245,8012929,8010375,8011265,8011934,8010021,8012533,8011519,8012312,8010110,8010097,;426
2021-12-25T18:04:00.000Z;Sonneberg(Thür)Hbf;RB;RB 41;41;81126;8013008;8013008%2021-12-25T18:04:00.000Z%,8013010,8013009,8011925,8011208,8013036,8013034,8012171,8012527,8011512,8012452,8087081,;426
2021-12-25T18:06:00.000Z;Sonneberg(Thür)Hbf;RE;RE 49;49;4935;8013008;8013008%2021-12-25T18:06:00.000Z%,8004325,8004064,8005122,8004633,8001484,8001334,8001338,8002434,8001636,8000228,8005670,8001149,8000025,8002853,8002024,8001844,8000114,8000284,;602
2021-12-25T19:05:00.000Z;Sonneberg(Thür)Hbf;RE;RE 49;49;59365;8013008;8013008%2021-12-25T19:05:00.000Z%,8004325,8004064,8005122,8004633,8001484,8001334,8001338,8002434,8001636,8000228,;602
2021-12-25T19:12:00.000Z;Sonneberg(Thür)Hbf;RB;RB 41;41;81141;8013008;8013008%2021-12-25T19:12:00.000Z%,8013011,8012334,8012333,8011453,8012984,8012723,8012854,8012852,8011065,8011472,8011822,8013184,8011871,8012756,8010350,8013179,8010142,8013172,8010230,;426
2021-12-25T20:06:00.000Z;Sonneberg(Thür)Hbf;RB;RB 41;41;81132;8013008;8013008%2021-12-25T20:06:00.000Z%,8013010,8013009,8011925,8011208,8013036,8013034,8012171,8012527,8011512,8012452,8087081,;426
2021-12-25T20:14:00.000Z;Sonneberg(Thür)Hbf;RE;RE 49;49;59367;8013008;8013008%2021-12-25T20:14:00.000Z%,8004325,8004064,8005122,8004633,8001484,8001334,8001338,;602
2021-12-24T20:30:00.000Z;Tangerhütte;RE;RE 20;20;16206;8013083;8013083%2021-12-24T20:30:00.000Z%0,8010334,8010172,8010310,8000440,8000445,8006402,8005682,8000168,;602
2021-12-24T21:07:00.000Z;Tangerhütte;RE;RE 20;20;16208;8013083;8013083%2021-12-24T21:07:00.000Z%0,8010334,8013039,8012014,8010172,8011277,8011545,8012673,8010310,;602
2021-12-24T21:35:00.000Z;Tangerhütte;RE;RE 20;20;16211;8013083;8013083%2021-12-24T21:35:00.000Z%0,8013344,8010226,8010224,8013456,8012287,8010318,8013465,8010084,8010070,8012830,8013357,8010195,8011053,8013259,8010343,8012506,8013414,8010159,;602
2021-12-24T23:19:00.000Z;Tangerhütte;RE;RE 20;20;16213;8013083;8013083%2021-12-24T23:19:00.000Z%,8013344,8010226,8010224,8080660,8013456,8013485,8012291,8012287,8081270,8010318,8013465,8010084,8010070,8012830,8013357,8010195,;602
2021-12-25T05:18:00.000Z;Tangerhütte;RE;RE 20;20;16204;8013083;8013083%2021-12-25T05:18:00.000Z%,8010334,8013039,8012014,8010172,8011277,8011545,8012673,8010310,8000440,8000445,8006402,8005682,8000168,;602
2021-12-25T05:53:00.000Z;Tangerhütte;RE;RE 20;20;16205;8013083;8013083%2021-12-25T05:53:00.000Z%,8013344,8010226,8010224,8013456,8012287,8010318,8013465,8010084,8010070,8012830,8013357,8010195,8011053,8013259,8010343,8012506,8013414,8010159,;602
2021-12-25T06:30:00.000Z;Tangerhütte;RE;RE 20;20;4830;8013083;8013083%2021-12-25T06:30:00.000Z%,8010334,8010172,8010310,8000440,8000445,8006402,8005682,8000168,;602
2021-12-25T08:22:00.000Z;Tangerhütte;RE;RE 20;20;4831;8013083;8013083%2021-12-25T08:22:00.000Z%,8013344,8010226,8010224,;602
2021-12-25T08:30:00.000Z;Tangerhütte;RE;RE 20;20;4832;8013083;8013083%2021-12-25T08:30:00.000Z%,8010334,8010172,8010310,8000440,8000445,8006402,8005682,8000168,;602
2021-12-25T09:22:00.000Z;Tangerhütte;RE;RE 20;20;4833;8013083;8013083%2021-12-25T09:22:00.000Z%,8013344,8010226,8010224,;602
2021-12-25T10:30:00.000Z;Tangerhütte;RE;RE 20;20;4834;8013083;8013083%2021-12-25T10:30:00.000Z%,8010334,8010172,8010310,8000440,8000445,8006402,8005682,8000168,;602
2021-12-25T11:22:00.000Z;Tangerhütte;RE;RE 20;20;4835;8013083;8013083%2021-12-25T11:22:00.000Z%,8013344,8010226,8010224,;602
2021-12-25T12:30:00.000Z;Tangerhütte;RE;RE 20;20;4838;8013083;8013083%2021-12-25T12:30:00.000Z%,8010334,8010172,8010310,8000440,8000445,8006402,8005682,8000168,;602
2021-12-25T13:22:00.000Z;Tangerhütte;RE;RE 20;20;4837;8013083;8013083%2021-12-25T13:22:00.000Z%,8013344,8010226,8010224,;602
2021-12-25T13:30:00.000Z;Tangerhütte;RE;RE 20;20;4840;8013083;8013083%2021-12-25T13:30:00.000Z%,8010334,8010172,8010310,8000440,8000445,8006402,8005682,8000168,;602
2021-12-25T14:30:00.000Z;Tangerhütte;RE;RE 20;20;4842;8013083;8013083%2021-12-25T14:30:00.000Z%,8010334,8010172,8010310,8000440,8000445,8006402,8005682,8000168,;602
2021-12-25T15:22:00.000Z;Tangerhütte;RE;RE 20;20;4841;8013083;8013083%2021-12-25T15:22:00.000Z%,8013344,8010226,8010224,;602
2021-12-25T15:30:00.000Z;Tangerhütte;RE;RE 20;20;4844;8013083;8013083%2021-12-25T15:30:00.000Z%,8010334,8010172,8010310,8000440,8000445,8006402,8005682,8000168,;602
2021-12-25T16:22:00.000Z;Tangerhütte;RE;RE 20;20;4843;8013083;8013083%2021-12-25T16:22:00.000Z%,8013344,8010226,8010224,;602
2021-12-25T16:30:00.000Z;Tangerhütte;RE;RE 20;20;4846;8013083;8013083%2021-12-25T16:30:00.000Z%,8010334,8010172,8010310,8000440,8000445,8006402,8005682,8000168,;602
2021-12-25T17:22:00.000Z;Tangerhütte;RE;RE 20;20;4845;8013083;8013083%2021-12-25T17:22:00.000Z%,8013344,8010226,8010224,;602
2021-12-25T18:24:00.000Z;Tangerhütte;RE;RE 20;20;4847;8013083;8013083%2021-12-25T18:24:00.000Z%,8013344,8010226,8010224,;602
2021-12-25T18:30:00.000Z;Tangerhütte;RE;RE 20;20;4848;8013083;8013083%2021-12-25T18:30:00.000Z%,8010334,8010172,8010310,8000440,8000445,8006402,8005682,8000168,;602
2021-12-25T19:22:00.000Z;Tangerhütte;RE;RE 20;20;4849;8013083;8013083%2021-12-25T19:22:00.000Z%,8013344,8010226,8010224,;602
2021-12-24T22:03:00.000Z;Uebigau;RB;RB 43;43;18074;8013160;8013160%2021-12-24T22:03:00.000Z%,8010103,8011867,;426
2021-12-24T23:06:00.000Z;Uebigau;RB;RB 43;43;18076;8013160;8013160%2021-12-24T23:06:00.000Z%,8010103,;426
2021-12-25T03:51:00.000Z;Uebigau;RB;RB 43;43;18053;8013160;8013160%2021-12-25T03:51:00.000Z%,8011179,8012903,8010079,8011542,8011667,8010069,8012084,8010073,;426
2021-12-25T06:00:00.000Z;Uebigau;RB;RB 43;43;18057;8013160;8013160%2021-12-25T06:00:00.000Z%,8011179,8012903,8010079,8011542,8011667,8010069,8012084,8010073,;426
2021-12-25T08:00:00.000Z;Uebigau;RB;RB 43;43;18061;8013160;8013160%2021-12-25T08:00:00.000Z%,8011179,8012903,8010079,8011542,8011667,8010069,8012084,8010073,;426
2021-12-25T08:03:00.000Z;Uebigau;RB;RB 43;43;18060;8013160;8013160%2021-12-25T08:03:00.000Z%,8010103,8011867,;426
2021-12-25T12:00:00.000Z;Uebigau;RB;RB 43;43;18067;8013160;8013160%2021-12-25T12:00:00.000Z%,8011179,8012903,8010079,8011542,8011667,8010069,8012084,8010073,;426
2021-12-25T12:03:00.000Z;Uebigau;RB;RB 43;43;18064;8013160;8013160%2021-12-25T12:03:00.000Z%,8010103,;426
2021-12-25T14:00:00.000Z;Uebigau;RB;RB 43;43;18069;8013160;8013160%2021-12-25T14:00:00.000Z%,8011179,8012903,8010079,8011542,8011667,8010069,8012084,8010073,;426
2021-12-25T14:03:00.000Z;Uebigau;RB;RB 43;43;18066;8013160;8013160%2021-12-25T14:03:00.000Z%,8010103,8011867,;426
2021-12-25T16:00:00.000Z;Uebigau;RB;RB 43;43;18073;8013160;8013160%2021-12-25T16:00:00.000Z%,8011179,8012903,8010079,8011542,8011667,8010069,8012084,8010073,;426
2021-12-25T16:03:00.000Z;Uebigau;RB;RB 43;43;18068;8013160;8013160%2021-12-25T16:03:00.000Z%,8010103,;426
2021-12-25T18:00:00.000Z;Uebigau;RB;RB 43;43;18075;8013160;8013160%2021-12-25T18:00:00.000Z%,8011179,8012903,8010079,8011542,8011667,8010069,8012084,8010073,;426
2021-12-25T18:03:00.000Z;Uebigau;RB;RB 43;43;18070;8013160;8013160%2021-12-25T18:03:00.000Z%,8010103,8011867,;426
2021-12-25T20:03:00.000Z;Uebigau;RB;RB 43;43;18072;8013160;8013160%2021-12-25T20:03:00.000Z%,8010103,;426
2021-12-24T20:47:00.000Z;Ventschow;RE;RE 1;1;4318;8013186;8013186%2021-12-24T20:47:00.000Z%0,8010018,8010324,8012940,8012951,8010156,8012677,8011248,8011230,8012933,8000058,8004177,8005468,8002554,8002549,;602
2021-12-24T21:10:00.000Z;Ventschow;RE;RE 1;1;4319;8013186;8013186%2021-12-24T21:10:00.000Z%0,8010051,8010066,8010322,8010304,;602
2021-12-24T21:39:00.000Z;Ventschow;RE;RE 4;4;5364;8013186;8013186%2021-12-24T21:39:00.000Z%0,8010018,8012264,8010324,;602
2021-12-24T22:11:00.000Z;Ventschow;RE;RE 4;4;13195;8013186;8013186%2021-12-24T22:11:00.000Z%,8010051,8010066,8010153,;602
2021-12-24T22:53:00.000Z;Ventschow;RE;RE 1;1;4320;8013186;8013186%2021-12-24T22:53:00.000Z%,8010018,8010324,;602
2021-12-24T23:37:00.000Z;Ventschow;RE;RE 1;1;4321;8013186;8013186%2021-12-24T23:37:00.000Z%,8010051,8010066,8010322,8010304,;602
2021-12-25T04:47:00.000Z;Ventschow;RE;RE 1;1;4302;8013186;8013186%2021-12-25T04:47:00.000Z%,8010018,8010324,8012940,8012951,8010156,8012677,8011248,8011230,8012933,8000058,8004177,8005468,8002554,8002549,;602
2021-12-25T05:10:00.000Z;Ventschow;RE;RE 1;1;4301;8013186;8013186%2021-12-25T05:10:00.000Z%,8010051,8010066,8010322,8010304,;602
2021-12-25T05:39:00.000Z;Ventschow;RE;RE 4;4;13192;8013186;8013186%2021-12-25T05:39:00.000Z%,8010018,8011215,8012651,8010141,8011702,8012902,8012268,8011864,8003774,8000237,;602
2021-12-25T06:12:00.000Z;Ventschow;RE;RE 4;4;5355;8013186;8013186%2021-12-25T06:12:00.000Z%,8010051,8010066,8010153,8010284,8010199,8012436,8010348,8010227,8012758,8012376,8010241,8013017,8012421,8012555,8010339,8011213,8010268,8012610,8013393,8010213,8011689,5100145,5100057,;602
2021-12-25T06:47:00.000Z;Ventschow;RE;RE 1;1;4304;8013186;8013186%2021-12-25T06:47:00.000Z%,8010018,8010324,8012940,8012951,8010156,8012677,8011248,8011230,8012933,8000058,8004177,8005468,8002554,8002549,;602
2021-12-25T07:10:00.000Z;Ventschow;RE;RE 1;1;4305;8013186;8013186%2021-12-25T07:10:00.000Z%,8010051,8010066,8010322,8010304,;602
2021-12-25T07:39:00.000Z;Ventschow;RE;RE 4;4;5350;8013186;8013186%2021-12-25T07:39:00.000Z%,8010018,8011215,8012651,8010141,8011702,8012902,8012268,8011864,8003774,8000237,;602
2021-12-25T08:11:00.000Z;Ventschow;RE;RE 4;4;5357;8013186;8013186%2021-12-25T08:11:00.000Z%,8010051,8010066,8010153,8010284,8010199,8012436,8010348,8010227,8012758,8012376,8010241,8013017,8012421,8012555,8010339,8011213,8010268,8012610,8013393,8010213,8011689,5100145,5100057,;602
2021-12-25T08:47:00.000Z;Ventschow;RE;RE 1;1;4306;8013186;8013186%2021-12-25T08:47:00.000Z%,8010018,8010324,8012940,8012951,8010156,8012677,8011248,8011230,8012933,8000058,8004177,8005468,8002554,8002549,;602
2021-12-25T09:10:00.000Z;Ventschow;RE;RE 1;1;4307;8013186;8013186%2021-12-25T09:10:00.000Z%,8010051,8010066,8010322,8010304,;602
2021-12-25T09:39:00.000Z;Ventschow;RE;RE 4;4;5352;8013186;8013186%2021-12-25T09:39:00.000Z%,8010018,8011215,8012651,8010141,8011702,8012902,8012268,8011864,8003774,8000237,;602
2021-12-25T10:09:00.000Z;Ventschow;RE;RE 4;4;5359;8013186;8013186%2021-12-25T10:09:00.000Z%,8010051,8010066,8010153,8010284,8010199,8012436,8010348,8010227,8012758,8012376,8010241,8013017,8012421,8012555,8010339,8011213,8010268,8012610,8013393,8010213,8011689,5100145,5100057,;602
2021-12-25T10:47:00.000Z;Ventschow;RE;RE 1;1;4308;8013186;8013186%2021-12-25T10:47:00.000Z%,8010018,8010324,8012940,8012951,8010156,8012677,8011248,8011230,8012933,8000058,8004177,8005468,8002554,8002549,;602
2021-12-25T11:10:00.000Z;Ventschow;RE;RE 1;1;4309;8013186;8013186%2021-12-25T11:10:00.000Z%,8010051,8010066,8010322,8010304,;602
2021-12-25T11:39:00.000Z;Ventschow;RE;RE 4;4;5354;8013186;8013186%2021-12-25T11:39:00.000Z%,8010018,8011215,8012651,8010141,8011702,8012902,8012268,8011864,8003774,8000237,;602
2021-12-25T12:11:00.000Z;Ventschow;RE;RE 4;4;5361;8013186;8013186%2021-12-25T12:11:00.000Z%,8010051,8010066,8010153,8010284,8010199,8012436,8010348,8010227,8012758,8012376,8010241,8013017,8012421,8012555,8010339,8011213,8010268,8012610,8013393,8010213,8011689,5100145,5100057,;602
2021-12-25T12:47:00.000Z;Ventschow;RE;RE 1;1;4310;8013186;8013186%2021-12-25T12:47:00.000Z%,8010018,8010324,8012940,8012951,8010156,8012677,8011248,8011230,8012933,8000058,8004177,8005468,8002554,8002549,;602
2021-12-25T13:10:00.000Z;Ventschow;RE;RE 1;1;4311;8013186;8013186%2021-12-25T13:10:00.000Z%,8010051,8010066,8010322,8010304,;602
2021-12-25T13:36:00.000Z;Ventschow;RE;RE 4;4;5356;8013186;8013186%2021-12-25T13:36:00.000Z%,8010018,8011215,8012651,8010141,8011702,8012902,8012268,8011864,8003774,8000237,;602
2021-12-25T14:11:00.000Z;Ventschow;RE;RE 4;4;5363;8013186;8013186%2021-12-25T14:11:00.000Z%,8010051,8010066,8010153,8010284,8010199,8012436,8010348,8010227,8012758,8012376,8010241,8013017,8012421,8012555,8010339,8011213,8010268,8012610,8013393,8010213,8011689,5100145,5100057,;602
2021-12-25T14:47:00.000Z;Ventschow;RE;RE 1;1;4312;8013186;8013186%2021-12-25T14:47:00.000Z%,8010018,8010324,8012940,8012951,8010156,8012677,8011248,8011230,8012933,8000058,8004177,8005468,8002554,8002549,;602
2021-12-25T15:10:00.000Z;Ventschow;RE;RE 1;1;4313;8013186;8013186%2021-12-25T15:10:00.000Z%,8010051,8010066,8010322,8010304,;602
2021-12-25T15:39:00.000Z;Ventschow;RE;RE 4;4;5358;8013186;8013186%2021-12-25T15:39:00.000Z%,8010018,8011215,8012651,8010141,8011702,8012902,8012268,8011864,8003774,8000237,;602
2021-12-25T16:12:00.000Z;Ventschow;RE;RE 4;4;5365;8013186;8013186%2021-12-25T16:12:00.000Z%,8010051,8010066,8010153,8010284,8010199,8012436,8010348,8010227,8012758,8012376,8010241,8013017,8012421,8012555,8010339,8011213,8010268,8012610,8013393,8010213,8011689,5100145,5100057,;602
2021-12-25T16:47:00.000Z;Ventschow;RE;RE 1;1;4314;8013186;8013186%2021-12-25T16:47:00.000Z%,8010018,8010324,8012940,8012951,8010156,8012677,8011248,8011230,8012933,8000058,8004177,8005468,8002554,8002549,;602
2021-12-25T17:10:00.000Z;Ventschow;RE;RE 1;1;4315;8013186;8013186%2021-12-25T17:10:00.000Z%,8010051,8010066,8010322,8010304,;602
2021-12-25T17:39:00.000Z;Ventschow;RE;RE 4;4;5360;8013186;8013186%2021-12-25T17:39:00.000Z%,8010018,8011215,8012651,8010141,8011702,8012902,8012268,8011864,8003774,8000237,;602
2021-12-25T18:11:00.000Z;Ventschow;RE;RE 4;4;13191;8013186;8013186%2021-12-25T18:11:00.000Z%,8010051,8010066,8010153,8010284,8010199,8012436,8010348,8010227,8012758,8012376,8010241,8013017,8012421,8012555,8010339,8011213,8010268,;602
2021-12-25T18:47:00.000Z;Ventschow;RE;RE 1;1;4316;8013186;8013186%2021-12-25T18:47:00.000Z%,8010018,8010324,8012940,8012951,8010156,8012677,8011248,8011230,8012933,8000058,8004177,8005468,8002554,8002549,;602
2021-12-25T19:10:00.000Z;Ventschow;RE;RE 1;1;4317;8013186;8013186%2021-12-25T19:10:00.000Z%,8010051,8010066,8010322,8010304,;602
2021-12-25T19:39:00.000Z;Ventschow;RE;RE 4;4;5362;8013186;8013186%2021-12-25T19:39:00.000Z%,8010018,8011215,8012651,8010141,8011702,8012902,8012268,8011864,8003774,8000237,;602
2021-12-25T20:13:00.000Z;Ventschow;RE;RE 4;4;13193;8013186;8013186%2021-12-25T20:13:00.000Z%,8010051,8010066,8010153,8010284,8010199,8012436,8010348,8010227,8012758,8012376,8010241,;602
2021-12-24T20:48:00.000Z;Vetschau;RE;RE 2;2;63990;8013188;8013188%2021-12-24T20:48:00.000Z%0,8010073,;602
2021-12-24T21:17:00.000Z;Vetschau;RB;RB 24;24;18374;8013188;8013188%2021-12-24T21:17:00.000Z%0,8012605,8012083,8010073,;426
2021-12-24T21:17:00.000Z;Vetschau;RE;RE 2;2;63995;8013188;8013188%2021-12-24T21:17:00.000Z%0,8012698,8010220,8010217,8011250,8010193,8011162,8010255,;602
2021-12-24T21:50:00.000Z;Vetschau;RE;RE 2;2;63992;8013188;8013188%2021-12-24T21:50:00.000Z%0,8010073,;602
2021-12-24T22:15:00.000Z;Vetschau;RE;RE 2;2;63997;8013188;8013188%2021-12-24T22:15:00.000Z%0,8012698,8010220,8010217,8012257,8012923,8011250,8012549,8011805,8013109,8011173,8013376,8010193,8011162,8010255,8011155,8011306,8011160,8010406,8010404,8013021,8080260,8080370,8010389,8010296,;602
2021-12-24T23:05:00.000Z;Vetschau;RE;RE 2;2;63994;8013188;8013188%2021-12-24T23:06:00.000Z%1,8012605,8012083,8010073,;602
2021-12-25T00:03:00.000Z;Vetschau;RE;RE 2;2;63996;8013188;8013188%2021-12-25T00:03:00.000Z%0,8012605,8012083,8010073,;602
2021-12-25T01:14:00.000Z;Vetschau;RE;RE 2;2;63998;8013188;8013188%2021-12-25T01:14:00.000Z%0,8012605,8012083,8010073,;602
2021-12-25T03:10:00.000Z;Vetschau;RE;RE 2;2;63959;8013188;8013188%2021-12-25T03:10:00.000Z%,8012698,8010220,8010217,8011250,8010193,8011162,8011155,8011306,8011160,8010406,;602
2021-12-25T04:12:00.000Z;Vetschau;RE;RE 2;2;63961;8013188;8013188%2021-12-25T04:12:00.000Z%,8012698,8010220,8010217,8011250,8010193,8011162,8011155,8011306,8011160,8010406,8010404,8013479,8010239,8012614,8011585,8010248,8011258,8011641,8011088,8010382,;602
2021-12-25T05:10:00.000Z;Vetschau;RE;RE 2;2;63963;8013188;8013188%2021-12-25T05:10:00.000Z%,8012698,8010220,8010217,8011250,8010193,8011162,8011155,8011306,8011160,8010406,8010404,8013479,8010239,8012614,8011585,8010248,8011258,8011641,8011088,8010382,8011994,8011681,8010216,8012262,8012716,8013073,8010173,8012951,8012940,8010324,8012264,8010018,8012321,8010381,;602
2021-12-25T05:47:00.000Z;Vetschau;RE;RE 2;2;63960;8013188;8013188%2021-12-25T05:47:00.000Z%,8012605,8012083,8010073,;602
2021-12-25T06:12:00.000Z;Vetschau;RE;RE 2;2;63965;8013188;8013188%2021-12-25T06:12:00.000Z%,8010220,8010217,8011250,8010193,8011162,8011155,8011306,8011160,8010406,8010404,8013479,8010239,8012614,8011585,8010248,8011258,8011641,8011088,8010382,;602
2021-12-25T06:46:00.000Z;Vetschau;RE;RE 2;2;63962;8013188;8013188%2021-12-25T06:46:00.000Z%,8012605,8012083,8010073,;602
2021-12-25T07:12:00.000Z;Vetschau;RE;RE 2;2;63967;8013188;8013188%2021-12-25T07:12:00.000Z%,8010220,8010217,8011250,8010193,8011162,8011155,8011306,8011160,8010406,8010404,8013479,8010239,8012614,8011585,8010248,8011258,8011641,8011088,8010382,8011994,8011681,8010216,8012262,8012716,8013073,8010173,8012951,8012940,8010324,8012264,8010018,8012321,8010381,;602
2021-12-25T07:48:00.000Z;Vetschau;RE;RE 2;2;63964;8013188;8013188%2021-12-25T07:48:00.000Z%,8010073,;602
2021-12-25T08:12:00.000Z;Vetschau;RE;RE 2;2;63969;8013188;8013188%2021-12-25T08:12:00.000Z%,8010220,8010217,8011250,8010193,8011162,8011155,8011306,8011160,8010406,8010404,8013479,8010239,8012614,8011585,8010248,8011258,8011641,8011088,8010382,;602
2021-12-25T08:48:00.000Z;Vetschau;RE;RE 2;2;63966;8013188;8013188%2021-12-25T08:48:00.000Z%,8010073,;602
2021-12-25T09:12:00.000Z;Vetschau;RE;RE 2;2;63971;8013188;8013188%2021-12-25T09:12:00.000Z%,8010220,8010217,8011250,8010193,8011162,8011155,8011306,8011160,8010406,8010404,8013479,8010239,8012614,8011585,8010248,8011258,8011641,8011088,8010382,8011994,8011681,8010216,8012262,8012716,8013073,8010173,8012951,8012940,8010324,8012264,8010018,8012321,8010381,;602
2021-12-25T09:48:00.000Z;Vetschau;RE;RE 2;2;63968;8013188;8013188%2021-12-25T09:48:00.000Z%,8010073,;602
2021-12-25T10:12:00.000Z;Vetschau;RE;RE 2;2;63973;8013188;8013188%2021-12-25T10:12:00.000Z%,8010220,8010217,8011250,8010193,8011162,8011155,8011306,8011160,8010406,8010404,8013479,8010239,8012614,8011585,8010248,8011258,8011641,8011088,8010382,;602
2021-12-25T10:48:00.000Z;Vetschau;RE;RE 2;2;63970;8013188;8013188%2021-12-25T10:48:00.000Z%,8010073,;602
2021-12-25T11:12:00.000Z;Vetschau;RE;RE 2;2;63975;8013188;8013188%2021-12-25T11:12:00.000Z%,8010220,8010217,8011250,8010193,8011162,8011155,8011306,8011160,8010406,8010404,8013479,8010239,8012614,8011585,8010248,8011258,8011641,8011088,8010382,8011994,8011681,8010216,8012262,8012716,8013073,8010173,8012951,8012940,8010324,8012264,8010018,8012321,8010381,;602
2021-12-25T11:48:00.000Z;Vetschau;RE;RE 2;2;63972;8013188;8013188%2021-12-25T11:48:00.000Z%,8010073,;602
2021-12-25T12:12:00.000Z;Vetschau;RE;RE 2;2;63977;8013188;8013188%2021-12-25T12:12:00.000Z%,8010220,8010217,8011250,8010193,8011162,8011155,8011306,8011160,8010406,8010404,8013479,8010239,8012614,8011585,8010248,8011258,8011641,8011088,8010382,;602
2021-12-25T12:48:00.000Z;Vetschau;RE;RE 2;2;63974;8013188;8013188%2021-12-25T12:48:00.000Z%,8010073,;602
2021-12-25T13:12:00.000Z;Vetschau;RE;RE 2;2;63979;8013188;8013188%2021-12-25T13:12:00.000Z%,8010220,8010217,8011250,8010193,8011162,8011155,8011306,8011160,8010406,8010404,8013479,8010239,8012614,8011585,8010248,8011258,8011641,8011088,8010382,8011994,8011681,8010216,8012262,8012716,8013073,8010173,8012951,8012940,8010324,8012264,8010018,8012321,8010381,;602
2021-12-25T13:48:00.000Z;Vetschau;RE;RE 2;2;63976;8013188;8013188%2021-12-25T13:48:00.000Z%,8010073,;602
2021-12-25T14:12:00.000Z;Vetschau;RE;RE 2;2;63981;8013188;8013188%2021-12-25T14:12:00.000Z%,8010220,8010217,8011250,8010193,8011162,8011155,8011306,8011160,8010406,8010404,8013479,8010239,8012614,8011585,8010248,8011258,8011641,8011088,8010382,;602
2021-12-25T14:48:00.000Z;Vetschau;RE;RE 2;2;63978;8013188;8013188%2021-12-25T14:48:00.000Z%,8010073,;602
2021-12-25T15:12:00.000Z;Vetschau;RE;RE 2;2;63983;8013188;8013188%2021-12-25T15:12:00.000Z%,8010220,8010217,8011250,8010193,8011162,8011155,8011306,8011160,8010406,8010404,8013479,8010239,8012614,8011585,8010248,8011258,8011641,8011088,8010382,8011994,8011681,8010216,8012262,8012716,8013073,8010173,8012951,8012940,8010324,8012264,8010018,8012321,8010381,;602
2021-12-25T15:48:00.000Z;Vetschau;RE;RE 2;2;63980;8013188;8013188%2021-12-25T15:48:00.000Z%,8010073,;602
2021-12-25T16:12:00.000Z;Vetschau;RE;RE 2;2;63985;8013188;8013188%2021-12-25T16:12:00.000Z%,8010220,8010217,8011250,8010193,8011162,8011155,8011306,8011160,8010406,8010404,8013479,8010239,8012614,8011585,8010248,8011258,8011641,8011088,8010382,;602
2021-12-25T16:48:00.000Z;Vetschau;RE;RE 2;2;63982;8013188;8013188%2021-12-25T16:48:00.000Z%,8010073,;602
2021-12-25T17:12:00.000Z;Vetschau;RE;RE 2;2;63987;8013188;8013188%2021-12-25T17:12:00.000Z%,8010220,8010217,8011250,8010193,8011162,8011155,8011306,8011160,8010406,8010404,8013479,8010239,8012614,8011585,8010248,8011258,8011641,8011088,8010382,8011994,8011681,8010216,8012262,8012716,8013073,8010173,8012951,8012940,8010324,8012264,8010018,8012321,8010381,;602
2021-12-25T17:48:00.000Z;Vetschau;RE;RE 2;2;63984;8013188;8013188%2021-12-25T17:48:00.000Z%,8010073,;602
2021-12-25T18:12:00.000Z;Vetschau;RE;RE 2;2;63989;8013188;8013188%2021-12-25T18:12:00.000Z%,8010220,8010217,8011250,8010193,8011162,8011155,8011306,8011160,8010406,8010404,8013479,8010239,8012614,8011585,8010248,8011258,8011641,8011088,8010382,;602
2021-12-25T18:48:00.000Z;Vetschau;RE;RE 2;2;63986;8013188;8013188%2021-12-25T18:48:00.000Z%,8010073,;602
2021-12-25T19:12:00.000Z;Vetschau;RE;RE 2;2;63991;8013188;8013188%2021-12-25T19:12:00.000Z%0,8010220,8010217,8011250,8010193,8011162,8011155,8011306,8011160,8010406,8010404,8013479,8010239,8012614,8011585,8010248,8011258,8011641,8011088,8010382,8011994,8011681,8010216,8012262,8012716,8013073,8010173,8012951,8012940,8010324,8012264,8010018,8012321,8010381,;602
2021-12-25T19:48:00.000Z;Vetschau;RE;RE 2;2;63988;8013188;8013188%2021-12-25T19:48:00.000Z%,8010073,;602
2021-12-25T20:12:00.000Z;Vetschau;RE;RE 2;2;63993;8013188;8013188%2021-12-25T20:12:00.000Z%,8010220,8010217,8011250,8010193,8011162,8011155,8011306,8011160,8010406,8010404,8013479,8010239,8012614,8011585,8010248,8011258,8011641,8011088,8010382,;602
2021-12-24T20:26:00.000Z;Wahlitz;RE;RE 13;13;16130;8013205;8013205%2021-12-24T20:27:00.000Z%1,8012066,8010047,8013455,8010226,8010224,;602
2021-12-24T21:19:00.000Z;Wahlitz;RE;RE 13;13;16157;8013205;8013205%2021-12-24T21:19:00.000Z%,8011673,8012678,8012263,8010154,8013389,8012777,8010302,8010077,8011361,8012707,8011961,8013335,8010050,8012629,8010076,8013428,8012697,8012478,8012200,8012196,8098205,8012186,8012202,8012184,8012187,8012343,8012194,;602
2021-12-24T22:28:00.000Z;Wahlitz;RE;RE 13;13;16159;8013205;8013205%2021-12-24T22:28:00.000Z%,8011673,8012678,8012263,8010154,8013389,8012777,8010302,8010077,;602
2021-12-24T22:49:00.000Z;Wahlitz;RE;RE 13;13;16158;8013205;8013205%2021-12-24T22:49:00.000Z%,8012066,8010047,8013455,8010226,8010224,;602
2021-12-25T04:26:00.000Z;Wahlitz;RE;RE 13;13;16152;8013205;8013205%2021-12-25T04:26:00.000Z%,8012066,8010047,8013455,8010226,8010224,;602
2021-12-25T04:30:00.000Z;Wahlitz;RE;RE 13;13;16101;8013205;8013205%2021-12-25T04:30:00.000Z%,8011673,8012678,8012263,8010154,8013389,8012777,8010302,8010077,8011361,8013335,8010050,8010076,8012478,8010205,;602
2021-12-25T05:26:00.000Z;Wahlitz;RE;RE 13;13;16100;8013205;8013205%2021-12-25T05:26:00.000Z%,8012066,8010047,8013455,8010226,8010224,;602
2021-12-25T05:30:00.000Z;Wahlitz;RE;RE 13;13;16103;8013205;8013205%2021-12-25T05:30:00.000Z%,8011673,8012678,8012263,8010154,8013389,8012777,8010302,8010077,8013335,8010050,8010076,8012478,8010205,;602
2021-12-25T06:26:00.000Z;Wahlitz;RE;RE 13;13;16102;8013205;8013205%2021-12-25T06:26:00.000Z%,8012066,8010047,8013455,8010226,8010224,;602
2021-12-25T06:30:00.000Z;Wahlitz;RE;RE 13;13;16105;8013205;8013205%2021-12-25T06:30:00.000Z%,8011673,8012678,8012263,8010154,8013389,8012777,8010302,8010077,8013335,8010050,8010076,8012478,8010205,;602
2021-12-25T07:26:00.000Z;Wahlitz;RE;RE 13;13;16104;8013205;8013205%2021-12-25T07:26:00.000Z%,8012066,8010047,8013455,8010226,8010224,;602
2021-12-25T07:30:00.000Z;Wahlitz;RE;RE 13;13;16107;8013205;8013205%2021-12-25T07:30:00.000Z%,8011673,8012678,8012263,8010154,8013389,8012777,8010302,8010077,8013335,8010050,8010076,8012478,8010205,;602
2021-12-25T08:26:00.000Z;Wahlitz;RE;RE 13;13;16106;8013205;8013205%2021-12-25T08:26:00.000Z%,8012066,8010047,8013455,8010226,8010224,;602
2021-12-25T08:30:00.000Z;Wahlitz;RE;RE 13;13;16109;8013205;8013205%2021-12-25T08:30:00.000Z%,8011673,8012678,8012263,8010154,8013389,8012777,8010302,8010077,8013335,8010050,8010076,8012478,8010205,;602
2021-12-25T09:26:00.000Z;Wahlitz;RE;RE 13;13;16108;8013205;8013205%2021-12-25T09:26:00.000Z%,8012066,8010047,8013455,8010226,8010224,;602
2021-12-25T09:30:00.000Z;Wahlitz;RE;RE 13;13;16111;8013205;8013205%2021-12-25T09:30:00.000Z%,8011673,8012678,8012263,8010154,8013389,8012777,8010302,8010077,8013335,8010050,8010076,8012478,8010205,;602
2021-12-25T10:26:00.000Z;Wahlitz;RE;RE 13;13;16110;8013205;8013205%2021-12-25T10:26:00.000Z%,8012066,8010047,8013455,8010226,8010224,;602
2021-12-25T10:30:00.000Z;Wahlitz;RE;RE 13;13;16113;8013205;8013205%2021-12-25T10:30:00.000Z%,8011673,8012678,8012263,8010154,8013389,8012777,8010302,8010077,8013335,8010050,8010076,8012478,8010205,;602
2021-12-25T11:26:00.000Z;Wahlitz;RE;RE 13;13;16112;8013205;8013205%2021-12-25T11:26:00.000Z%,8012066,8010047,8013455,8010226,8010224,;602
2021-12-25T11:30:00.000Z;Wahlitz;RE;RE 13;13;16115;8013205;8013205%2021-12-25T11:30:00.000Z%,8011673,8012678,8012263,8010154,8013389,8012777,8010302,8010077,8013335,8010050,8010076,8012478,8010205,;602
2021-12-25T12:26:00.000Z;Wahlitz;RE;RE 13;13;16114;8013205;8013205%2021-12-25T12:26:00.000Z%,8012066,8010047,8013455,8010226,8010224,;602
2021-12-25T12:30:00.000Z;Wahlitz;RE;RE 13;13;16117;8013205;8013205%2021-12-25T12:30:00.000Z%,8011673,8012678,8012263,8010154,8013389,8012777,8010302,8010077,8013335,8010050,8010076,8012478,8010205,;602
2021-12-25T13:26:00.000Z;Wahlitz;RE;RE 13;13;16116;8013205;8013205%2021-12-25T13:26:00.000Z%,8012066,8010047,8013455,8010226,8010224,;602
2021-12-25T13:30:00.000Z;Wahlitz;RE;RE 13;13;16151;8013205;8013205%2021-12-25T13:30:00.000Z%,8011673,8012678,8012263,8010154,8013389,8012777,8010302,8010077,8013335,8010050,8010076,8012478,8010205,;602
2021-12-25T14:26:00.000Z;Wahlitz;RE;RE 13;13;16118;8013205;8013205%2021-12-25T14:26:00.000Z%,8012066,8010047,8013455,8010226,8010224,;602
2021-12-25T14:30:00.000Z;Wahlitz;RE;RE 13;13;16121;8013205;8013205%2021-12-25T14:30:00.000Z%,8011673,8012678,8012263,8010154,8013389,8012777,8010302,8010077,8013335,8010050,8010076,8012478,8010205,;602
2021-12-25T15:26:00.000Z;Wahlitz;RE;RE 13;13;16120;8013205;8013205%2021-12-25T15:26:00.000Z%,8012066,8010047,8013455,8010226,8010224,;602
2021-12-25T15:30:00.000Z;Wahlitz;RE;RE 13;13;16123;8013205;8013205%2021-12-25T15:30:00.000Z%,8011673,8012678,8012263,8010154,8013389,8012777,8010302,8010077,8013335,8010050,8010076,8012478,8010205,;602
2021-12-25T16:26:00.000Z;Wahlitz;RE;RE 13;13;16134;8013205;8013205%2021-12-25T16:26:00.000Z%,8012066,8010047,8013455,8010226,8010224,;602
2021-12-25T16:30:00.000Z;Wahlitz;RE;RE 13;13;16125;8013205;8013205%2021-12-25T16:30:00.000Z%,8011673,8012678,8012263,8010154,8013389,8012777,8010302,8010077,8013335,8010050,8010076,8012478,8010205,;602
2021-12-25T17:26:00.000Z;Wahlitz;RE;RE 13;13;16124;8013205;8013205%2021-12-25T17:26:00.000Z%,8012066,8010047,8013455,8010226,8010224,;602
2021-12-25T17:30:00.000Z;Wahlitz;RE;RE 13;13;16127;8013205;8013205%2021-12-25T17:30:00.000Z%,8011673,8012678,8012263,8010154,8013389,8012777,8010302,8010077,8013335,8010050,8010076,8012478,8010205,;602
2021-12-25T18:26:00.000Z;Wahlitz;RE;RE 13;13;16126;8013205;8013205%2021-12-25T18:26:00.000Z%,8012066,8010047,8013455,8010226,8010224,;602
2021-12-25T18:30:00.000Z;Wahlitz;RE;RE 13;13;16129;8013205;8013205%2021-12-25T18:30:00.000Z%,8011673,8012678,8012263,8010154,8013389,8012777,8010302,8010077,8013335,8010050,8010076,8012478,8010205,;602
2021-12-25T19:26:00.000Z;Wahlitz;RE;RE 13;13;16128;8013205;8013205%2021-12-25T19:26:00.000Z%,8012066,8010047,8013455,8010226,8010224,;602
2021-12-25T19:30:00.000Z;Wahlitz;RE;RE 13;13;16131;8013205;8013205%2021-12-25T19:30:00.000Z%,8011673,8012678,8012263,8010154,8013389,8012777,8010302,8010077,8013335,8010050,8010076,8012478,8010205,;602
2021-12-25T05:13:00.000Z;Walschleben;RE;RE 55;55;16552;8013221;8013221%2021-12-25T05:13:00.000Z%,8012769,8010342,8011700,;602
2021-12-25T06:20:00.000Z;Walschleben;RE;RE 55;55;16553;8013221;8013221%2021-12-25T06:20:00.000Z%,8010198,8011503,8010102,8010101,;602
2021-12-25T07:17:00.000Z;Walschleben;RE;RE 55;55;16554;8013221;8013221%2021-12-25T07:17:00.000Z%,8012769,8010342,8011700,;602
2021-12-25T08:34:00.000Z;Walschleben;RE;RE 55;55;16555;8013221;8013221%2021-12-25T08:34:00.000Z%,8010198,8011503,8010102,8010101,;602
2021-12-25T09:17:00.000Z;Walschleben;RE;RE 55;55;16556;8013221;8013221%2021-12-25T09:17:00.000Z%,8012769,8010342,8011700,;602
2021-12-25T10:34:00.000Z;Walschleben;RE;RE 55;55;16557;8013221;8013221%2021-12-25T10:34:00.000Z%,8010198,8011503,8010102,8010101,;602
2021-12-25T11:17:00.000Z;Walschleben;RE;RE 55;55;16558;8013221;8013221%2021-12-25T11:17:00.000Z%,8012769,8010342,8011700,;602
2021-12-25T12:34:00.000Z;Walschleben;RE;RE 55;55;16559;8013221;8013221%2021-12-25T12:34:00.000Z%,8010198,8011503,8010102,8010101,;602
2021-12-25T13:17:00.000Z;Walschleben;RE;RE 55;55;16560;8013221;8013221%2021-12-25T13:17:00.000Z%,8012769,8010342,8011700,;602
2021-12-25T14:34:00.000Z;Walschleben;RE;RE 55;55;16561;8013221;8013221%2021-12-25T14:34:00.000Z%,8010198,8011503,8010102,8010101,;602
2021-12-25T15:17:00.000Z;Walschleben;RE;RE 55;55;16562;8013221;8013221%2021-12-25T15:17:00.000Z%,8012769,8010342,8011700,;602
2021-12-25T16:34:00.000Z;Walschleben;RE;RE 55;55;16563;8013221;8013221%2021-12-25T16:34:00.000Z%,8010198,8011503,8010102,8010101,;602
2021-12-25T17:17:00.000Z;Walschleben;RE;RE 55;55;16564;8013221;8013221%2021-12-25T17:17:00.000Z%,8012769,8010342,8011700,;602
2021-12-25T18:34:00.000Z;Walschleben;RE;RE 55;55;16565;8013221;8013221%2021-12-25T18:34:00.000Z%,8010198,8011503,8010102,8010101,;602
2021-12-25T19:31:00.000Z;Walschleben;RE;RE 55;55;16566;8013221;8013221%2021-12-25T19:31:00.000Z%,8012769,8010342,8011700,;602
2021-12-24T20:36:00.000Z;Walsleben;RE;RE 6;6;3636;8013222;8013222%2021-12-24T20:38:00.000Z%2,8012428,8011572,8011408,8010384,8012226,8011848,8010287,8011730,8012622,8013258,8010382,;602
2021-12-24T21:19:00.000Z;Walsleben;RE;RE 6;6;3619;8013222;8013222%2021-12-24T21:20:00.000Z%1,8010246,8010175,8011125,8012096,8013185,8013483,8013479,8010404,8011167,8011102,;602
2021-12-25T04:12:00.000Z;Walsleben;RE;RE 6;6;3639;8013222;8013222%2021-12-25T04:12:00.000Z%,8010246,8010175,8012703,8011125,8012096,8012934,8013183,8011093,8013185,8013483,8013479,8010404,8011167,8011102,;602
2021-12-25T05:16:00.000Z;Walsleben;RE;RE 6;6;3603;8013222;8013222%2021-12-25T05:16:00.000Z%,8010246,8010175,8011125,8012096,8013185,8013483,8013479,8010404,8011167,8011102,;602
2021-12-25T05:35:00.000Z;Walsleben;RE;RE 6;6;3602;8013222;8013222%2021-12-25T05:35:00.000Z%,8012428,8011572,8011408,8010384,8012226,8011848,8010287,8011730,8012622,8013258,8010382,;602
2021-12-25T07:16:00.000Z;Walsleben;RE;RE 6;6;3605;8013222;8013222%2021-12-25T07:16:00.000Z%,8010246,8010175,8011125,8012096,8013185,8013483,8013479,8010404,8011167,8011102,;602
2021-12-25T07:35:00.000Z;Walsleben;RE;RE 6;6;3604;8013222;8013222%2021-12-25T07:35:00.000Z%,8012428,8011572,8011408,8010384,8012226,8011848,8010287,8011730,8012622,8013258,8010382,;602
2021-12-25T09:16:00.000Z;Walsleben;RE;RE 6;6;3607;8013222;8013222%2021-12-25T09:16:00.000Z%,8010246,8010175,8011125,8012096,8013185,8013483,8013479,8010404,8011167,8011102,;602
2021-12-25T09:35:00.000Z;Walsleben;RE;RE 6;6;3606;8013222;8013222%2021-12-25T09:35:00.000Z%,8012428,8011572,8011408,8010384,8012226,8011848,8010287,8011730,8012622,8013258,8010382,;602
2021-12-25T11:16:00.000Z;Walsleben;RE;RE 6;6;3609;8013222;8013222%2021-12-25T11:16:00.000Z%,8010246,8010175,8011125,8012096,8013185,8013483,8013479,8010404,8011167,8011102,;602
2021-12-25T11:35:00.000Z;Walsleben;RE;RE 6;6;3608;8013222;8013222%2021-12-25T11:35:00.000Z%,8012428,8011572,8011408,8010384,8012226,8011848,8010287,8011730,8012622,8013258,8010382,;602
2021-12-25T13:16:00.000Z;Walsleben;RE;RE 6;6;3611;8013222;8013222%2021-12-25T13:16:00.000Z%,8010246,8010175,8011125,8012096,8013185,8013483,8013479,8010404,8011167,8011102,;602
2021-12-25T13:35:00.000Z;Walsleben;RE;RE 6;6;3610;8013222;8013222%2021-12-25T13:35:00.000Z%,8012428,8011572,8011408,8010384,8012226,8011848,8010287,8011730,8012622,8013258,8010382,;602
2021-12-25T15:16:00.000Z;Walsleben;RE;RE 6;6;3613;8013222;8013222%2021-12-25T15:16:00.000Z%,8010246,8010175,8011125,8012096,8013185,8013483,8013479,8010404,8011167,8011102,;602
2021-12-25T15:35:00.000Z;Walsleben;RE;RE 6;6;3612;8013222;8013222%2021-12-25T15:35:00.000Z%,8012428,8011572,8011408,8010384,8012226,8011848,8010287,8011730,8012622,8013258,8010382,;602
2021-12-25T17:16:00.000Z;Walsleben;RE;RE 6;6;3615;8013222;8013222%2021-12-25T17:16:00.000Z%,8010246,8010175,8011125,8012096,8013185,8013483,8013479,8010404,8011167,8011102,;602
2021-12-25T17:35:00.000Z;Walsleben;RE;RE 6;6;3614;8013222;8013222%2021-12-25T17:35:00.000Z%,8012428,8011572,8011408,8010384,8012226,8011848,8010287,8011730,8012622,8013258,8010382,;602
2021-12-25T19:16:00.000Z;Walsleben;RE;RE 6;6;3617;8013222;8013222%2021-12-25T19:16:00.000Z%,8010246,8010175,8011125,8012096,8013185,8013483,8013479,8010404,8011167,8011102,;602
2021-12-25T19:35:00.000Z;Walsleben;RE;RE 6;6;3616;8013222;8013222%2021-12-25T19:35:00.000Z%,8012428,8011572,8011408,8010384,8012226,8011848,8010287,8011730,8012622,8013258,8010382,;602
2021-12-24T20:45:00.000Z;Wandersleben;RB;RB 20;20;74639;8013226;8013226%2021-12-24T20:45:00.000Z%0,8010242,8011502,8010101,8013192,8011915,8010366,8012567,8011051,8012502,8011085,8010145,8010019,8010240,8012199,8010368,8010146,8011071,8012080,8011753,8012311,8012355,8012817,8010207,8012193,8010205,;426
2021-12-24T21:31:00.000Z;Wandersleben;RB;RB 20;20;74646;8013226;8013226%2021-12-24T21:31:00.000Z%0,8012965,8010136,8010118,8012320,8012826,8012899,8013366,8010097,;426
2021-12-24T21:53:00.000Z;Wandersleben;RB;RB 20;20;74641;8013226;8013226%2021-12-24T21:53:00.000Z%0,8010242,8011502,8010101,8013192,8011915,8010366,8012567,8011051,8012502,8011085,8010145,8010019,8010240,8012199,8010368,8010146,8012212,8012211,8010232,8012867,8010162,8010159,;426
2021-12-24T22:24:00.000Z;Wandersleben;RB;RB 20;20;74648;8013226;8013226%2021-12-24T22:24:00.000Z%0,8012965,8010136,8010118,8012320,8012826,8012899,8013366,8010097,;426
2021-12-24T23:22:00.000Z;Wandersleben;RB;RB 20;20;74650;8013226;8013226%2021-12-24T23:22:00.000Z%0,8012965,8010136,8010118,8012320,8012826,8012899,8013366,8010097,;426
2021-12-25T03:39:00.000Z;Wandersleben;RE;RE 1;1;3672;8013226;8013226%2021-12-25T03:39:00.000Z%,8012965,8010136,8010020,8010235,8012993,8010203,8011849,8013159,8011054,8000128,;602
2021-12-25T04:30:00.000Z;Wandersleben;RB;RB 20;20;74647;8013226;8013226%2021-12-25T04:30:00.000Z%,8010242,8011502,8010101,8013192,8011915,8010366,8012567,8011051,8012502,8011085,8010145,8010019,8010240,8012199,8010368,8010146,8011071,8012080,8011753,8012311,8012355,8012817,8010207,8012193,8010205,;426
2021-12-25T05:07:00.000Z;Wandersleben;RB;RB 20;20;74602;8013226;8013226%2021-12-25T05:07:00.000Z%,8012965,8010136,8010118,8012320,8012826,8012899,8013366,8010097,;426
2021-12-25T05:38:00.000Z;Wandersleben;RB;RB 20;20;74609;8013226;8013226%2021-12-25T05:38:00.000Z%,8010242,8011502,8010101,8013192,8011915,8010366,8012567,8011051,8012502,8011085,8010145,8010019,8010240,8012199,8010368,8010146,8011071,8012080,8011753,8012311,8012355,8012817,8010207,8012193,8010205,;426
2021-12-25T06:18:00.000Z;Wandersleben;RB;RB 20;20;74604;8013226;8013226%2021-12-25T06:18:00.000Z%,8012965,8010136,8010118,8012320,8012826,8012899,8013366,8010097,;426
2021-12-25T06:45:00.000Z;Wandersleben;RB;RB 20;20;74611;8013226;8013226%2021-12-25T06:45:00.000Z%,8010242,8011502,8010101,8013192,8011915,8010366,8012567,8011051,8012502,8011085,8010145,8010019,8010240,8012199,8010368,8010146,8011071,8012080,8011753,8012311,8012355,8012817,8010207,8012193,8010205,;426
2021-12-25T07:12:00.000Z;Wandersleben;RB;RB 20;20;74606;8013226;8013226%2021-12-25T07:12:00.000Z%,8012965,8010136,8010118,8012320,8012826,8012899,8013366,8010097,;426
2021-12-25T07:39:00.000Z;Wandersleben;RB;RB 20;20;74613;8013226;8013226%2021-12-25T07:39:00.000Z%,8010242,8011502,8010101,8013192,8011915,8010366,8012567,8011051,8012502,8011085,8010145,8010019,8010240,8012199,8010368,8010146,8011071,8012080,8011753,8012311,8012355,8012817,8010207,8012193,8010205,;426
2021-12-25T08:18:00.000Z;Wandersleben;RB;RB 20;20;74608;8013226;8013226%2021-12-25T08:18:00.000Z%,8012965,8010136,8010118,8012320,8012826,8012899,8013366,8010097,;426
2021-12-25T08:45:00.000Z;Wandersleben;RB;RB 20;20;74615;8013226;8013226%2021-12-25T08:45:00.000Z%,8010242,8011502,8010101,8013192,8011915,8010366,8012567,8011051,8012502,8011085,8010145,8010019,8010240,8012199,8010368,8010146,8011071,8012080,8011753,8012311,8012355,8012817,8010207,8012193,8010205,;426
2021-12-25T09:12:00.000Z;Wandersleben;RB;RB 20;20;74610;8013226;8013226%2021-12-25T09:12:00.000Z%,8012965,8010136,8010118,8012320,8012826,8012899,8013366,8010097,;426
2021-12-25T09:39:00.000Z;Wandersleben;RB;RB 20;20;74617;8013226;8013226%2021-12-25T09:39:00.000Z%,8010242,8011502,8010101,8013192,8011915,8010366,8012567,8011051,8012502,8011085,8010145,8010019,8010240,8012199,8010368,8010146,8011071,8012080,8011753,8012311,8012355,8012817,8010207,8012193,8010205,;426
2021-12-25T10:18:00.000Z;Wandersleben;RB;RB 20;20;74612;8013226;8013226%2021-12-25T10:18:00.000Z%,8012965,8010136,8010118,8012320,8012826,8012899,8013366,8010097,;426
2021-12-25T10:45:00.000Z;Wandersleben;RB;RB 20;20;74619;8013226;8013226%2021-12-25T10:45:00.000Z%,8010242,8011502,8010101,8013192,8011915,8010366,8012567,8011051,8012502,8011085,8010145,8010019,8010240,8012199,8010368,8010146,8011071,8012080,8011753,8012311,8012355,8012817,8010207,8012193,8010205,;426
2021-12-25T11:13:00.000Z;Wandersleben;RB;RB 20;20;74614;8013226;8013226%2021-12-25T11:13:00.000Z%,8012965,8010136,8010118,8012320,8012826,8012899,8013366,8010097,;426
2021-12-25T11:39:00.000Z;Wandersleben;RB;RB 20;20;74621;8013226;8013226%2021-12-25T11:39:00.000Z%,8010242,8011502,8010101,8013192,8011915,8010366,8012567,8011051,8012502,8011085,8010145,8010019,8010240,8012199,8010368,8010146,8011071,8012080,8011753,8012311,8012355,8012817,8010207,8012193,8010205,;426
2021-12-25T12:18:00.000Z;Wandersleben;RB;RB 20;20;74616;8013226;8013226%2021-12-25T12:18:00.000Z%,8012965,8010136,8010118,8012320,8012826,8012899,8013366,8010097,;426
2021-12-25T12:45:00.000Z;Wandersleben;RB;RB 20;20;74623;8013226;8013226%2021-12-25T12:45:00.000Z%,8010242,8011502,8010101,8013192,8011915,8010366,8012567,8011051,8012502,8011085,8010145,8010019,8010240,8012199,8010368,8010146,8011071,8012080,8011753,8012311,8012355,8012817,8010207,8012193,8010205,;426
2021-12-25T13:12:00.000Z;Wandersleben;RB;RB 20;20;74618;8013226;8013226%2021-12-25T13:12:00.000Z%,8012965,8010136,8010118,8012320,8012826,8012899,8013366,8010097,;426
2021-12-25T13:39:00.000Z;Wandersleben;RB;RB 20;20;74625;8013226;8013226%2021-12-25T13:39:00.000Z%,8010242,8011502,8010101,8013192,8011915,8010366,8012567,8011051,8012502,8011085,8010145,8010019,8010240,8012199,8010368,8010146,8011071,8012080,8011753,8012311,8012355,8012817,8010207,8012193,8010205,;426
2021-12-25T14:18:00.000Z;Wandersleben;RB;RB 20;20;74620;8013226;8013226%2021-12-25T14:18:00.000Z%,8012965,8010136,8010118,8012320,8012826,8012899,8013366,8010097,;426
2021-12-25T14:44:00.000Z;Wandersleben;RB;RB 20;20;74627;8013226;8013226%2021-12-25T14:44:00.000Z%,8010242,8011502,8010101,8013192,8011915,8010366,8012567,8011051,8012502,8011085,8010145,8010019,8010240,8012199,8010368,8010146,8011071,8012080,8011753,8012311,8012355,8012817,8010207,8012193,8010205,;426
2021-12-25T15:12:00.000Z;Wandersleben;RB;RB 20;20;74622;8013226;8013226%2021-12-25T15:12:00.000Z%,8012965,8010136,8010118,8012320,8012826,8012899,8013366,8010097,;426
2021-12-25T15:39:00.000Z;Wandersleben;RB;RB 20;20;74629;8013226;8013226%2021-12-25T15:39:00.000Z%,8010242,8011502,8010101,8013192,8011915,8010366,8012567,8011051,8012502,8011085,8010145,8010019,8010240,8012199,8010368,8010146,8011071,8012080,8011753,8012311,8012355,8012817,8010207,8012193,8010205,;426
2021-12-25T16:18:00.000Z;Wandersleben;RB;RB 20;20;74624;8013226;8013226%2021-12-25T16:18:00.000Z%,8012965,8010136,8010118,8012320,8012826,8012899,8013366,8010097,;426
2021-12-25T16:45:00.000Z;Wandersleben;RB;RB 20;20;74631;8013226;8013226%2021-12-25T16:45:00.000Z%,8010242,8011502,8010101,8013192,8011915,8010366,8012567,8011051,8012502,8011085,8010145,8010019,8010240,8012199,8010368,8010146,8011071,8012080,8011753,8012311,8012355,8012817,8010207,8012193,8010205,;426
2021-12-25T17:13:00.000Z;Wandersleben;RB;RB 20;20;74626;8013226;8013226%2021-12-25T17:13:00.000Z%,8012965,8010136,8010118,8012320,8012826,8012899,8013366,8010097,;426
2021-12-25T17:39:00.000Z;Wandersleben;RB;RB 20;20;74633;8013226;8013226%2021-12-25T17:39:00.000Z%,8010242,8011502,8010101,8013192,8011915,8010366,8012567,8011051,8012502,8011085,8010145,8010019,8010240,8012199,8010368,8010146,8011071,8012080,8011753,8012311,8012355,8012817,8010207,8012193,8010205,;426
2021-12-25T18:18:00.000Z;Wandersleben;RB;RB 20;20;74628;8013226;8013226%2021-12-25T18:18:00.000Z%,8012965,8010136,8010118,8012320,8012826,8012899,8013366,8010097,;426
2021-12-25T18:45:00.000Z;Wandersleben;RB;RB 20;20;74635;8013226;8013226%2021-12-25T18:45:00.000Z%,8010242,8011502,8010101,8013192,8011915,8010366,8012567,8011051,8012502,8011085,8010145,8010019,8010240,8012199,8010368,8010146,8011071,8012080,8011753,8012311,8012355,8012817,8010207,8012193,8010205,;426
2021-12-25T19:13:00.000Z;Wandersleben;RB;RB 20;20;74630;8013226;8013226%2021-12-25T19:13:00.000Z%,8012965,8010136,8010118,8012320,8012826,8012899,8013366,8010097,;426
2021-12-25T19:39:00.000Z;Wandersleben;RB;RB 20;20;74637;8013226;8013226%2021-12-25T19:39:00.000Z%,8010242,8011502,8010101,8013192,8011915,8010366,8012567,8011051,8012502,8011085,8010145,8010019,8010240,8012199,8010368,8010146,8011071,8012080,8011753,8012311,8012355,8012817,8010207,8012193,8010205,;426
2021-12-25T20:17:00.000Z;Wandersleben;RB;RB 20;20;74632;8013226;8013226%2021-12-25T20:17:00.000Z%,8012965,8010136,8010118,8012320,8012826,8012899,8013366,8010097,;426
2021-12-25T06:38:00.000Z;Wasserthaleben;RE;RE 56;56;16570;8013244;8013244%2021-12-25T06:38:00.000Z%,8012500,8011891,;602
2021-12-25T07:14:00.000Z;Wasserthaleben;RE;RE 56;56;16571;8013244;8013244%2021-12-25T07:14:00.000Z%,8011700,8011594,8010342,8012769,8010102,8010101,;602
2021-12-25T08:38:00.000Z;Wasserthaleben;RE;RE 56;56;16572;8013244;8013244%2021-12-25T08:38:00.000Z%,8012500,8011891,;602
2021-12-25T09:14:00.000Z;Wasserthaleben;RE;RE 56;56;16573;8013244;8013244%2021-12-25T09:14:00.000Z%,8011700,8011594,8010342,8012769,8010102,8010101,;602
2021-12-25T10:38:00.000Z;Wasserthaleben;RE;RE 56;56;16574;8013244;8013244%2021-12-25T10:38:00.000Z%,8012500,8011891,;602
2021-12-25T11:14:00.000Z;Wasserthaleben;RE;RE 56;56;16575;8013244;8013244%2021-12-25T11:14:00.000Z%,8011700,8011594,8010342,8012769,8010102,8010101,;602
2021-12-25T12:38:00.000Z;Wasserthaleben;RE;RE 56;56;16576;8013244;8013244%2021-12-25T12:38:00.000Z%,8012500,8011891,;602
2021-12-25T13:14:00.000Z;Wasserthaleben;RE;RE 56;56;16577;8013244;8013244%2021-12-25T13:14:00.000Z%,8011700,8011594,8010342,8012769,8010102,8010101,;602
2021-12-25T14:38:00.000Z;Wasserthaleben;RE;RE 56;56;16578;8013244;8013244%2021-12-25T14:38:00.000Z%,8012500,8011891,;602
2021-12-25T15:14:00.000Z;Wasserthaleben;RE;RE 56;56;16579;8013244;8013244%2021-12-25T15:14:00.000Z%,8011700,8011594,8010342,8012769,8010102,8010101,;602
2021-12-25T16:38:00.000Z;Wasserthaleben;RE;RE 56;56;16580;8013244;8013244%2021-12-25T16:38:00.000Z%,8012500,8011891,;602
2021-12-25T17:14:00.000Z;Wasserthaleben;RE;RE 56;56;16581;8013244;8013244%2021-12-25T17:14:00.000Z%,8011700,8011594,8010342,8012769,8010102,8010101,;602
2021-12-25T18:38:00.000Z;Wasserthaleben;RE;RE 56;56;16582;8013244;8013244%2021-12-25T18:38:00.000Z%,8012500,8011891,;602
2021-12-25T19:14:00.000Z;Wasserthaleben;RE;RE 56;56;16583;8013244;8013244%2021-12-25T19:14:00.000Z%,8011700,8011594,8010342,8012769,8010102,8010101,;602
2021-12-24T20:50:00.000Z;Weisen;RE;RE 6;6;3616;8013258;8013258%2021-12-24T20:51:00.000Z%1,8010382,;602
2021-12-24T21:50:00.000Z;Weisen;RE;RE 6;6;3636;8013258;8013258%2021-12-24T21:50:00.000Z%0,8010382,;602
2021-12-25T06:09:00.000Z;Weisen;RE;RE 6;6;3605;8013258;8013258%2021-12-25T06:09:00.000Z%,8012622,8011730,8010287,8011848,8012226,8010384,8011408,8011572,8012428,8013222,8010246,8010175,8011125,8012096,8013185,8013483,8013479,8010404,8011167,8011102,;602
2021-12-25T06:50:00.000Z;Weisen;RE;RE 6;6;3602;8013258;8013258%2021-12-25T06:50:00.000Z%,8010382,;602
2021-12-25T08:09:00.000Z;Weisen;RE;RE 6;6;3607;8013258;8013258%2021-12-25T08:09:00.000Z%,8012622,8011730,8010287,8011848,8012226,8010384,8011408,8011572,8012428,8013222,8010246,8010175,8011125,8012096,8013185,8013483,8013479,8010404,8011167,8011102,;602
2021-12-25T08:50:00.000Z;Weisen;RE;RE 6;6;3604;8013258;8013258%2021-12-25T08:50:00.000Z%,8010382,;602
2021-12-25T09:09:00.000Z;Weisen;RE;RE 6;6;3627;8013258;8013258%2021-12-25T09:09:00.000Z%,8012622,8011730,8010287,8011848,8012226,8010384,8010246,8010175,8012703,8011125,8012096,8013185,8013483,8013479,8010404,8011167,8011102,;602
2021-12-25T09:50:00.000Z;Weisen;RE;RE 6;6;3624;8013258;8013258%2021-12-25T09:50:00.000Z%,8010382,;602
2021-12-25T10:09:00.000Z;Weisen;RE;RE 6;6;3609;8013258;8013258%2021-12-25T10:09:00.000Z%,8012622,8011730,8010287,8011848,8012226,8010384,8011408,8011572,8012428,8013222,8010246,8010175,8011125,8012096,8013185,8013483,8013479,8010404,8011167,8011102,;602
2021-12-25T10:50:00.000Z;Weisen;RE;RE 6;6;3606;8013258;8013258%2021-12-25T10:50:00.000Z%,8010382,;602
2021-12-25T11:10:00.000Z;Weisen;RE;RE 6;6;3629;8013258;8013258%2021-12-25T11:10:00.000Z%,8012622,8011730,8010287,8011848,8012226,8010384,8010246,8010175,8012703,8011125,8012096,8013185,8013483,8013479,8010404,8011167,8011102,;602
2021-12-25T11:50:00.000Z;Weisen;RE;RE 6;6;3626;8013258;8013258%2021-12-25T11:50:00.000Z%,8010382,;602
2021-12-25T12:09:00.000Z;Weisen;RE;RE 6;6;3611;8013258;8013258%2021-12-25T12:09:00.000Z%,8012622,8011730,8010287,8011848,8012226,8010384,8011408,8011572,8012428,8013222,8010246,8010175,8011125,8012096,8013185,8013483,8013479,8010404,8011167,8011102,;602
2021-12-25T12:50:00.000Z;Weisen;RE;RE 6;6;3608;8013258;8013258%2021-12-25T12:50:00.000Z%,8010382,;602
2021-12-25T13:10:00.000Z;Weisen;RE;RE 6;6;3631;8013258;8013258%2021-12-25T13:10:00.000Z%,8012622,8011730,8010287,8011848,8012226,8010384,8010246,8010175,8012703,8011125,8012096,8013185,8013483,8013479,8010404,8011167,8011102,;602
2021-12-25T13:50:00.000Z;Weisen;RE;RE 6;6;3628;8013258;8013258%2021-12-25T13:50:00.000Z%,8010382,;602
2021-12-25T14:09:00.000Z;Weisen;RE;RE 6;6;3613;8013258;8013258%2021-12-25T14:09:00.000Z%,8012622,8011730,8010287,8011848,8012226,8010384,8011408,8011572,8012428,8013222,8010246,8010175,8011125,8012096,8013185,8013483,8013479,8010404,8011167,8011102,;602
2021-12-25T14:50:00.000Z;Weisen;RE;RE 6;6;3610;8013258;8013258%2021-12-25T14:50:00.000Z%,8010382,;602
2021-12-25T15:10:00.000Z;Weisen;RE;RE 6;6;3633;8013258;8013258%2021-12-25T15:10:00.000Z%,8012622,8011730,8010287,8011848,8012226,8010384,8010246,8010175,8012703,8011125,8012096,8013185,8013483,8013479,8010404,8011167,8011102,;602
2021-12-25T15:50:00.000Z;Weisen;RE;RE 6;6;3630;8013258;8013258%2021-12-25T15:50:00.000Z%,8010382,;602
2021-12-25T16:09:00.000Z;Weisen;RE;RE 6;6;3615;8013258;8013258%2021-12-25T16:09:00.000Z%,8012622,8011730,8010287,8011848,8012226,8010384,8011408,8011572,8012428,8013222,8010246,8010175,8011125,8012096,8013185,8013483,8013479,8010404,8011167,8011102,;602
2021-12-25T16:50:00.000Z;Weisen;RE;RE 6;6;3612;8013258;8013258%2021-12-25T16:50:00.000Z%,8010382,;602
2021-12-25T17:10:00.000Z;Weisen;RE;RE 6;6;3635;8013258;8013258%2021-12-25T17:10:00.000Z%,8012622,8011730,8010287,8011848,8012226,8010384,8010246,8010175,8012703,8011125,8012096,8013185,8013483,8013479,8010404,8011167,8011102,;602
2021-12-25T17:50:00.000Z;Weisen;RE;RE 6;6;3632;8013258;8013258%2021-12-25T17:50:00.000Z%,8010382,;602
2021-12-25T18:09:00.000Z;Weisen;RE;RE 6;6;3617;8013258;8013258%2021-12-25T18:09:00.000Z%,8012622,8011730,8010287,8011848,8012226,8010384,8011408,8011572,8012428,8013222,8010246,8010175,8011125,8012096,8013185,8013483,8013479,8010404,8011167,8011102,;602
2021-12-25T18:50:00.000Z;Weisen;RE;RE 6;6;3614;8013258;8013258%2021-12-25T18:50:00.000Z%,8010382,;602
2021-12-25T19:10:00.000Z;Weisen;RE;RE 6;6;3637;8013258;8013258%2021-12-25T19:10:00.000Z%,8012622,8011730,8010287,8011848,8012226,8010384,8010246,8010175,8012703,8011125,8012096,8013185,8013483,8013479,8010404,8011167,8011102,;602
2021-12-25T19:50:00.000Z;Weisen;RE;RE 6;6;3634;8013258;8013258%2021-12-25T19:50:00.000Z%,8010382,;602
2021-12-25T20:09:00.000Z;Weisen;RE;RE 6;6;3619;8013258;8013258%2021-12-25T20:09:00.000Z%,8012622,8011730,8010287,8011848,8012226,8010384,8011408,8011572,8012428,8013222,8010246,8010175,8011125,8012096,8013185,8013483,8013479,8010404,8011167,8011102,;602
2021-12-24T20:40:00.000Z;Weißenfels West;RB;RB 76;76;16883;8013261;8013261%2021-12-24T20:40:00.000Z%0,8012155,8012675,8010349,8010078,8012259,8013115,8010390,;426
2021-12-25T06:24:00.000Z;Weißenfels West;RB;RB 76;76;16856;8013261;8013261%2021-12-25T06:24:00.000Z%,8010368,;426
2021-12-25T06:45:00.000Z;Weißenfels West;RB;RB 76;76;16857;8013261;8013261%2021-12-25T06:45:00.000Z%,8012155,8012675,8010349,8010078,8012259,8013115,8010390,;426
2021-12-25T08:12:00.000Z;Weißenfels West;RB;RB 76;76;16860;8013261;8013261%2021-12-25T08:12:00.000Z%,8010368,;426
2021-12-25T08:45:00.000Z;Weißenfels West;RB;RB 76;76;16861;8013261;8013261%2021-12-25T08:45:00.000Z%,8012155,8012675,8010349,8010078,8012259,8013115,8010390,;426
2021-12-25T10:12:00.000Z;Weißenfels West;RB;RB 76;76;16864;8013261;8013261%2021-12-25T10:12:00.000Z%,8010368,;426
2021-12-25T10:45:00.000Z;Weißenfels West;RB;RB 76;76;16865;8013261;8013261%2021-12-25T10:45:00.000Z%,8012155,8012675,8010349,8010078,8012259,8013115,8010390,;426
2021-12-25T12:12:00.000Z;Weißenfels West;RB;RB 76;76;16868;8013261;8013261%2021-12-25T12:12:00.000Z%,8010368,;426
2021-12-25T12:45:00.000Z;Weißenfels West;RB;RB 76;76;16869;8013261;8013261%2021-12-25T12:45:00.000Z%,8012155,8012675,8010349,8010078,8012259,8013115,8010390,;426
2021-12-25T14:12:00.000Z;Weißenfels West;RB;RB 76;76;16872;8013261;8013261%2021-12-25T14:12:00.000Z%,8010368,;426
2021-12-25T14:45:00.000Z;Weißenfels West;RB;RB 76;76;16873;8013261;8013261%2021-12-25T14:45:00.000Z%,8012155,8012675,8010349,8010078,8012259,8013115,8010390,;426
2021-12-25T16:12:00.000Z;Weißenfels West;RB;RB 76;76;16876;8013261;8013261%2021-12-25T16:12:00.000Z%,8010368,;426
2021-12-25T16:45:00.000Z;Weißenfels West;RB;RB 76;76;16877;8013261;8013261%2021-12-25T16:45:00.000Z%,8012155,8012675,8010349,8010078,8012259,8013115,8010390,;426
2021-12-25T18:12:00.000Z;Weißenfels West;RB;RB 76;76;16880;8013261;8013261%2021-12-25T18:12:00.000Z%,8010368,;426
2021-12-25T18:45:00.000Z;Weißenfels West;RB;RB 76;76;16881;8013261;8013261%2021-12-25T18:45:00.000Z%,8012155,8012675,8010349,8010078,8012259,8013115,8010390,;426
2021-12-25T20:12:00.000Z;Weißenfels West;RB;RB 76;76;16882;8013261;8013261%2021-12-25T20:12:00.000Z%,8010368,;426
2021-12-24T20:42:00.000Z;Wilmersdorf(Angerm);RE;RE 3;3;3318;8013313;8013313%2021-12-24T20:43:00.000Z%1,8013238,8012968,8010282,8012418,8010268,8010179,8011536,8011438,8011044,8012021,8010396,8011723,8011694,8010139,8012358,8010338,;602
2021-12-24T21:20:00.000Z;Wilmersdorf(Angerm);RE;RE 3;3;3319;8013313;8013313%2021-12-24T21:22:00.000Z%2,8010004,8011314,8010064,8010093,8012329,8011188,8012819,8013470,8011102,8098160,;602
2021-12-24T22:49:00.000Z;Wilmersdorf(Angerm);RE;RE 3;3;3326;8013313;8013313%2021-12-24T22:49:00.000Z%,8013238,8012968,8010282,8012418,8010268,;602
2021-12-24T23:20:00.000Z;Wilmersdorf(Angerm);RE;RE 3;3;3321;8013313;8013313%2021-12-24T23:20:00.000Z%,8010004,8011314,8010064,8010093,8012329,8011188,8012819,8013470,8011102,8098160,;602
2021-12-25T04:42:00.000Z;Wilmersdorf(Angerm);RE;RE 3;3;3302;8013313;8013313%2021-12-25T04:42:00.000Z%,8013238,8012968,8010282,8012418,8010268,8010179,8011536,8011438,8011044,8012021,8010396,8011723,8011694,8010139,8012358,8013352,8010338,;602
2021-12-25T05:20:00.000Z;Wilmersdorf(Angerm);RE;RE 3;3;3303;8013313;8013313%2021-12-25T05:20:00.000Z%,8010004,8011314,8010064,8010093,8013470,8011102,8098160,8011118,8011113,8011041,8010215,8013123,8013137,8013345,8012260,8010182,8012552,8013384,8012233,8011909,8011867,8010103,;602
2021-12-25T06:42:00.000Z;Wilmersdorf(Angerm);RE;RE 3;3;3304;8013313;8013313%2021-12-25T06:42:00.000Z%,8013238,8012968,8010282,8012418,8010268,8010179,8011536,8011438,8011044,8012021,8010396,8011723,8011694,8010139,8012358,8010338,;602
2021-12-25T07:20:00.000Z;Wilmersdorf(Angerm);RE;RE 3;3;3305;8013313;8013313%2021-12-25T07:20:00.000Z%,8010004,8011314,8010064,8010093,8013470,8011102,8098160,8011118,8011113,8011041,8010215,8013123,8013137,8013345,8012260,8010182,8012552,8013384,8012233,8011909,8011867,8010103,;602
2021-12-25T07:30:00.000Z;Wilmersdorf(Angerm);RB;RB 62;62;61307;8013313;8013313%2021-12-25T07:30:00.000Z%,8013238,8012968,8010282,;426
2021-12-25T08:42:00.000Z;Wilmersdorf(Angerm);RE;RE 3;3;3306;8013313;8013313%2021-12-25T08:42:00.000Z%,8013238,8012968,8010282,8012418,8010268,8010179,8011536,8011438,8011044,8012021,8010396,8011723,8011694,8010139,8012358,8010338,;602
2021-12-25T09:20:00.000Z;Wilmersdorf(Angerm);RE;RE 3;3;3307;8013313;8013313%2021-12-25T09:20:00.000Z%,8010004,8011314,8010064,8010093,8013470,8011102,8098160,8011118,8011113,8011041,8010215,8013123,8013137,8013345,8012260,8010182,8012552,8013384,8012233,8011909,8011867,8010103,;602
2021-12-25T10:42:00.000Z;Wilmersdorf(Angerm);RE;RE 3;3;3308;8013313;8013313%2021-12-25T10:42:00.000Z%,8013238,8012968,8010282,8012418,8010268,8010179,8011536,8011438,8011044,8012021,8010396,8011723,8011694,8010139,8012358,8010338,;602
2021-12-25T11:20:00.000Z;Wilmersdorf(Angerm);RE;RE 3;3;3309;8013313;8013313%2021-12-25T11:20:00.000Z%,8010004,8011314,8010064,8010093,8013470,8011102,8098160,8011118,8011113,8011041,8010215,8013123,8013137,8013345,8012260,8010182,8012552,8013384,8012233,8011909,8011867,8010103,;602
2021-12-25T12:42:00.000Z;Wilmersdorf(Angerm);RE;RE 3;3;3310;8013313;8013313%2021-12-25T12:42:00.000Z%,8013238,8012968,8010282,8012418,8010268,8010179,8011536,8011438,8011044,8012021,8010396,8011723,8011694,8010139,8012358,8010338,;602
2021-12-25T13:20:00.000Z;Wilmersdorf(Angerm);RE;RE 3;3;3311;8013313;8013313%2021-12-25T13:20:00.000Z%,8010004,8011314,8010064,8010093,8013470,8011102,8098160,8011118,8011113,8011041,8010215,8013123,8013137,8013345,8012260,8010182,8012552,8013384,8012233,8011909,8011867,8010103,;602
2021-12-25T14:41:00.000Z;Wilmersdorf(Angerm);RE;RE 3;3;3312;8013313;8013313%2021-12-25T14:41:00.000Z%,8013238,8012968,8010282,8012418,8010268,8010179,8011536,8011438,8011044,8012021,8010396,8011723,8011694,8010139,8012358,8010338,;602
2021-12-25T15:20:00.000Z;Wilmersdorf(Angerm);RE;RE 3;3;3313;8013313;8013313%2021-12-25T15:20:00.000Z%,8010004,8011314,8010064,8010093,8013470,8011102,8098160,8011118,8011113,8011041,8010215,8013123,8013137,8013345,8012260,8010182,8012552,8013384,8012233,8011909,8011867,8010103,;602
2021-12-25T16:42:00.000Z;Wilmersdorf(Angerm);RE;RE 3;3;3314;8013313;8013313%2021-12-25T16:42:00.000Z%,8013238,8012968,8010282,8012418,8010268,8010179,8011536,8011438,8011044,8012021,8010396,8011723,8011694,8010139,8012358,8010338,;602
2021-12-25T17:20:00.000Z;Wilmersdorf(Angerm);RE;RE 3;3;3315;8013313;8013313%2021-12-25T17:20:00.000Z%,8010004,8011314,8010064,8010093,8013470,8011102,8098160,8011118,8011113,8011041,8010215,8013123,8013137,8013345,8012260,8010182,8012552,8013384,8012233,8011909,8011867,8010103,;602
2021-12-25T18:42:00.000Z;Wilmersdorf(Angerm);RE;RE 3;3;3316;8013313;8013313%2021-12-25T18:42:00.000Z%,8013238,8012968,8010282,8012418,8010268,8010179,8011536,8011438,8011044,8012021,8010396,8011723,8011694,8010139,8012358,8010338,;602
2021-12-25T19:20:00.000Z;Wilmersdorf(Angerm);RE;RE 3;3;3317;8013313;8013313%2021-12-25T19:20:00.000Z%,8010004,8011314,8010064,8010093,8013470,8011102,8098160,8011118,8011113,8011041,8010215,8013123,8013137,8013345,8012260,8010182,8012552,8013384,8012233,8011909,8011867,8010103,;602
2021-12-25T07:50:00.000Z;Wingerode;RB;RB 57;57;74804;8013315;8013315%2021-12-25T07:50:00.000Z%,8011219,8011849,;426
2021-12-25T08:10:00.000Z;Wingerode;RB;RB 57;57;74805;8013315;8013315%2021-12-25T08:10:00.000Z%,8011178,8010203,8011834,8012492,8011172,8013004,8011602,8010055,8013318,8012512,8010385,8013291,8010256,;426
2021-12-25T09:50:00.000Z;Wingerode;RB;RB 57;57;74806;8013315;8013315%2021-12-25T09:50:00.000Z%,8011219,8011849,;426
2021-12-25T10:10:00.000Z;Wingerode;RB;RB 57;57;74807;8013315;8013315%2021-12-25T10:10:00.000Z%,8011178,8010203,8011834,8012492,8011172,8013004,8011602,8010055,8013318,8012512,8010385,8013291,8010256,;426
2021-12-25T11:50:00.000Z;Wingerode;RB;RB 57;57;74808;8013315;8013315%2021-12-25T11:50:00.000Z%,8011219,8011849,;426
2021-12-25T12:10:00.000Z;Wingerode;RB;RB 57;57;74809;8013315;8013315%2021-12-25T12:10:00.000Z%,8011178,8010203,8011834,8012492,8011172,8013004,8011602,8010055,8013318,8012512,8010385,8013291,8010256,;426
2021-12-25T13:50:00.000Z;Wingerode;RB;RB 57;57;74810;8013315;8013315%2021-12-25T13:50:00.000Z%,8011219,8011849,;426
2021-12-25T14:10:00.000Z;Wingerode;RB;RB 57;57;74815;8013315;8013315%2021-12-25T14:10:00.000Z%,8011178,8010203,8011834,8012492,8011172,8013004,8011602,8010055,8013318,8012512,8010385,8013291,8010256,;426
2021-12-25T15:50:00.000Z;Wingerode;RB;RB 57;57;74812;8013315;8013315%2021-12-25T15:50:00.000Z%,8011219,8011849,;426
2021-12-25T16:10:00.000Z;Wingerode;RB;RB 57;57;74817;8013315;8013315%2021-12-25T16:10:00.000Z%,8011178,8010203,8011834,8012492,8011172,8013004,8011602,8010055,8013318,8012512,8010385,8013291,8010256,;426
2021-12-25T17:50:00.000Z;Wingerode;RB;RB 57;57;74814;8013315;8013315%2021-12-25T17:50:00.000Z%,8011219,8011849,;426
2021-12-25T18:10:00.000Z;Wingerode;RB;RB 57;57;74819;8013315;8013315%2021-12-25T18:10:00.000Z%,8011178,8010203,8011834,8012492,8011172,8013004,8011602,8010055,8013318,8012512,8010385,8013291,8010256,;426
2021-12-24T20:50:00.000Z;Woffleben;RB;RB 80;80;14024;8013333;8013333%2021-12-24T20:50:00.000Z%0,8011480,8006172,8000739,8005324,8000166,8002641,8006592,8003209,8000283,;426
2021-12-24T21:03:00.000Z;Woffleben;RB;RB 81;81;14177;8013333;8013333%2021-12-24T21:03:00.000Z%0,8012494,8012516,8010256,;426
2021-12-24T22:03:00.000Z;Woffleben;RB;RB 80;80;14027;8013333;8013333%2021-12-24T22:03:00.000Z%0,8012494,8012516,8010256,;426
2021-12-25T05:50:00.000Z;Woffleben;RB;RB 80;80;14008;8013333;8013333%2021-12-25T05:50:00.000Z%,8011480,8006172,8000739,8005324,8000166,8002641,8006592,8003209,8000283,8004441,8000128,;426
2021-12-25T06:50:00.000Z;Woffleben;RB;RB 81;81;14156;8013333;8013333%2021-12-25T06:50:00.000Z%,8011480,8006172,8000739,8005324,8000166,8002641,8006592,8003209,8000283,8002594,8006112,8006041,8001050,;426
2021-12-25T07:03:00.000Z;Woffleben;RB;RB 80;80;14007;8013333;8013333%2021-12-25T07:03:00.000Z%,8012494,8012516,8010256,;426
2021-12-25T07:50:00.000Z;Woffleben;RB;RB 80;80;14010;8013333;8013333%2021-12-25T07:50:00.000Z%,8011480,8006172,8000739,8005324,8000166,8002641,8006592,8003209,8000283,8004441,8000128,;426
2021-12-25T08:03:00.000Z;Woffleben;RB;RB 80;80;14009;8013333;8013333%2021-12-25T08:03:00.000Z%,8012494,8012516,8010256,;426
2021-12-25T08:50:00.000Z;Woffleben;RB;RB 81;81;14158;8013333;8013333%2021-12-25T08:50:00.000Z%,8011480,8006172,8000739,8005324,8000166,8002641,8006592,8003209,8000283,8002594,8006112,8006041,8001050,;426
2021-12-25T09:03:00.000Z;Woffleben;RB;RB 81;81;14157;8013333;8013333%2021-12-25T09:03:00.000Z%,8012494,8012516,8010256,;426
2021-12-25T09:50:00.000Z;Woffleben;RB;RB 80;80;14012;8013333;8013333%2021-12-25T09:50:00.000Z%,8011480,8006172,8000739,8005324,8000166,8002641,8006592,8003209,8000283,8004441,8000128,;426
2021-12-25T10:03:00.000Z;Woffleben;RB;RB 80;80;14011;8013333;8013333%2021-12-25T10:03:00.000Z%,8012494,8012516,8010256,;426
2021-12-25T10:50:00.000Z;Woffleben;RB;RB 81;81;14162;8013333;8013333%2021-12-25T10:50:00.000Z%,8011480,8006172,8000739,8005324,8000166,8002641,8006592,8003209,8000283,8002594,8006112,8006041,8001050,;426
2021-12-25T11:03:00.000Z;Woffleben;RB;RB 81;81;14159;8013333;8013333%2021-12-25T11:03:00.000Z%,8012494,8012516,8010256,;426
2021-12-25T11:50:00.000Z;Woffleben;RB;RB 80;80;14014;8013333;8013333%2021-12-25T11:50:00.000Z%,8011480,8006172,8000739,8005324,8000166,8002641,8006592,8003209,8000283,8004441,8000128,;426
2021-12-25T12:03:00.000Z;Woffleben;RB;RB 80;80;14013;8013333;8013333%2021-12-25T12:03:00.000Z%,8012494,8012516,8010256,;426
2021-12-25T12:50:00.000Z;Woffleben;RB;RB 81;81;14166;8013333;8013333%2021-12-25T12:50:00.000Z%,8011480,8006172,8000739,8005324,8000166,8002641,8006592,8003209,8000283,8002594,8006112,8006041,8001050,;426
2021-12-25T13:03:00.000Z;Woffleben;RB;RB 81;81;14161;8013333;8013333%2021-12-25T13:03:00.000Z%,8012494,8012516,8010256,;426
2021-12-25T13:50:00.000Z;Woffleben;RB;RB 80;80;14016;8013333;8013333%2021-12-25T13:50:00.000Z%,8011480,8006172,8000739,8005324,8000166,8002641,8006592,8003209,8000283,8004441,8000128,;426
2021-12-25T14:03:00.000Z;Woffleben;RB;RB 80;80;14015;8013333;8013333%2021-12-25T14:03:00.000Z%,8012494,8012516,8010256,;426
2021-12-25T14:50:00.000Z;Woffleben;RB;RB 81;81;14170;8013333;8013333%2021-12-25T14:50:00.000Z%,8011480,8006172,8000739,8005324,8000166,8002641,8006592,8003209,8000283,8002594,8006112,8006041,8001050,;426
2021-12-25T15:03:00.000Z;Woffleben;RB;RB 81;81;14167;8013333;8013333%2021-12-25T15:03:00.000Z%,8012494,8012516,8010256,;426
2021-12-25T15:50:00.000Z;Woffleben;RB;RB 80;80;14018;8013333;8013333%2021-12-25T15:50:00.000Z%,8011480,8006172,8000739,8005324,8000166,8002641,8006592,8003209,8000283,8004441,8000128,;426
2021-12-25T16:03:00.000Z;Woffleben;RB;RB 80;80;14019;8013333;8013333%2021-12-25T16:03:00.000Z%,8012494,8012516,8010256,;426
2021-12-25T16:50:00.000Z;Woffleben;RB;RB 81;81;14174;8013333;8013333%2021-12-25T16:50:00.000Z%,8011480,8006172,8000739,8005324,8000166,8002641,8006592,8003209,8000283,8002594,8006112,8006041,8001050,;426
2021-12-25T17:03:00.000Z;Woffleben;RB;RB 81;81;14169;8013333;8013333%2021-12-25T17:03:00.000Z%,8012494,8012516,8010256,;426
2021-12-25T17:50:00.000Z;Woffleben;RB;RB 80;80;14020;8013333;8013333%2021-12-25T17:50:00.000Z%,8011480,8006172,8000739,8005324,8000166,8002641,8006592,8003209,8000283,8004441,8000128,;426
2021-12-25T18:03:00.000Z;Woffleben;RB;RB 80;80;14023;8013333;8013333%2021-12-25T18:03:00.000Z%,8012494,8012516,8010256,;426
2021-12-25T18:50:00.000Z;Woffleben;RB;RB 81;81;14176;8013333;8013333%2021-12-25T18:50:00.000Z%,8011480,8006172,8000739,8005324,8000166,8002641,8006592,8003209,8000283,8002594,8006112,8006041,8001050,;426
2021-12-25T19:03:00.000Z;Woffleben;RB;RB 81;81;14173;8013333;8013333%2021-12-25T19:03:00.000Z%,8012494,8012516,8010256,;426
2021-12-25T19:50:00.000Z;Woffleben;RB;RB 80;80;14022;8013333;8013333%2021-12-25T19:50:00.000Z%,8011480,8006172,8000739,8005324,8000166,8002641,8006592,8003209,8000283,8004441,8000128,;426
2021-12-25T20:03:00.000Z;Woffleben;RB;RB 80;80;14025;8013333;8013333%2021-12-25T20:03:00.000Z%,8012494,8012516,8010256,;426
2021-12-24T20:43:00.000Z;Wutha;RB;RB 20;20;74632;8013366;8013366%2021-12-24T20:43:00.000Z%0,8010097,;426
2021-12-24T21:22:00.000Z;Wutha;RB;RB 20;20;74641;8013366;8013366%2021-12-24T21:22:00.000Z%0,8012899,8012826,8012320,8010118,8010136,8012965,8013226,8010242,8011502,8010101,8013192,8011915,8010366,8012567,8011051,8012502,8011085,8010145,8010019,8010240,8012199,8010368,8010146,8012212,8012211,8010232,8012867,8010162,8010159,;426
2021-12-24T21:57:00.000Z;Wutha;RB;RB 20;20;74646;8013366;8013366%2021-12-24T21:57:00.000Z%0,8010097,;426
2021-12-24T22:51:00.000Z;Wutha;RB;RB 20;20;74648;8013366;8013366%2021-12-24T22:51:00.000Z%0,8010097,;426
2021-12-24T23:47:00.000Z;Wutha;RB;RB 20;20;74650;8013366;8013366%2021-12-24T23:47:00.000Z%0,8010097,;426
2021-12-25T04:03:00.000Z;Wutha;RB;RB 20;20;74647;8013366;8013366%2021-12-25T04:03:00.000Z%,8012899,8012826,8012320,8010118,8010136,8012965,8013226,8010242,8011502,8010101,8013192,8011915,8010366,8012567,8011051,8012502,8011085,8010145,8010019,8010240,8012199,8010368,8010146,8011071,8012080,8011753,8012311,8012355,8012817,8010207,8012193,8010205,;426
2021-12-25T05:11:00.000Z;Wutha;RB;RB 20;20;74609;8013366;8013366%2021-12-25T05:11:00.000Z%,8012899,8012826,8012320,8010118,8010136,8012965,8013226,8010242,8011502,8010101,8013192,8011915,8010366,8012567,8011051,8012502,8011085,8010145,8010019,8010240,8012199,8010368,8010146,8011071,8012080,8011753,8012311,8012355,8012817,8010207,8012193,8010205,;426
2021-12-25T05:32:00.000Z;Wutha;RB;RB 20;20;74602;8013366;8013366%2021-12-25T05:32:00.000Z%,8010097,;426
2021-12-25T06:17:00.000Z;Wutha;RB;RB 20;20;74611;8013366;8013366%2021-12-25T06:17:00.000Z%,8012899,8012826,8012320,8010118,8010136,8012965,8013226,8010242,8011502,8010101,8013192,8011915,8010366,8012567,8011051,8012502,8011085,8010145,8010019,8010240,8012199,8010368,8010146,8011071,8012080,8011753,8012311,8012355,8012817,8010207,8012193,8010205,;426
2021-12-25T06:44:00.000Z;Wutha;RB;RB 20;20;74604;8013366;8013366%2021-12-25T06:44:00.000Z%,8010097,;426
2021-12-25T07:11:00.000Z;Wutha;RB;RB 20;20;74613;8013366;8013366%2021-12-25T07:11:00.000Z%,8012899,8012826,8012320,8010118,8010136,8012965,8013226,8010242,8011502,8010101,8013192,8011915,8010366,8012567,8011051,8012502,8011085,8010145,8010019,8010240,8012199,8010368,8010146,8011071,8012080,8011753,8012311,8012355,8012817,8010207,8012193,8010205,;426
2021-12-25T07:38:00.000Z;Wutha;RB;RB 20;20;74606;8013366;8013366%2021-12-25T07:38:00.000Z%,8010097,;426
2021-12-25T08:17:00.000Z;Wutha;RB;RB 20;20;74615;8013366;8013366%2021-12-25T08:17:00.000Z%,8012899,8012826,8012320,8010118,8010136,8012965,8013226,8010242,8011502,8010101,8013192,8011915,8010366,8012567,8011051,8012502,8011085,8010145,8010019,8010240,8012199,8010368,8010146,8011071,8012080,8011753,8012311,8012355,8012817,8010207,8012193,8010205,;426
2021-12-25T08:44:00.000Z;Wutha;RB;RB 20;20;74608;8013366;8013366%2021-12-25T08:44:00.000Z%,8010097,;426
2021-12-25T09:11:00.000Z;Wutha;RB;RB 20;20;74617;8013366;8013366%2021-12-25T09:11:00.000Z%,8012899,8012826,8012320,8010118,8010136,8012965,8013226,8010242,8011502,8010101,8013192,8011915,8010366,8012567,8011051,8012502,8011085,8010145,8010019,8010240,8012199,8010368,8010146,8011071,8012080,8011753,8012311,8012355,8012817,8010207,8012193,8010205,;426
2021-12-25T09:38:00.000Z;Wutha;RB;RB 20;20;74610;8013366;8013366%2021-12-25T09:38:00.000Z%,8010097,;426
2021-12-25T10:17:00.000Z;Wutha;RB;RB 20;20;74619;8013366;8013366%2021-12-25T10:17:00.000Z%,8012899,8012826,8012320,8010118,8010136,8012965,8013226,8010242,8011502,8010101,8013192,8011915,8010366,8012567,8011051,8012502,8011085,8010145,8010019,8010240,8012199,8010368,8010146,8011071,8012080,8011753,8012311,8012355,8012817,8010207,8012193,8010205,;426
2021-12-25T10:44:00.000Z;Wutha;RB;RB 20;20;74612;8013366;8013366%2021-12-25T10:44:00.000Z%,8010097,;426
2021-12-25T11:11:00.000Z;Wutha;RB;RB 20;20;74621;8013366;8013366%2021-12-25T11:11:00.000Z%,8012899,8012826,8012320,8010118,8010136,8012965,8013226,8010242,8011502,8010101,8013192,8011915,8010366,8012567,8011051,8012502,8011085,8010145,8010019,8010240,8012199,8010368,8010146,8011071,8012080,8011753,8012311,8012355,8012817,8010207,8012193,8010205,;426
2021-12-25T11:38:00.000Z;Wutha;RB;RB 20;20;74614;8013366;8013366%2021-12-25T11:38:00.000Z%,8010097,;426
2021-12-25T12:17:00.000Z;Wutha;RB;RB 20;20;74623;8013366;8013366%2021-12-25T12:17:00.000Z%,8012899,8012826,8012320,8010118,8010136,8012965,8013226,8010242,8011502,8010101,8013192,8011915,8010366,8012567,8011051,8012502,8011085,8010145,8010019,8010240,8012199,8010368,8010146,8011071,8012080,8011753,8012311,8012355,8012817,8010207,8012193,8010205,;426
2021-12-25T12:44:00.000Z;Wutha;RB;RB 20;20;74616;8013366;8013366%2021-12-25T12:44:00.000Z%,8010097,;426
2021-12-25T13:11:00.000Z;Wutha;RB;RB 20;20;74625;8013366;8013366%2021-12-25T13:11:00.000Z%,8012899,8012826,8012320,8010118,8010136,8012965,8013226,8010242,8011502,8010101,8013192,8011915,8010366,8012567,8011051,8012502,8011085,8010145,8010019,8010240,8012199,8010368,8010146,8011071,8012080,8011753,8012311,8012355,8012817,8010207,8012193,8010205,;426
2021-12-25T13:38:00.000Z;Wutha;RB;RB 20;20;74618;8013366;8013366%2021-12-25T13:38:00.000Z%,8010097,;426
2021-12-25T14:17:00.000Z;Wutha;RB;RB 20;20;74627;8013366;8013366%2021-12-25T14:17:00.000Z%,8012899,8012826,8012320,8010118,8010136,8012965,8013226,8010242,8011502,8010101,8013192,8011915,8010366,8012567,8011051,8012502,8011085,8010145,8010019,8010240,8012199,8010368,8010146,8011071,8012080,8011753,8012311,8012355,8012817,8010207,8012193,8010205,;426
2021-12-25T14:44:00.000Z;Wutha;RB;RB 20;20;74620;8013366;8013366%2021-12-25T14:44:00.000Z%,8010097,;426
2021-12-25T15:11:00.000Z;Wutha;RB;RB 20;20;74629;8013366;8013366%2021-12-25T15:11:00.000Z%,8012899,8012826,8012320,8010118,8010136,8012965,8013226,8010242,8011502,8010101,8013192,8011915,8010366,8012567,8011051,8012502,8011085,8010145,8010019,8010240,8012199,8010368,8010146,8011071,8012080,8011753,8012311,8012355,8012817,8010207,8012193,8010205,;426
2021-12-25T15:38:00.000Z;Wutha;RB;RB 20;20;74622;8013366;8013366%2021-12-25T15:38:00.000Z%,8010097,;426
2021-12-25T16:17:00.000Z;Wutha;RB;RB 20;20;74631;8013366;8013366%2021-12-25T16:17:00.000Z%,8012899,8012826,8012320,8010118,8010136,8012965,8013226,8010242,8011502,8010101,8013192,8011915,8010366,8012567,8011051,8012502,8011085,8010145,8010019,8010240,8012199,8010368,8010146,8011071,8012080,8011753,8012311,8012355,8012817,8010207,8012193,8010205,;426
2021-12-25T16:44:00.000Z;Wutha;RB;RB 20;20;74624;8013366;8013366%2021-12-25T16:44:00.000Z%,8010097,;426
2021-12-25T17:11:00.000Z;Wutha;RB;RB 20;20;74633;8013366;8013366%2021-12-25T17:11:00.000Z%,8012899,8012826,8012320,8010118,8010136,8012965,8013226,8010242,8011502,8010101,8013192,8011915,8010366,8012567,8011051,8012502,8011085,8010145,8010019,8010240,8012199,8010368,8010146,8011071,8012080,8011753,8012311,8012355,8012817,8010207,8012193,8010205,;426
2021-12-25T17:39:00.000Z;Wutha;RB;RB 20;20;74626;8013366;8013366%2021-12-25T17:39:00.000Z%,8010097,;426
2021-12-25T18:17:00.000Z;Wutha;RB;RB 20;20;74635;8013366;8013366%2021-12-25T18:17:00.000Z%,8012899,8012826,8012320,8010118,8010136,8012965,8013226,8010242,8011502,8010101,8013192,8011915,8010366,8012567,8011051,8012502,8011085,8010145,8010019,8010240,8012199,8010368,8010146,8011071,8012080,8011753,8012311,8012355,8012817,8010207,8012193,8010205,;426
2021-12-25T18:44:00.000Z;Wutha;RB;RB 20;20;74628;8013366;8013366%2021-12-25T18:44:00.000Z%,8010097,;426
2021-12-25T19:11:00.000Z;Wutha;RB;RB 20;20;74637;8013366;8013366%2021-12-25T19:11:00.000Z%,8012899,8012826,8012320,8010118,8010136,8012965,8013226,8010242,8011502,8010101,8013192,8011915,8010366,8012567,8011051,8012502,8011085,8010145,8010019,8010240,8012199,8010368,8010146,8011071,8012080,8011753,8012311,8012355,8012817,8010207,8012193,8010205,;426
2021-12-25T19:38:00.000Z;Wutha;RB;RB 20;20;74630;8013366;8013366%2021-12-25T19:38:00.000Z%,8010097,;426
2021-12-25T20:17:00.000Z;Wutha;RB;RB 20;20;74639;8013366;8013366%2021-12-25T20:17:00.000Z%,8012899,8012826,8012320,8010118,8010136,8012965,8013226,8010242,8011502,8010101,8013192,8011915,8010366,8012567,8011051,8012502,8011085,8010145,8010019,8010240,8012199,8010368,8010146,8011071,8012080,8011753,8012311,8012355,8012817,8010207,8012193,8010205,;426
2021-12-25T03:58:00.000Z;Zachun;RE;RE 1;1;4338;8013370;8013370%2021-12-25T03:58:00.000Z%,8012009,8010156,8012677,8011248,8011230,8012933,8000058,8004177,8005468,8002554,8002549,;602
2021-12-24T20:45:00.000Z;Zarrendorf;RE;RE 5;5;33734;8013373;8013373%2021-12-24T20:45:00.000Z%0,8010338,;602
2021-12-25T03:13:00.000Z;Zarrendorf;RE;RE 5;5;33701;8013373;8013373%2021-12-25T03:13:00.000Z%,8011481,8013322,8011707,;602
2021-12-25T04:43:00.000Z;Zarrendorf;RE;RE 5;5;33702;8013373;8013373%2021-12-25T04:43:00.000Z%,8010338,;602
2021-12-25T05:11:00.000Z;Zarrendorf;RE;RE 5;5;33705;8013373;8013373%2021-12-25T05:11:00.000Z%,8011481,8013322,8011707,;602
2021-12-25T06:43:00.000Z;Zarrendorf;RE;RE 5;5;33706;8013373;8013373%2021-12-25T06:43:00.000Z%,8010338,;602
2021-12-25T07:11:00.000Z;Zarrendorf;RE;RE 5;5;33709;8013373;8013373%2021-12-25T07:11:00.000Z%,8011481,8013322,8011707,;602
2021-12-25T07:43:00.000Z;Zarrendorf;RE;RE 5;5;33708;8013373;8013373%2021-12-25T07:43:00.000Z%,8010338,;602
2021-12-25T08:09:00.000Z;Zarrendorf;RE;RE 5;5;33711;8013373;8013373%2021-12-25T08:09:00.000Z%,8011481,8013322,8011707,;602
2021-12-25T08:43:00.000Z;Zarrendorf;RE;RE 5;5;33710;8013373;8013373%2021-12-25T08:43:00.000Z%,8010338,;602
2021-12-25T09:11:00.000Z;Zarrendorf;RE;RE 5;5;33713;8013373;8013373%2021-12-25T09:11:00.000Z%,8011481,8013322,8011707,;602
2021-12-25T09:43:00.000Z;Zarrendorf;RE;RE 5;5;33712;8013373;8013373%2021-12-25T09:43:00.000Z%,8010338,;602
2021-12-25T10:09:00.000Z;Zarrendorf;RE;RE 5;5;33715;8013373;8013373%2021-12-25T10:09:00.000Z%,8011481,8013322,8011707,;602
2021-12-25T10:43:00.000Z;Zarrendorf;RE;RE 5;5;33714;8013373;8013373%2021-12-25T10:43:00.000Z%,8010338,;602
2021-12-25T11:11:00.000Z;Zarrendorf;RE;RE 5;5;33717;8013373;8013373%2021-12-25T11:11:00.000Z%,8011481,8013322,8011707,;602
2021-12-25T11:43:00.000Z;Zarrendorf;RE;RE 5;5;33716;8013373;8013373%2021-12-25T11:43:00.000Z%,8010338,;602
2021-12-25T12:09:00.000Z;Zarrendorf;RE;RE 5;5;33719;8013373;8013373%2021-12-25T12:09:00.000Z%,8011481,8013322,8011707,;602
2021-12-25T12:43:00.000Z;Zarrendorf;RE;RE 5;5;33718;8013373;8013373%2021-12-25T12:43:00.000Z%,8010338,;602
2021-12-25T13:11:00.000Z;Zarrendorf;RE;RE 5;5;33721;8013373;8013373%2021-12-25T13:11:00.000Z%,8011481,8013322,8011707,;602
2021-12-25T13:43:00.000Z;Zarrendorf;RE;RE 5;5;33720;8013373;8013373%2021-12-25T13:43:00.000Z%,8010338,;602
2021-12-25T14:09:00.000Z;Zarrendorf;RE;RE 5;5;33723;8013373;8013373%2021-12-25T14:09:00.000Z%,8011481,8013322,8011707,;602
2021-12-25T14:43:00.000Z;Zarrendorf;RE;RE 5;5;33722;8013373;8013373%2021-12-25T14:43:00.000Z%,8010338,;602
2021-12-25T15:11:00.000Z;Zarrendorf;RE;RE 5;5;33725;8013373;8013373%2021-12-25T15:11:00.000Z%,8011481,8013322,8011707,;602
2021-12-25T15:43:00.000Z;Zarrendorf;RE;RE 5;5;33724;8013373;8013373%2021-12-25T15:43:00.000Z%,8010338,;602
2021-12-25T16:09:00.000Z;Zarrendorf;RE;RE 5;5;33727;8013373;8013373%2021-12-25T16:09:00.000Z%,8011481,8013322,8011707,;602
2021-12-25T16:43:00.000Z;Zarrendorf;RE;RE 5;5;33726;8013373;8013373%2021-12-25T16:43:00.000Z%,8010338,;602
2021-12-25T17:11:00.000Z;Zarrendorf;RE;RE 5;5;33729;8013373;8013373%2021-12-25T17:11:00.000Z%,8011481,8013322,8011707,;602
2021-12-25T17:43:00.000Z;Zarrendorf;RE;RE 5;5;33728;8013373;8013373%2021-12-25T17:43:00.000Z%,8010338,;602
2021-12-25T18:09:00.000Z;Zarrendorf;RE;RE 5;5;33731;8013373;8013373%2021-12-25T18:09:00.000Z%,8011481,8013322,8011707,;602
2021-12-25T18:43:00.000Z;Zarrendorf;RE;RE 5;5;33730;8013373;8013373%2021-12-25T18:43:00.000Z%,8010338,;602
2021-12-25T19:11:00.000Z;Zarrendorf;RE;RE 5;5;33733;8013373;8013373%2021-12-25T19:11:00.000Z%,8011481,8013322,8011707,;602
2021-12-25T19:43:00.000Z;Zarrendorf;RE;RE 5;5;33732;8013373;8013373%2021-12-25T19:43:00.000Z%,8010338,;602
2021-12-25T20:12:00.000Z;Zarrendorf;RE;RE 5;5;33735;8013373;8013373%2021-12-25T20:12:00.000Z%,8011481,8013322,8011707,;602
2021-12-24T20:40:00.000Z;Zerbst/Anhalt;RE;RE 13;13;16133;8013389;8013389%2021-12-24T20:40:00.000Z%0,8012777,8010302,8010077,8011361,8012305,8012707,8011961,8013335,8011699,8010050,8010076,8012478,8010205,;602
2021-12-24T21:28:00.000Z;Zerbst/Anhalt;RE;RE 13;13;16132;8013389;8013389%2021-12-24T21:29:00.000Z%1,8011673,8010047,8010226,8010224,;602
2021-12-24T21:42:00.000Z;Zerbst/Anhalt;RE;RE 13;13;16157;8013389;8013389%2021-12-24T21:42:00.000Z%,8012777,8010302,8010077,8011361,8012707,8011961,8013335,8010050,8012629,8010076,8013428,8012697,8012478,8012200,8012196,8098205,8012186,8012202,8012184,8012187,8012343,8012194,;602
2021-12-24T22:28:00.000Z;Zerbst/Anhalt;RE;RE 13;13;16158;8013389;8013389%2021-12-24T22:28:00.000Z%,8010154,8012263,8012678,8011673,8013205,8012066,8010047,8013455,8010226,8010224,;602
2021-12-24T22:51:00.000Z;Zerbst/Anhalt;RE;RE 13;13;16159;8013389;8013389%2021-12-24T22:51:00.000Z%,8012777,8010302,8010077,;602
2021-12-25T04:04:00.000Z;Zerbst/Anhalt;RE;RE 13;13;16152;8013389;8013389%2021-12-25T04:04:00.000Z%,8010154,8012263,8012678,8011673,8013205,8012066,8010047,8013455,8010226,8010224,;602
2021-12-25T04:53:00.000Z;Zerbst/Anhalt;RE;RE 13;13;16101;8013389;8013389%2021-12-25T04:53:00.000Z%,8012777,8010302,8010077,8011361,8013335,8010050,8010076,8012478,8010205,;602
2021-12-25T05:04:00.000Z;Zerbst/Anhalt;RE;RE 13;13;16100;8013389;8013389%2021-12-25T05:04:00.000Z%,8010154,8012263,8012678,8011673,8013205,8012066,8010047,8013455,8010226,8010224,;602
2021-12-25T05:53:00.000Z;Zerbst/Anhalt;RE;RE 13;13;16103;8013389;8013389%2021-12-25T05:53:00.000Z%,8012777,8010302,8010077,8013335,8010050,8010076,8012478,8010205,;602
2021-12-25T06:04:00.000Z;Zerbst/Anhalt;RE;RE 13;13;16102;8013389;8013389%2021-12-25T06:04:00.000Z%,8010154,8012263,8012678,8011673,8013205,8012066,8010047,8013455,8010226,8010224,;602
2021-12-25T06:53:00.000Z;Zerbst/Anhalt;RE;RE 13;13;16105;8013389;8013389%2021-12-25T06:53:00.000Z%,8012777,8010302,8010077,8013335,8010050,8010076,8012478,8010205,;602
2021-12-25T07:04:00.000Z;Zerbst/Anhalt;RE;RE 13;13;16104;8013389;8013389%2021-12-25T07:04:00.000Z%,8010154,8012263,8012678,8011673,8013205,8012066,8010047,8013455,8010226,8010224,;602
2021-12-25T07:53:00.000Z;Zerbst/Anhalt;RE;RE 13;13;16107;8013389;8013389%2021-12-25T07:53:00.000Z%,8012777,8010302,8010077,8013335,8010050,8010076,8012478,8010205,;602
2021-12-25T08:04:00.000Z;Zerbst/Anhalt;RE;RE 13;13;16106;8013389;8013389%2021-12-25T08:04:00.000Z%,8010154,8012263,8012678,8011673,8013205,8012066,8010047,8013455,8010226,8010224,;602
2021-12-25T08:53:00.000Z;Zerbst/Anhalt;RE;RE 13;13;16109;8013389;8013389%2021-12-25T08:53:00.000Z%,8012777,8010302,8010077,8013335,8010050,8010076,8012478,8010205,;602
2021-12-25T09:04:00.000Z;Zerbst/Anhalt;RE;RE 13;13;16108;8013389;8013389%2021-12-25T09:04:00.000Z%,8010154,8012263,8012678,8011673,8013205,8012066,8010047,8013455,8010226,8010224,;602
2021-12-25T09:53:00.000Z;Zerbst/Anhalt;RE;RE 13;13;16111;8013389;8013389%2021-12-25T09:53:00.000Z%,8012777,8010302,8010077,8013335,8010050,8010076,8012478,8010205,;602
2021-12-25T10:04:00.000Z;Zerbst/Anhalt;RE;RE 13;13;16110;8013389;8013389%2021-12-25T10:04:00.000Z%,8010154,8012263,8012678,8011673,8013205,8012066,8010047,8013455,8010226,8010224,;602
2021-12-25T10:53:00.000Z;Zerbst/Anhalt;RE;RE 13;13;16113;8013389;8013389%2021-12-25T10:53:00.000Z%,8012777,8010302,8010077,8013335,8010050,8010076,8012478,8010205,;602
2021-12-25T11:04:00.000Z;Zerbst/Anhalt;RE;RE 13;13;16112;8013389;8013389%2021-12-25T11:04:00.000Z%,8010154,8012263,8012678,8011673,8013205,8012066,8010047,8013455,8010226,8010224,;602
2021-12-25T11:53:00.000Z;Zerbst/Anhalt;RE;RE 13;13;16115;8013389;8013389%2021-12-25T11:53:00.000Z%,8012777,8010302,8010077,8013335,8010050,8010076,8012478,8010205,;602
2021-12-25T12:04:00.000Z;Zerbst/Anhalt;RE;RE 13;13;16114;8013389;8013389%2021-12-25T12:04:00.000Z%,8010154,8012263,8012678,8011673,8013205,8012066,8010047,8013455,8010226,8010224,;602
2021-12-25T12:53:00.000Z;Zerbst/Anhalt;RE;RE 13;13;16117;8013389;8013389%2021-12-25T12:53:00.000Z%,8012777,8010302,8010077,8013335,8010050,8010076,8012478,8010205,;602
2021-12-25T13:04:00.000Z;Zerbst/Anhalt;RE;RE 13;13;16116;8013389;8013389%2021-12-25T13:04:00.000Z%,8010154,8012263,8012678,8011673,8013205,8012066,8010047,8013455,8010226,8010224,;602
2021-12-25T13:53:00.000Z;Zerbst/Anhalt;RE;RE 13;13;16151;8013389;8013389%2021-12-25T13:53:00.000Z%,8012777,8010302,8010077,8013335,8010050,8010076,8012478,8010205,;602
2021-12-25T14:04:00.000Z;Zerbst/Anhalt;RE;RE 13;13;16118;8013389;8013389%2021-12-25T14:04:00.000Z%,8010154,8012263,8012678,8011673,8013205,8012066,8010047,8013455,8010226,8010224,;602
2021-12-25T14:53:00.000Z;Zerbst/Anhalt;RE;RE 13;13;16121;8013389;8013389%2021-12-25T14:53:00.000Z%,8012777,8010302,8010077,8013335,8010050,8010076,8012478,8010205,;602
2021-12-25T15:04:00.000Z;Zerbst/Anhalt;RE;RE 13;13;16120;8013389;8013389%2021-12-25T15:04:00.000Z%,8010154,8012263,8012678,8011673,8013205,8012066,8010047,8013455,8010226,8010224,;602
2021-12-25T15:53:00.000Z;Zerbst/Anhalt;RE;RE 13;13;16123;8013389;8013389%2021-12-25T15:53:00.000Z%,8012777,8010302,8010077,8013335,8010050,8010076,8012478,8010205,;602
2021-12-25T16:04:00.000Z;Zerbst/Anhalt;RE;RE 13;13;16134;8013389;8013389%2021-12-25T16:04:00.000Z%,8010154,8012263,8012678,8011673,8013205,8012066,8010047,8013455,8010226,8010224,;602
2021-12-25T16:53:00.000Z;Zerbst/Anhalt;RE;RE 13;13;16125;8013389;8013389%2021-12-25T16:53:00.000Z%,8012777,8010302,8010077,8013335,8010050,8010076,8012478,8010205,;602
2021-12-25T17:04:00.000Z;Zerbst/Anhalt;RE;RE 13;13;16124;8013389;8013389%2021-12-25T17:04:00.000Z%,8010154,8012263,8012678,8011673,8013205,8012066,8010047,8013455,8010226,8010224,;602
2021-12-25T17:53:00.000Z;Zerbst/Anhalt;RE;RE 13;13;16127;8013389;8013389%2021-12-25T17:53:00.000Z%,8012777,8010302,8010077,8013335,8010050,8010076,8012478,8010205,;602
2021-12-25T18:04:00.000Z;Zerbst/Anhalt;RE;RE 13;13;16126;8013389;8013389%2021-12-25T18:04:00.000Z%,8010154,8012263,8012678,8011673,8013205,8012066,8010047,8013455,8010226,8010224,;602
2021-12-25T18:53:00.000Z;Zerbst/Anhalt;RE;RE 13;13;16129;8013389;8013389%2021-12-25T18:53:00.000Z%,8012777,8010302,8010077,8013335,8010050,8010076,8012478,8010205,;602
2021-12-25T19:04:00.000Z;Zerbst/Anhalt;RE;RE 13;13;16128;8013389;8013389%2021-12-25T19:04:00.000Z%,8010154,8012263,8012678,8011673,8013205,8012066,8010047,8013455,8010226,8010224,;602
2021-12-24T20:32:00.000Z;Zerrenthin;RE;RE 4;4;5366;8013393;8013393%2021-12-24T20:33:00.000Z%1,8012610,8010268,8011213,8010339,8012555,8012421,8013017,8010241,;602
2021-12-25T06:33:00.000Z;Zerrenthin;RE;RE 4;4;5352;8013393;8013393%2021-12-25T06:33:00.000Z%,8012610,8010268,8011213,8010339,8012555,8012421,8013017,8010241,8012376,8012758,8010227,8010348,8012436,8010199,8010284,8010153,8010066,8010051,8013186,8010018,8011215,8012651,8010141,8011702,8012902,8012268,8011864,8003774,8000237,;602
2021-12-25T07:23:00.000Z;Zerrenthin;RE;RE 4;4;5353;8013393;8013393%2021-12-25T07:23:00.000Z%,8010213,8011689,5100145,5100057,;602
2021-12-25T08:32:00.000Z;Zerrenthin;RE;RE 4;4;5354;8013393;8013393%2021-12-25T08:32:00.000Z%,8012610,8010268,8011213,8010339,8012555,8012421,8013017,8010241,8012376,8012758,8010227,8010348,8012436,8010199,8010284,8010153,8010066,8010051,8013186,8010018,8011215,8012651,8010141,8011702,8012902,8012268,8011864,8003774,8000237,;602
2021-12-25T09:23:00.000Z;Zerrenthin;RE;RE 4;4;5355;8013393;8013393%2021-12-25T09:23:00.000Z%,8010213,8011689,5100145,5100057,;602
2021-12-25T10:32:00.000Z;Zerrenthin;RE;RE 4;4;5356;8013393;8013393%2021-12-25T10:32:00.000Z%,8012610,8010268,8011213,8010339,8012555,8012421,8013017,8010241,8012376,8012758,8010227,8010348,8012436,8010199,8010284,8010153,8010066,8010051,8013186,8010018,8011215,8012651,8010141,8011702,8012902,8012268,8011864,8003774,8000237,;602
2021-12-25T11:23:00.000Z;Zerrenthin;RE;RE 4;4;5357;8013393;8013393%2021-12-25T11:23:00.000Z%,8010213,8011689,5100145,5100057,;602
2021-12-25T12:32:00.000Z;Zerrenthin;RE;RE 4;4;5358;8013393;8013393%2021-12-25T12:32:00.000Z%,8012610,8010268,8011213,8010339,8012555,8012421,8013017,8010241,8012376,8012758,8010227,8010348,8012436,8010199,8010284,8010153,8010066,8010051,8013186,8010018,8011215,8012651,8010141,8011702,8012902,8012268,8011864,8003774,8000237,;602
2021-12-25T13:23:00.000Z;Zerrenthin;RE;RE 4;4;5359;8013393;8013393%2021-12-25T13:23:00.000Z%,8010213,8011689,5100145,5100057,;602
2021-12-25T14:32:00.000Z;Zerrenthin;RE;RE 4;4;5360;8013393;8013393%2021-12-25T14:32:00.000Z%,8012610,8010268,8011213,8010339,8012555,8012421,8013017,8010241,8012376,8012758,8010227,8010348,8012436,8010199,8010284,8010153,8010066,8010051,8013186,8010018,8011215,8012651,8010141,8011702,8012902,8012268,8011864,8003774,8000237,;602
2021-12-25T15:23:00.000Z;Zerrenthin;RE;RE 4;4;5361;8013393;8013393%2021-12-25T15:23:00.000Z%,8010213,8011689,5100145,5100057,;602
2021-12-25T16:32:00.000Z;Zerrenthin;RE;RE 4;4;5362;8013393;8013393%2021-12-25T16:32:00.000Z%,8012610,8010268,8011213,8010339,8012555,8012421,8013017,8010241,8012376,8012758,8010227,8010348,8012436,8010199,8010284,8010153,8010066,8010051,8013186,8010018,8011215,8012651,8010141,8011702,8012902,8012268,8011864,8003774,8000237,;602
2021-12-25T17:23:00.000Z;Zerrenthin;RE;RE 4;4;5363;8013393;8013393%2021-12-25T17:23:00.000Z%,8010213,8011689,5100145,5100057,;602
2021-12-25T18:32:00.000Z;Zerrenthin;RE;RE 4;4;5364;8013393;8013393%2021-12-25T18:32:00.000Z%,8012610,8010268,8011213,8010339,8012555,8012421,8013017,8010241,8012376,8012758,8010227,8010348,8012436,8010199,8010284,8010153,8010066,8010051,8013186,8010018,8012264,8010324,;602
2021-12-25T19:23:00.000Z;Zerrenthin;RE;RE 4;4;5365;8013393;8013393%2021-12-25T19:23:00.000Z%,8010213,8011689,5100145,5100057,;602
2021-12-24T20:51:00.000Z;Zeutsch;RB;RB 25;25;74689;8013398;8013398%2021-12-24T20:51:00.000Z%0,8010264,8011985,8012811,8010133,8011956,8011058,8011958,8012663,8011406,8013474,8010019,8010240,8012199,8010368,8010146,8012212,8012211,8010232,8012867,8010162,8010159,;426
2021-12-24T21:06:00.000Z;Zeutsch;RB;RB 25;25;74684;8013398;8013398%2021-12-24T21:06:00.000Z%0,8013164,8010306,8010307,8010309,;426
2021-12-24T21:51:00.000Z;Zeutsch;RB;RB 25;25;74693;8013398;8013398%2021-12-24T21:51:00.000Z%0,8010264,8011985,8012811,8010133,8011956,8011058,8011958,8012663,8011406,8013474,8010019,8010240,8012199,8010368,8010146,8011071,8012080,8011753,8012311,8012355,8012817,8010207,8012193,8010205,;426
2021-12-24T22:06:00.000Z;Zeutsch;RB;RB 25;25;74686;8013398;8013398%2021-12-24T22:06:00.000Z%0,8013164,8010306,8010307,8010309,;426
2021-12-24T22:51:00.000Z;Zeutsch;RB;RB 25;25;74695;8013398;8013398%2021-12-24T22:51:00.000Z%,8010264,8011985,8012811,8010133,8011956,8011058,8011958,8012663,8011406,8013474,;426
2021-12-24T23:06:00.000Z;Zeutsch;RB;RB 25;25;74688;8013398;8013398%2021-12-24T23:06:00.000Z%0,8013164,8010306,8010307,8010309,;426
2021-12-25T00:09:00.000Z;Zeutsch;RB;RB 25;25;74690;8013398;8013398%2021-12-25T00:09:00.000Z%,8013164,8010306,8010307,8010309,;426
2021-12-25T03:48:00.000Z;Zeutsch;RB;RB 25;25;74655;8013398;8013398%2021-12-25T03:48:00.000Z%,8010264,8011985,8012811,8010133,8011956,8011058,8011958,8012663,8011406,8013474,8010019,8010240,8012199,8010368,8010146,8012212,8012211,8010232,8012867,8010162,8010159,;426
2021-12-25T04:41:00.000Z;Zeutsch;RE;RE 42;42;4980;8013398;8013398%2021-12-25T04:41:00.000Z%,8010264,8011985,8012811,8010133,8011956,8013474,8010240,8010368,8010205,;602
2021-12-25T05:03:00.000Z;Zeutsch;RB;RB 25;25;74652;8013398;8013398%2021-12-25T05:03:00.000Z%,8013164,8010306,8010307,8010309,;426
2021-12-25T05:51:00.000Z;Zeutsch;RB;RB 25;25;74659;8013398;8013398%2021-12-25T05:51:00.000Z%,8010264,8011985,8012811,8010133,8011956,8011058,8011958,8012663,8011406,8013474,8010019,8010240,8012199,8010368,8010146,8012212,8012211,8010232,8012867,8010162,8010159,;426
2021-12-25T06:06:00.000Z;Zeutsch;RB;RB 25;25;74654;8013398;8013398%2021-12-25T06:06:00.000Z%,8013164,8010306,8010307,8010309,;426
2021-12-25T06:30:00.000Z;Zeutsch;RE;RE 42;42;4983;8013398;8013398%2021-12-25T06:30:00.000Z%,8013164,8010306,8010307,8010309,8011267,8012000,8013171,8010288,8003770,8005692,8002020,8004881,8005737,8002467,8003446,8004319,8003472,8004979,8002878,8004011,8000228,8005670,8001623,8006634,8001149,8000025,8002853,8002024,8001844,8000114,8000284,;602
2021-12-25T06:51:00.000Z;Zeutsch;RB;RB 25;25;74661;8013398;8013398%2021-12-25T06:51:00.000Z%,8010264,8011985,8012811,8010133,8011956,8011058,8011958,8012663,8011406,8013474,8010019,8010240,8012199,8010368,8010146,8012212,8012211,8010232,8012867,8010162,8010159,;426
2021-12-25T07:06:00.000Z;Zeutsch;RB;RB 25;25;74656;8013398;8013398%2021-12-25T07:06:00.000Z%,8013164,8010306,8010307,8010309,;426
2021-12-25T07:51:00.000Z;Zeutsch;RB;RB 25;25;74663;8013398;8013398%2021-12-25T07:51:00.000Z%,8010264,8011985,8012811,8010133,8011956,8011058,8011958,8012663,8011406,8013474,8010019,8010240,8012199,8010368,8010146,8012212,8012211,8010232,8012867,8010162,8010159,;426
2021-12-25T08:06:00.000Z;Zeutsch;RB;RB 25;25;74658;8013398;8013398%2021-12-25T08:06:00.000Z%,8013164,8010306,8010307,8010309,;426
2021-12-25T08:51:00.000Z;Zeutsch;RB;RB 25;25;74665;8013398;8013398%2021-12-25T08:51:00.000Z%,8010264,8011985,8012811,8010133,8011956,8011058,8011958,8012663,8011406,8013474,8010019,8010240,8012199,8010368,8010146,8012212,8012211,8010232,8012867,8010162,8010159,;426
2021-12-25T09:06:00.000Z;Zeutsch;RB;RB 25;25;74660;8013398;8013398%2021-12-25T09:06:00.000Z%,8013164,8010306,8010307,8010309,;426
2021-12-25T09:51:00.000Z;Zeutsch;RB;RB 25;25;74667;8013398;8013398%2021-12-25T09:51:00.000Z%,8010264,8011985,8012811,8010133,8011956,8011058,8011958,8012663,8011406,8013474,8010019,8010240,8012199,8010368,8010146,8012212,8012211,8010232,8012867,8010162,8010159,;426
2021-12-25T10:06:00.000Z;Zeutsch;RB;RB 25;25;74662;8013398;8013398%2021-12-25T10:06:00.000Z%,8013164,8010306,8010307,8010309,;426
2021-12-25T10:51:00.000Z;Zeutsch;RB;RB 25;25;74669;8013398;8013398%2021-12-25T10:51:00.000Z%,8010264,8011985,8012811,8010133,8011956,8011058,8011958,8012663,8011406,8013474,8010019,8010240,8012199,8010368,8010146,8012212,8012211,8010232,8012867,8010162,8010159,;426
2021-12-25T11:06:00.000Z;Zeutsch;RB;RB 25;25;74664;8013398;8013398%2021-12-25T11:06:00.000Z%,8013164,8010306,8010307,8010309,;426
2021-12-25T11:51:00.000Z;Zeutsch;RB;RB 25;25;74671;8013398;8013398%2021-12-25T11:51:00.000Z%,8010264,8011985,8012811,8010133,8011956,8011058,8011958,8012663,8011406,8013474,8010019,8010240,8012199,8010368,8010146,8012212,8012211,8010232,8012867,8010162,8010159,;426
2021-12-25T12:06:00.000Z;Zeutsch;RB;RB 25;25;74666;8013398;8013398%2021-12-25T12:06:00.000Z%,8013164,8010306,8010307,8010309,;426
2021-12-25T12:51:00.000Z;Zeutsch;RB;RB 25;25;74673;8013398;8013398%2021-12-25T12:51:00.000Z%,8010264,8011985,8012811,8010133,8011956,8011058,8011958,8012663,8011406,8013474,8010019,8010240,8012199,8010368,8010146,8012212,8012211,8010232,8012867,8010162,8010159,;426
2021-12-25T13:06:00.000Z;Zeutsch;RB;RB 25;25;74668;8013398;8013398%2021-12-25T13:06:00.000Z%,8013164,8010306,8010307,8010309,;426
2021-12-25T13:51:00.000Z;Zeutsch;RB;RB 25;25;74675;8013398;8013398%2021-12-25T13:51:00.000Z%,8010264,8011985,8012811,8010133,8011956,8011058,8011958,8012663,8011406,8013474,8010019,8010240,8012199,8010368,8010146,8012212,8012211,8010232,8012867,8010162,8010159,;426
2021-12-25T14:06:00.000Z;Zeutsch;RB;RB 25;25;74670;8013398;8013398%2021-12-25T14:06:00.000Z%,8013164,8010306,8010307,8010309,;426
2021-12-25T14:51:00.000Z;Zeutsch;RB;RB 25;25;74677;8013398;8013398%2021-12-25T14:51:00.000Z%,8010264,8011985,8012811,8010133,8011956,8011058,8011958,8012663,8011406,8013474,8010019,8010240,8012199,8010368,8010146,8012212,8012211,8010232,8012867,8010162,8010159,;426
2021-12-25T15:06:00.000Z;Zeutsch;RB;RB 25;25;74672;8013398;8013398%2021-12-25T15:06:00.000Z%,8013164,8010306,8010307,8010309,;426
2021-12-25T15:51:00.000Z;Zeutsch;RB;RB 25;25;74679;8013398;8013398%2021-12-25T15:51:00.000Z%,8010264,8011985,8012811,8010133,8011956,8011058,8011958,8012663,8011406,8013474,8010019,8010240,8012199,8010368,8010146,8012212,8012211,8010232,8012867,8010162,8010159,;426
2021-12-25T16:06:00.000Z;Zeutsch;RB;RB 25;25;74674;8013398;8013398%2021-12-25T16:06:00.000Z%,8013164,8010306,8010307,8010309,;426
2021-12-25T16:51:00.000Z;Zeutsch;RB;RB 25;25;74681;8013398;8013398%2021-12-25T16:51:00.000Z%,8010264,8011985,8012811,8010133,8011956,8011058,8011958,8012663,8011406,8013474,8010019,8010240,8012199,8010368,8010146,8012212,8012211,8010232,8012867,8010162,8010159,;426
2021-12-25T17:06:00.000Z;Zeutsch;RB;RB 25;25;74676;8013398;8013398%2021-12-25T17:06:00.000Z%,8013164,8010306,8010307,8010309,;426
2021-12-25T17:51:00.000Z;Zeutsch;RB;RB 25;25;74683;8013398;8013398%2021-12-25T17:51:00.000Z%,8010264,8011985,8012811,8010133,8011956,8011058,8011958,8012663,8011406,8013474,8010019,8010240,8012199,8010368,8010146,8012212,8012211,8010232,8012867,8010162,8010159,;426
2021-12-25T18:06:00.000Z;Zeutsch;RB;RB 25;25;74678;8013398;8013398%2021-12-25T18:06:00.000Z%,8013164,8010306,8010307,8010309,;426
2021-12-25T18:51:00.000Z;Zeutsch;RB;RB 25;25;74685;8013398;8013398%2021-12-25T18:51:00.000Z%,8010264,8011985,8012811,8010133,8011956,8011058,8011958,8012663,8011406,8013474,8010019,8010240,8012199,8010368,8010146,8012212,8012211,8010232,8012867,8010162,8010159,;426
2021-12-25T19:06:00.000Z;Zeutsch;RB;RB 25;25;74680;8013398;8013398%2021-12-25T19:06:00.000Z%,8013164,8010306,8010307,8010309,;426
2021-12-25T19:51:00.000Z;Zeutsch;RB;RB 25;25;74687;8013398;8013398%2021-12-25T19:51:00.000Z%,8010264,8011985,8012811,8010133,8011956,8011058,8011958,8012663,8011406,8013474,8010019,8010240,8012199,8010368,8010146,8012212,8012211,8010232,8012867,8010162,8010159,;426
2021-12-25T20:06:00.000Z;Zeutsch;RB;RB 25;25;74682;8013398;8013398%2021-12-25T20:06:00.000Z%,8013164,8010306,8010307,8010309,;426
2021-12-24T20:29:00.000Z;Zöberitz;RE;RE 30;30;16336;8013414;8013414%2021-12-24T20:29:00.000Z%0,8012506,8010343,8013259,8011053,8010195,8013357,8012830,8010070,8010084,8013465,8010318,8012287,8013456,8010224,;602
2021-12-24T20:34:00.000Z;Zöberitz;RE;RE 30;30;16337;8013414;8013414%2021-12-24T20:37:00.000Z%3,8010159,;602
2021-12-24T22:04:00.000Z;Zöberitz;RE;RE 30;30;16338;8013414;8013414%2021-12-24T22:04:00.000Z%,8012506,8010343,8013259,8011053,8010195,8013357,8012830,8010070,8010084,8013465,8010318,8012287,8013456,8010224,;602
2021-12-24T22:07:00.000Z;Zöberitz;RE;RE 30;30;16339;8013414;8013414%2021-12-24T22:07:00.000Z%,8010159,;602
2021-12-24T23:07:00.000Z;Zöberitz;RE;RE 30;30;16341;8013414;8013414%2021-12-24T23:07:00.000Z%0,8010159,;602
2021-12-24T23:13:00.000Z;Zöberitz;RE;RE 30;30;16340;8013414;8013414%2021-12-24T23:13:00.000Z%,8012506,8010343,8013259,8011053,8010195,8013357,8012830,8010070,8010084,8013465,8010318,8012287,8013456,8010224,;602
2021-12-25T04:07:00.000Z;Zöberitz;RE;RE 30;30;16303;8013414;8013414%2021-12-25T04:07:00.000Z%,8010159,;602
2021-12-25T04:47:00.000Z;Zöberitz;RE;RE 30;30;16304;8013414;8013414%2021-12-25T04:47:00.000Z%,8012506,8010343,8013259,8011053,8010195,8013357,8012830,8010070,8010084,8013465,8010318,8012287,8013456,8010224,8010226,8013344,8013083,8010334,8010172,8010310,8000440,8000445,8006402,8005682,8000168,;602
2021-12-25T05:34:00.000Z;Zöberitz;RE;RE 30;30;16307;8013414;8013414%2021-12-25T05:34:00.000Z%,8010159,;602
2021-12-25T06:19:00.000Z;Zöberitz;RE;RE 30;30;16308;8013414;8013414%2021-12-25T06:19:00.000Z%,8012506,8010343,8013259,8011053,8010195,8013357,8012830,8010070,8010084,8013465,8010318,8012287,8013456,8010224,;602
2021-12-25T06:34:00.000Z;Zöberitz;RE;RE 30;30;16309;8013414;8013414%2021-12-25T06:34:00.000Z%,8010159,;602
2021-12-25T07:19:00.000Z;Zöberitz;RE;RE 30;30;16310;8013414;8013414%2021-12-25T07:19:00.000Z%,8012506,8010343,8013259,8011053,8010195,8013357,8012830,8010070,8010084,8013465,8010318,8012287,8013456,8010224,;602
2021-12-25T07:34:00.000Z;Zöberitz;RE;RE 30;30;16311;8013414;8013414%2021-12-25T07:34:00.000Z%,8010159,;602
2021-12-25T08:19:00.000Z;Zöberitz;RE;RE 30;30;16312;8013414;8013414%2021-12-25T08:19:00.000Z%,8012506,8010343,8013259,8011053,8010195,8013357,8012830,8010070,8010084,8013465,8010318,8012287,8013456,8010224,;602
2021-12-25T08:34:00.000Z;Zöberitz;RE;RE 30;30;16313;8013414;8013414%2021-12-25T08:34:00.000Z%,8010159,;602
2021-12-25T09:19:00.000Z;Zöberitz;RE;RE 30;30;16314;8013414;8013414%2021-12-25T09:19:00.000Z%,8012506,8010343,8013259,8011053,8010195,8013357,8012830,8010070,8010084,8013465,8010318,8012287,8013456,8010224,;602
2021-12-25T09:34:00.000Z;Zöberitz;RE;RE 30;30;16315;8013414;8013414%2021-12-25T09:34:00.000Z%,8010159,;602
2021-12-25T10:19:00.000Z;Zöberitz;RE;RE 30;30;16316;8013414;8013414%2021-12-25T10:19:00.000Z%,8012506,8010343,8013259,8011053,8010195,8013357,8012830,8010070,8010084,8013465,8010318,8012287,8013456,8010224,;602
2021-12-25T10:34:00.000Z;Zöberitz;RE;RE 30;30;16317;8013414;8013414%2021-12-25T10:34:00.000Z%,8010159,;602
2021-12-25T11:19:00.000Z;Zöberitz;RE;RE 30;30;16318;8013414;8013414%2021-12-25T11:19:00.000Z%,8012506,8010343,8013259,8011053,8010195,8013357,8012830,8010070,8010084,8013465,8010318,8012287,8013456,8010224,;602
2021-12-25T11:34:00.000Z;Zöberitz;RE;RE 30;30;16319;8013414;8013414%2021-12-25T11:34:00.000Z%,8010159,;602
2021-12-25T12:19:00.000Z;Zöberitz;RE;RE 30;30;16320;8013414;8013414%2021-12-25T12:19:00.000Z%,8012506,8010343,8013259,8011053,8010195,8013357,8012830,8010070,8010084,8013465,8010318,8012287,8013456,8010224,;602
2021-12-25T12:34:00.000Z;Zöberitz;RE;RE 30;30;16321;8013414;8013414%2021-12-25T12:34:00.000Z%,8010159,;602
2021-12-25T13:19:00.000Z;Zöberitz;RE;RE 30;30;16322;8013414;8013414%2021-12-25T13:19:00.000Z%,8012506,8010343,8013259,8011053,8010195,8013357,8012830,8010070,8010084,8013465,8010318,8012287,8013456,8010224,;602
2021-12-25T13:34:00.000Z;Zöberitz;RE;RE 30;30;16323;8013414;8013414%2021-12-25T13:34:00.000Z%,8010159,;602
2021-12-25T14:19:00.000Z;Zöberitz;RE;RE 30;30;16324;8013414;8013414%2021-12-25T14:19:00.000Z%,8012506,8010343,8013259,8011053,8010195,8013357,8012830,8010070,8010084,8013465,8010318,8012287,8013456,8010224,;602
2021-12-25T14:34:00.000Z;Zöberitz;RE;RE 30;30;16325;8013414;8013414%2021-12-25T14:34:00.000Z%,8010159,;602
2021-12-25T15:19:00.000Z;Zöberitz;RE;RE 30;30;16326;8013414;8013414%2021-12-25T15:19:00.000Z%,8012506,8010343,8013259,8011053,8010195,8013357,8012830,8010070,8010084,8013465,8010318,8012287,8013456,8010224,;602
2021-12-25T15:34:00.000Z;Zöberitz;RE;RE 30;30;16327;8013414;8013414%2021-12-25T15:34:00.000Z%,8010159,;602
2021-12-25T16:19:00.000Z;Zöberitz;RE;RE 30;30;16328;8013414;8013414%2021-12-25T16:19:00.000Z%,8012506,8010343,8013259,8011053,8010195,8013357,8012830,8010070,8010084,8013465,8010318,8012287,8013456,8010224,;602
2021-12-25T16:34:00.000Z;Zöberitz;RE;RE 30;30;16329;8013414;8013414%2021-12-25T16:34:00.000Z%,8010159,;602
2021-12-25T17:19:00.000Z;Zöberitz;RE;RE 30;30;16330;8013414;8013414%2021-12-25T17:19:00.000Z%,8012506,8010343,8013259,8011053,8010195,8013357,8012830,8010070,8010084,8013465,8010318,8012287,8013456,8010224,;602
2021-12-25T17:34:00.000Z;Zöberitz;RE;RE 30;30;16331;8013414;8013414%2021-12-25T17:34:00.000Z%,8010159,;602
2021-12-25T18:19:00.000Z;Zöberitz;RE;RE 30;30;16332;8013414;8013414%2021-12-25T18:19:00.000Z%,8012506,8010343,8013259,8011053,8010195,8013357,8012830,8010070,8010084,8013465,8010318,8012287,8013456,8010224,;602
2021-12-25T18:34:00.000Z;Zöberitz;RE;RE 30;30;16333;8013414;8013414%2021-12-25T18:34:00.000Z%,8010159,;602
2021-12-25T19:19:00.000Z;Zöberitz;RE;RE 30;30;16334;8013414;8013414%2021-12-25T19:19:00.000Z%,8012506,8010343,8013259,8011053,8010195,8013357,8012830,8010070,8010084,8013465,8010318,8012287,8013456,8010224,;602
2021-12-25T19:34:00.000Z;Zöberitz;RE;RE 30;30;16335;8013414;8013414%2021-12-25T19:34:00.000Z%,8010159,;602
2021-12-24T20:45:00.000Z;Zörnigall;RE;RE 3;3;3355;8013418;8013418%2021-12-24T20:45:00.000Z%0,8010222,;602
2021-12-24T22:58:00.000Z;Zörnigall;RE;RE 3;3;3357;8013418;8013418%2021-12-24T22:58:00.000Z%0,8010222,;602
2021-12-24T23:30:00.000Z;Zörnigall;RE;RE 3;3;3362;8013418;8013418%2021-12-24T23:30:00.000Z%,8011290,8013371,8011210,8012487,8010182,8012260,8013345,8013137,8013123,8010215,8080170,8011740,8013100,8011041,8011113,8011118,8098160,;602
2021-12-25T04:08:00.000Z;Zörnigall;RE;RE 3;3;3304;8013418;8013418%2021-12-25T04:08:00.000Z%,8011290,8013371,8011210,8012487,8010182,8012260,8013345,8013137,8013123,8010215,8011041,8011113,8011118,8098160,8011102,8013470,8010093,8010064,8011314,8010004,8013313,8013238,8012968,8010282,8012418,8010268,8010179,8011536,8011438,8011044,8012021,8010396,8011723,8011694,8010139,8012358,8010338,;602
2021-12-25T06:05:00.000Z;Zörnigall;RE;RE 3;3;3306;8013418;8013418%2021-12-25T06:05:00.000Z%,8011290,8013371,8011210,8012487,8010182,8012260,8013345,8013137,8013123,8010215,8011041,8011113,8011118,8098160,8011102,8013470,8010093,8010064,8011314,8010004,8013313,8013238,8012968,8010282,8012418,8010268,8010179,8011536,8011438,8011044,8012021,8010396,8011723,8011694,8010139,8012358,8010338,;602
2021-12-25T06:51:00.000Z;Zörnigall;RE;RE 3;3;3341;8013418;8013418%2021-12-25T06:51:00.000Z%,8010222,;602
2021-12-25T08:05:00.000Z;Zörnigall;RE;RE 3;3;3308;8013418;8013418%2021-12-25T08:05:00.000Z%,8011290,8013371,8011210,8012487,8010182,8012260,8013137,8013123,8010215,8011041,8011113,8011118,8098160,8011102,8013470,8010093,8010064,8011314,8010004,8013313,8013238,8012968,8010282,8012418,8010268,8010179,8011536,8011438,8011044,8012021,8010396,8011723,8011694,8010139,8012358,8010338,;602
2021-12-25T08:51:00.000Z;Zörnigall;RE;RE 3;3;3343;8013418;8013418%2021-12-25T08:51:00.000Z%,8010222,;602
2021-12-25T10:05:00.000Z;Zörnigall;RE;RE 3;3;3310;8013418;8013418%2021-12-25T10:05:00.000Z%,8011290,8013371,8011210,8012487,8010182,8012260,8013137,8013123,8010215,8011041,8011113,8011118,8098160,8011102,8013470,8010093,8010064,8011314,8010004,8013313,8013238,8012968,8010282,8012418,8010268,8010179,8011536,8011438,8011044,8012021,8010396,8011723,8011694,8010139,8012358,8010338,;602
2021-12-25T10:51:00.000Z;Zörnigall;RE;RE 3;3;3345;8013418;8013418%2021-12-25T10:51:00.000Z%,8010222,;602
2021-12-25T12:05:00.000Z;Zörnigall;RE;RE 3;3;3312;8013418;8013418%2021-12-25T12:05:00.000Z%,8011290,8013371,8011210,8012487,8010182,8012260,8013137,8013123,8010215,8011041,8011113,8011118,8098160,8011102,8013470,8010093,8010064,8011314,8010004,8013313,8013238,8012968,8010282,8012418,8010268,8010179,8011536,8011438,8011044,8012021,8010396,8011723,8011694,8010139,8012358,8010338,;602
2021-12-25T12:52:00.000Z;Zörnigall;RE;RE 3;3;3347;8013418;8013418%2021-12-25T12:52:00.000Z%,8010222,;602
2021-12-25T14:05:00.000Z;Zörnigall;RE;RE 3;3;3314;8013418;8013418%2021-12-25T14:05:00.000Z%,8011290,8013371,8011210,8012487,8010182,8012260,8013137,8013123,8010215,8011041,8011113,8011118,8098160,8011102,8013470,8010093,8010064,8011314,8010004,8013313,8013238,8012968,8010282,8012418,8010268,8010179,8011536,8011438,8011044,8012021,8010396,8011723,8011694,8010139,8012358,8010338,;602
2021-12-25T14:51:00.000Z;Zörnigall;RE;RE 3;3;3349;8013418;8013418%2021-12-25T14:51:00.000Z%,8010222,;602
2021-12-25T16:05:00.000Z;Zörnigall;RE;RE 3;3;3316;8013418;8013418%2021-12-25T16:05:00.000Z%,8011290,8013371,8011210,8012487,8010182,8012260,8013137,8013123,8010215,8011041,8011113,8011118,8098160,8011102,8013470,8010093,8010064,8011314,8010004,8013313,8013238,8012968,8010282,8012418,8010268,8010179,8011536,8011438,8011044,8012021,8010396,8011723,8011694,8010139,8012358,8010338,;602
2021-12-25T16:51:00.000Z;Zörnigall;RE;RE 3;3;3351;8013418;8013418%2021-12-25T16:51:00.000Z%,8010222,;602
2021-12-25T18:05:00.000Z;Zörnigall;RE;RE 3;3;3318;8013418;8013418%2021-12-25T18:05:00.000Z%,8011290,8013371,8011210,8012487,8010182,8012260,8013137,8013123,8010215,8011041,8011113,8011118,8098160,8011102,8013470,8010093,8010064,8011314,8010004,8013313,8013238,8012968,8010282,8012418,8010268,8010179,8011536,8011438,8011044,8012021,8010396,8011723,8011694,8010139,8012358,8010338,;602
2021-12-25T18:52:00.000Z;Zörnigall;RE;RE 3;3;3353;8013418;8013418%2021-12-25T18:52:00.000Z%,8010222,;602
2021-12-25T20:05:00.000Z;Zörnigall;RE;RE 3;3;3320;8013418;8013418%2021-12-25T20:05:00.000Z%,8011290,8013371,8011210,8012487,8010182,8012260,8013137,8013123,8010215,8011041,8011113,8011118,8098160,8011102,8013470,8012819,8011188,8012329,8010093,8010064,8011314,8010004,;602
2021-12-24T20:43:00.000Z;Freital-Potschappel;RB;RB 30;30;74073;8013445;8013445%2021-12-24T20:43:00.000Z%0,8013476,8010085,;426
2021-12-24T21:17:00.000Z;Freital-Potschappel;RB;RB 30;30;74078;8013445;8013445%2021-12-24T21:17:00.000Z%0,8011569,8010116,8011570,8013114,8011451,8012044,8012483,8012408,8010115,8012037,8011556,8012550,8011529,8010108,8010253,8013450,8010184,8010185,8011971,8011979,8011980,8011770,8010388,8011904,8010331,8010129,8010130,8012388,8012534,8013433,8010397,;426
2021-12-24T21:43:00.000Z;Freital-Potschappel;RB;RB 30;30;74075;8013445;8013445%2021-12-24T21:43:00.000Z%0,8013476,8010085,;426
2021-12-24T22:13:00.000Z;Freital-Potschappel;RB;RB 45;45;74080;8013445;8013445%2021-12-24T22:13:00.000Z%,8011569,8010116,8011570,8013114,8011451,8012044,8012483,8012408,8010115,8012037,8011556,8012550,8011529,8010108,8010253,8013450,8010184,;426
2021-12-24T23:41:00.000Z;Freital-Potschappel;RB;RB 30;30;74079;8013445;8013445%2021-12-24T23:41:00.000Z%0,8013476,8010085,;426
2021-12-25T04:14:00.000Z;Freital-Potschappel;RB;RB 30;30;74044;8013445;8013445%2021-12-25T04:14:00.000Z%,8011569,8010116,8011570,8013114,8011451,8012044,8012483,8012408,8010115,8012037,8011556,8012550,8011529,8010108,8010253,8013450,8010184,8010185,8011971,8011979,8011980,8011770,8010388,8011904,8010331,8010129,8010130,8012388,8012534,8013433,8010397,;426
2021-12-25T04:43:00.000Z;Freital-Potschappel;RB;RB 30;30;74041;8013445;8013445%2021-12-25T04:43:00.000Z%,8013476,8010085,;426
2021-12-25T05:13:00.000Z;Freital-Potschappel;RB;RB 30;30;74046;8013445;8013445%2021-12-25T05:13:00.000Z%,8011569,8010116,8011570,8013114,8011451,8012044,8012483,8012408,8010115,8012037,8011556,8012550,8011529,8010108,8010253,8013450,8010184,8010185,8011971,8011979,8011980,8011770,8010388,8011904,8010331,8010129,8010130,8012388,8012534,8013433,8010397,;426
2021-12-25T05:43:00.000Z;Freital-Potschappel;RB;RB 30;30;74043;8013445;8013445%2021-12-25T05:43:00.000Z%,8013476,8010085,;426
2021-12-25T06:13:00.000Z;Freital-Potschappel;RB;RB 30;30;74048;8013445;8013445%2021-12-25T06:13:00.000Z%,8011569,8010116,8011570,8013114,8011451,8012044,8012483,8012408,8010115,8012037,8011556,8012550,8011529,8010108,8010253,8013450,8010184,8010185,8011971,8011979,8011980,8011770,8010388,8011904,8010331,8010129,8010130,8012388,8012534,8013433,8010397,;426
2021-12-25T06:43:00.000Z;Freital-Potschappel;RB;RB 30;30;74045;8013445;8013445%2021-12-25T06:43:00.000Z%,8013476,8010085,;426
2021-12-25T07:13:00.000Z;Freital-Potschappel;RB;RB 30;30;74050;8013445;8013445%2021-12-25T07:13:00.000Z%,8011569,8010116,8011570,8013114,8011451,8012044,8012483,8012408,8010115,8012037,8011556,8012550,8011529,8010108,8010253,8013450,8010184,8010185,8011971,8011979,8011980,8011770,8010388,8011904,8010331,8010129,8010130,8012388,8012534,8013433,8010397,;426
2021-12-25T07:43:00.000Z;Freital-Potschappel;RB;RB 30;30;74047;8013445;8013445%2021-12-25T07:43:00.000Z%,8013476,8010085,;426
2021-12-25T08:13:00.000Z;Freital-Potschappel;RB;RB 30;30;74052;8013445;8013445%2021-12-25T08:13:00.000Z%,8011569,8010116,8011570,8013114,8011451,8012044,8012483,8012408,8010115,8012037,8011556,8012550,8011529,8010108,8010253,8013450,8010184,8010185,8011971,8011979,8011980,8011770,8010388,8011904,8010331,8010129,8010130,8012388,8012534,8013433,8010397,;426
2021-12-25T08:43:00.000Z;Freital-Potschappel;RB;RB 30;30;74049;8013445;8013445%2021-12-25T08:43:00.000Z%,8013476,8010085,;426
2021-12-25T09:13:00.000Z;Freital-Potschappel;RB;RB 30;30;74054;8013445;8013445%2021-12-25T09:13:00.000Z%,8011569,8010116,8011570,8013114,8011451,8012044,8012483,8012408,8010115,8012037,8011556,8012550,8011529,8010108,8010253,8013450,8010184,8010185,8011971,8011979,8011980,8011770,8010388,8011904,8010331,8010129,8010130,8012388,8012534,8013433,8010397,;426
2021-12-25T09:43:00.000Z;Freital-Potschappel;RB;RB 30;30;74051;8013445;8013445%2021-12-25T09:43:00.000Z%,8013476,8010085,;426
2021-12-25T10:13:00.000Z;Freital-Potschappel;RB;RB 30;30;74056;8013445;8013445%2021-12-25T10:13:00.000Z%,8011569,8010116,8011570,8013114,8011451,8012044,8012483,8012408,8010115,8012037,8011556,8012550,8011529,8010108,8010253,8013450,8010184,8010185,8011971,8011979,8011980,8011770,8010388,8011904,8010331,8010129,8010130,8012388,8012534,8013433,8010397,;426
2021-12-25T10:43:00.000Z;Freital-Potschappel;RB;RB 30;30;74053;8013445;8013445%2021-12-25T10:43:00.000Z%,8013476,8010085,;426
2021-12-25T11:13:00.000Z;Freital-Potschappel;RB;RB 30;30;74058;8013445;8013445%2021-12-25T11:13:00.000Z%,8011569,8010116,8011570,8013114,8011451,8012044,8012483,8012408,8010115,8012037,8011556,8012550,8011529,8010108,8010253,8013450,8010184,8010185,8011971,8011979,8011980,8011770,8010388,8011904,8010331,8010129,8010130,8012388,8012534,8013433,8010397,;426
2021-12-25T11:43:00.000Z;Freital-Potschappel;RB;RB 30;30;74055;8013445;8013445%2021-12-25T11:43:00.000Z%,8013476,8010085,;426
2021-12-25T12:13:00.000Z;Freital-Potschappel;RB;RB 30;30;74060;8013445;8013445%2021-12-25T12:13:00.000Z%,8011569,8010116,8011570,8013114,8011451,8012044,8012483,8012408,8010115,8012037,8011556,8012550,8011529,8010108,8010253,8013450,8010184,8010185,8011971,8011979,8011980,8011770,8010388,8011904,8010331,8010129,8010130,8012388,8012534,8013433,8010397,;426
2021-12-25T12:43:00.000Z;Freital-Potschappel;RB;RB 30;30;74057;8013445;8013445%2021-12-25T12:43:00.000Z%,8013476,8010085,;426
2021-12-25T13:13:00.000Z;Freital-Potschappel;RB;RB 30;30;74062;8013445;8013445%2021-12-25T13:13:00.000Z%,8011569,8010116,8011570,8013114,8011451,8012044,8012483,8012408,8010115,8012037,8011556,8012550,8011529,8010108,8010253,8013450,8010184,8010185,8011971,8011979,8011980,8011770,8010388,8011904,8010331,8010129,8010130,8012388,8012534,8013433,8010397,;426
2021-12-25T13:43:00.000Z;Freital-Potschappel;RB;RB 30;30;74059;8013445;8013445%2021-12-25T13:43:00.000Z%,8013476,8010085,;426
2021-12-25T14:13:00.000Z;Freital-Potschappel;RB;RB 30;30;74064;8013445;8013445%2021-12-25T14:13:00.000Z%,8011569,8010116,8011570,8013114,8011451,8012044,8012483,8012408,8010115,8012037,8011556,8012550,8011529,8010108,8010253,8013450,8010184,8010185,8011971,8011979,8011980,8011770,8010388,8011904,8010331,8010129,8010130,8012388,8012534,8013433,8010397,;426
2021-12-25T14:43:00.000Z;Freital-Potschappel;RB;RB 30;30;74061;8013445;8013445%2021-12-25T14:43:00.000Z%,8013476,8010085,;426
2021-12-25T15:13:00.000Z;Freital-Potschappel;RB;RB 30;30;74066;8013445;8013445%2021-12-25T15:13:00.000Z%,8011569,8010116,8011570,8013114,8011451,8012044,8012483,8012408,8010115,8012037,8011556,8012550,8011529,8010108,8010253,8013450,8010184,8010185,8011971,8011979,8011980,8011770,8010388,8011904,8010331,8010129,8010130,8012388,8012534,8013433,8010397,;426
2021-12-25T15:43:00.000Z;Freital-Potschappel;RB;RB 30;30;74063;8013445;8013445%2021-12-25T15:43:00.000Z%,8013476,8010085,;426
2021-12-25T16:13:00.000Z;Freital-Potschappel;RB;RB 30;30;74068;8013445;8013445%2021-12-25T16:13:00.000Z%,8011569,8010116,8011570,8013114,8011451,8012044,8012483,8012408,8010115,8012037,8011556,8012550,8011529,8010108,8010253,8013450,8010184,8010185,8011971,8011979,8011980,8011770,8010388,8011904,8010331,8010129,8010130,8012388,8012534,8013433,8010397,;426
2021-12-25T16:43:00.000Z;Freital-Potschappel;RB;RB 30;30;74065;8013445;8013445%2021-12-25T16:43:00.000Z%,8013476,8010085,;426
2021-12-25T17:13:00.000Z;Freital-Potschappel;RB;RB 30;30;74070;8013445;8013445%2021-12-25T17:13:00.000Z%,8011569,8010116,8011570,8013114,8011451,8012044,8012483,8012408,8010115,8012037,8011556,8012550,8011529,8010108,8010253,8013450,8010184,8010185,8011971,8011979,8011980,8011770,8010388,8011904,8010331,8010129,8010130,8012388,8012534,8013433,8010397,;426
2021-12-25T17:43:00.000Z;Freital-Potschappel;RB;RB 30;30;74067;8013445;8013445%2021-12-25T17:43:00.000Z%,8013476,8010085,;426
2021-12-25T18:13:00.000Z;Freital-Potschappel;RB;RB 30;30;74072;8013445;8013445%2021-12-25T18:13:00.000Z%,8011569,8010116,8011570,8013114,8011451,8012044,8012483,8012408,8010115,8012037,8011556,8012550,8011529,8010108,8010253,8013450,8010184,8010185,8011971,8011979,8011980,8011770,8010388,8011904,8010331,8010129,8010130,8012388,8012534,8013433,8010397,;426
2021-12-25T19:43:00.000Z;Freital-Potschappel;RB;RB 30;30;74071;8013445;8013445%2021-12-25T19:43:00.000Z%,8013476,8010085,;426
2021-12-25T20:13:00.000Z;Freital-Potschappel;RB;RB 30;30;74076;8013445;8013445%2021-12-25T20:13:00.000Z%,8011569,8010116,8011570,8013114,8011451,8012044,8012483,8012408,8010115,8012037,8011556,8012550,8011529,8010108,8010253,8013450,8010184,8010185,8011971,8011979,8011980,8011770,8010388,8011904,8010331,8010129,8010130,8012388,8012534,8013433,8010397,;426
2021-12-24T20:27:00.000Z;Camburg(Saale);RB;RB 25;25;74684;8013474;8013474%2021-12-24T20:27:00.000Z%0,8011406,8012663,8011958,8011058,8011956,8010133,8012811,8011985,8010264,8013398,8013164,8010306,8010307,8010309,;426
2021-12-24T20:32:00.000Z;Camburg(Saale);RB;RB 25;25;74687;8013474;8013474%2021-12-24T20:32:00.000Z%0,8010019,8010240,8012199,8010368,8010146,8012212,8012211,8010232,8012867,8010162,8010159,;426
2021-12-24T21:27:00.000Z;Camburg(Saale);RB;RB 25;25;74686;8013474;8013474%2021-12-24T21:27:00.000Z%0,8011406,8012663,8011958,8011058,8011956,8010133,8012811,8011985,8010264,8013398,8013164,8010306,8010307,8010309,;426
2021-12-24T21:32:00.000Z;Camburg(Saale);RB;RB 25;25;74689;8013474;8013474%2021-12-24T21:32:00.000Z%0,8010019,8010240,8012199,8010368,8010146,8012212,8012211,8010232,8012867,8010162,8010159,;426
2021-12-24T22:27:00.000Z;Camburg(Saale);RB;RB 25;25;74688;8013474;8013474%2021-12-24T22:27:00.000Z%0,8011406,8012663,8011958,8011058,8011956,8010133,8012811,8011985,8010264,8013398,8013164,8010306,8010307,8010309,;426
2021-12-24T22:32:00.000Z;Camburg(Saale);RB;RB 25;25;74693;8013474;8013474%2021-12-24T22:32:00.000Z%0,8010019,8010240,8012199,8010368,8010146,8011071,8012080,8011753,8012311,8012355,8012817,8010207,8012193,8010205,;426
2021-12-24T23:27:00.000Z;Camburg(Saale);RB;RB 25;25;74690;8013474;8013474%2021-12-24T23:27:00.000Z%,8011406,8012663,8011958,8011058,8011956,8010133,8012811,8011985,8010264,8013398,8013164,8010306,8010307,8010309,;426
2021-12-25T04:28:00.000Z;Camburg(Saale);RB;RB 25;25;74655;8013474;8013474%2021-12-25T04:28:00.000Z%,8010019,8010240,8012199,8010368,8010146,8012212,8012211,8010232,8012867,8010162,8010159,;426
2021-12-25T05:16:00.000Z;Camburg(Saale);RE;RE 42;42;4980;8013474;8013474%2021-12-25T05:16:00.000Z%,8010240,8010368,8010205,;602
2021-12-25T05:27:00.000Z;Camburg(Saale);RB;RB 25;25;74654;8013474;8013474%2021-12-25T05:27:00.000Z%,8011406,8012663,8011958,8011058,8011956,8010133,8012811,8011985,8010264,8013398,8013164,8010306,8010307,8010309,;426
2021-12-25T05:32:00.000Z;Camburg(Saale);RB;RB 25;25;74657;8013474;8013474%2021-12-25T05:32:00.000Z%,8010019,8010240,8012199,8010368,8010146,8012212,8012211,8010232,8012867,8010162,8010159,;426
2021-12-25T05:49:00.000Z;Camburg(Saale);RE;RE 42;42;4983;8013474;8013474%2021-12-25T05:49:00.000Z%,8011406,8012663,8011958,8011058,8011956,8010133,8012811,8011985,8010264,8013398,8013164,8010306,8010307,8010309,8011267,8012000,8013171,8010288,8003770,8005692,8002020,8004881,8005737,8002467,8003446,8004319,8003472,8004979,8002878,8004011,8000228,8005670,8001623,8006634,8001149,8000025,8002853,8002024,8001844,8000114,8000284,;602
2021-12-25T06:27:00.000Z;Camburg(Saale);RB;RB 25;25;74656;8013474;8013474%2021-12-25T06:27:00.000Z%,8011406,8012663,8011958,8011058,8011956,8010133,8012811,8011985,8010264,8013398,8013164,8010306,8010307,8010309,;426
2021-12-25T06:32:00.000Z;Camburg(Saale);RB;RB 25;25;74659;8013474;8013474%2021-12-25T06:32:00.000Z%,8010019,8010240,8012199,8010368,8010146,8012212,8012211,8010232,8012867,8010162,8010159,;426
2021-12-25T06:49:00.000Z;Camburg(Saale);RE;RE 25;25;74651;8013474;8013474%2021-12-25T06:49:00.000Z%,8010019,8010240,;602
2021-12-25T07:27:00.000Z;Camburg(Saale);RB;RB 25;25;74658;8013474;8013474%2021-12-25T07:27:00.000Z%,8011406,8012663,8011958,8011058,8011956,8010133,8012811,8011985,8010264,8013398,8013164,8010306,8010307,8010309,;426
2021-12-25T07:32:00.000Z;Camburg(Saale);RB;RB 25;25;74661;8013474;8013474%2021-12-25T07:32:00.000Z%,8010019,8010240,8012199,8010368,8010146,8012212,8012211,8010232,8012867,8010162,8010159,;426
2021-12-25T08:00:00.000Z;Camburg(Saale);RE;RE 42;42;4982;8013474;8013474%2021-12-25T08:00:00.000Z%,8010240,8010368,8010205,;602
2021-12-25T08:03:00.000Z;Camburg(Saale);RE;RE 42;42;4985;8013474;8013474%2021-12-25T08:03:00.000Z%,8011956,8010133,8011985,8010306,8010307,8010309,8011267,8012000,8013171,8010288,8003770,8005692,8002020,8004881,8005737,8002467,8003446,8004319,8003472,8004979,8002878,8004011,8000228,8005670,8001623,8006634,8001149,8000025,8002853,8002024,8001844,8000114,8000284,;602
2021-12-25T08:27:00.000Z;Camburg(Saale);RB;RB 25;25;74660;8013474;8013474%2021-12-25T08:27:00.000Z%,8011406,8012663,8011958,8011058,8011956,8010133,8012811,8011985,8010264,8013398,8013164,8010306,8010307,8010309,;426
2021-12-25T08:32:00.000Z;Camburg(Saale);RB;RB 25;25;74663;8013474;8013474%2021-12-25T08:32:00.000Z%,8010019,8010240,8012199,8010368,8010146,8012212,8012211,8010232,8012867,8010162,8010159,;426
2021-12-25T09:27:00.000Z;Camburg(Saale);RB;RB 25;25;74662;8013474;8013474%2021-12-25T09:27:00.000Z%,8011406,8012663,8011958,8011058,8011956,8010133,8012811,8011985,8010264,8013398,8013164,8010306,8010307,8010309,;426
2021-12-25T09:32:00.000Z;Camburg(Saale);RB;RB 25;25;74665;8013474;8013474%2021-12-25T09:32:00.000Z%,8010019,8010240,8012199,8010368,8010146,8012212,8012211,8010232,8012867,8010162,8010159,;426
2021-12-25T09:54:00.000Z;Camburg(Saale);RE;RE 42;42;4984;8013474;8013474%2021-12-25T09:54:00.000Z%,8010240,8010368,8010205,;602
2021-12-25T10:03:00.000Z;Camburg(Saale);RE;RE 42;42;4987;8013474;8013474%2021-12-25T10:03:00.000Z%,8011956,8010133,8011985,8010306,8010307,8010309,8011267,8012000,8013171,8010288,8003770,8005692,8002020,8004881,8005737,8002467,8003446,8004319,8003472,8004979,8002878,8004011,8000228,8005670,8001623,8006634,8001149,8000025,8002853,8002024,8001844,8000114,8000284,;602
2021-12-25T10:27:00.000Z;Camburg(Saale);RB;RB 25;25;74664;8013474;8013474%2021-12-25T10:27:00.000Z%,8011406,8012663,8011958,8011058,8011956,8010133,8012811,8011985,8010264,8013398,8013164,8010306,8010307,8010309,;426
2021-12-25T10:32:00.000Z;Camburg(Saale);RB;RB 25;25;74667;8013474;8013474%2021-12-25T10:32:00.000Z%,8010019,8010240,8012199,8010368,8010146,8012212,8012211,8010232,8012867,8010162,8010159,;426
2021-12-25T11:27:00.000Z;Camburg(Saale);RB;RB 25;25;74666;8013474;8013474%2021-12-25T11:27:00.000Z%,8011406,8012663,8011958,8011058,8011956,8010133,8012811,8011985,8010264,8013398,8013164,8010306,8010307,8010309,;426
2021-12-25T11:32:00.000Z;Camburg(Saale);RB;RB 25;25;74669;8013474;8013474%2021-12-25T11:32:00.000Z%,8010019,8010240,8012199,8010368,8010146,8012212,8012211,8010232,8012867,8010162,8010159,;426
2021-12-25T11:54:00.000Z;Camburg(Saale);RE;RE 42;42;4986;8013474;8013474%2021-12-25T11:54:00.000Z%,8010240,8010368,8010205,;602
2021-12-25T12:03:00.000Z;Camburg(Saale);RE;RE 42;42;4989;8013474;8013474%2021-12-25T12:03:00.000Z%,8011956,8010133,8011985,8010306,8010307,8010309,8011267,8012000,8013171,8010288,8003770,8005692,8002020,8004881,8005737,8002467,8003446,8004319,8003472,8004979,8002878,8004011,8000228,8005670,8001623,8006634,8001149,8000025,8002853,8002024,8001844,8000114,8000284,;602
2021-12-25T12:27:00.000Z;Camburg(Saale);RB;RB 25;25;74668;8013474;8013474%2021-12-25T12:27:00.000Z%,8011406,8012663,8011958,8011058,8011956,8010133,8012811,8011985,8010264,8013398,8013164,8010306,8010307,8010309,;426
2021-12-25T12:32:00.000Z;Camburg(Saale);RB;RB 25;25;74671;8013474;8013474%2021-12-25T12:32:00.000Z%,8010019,8010240,8012199,8010368,8010146,8012212,8012211,8010232,8012867,8010162,8010159,;426
2021-12-25T13:27:00.000Z;Camburg(Saale);RB;RB 25;25;74670;8013474;8013474%2021-12-25T13:27:00.000Z%,8011406,8012663,8011958,8011058,8011956,8010133,8012811,8011985,8010264,8013398,8013164,8010306,8010307,8010309,;426
2021-12-25T13:32:00.000Z;Camburg(Saale);RB;RB 25;25;74673;8013474;8013474%2021-12-25T13:32:00.000Z%,8010019,8010240,8012199,8010368,8010146,8012212,8012211,8010232,8012867,8010162,8010159,;426
2021-12-25T14:00:00.000Z;Camburg(Saale);RE;RE 42;42;4988;8013474;8013474%2021-12-25T14:00:00.000Z%,8010240,8010368,8010205,;602
2021-12-25T14:03:00.000Z;Camburg(Saale);RE;RE 42;42;4991;8013474;8013474%2021-12-25T14:03:00.000Z%,8011956,8010133,8011985,8010306,8010307,8010309,8011267,8012000,8013171,8010288,8003770,8005692,8002020,8004881,8005737,8002467,8003446,8004319,8003472,8004979,8002878,8004011,8000228,8005670,8001623,8006634,8001149,8000025,8002853,8002024,8001844,8000114,8000284,;602
2021-12-25T14:27:00.000Z;Camburg(Saale);RB;RB 25;25;74672;8013474;8013474%2021-12-25T14:27:00.000Z%,8011406,8012663,8011958,8011058,8011956,8010133,8012811,8011985,8010264,8013398,8013164,8010306,8010307,8010309,;426
2021-12-25T14:32:00.000Z;Camburg(Saale);RB;RB 25;25;74675;8013474;8013474%2021-12-25T14:32:00.000Z%,8010019,8010240,8012199,8010368,8010146,8012212,8012211,8010232,8012867,8010162,8010159,;426
2021-12-25T15:27:00.000Z;Camburg(Saale);RB;RB 25;25;74674;8013474;8013474%2021-12-25T15:27:00.000Z%,8011406,8012663,8011958,8011058,8011956,8010133,8012811,8011985,8010264,8013398,8013164,8010306,8010307,8010309,;426
2021-12-25T15:32:00.000Z;Camburg(Saale);RB;RB 25;25;74677;8013474;8013474%2021-12-25T15:32:00.000Z%,8010019,8010240,8012199,8010368,8010146,8012212,8012211,8010232,8012867,8010162,8010159,;426
2021-12-25T15:54:00.000Z;Camburg(Saale);RE;RE 42;42;4990;8013474;8013474%2021-12-25T15:54:00.000Z%,8010240,8010368,8010205,;602
2021-12-25T16:03:00.000Z;Camburg(Saale);RE;RE 42;42;4993;8013474;8013474%2021-12-25T16:03:00.000Z%,8011956,8010133,8011985,8010306,8010307,8010309,8011267,8012000,8013171,8010288,8003770,8005692,8002020,8004881,8005737,8002467,8003446,8004319,8003472,8004979,8002878,8004011,8000228,8005670,8001623,8006634,8001149,8000025,8002853,8002024,8001844,8000114,8000284,;602
2021-12-25T16:27:00.000Z;Camburg(Saale);RB;RB 25;25;74676;8013474;8013474%2021-12-25T16:27:00.000Z%,8011406,8012663,8011958,8011058,8011956,8010133,8012811,8011985,8010264,8013398,8013164,8010306,8010307,8010309,;426
2021-12-25T16:32:00.000Z;Camburg(Saale);RB;RB 25;25;74679;8013474;8013474%2021-12-25T16:32:00.000Z%,8010019,8010240,8012199,8010368,8010146,8012212,8012211,8010232,8012867,8010162,8010159,;426
2021-12-25T17:27:00.000Z;Camburg(Saale);RB;RB 25;25;74678;8013474;8013474%2021-12-25T17:27:00.000Z%,8011406,8012663,8011958,8011058,8011956,8010133,8012811,8011985,8010264,8013398,8013164,8010306,8010307,8010309,;426
2021-12-25T17:32:00.000Z;Camburg(Saale);RB;RB 25;25;74681;8013474;8013474%2021-12-25T17:32:00.000Z%,8010019,8010240,8012199,8010368,8010146,8012212,8012211,8010232,8012867,8010162,8010159,;426
2021-12-25T17:54:00.000Z;Camburg(Saale);RE;RE 42;42;4992;8013474;8013474%2021-12-25T17:54:00.000Z%,8010240,8010368,8010205,;602
2021-12-25T18:03:00.000Z;Camburg(Saale);RE;RE 42;42;4995;8013474;8013474%2021-12-25T18:03:00.000Z%,8011956,8010133,8011985,8010306,8010307,8010309,8011267,8012000,8013171,8010288,8003770,8005692,8002020,8004881,8005737,8002467,8003446,8004319,8003472,8004979,8002878,8004011,8000228,8005670,8001623,8006634,8001640,8001149,8000025,8002853,8002024,8001844,8000114,8000284,;602
2021-12-25T18:27:00.000Z;Camburg(Saale);RB;RB 25;25;74680;8013474;8013474%2021-12-25T18:27:00.000Z%,8011406,8012663,8011958,8011058,8011956,8010133,8012811,8011985,8010264,8013398,8013164,8010306,8010307,8010309,;426
2021-12-25T18:32:00.000Z;Camburg(Saale);RB;RB 25;25;74683;8013474;8013474%2021-12-25T18:32:00.000Z%,8010019,8010240,8012199,8010368,8010146,8012212,8012211,8010232,8012867,8010162,8010159,;426
2021-12-25T19:27:00.000Z;Camburg(Saale);RB;RB 25;25;74682;8013474;8013474%2021-12-25T19:27:00.000Z%,8011406,8012663,8011958,8011058,8011956,8010133,8012811,8011985,8010264,8013398,8013164,8010306,8010307,8010309,;426
2021-12-25T19:32:00.000Z;Camburg(Saale);RB;RB 25;25;74685;8013474;8013474%2021-12-25T19:32:00.000Z%,8010019,8010240,8012199,8010368,8010146,8012212,8012211,8010232,8012867,8010162,8010159,;426
2021-12-25T19:54:00.000Z;Camburg(Saale);RE;RE 42;42;4994;8013474;8013474%2021-12-25T19:54:00.000Z%,8010240,8010368,8010205,;602
2021-12-25T20:03:00.000Z;Camburg(Saale);RE;RE 42;42;4997;8013474;8013474%2021-12-25T20:03:00.000Z%,8011956,8010133,8011985,8010306,8010307,8010309,8011267,8012000,8013171,8010288,8003770,8005692,8002020,8004881,8005737,8002467,8003446,8004319,8003472,8004979,8002878,8004011,8000228,8005670,8001623,8006634,8001640,8001149,8002542,8000025,;602
2021-12-24T20:47:00.000Z;Dresden-Plauen;RB;RB 30;30;74073;8013476;8013476%2021-12-24T20:47:00.000Z%0,8010085,;426
2021-12-24T21:13:00.000Z;Dresden-Plauen;RB;RB 30;30;74078;8013476;8013476%2021-12-24T21:13:00.000Z%0,8013445,8011569,8010116,8011570,8013114,8011451,8012044,8012483,8012408,8010115,8012037,8011556,8012550,8011529,8010108,8010253,8013450,8010184,8010185,8011971,8011979,8011980,8011770,8010388,8011904,8010331,8010129,8010130,8012388,8012534,8013433,8010397,;426
2021-12-24T21:47:00.000Z;Dresden-Plauen;RB;RB 30;30;74075;8013476;8013476%2021-12-24T21:47:00.000Z%0,8010085,;426
2021-12-24T22:09:00.000Z;Dresden-Plauen;RB;RB 45;45;74080;8013476;8013476%2021-12-24T22:09:00.000Z%,8013445,8011569,8010116,8011570,8013114,8011451,8012044,8012483,8012408,8010115,8012037,8011556,8012550,8011529,8010108,8010253,8013450,8010184,;426
2021-12-24T23:46:00.000Z;Dresden-Plauen;RB;RB 30;30;74079;8013476;8013476%2021-12-24T23:46:00.000Z%0,8010085,;426
2021-12-25T04:10:00.000Z;Dresden-Plauen;RB;RB 30;30;74044;8013476;8013476%2021-12-25T04:10:00.000Z%,8013445,8011569,8010116,8011570,8013114,8011451,8012044,8012483,8012408,8010115,8012037,8011556,8012550,8011529,8010108,8010253,8013450,8010184,8010185,8011971,8011979,8011980,8011770,8010388,8011904,8010331,8010129,8010130,8012388,8012534,8013433,8010397,;426
2021-12-25T04:47:00.000Z;Dresden-Plauen;RB;RB 30;30;74041;8013476;8013476%2021-12-25T04:47:00.000Z%,8010085,;426
2021-12-25T05:09:00.000Z;Dresden-Plauen;RB;RB 30;30;74046;8013476;8013476%2021-12-25T05:09:00.000Z%,8013445,8011569,8010116,8011570,8013114,8011451,8012044,8012483,8012408,8010115,8012037,8011556,8012550,8011529,8010108,8010253,8013450,8010184,8010185,8011971,8011979,8011980,8011770,8010388,8011904,8010331,8010129,8010130,8012388,8012534,8013433,8010397,;426
2021-12-25T05:47:00.000Z;Dresden-Plauen;RB;RB 30;30;74043;8013476;8013476%2021-12-25T05:47:00.000Z%,8010085,;426
2021-12-25T06:09:00.000Z;Dresden-Plauen;RB;RB 30;30;74048;8013476;8013476%2021-12-25T06:09:00.000Z%,8013445,8011569,8010116,8011570,8013114,8011451,8012044,8012483,8012408,8010115,8012037,8011556,8012550,8011529,8010108,8010253,8013450,8010184,8010185,8011971,8011979,8011980,8011770,8010388,8011904,8010331,8010129,8010130,8012388,8012534,8013433,8010397,;426
2021-12-25T06:47:00.000Z;Dresden-Plauen;RB;RB 30;30;74045;8013476;8013476%2021-12-25T06:47:00.000Z%,8010085,;426
2021-12-25T07:09:00.000Z;Dresden-Plauen;RB;RB 30;30;74050;8013476;8013476%2021-12-25T07:09:00.000Z%,8013445,8011569,8010116,8011570,8013114,8011451,8012044,8012483,8012408,8010115,8012037,8011556,8012550,8011529,8010108,8010253,8013450,8010184,8010185,8011971,8011979,8011980,8011770,8010388,8011904,8010331,8010129,8010130,8012388,8012534,8013433,8010397,;426
2021-12-25T07:47:00.000Z;Dresden-Plauen;RB;RB 30;30;74047;8013476;8013476%2021-12-25T07:47:00.000Z%,8010085,;426
2021-12-25T08:09:00.000Z;Dresden-Plauen;RB;RB 30;30;74052;8013476;8013476%2021-12-25T08:09:00.000Z%,8013445,8011569,8010116,8011570,8013114,8011451,8012044,8012483,8012408,8010115,8012037,8011556,8012550,8011529,8010108,8010253,8013450,8010184,8010185,8011971,8011979,8011980,8011770,8010388,8011904,8010331,8010129,8010130,8012388,8012534,8013433,8010397,;426
2021-12-25T08:47:00.000Z;Dresden-Plauen;RB;RB 30;30;74049;8013476;8013476%2021-12-25T08:47:00.000Z%,8010085,;426
2021-12-25T09:09:00.000Z;Dresden-Plauen;RB;RB 30;30;74054;8013476;8013476%2021-12-25T09:09:00.000Z%,8013445,8011569,8010116,8011570,8013114,8011451,8012044,8012483,8012408,8010115,8012037,8011556,8012550,8011529,8010108,8010253,8013450,8010184,8010185,8011971,8011979,8011980,8011770,8010388,8011904,8010331,8010129,8010130,8012388,8012534,8013433,8010397,;426
2021-12-24T20:27:00.000Z;Radebeul-Naundorf;RB;RB 31;31;18038;8013490;8013490%2021-12-24T20:27:00.000Z%0,8010072,8013267,8012482,8010285,8011749,8013368,8011563,8012681,8010099,;426
2021-12-24T21:25:00.000Z;Radebeul-Naundorf;RB;RB 31;31;18039;8013490;8013490%2021-12-24T21:25:00.000Z%0,8012503,8011320,8011425,8011421,8011419,8013475,8010085,;426
2021-12-25T04:27:00.000Z;Radebeul-Naundorf;RB;RB 31;31;18002;8013490;8013490%2021-12-25T04:27:00.000Z%,8010072,8013267,8012482,8010285,8011749,8013368,8011563,8012681,8010099,8010100,;426
2021-12-25T05:25:00.000Z;Radebeul-Naundorf;RB;RB 31;31;18005;8013490;8013490%2021-12-25T05:25:00.000Z%,8012503,8011320,8011425,8011421,8011419,8013475,8010085,;426
2021-12-25T06:27:00.000Z;Radebeul-Naundorf;RB;RB 31;31;18010;8013490;8013490%2021-12-25T06:27:00.000Z%,8010072,8013267,8012482,8010285,8011749,8013368,8011563,8012681,8010099,8010100,;426
2021-12-25T07:25:00.000Z;Radebeul-Naundorf;RB;RB 31;31;18011;8013490;8013490%2021-12-25T07:25:00.000Z%,8012503,8011320,8011425,8011421,8011419,8013475,8010085,;426
2021-12-25T08:27:00.000Z;Radebeul-Naundorf;RB;RB 31;31;18014;8013490;8013490%2021-12-25T08:27:00.000Z%,8010072,8013267,8012482,8010285,8011749,8013368,8011563,8012681,8010099,8010100,;426
2021-12-25T09:25:00.000Z;Radebeul-Naundorf;RB;RB 31;31;18015;8013490;8013490%2021-12-25T09:25:00.000Z%,8012503,8011320,8011425,8011421,8011419,8013475,8010085,;426
2021-12-25T10:27:00.000Z;Radebeul-Naundorf;RB;RB 31;31;18018;8013490;8013490%2021-12-25T10:27:00.000Z%,8010072,8013267,8012482,8010285,8011749,8013368,8011563,8012681,8010099,8010100,;426
2021-12-25T11:25:00.000Z;Radebeul-Naundorf;RB;RB 31;31;18019;8013490;8013490%2021-12-25T11:25:00.000Z%,8012503,8011320,8011425,8011421,8011419,8013475,8010085,;426
2021-12-25T12:27:00.000Z;Radebeul-Naundorf;RB;RB 31;31;18022;8013490;8013490%2021-12-25T12:27:00.000Z%,8010072,8013267,8012482,8010285,8011749,8013368,8011563,8012681,8010099,8010100,;426
2021-12-25T13:25:00.000Z;Radebeul-Naundorf;RB;RB 31;31;18023;8013490;8013490%2021-12-25T13:25:00.000Z%,8012503,8011320,8011425,8011421,8011419,8013475,8010085,;426
2021-12-25T14:27:00.000Z;Radebeul-Naundorf;RB;RB 31;31;18026;8013490;8013490%2021-12-25T14:27:00.000Z%,8010072,8013267,8012482,8010285,8011749,8013368,8011563,8012681,8010099,8010100,;426
2021-12-25T15:25:00.000Z;Radebeul-Naundorf;RB;RB 31;31;18027;8013490;8013490%2021-12-25T15:25:00.000Z%,8012503,8011320,8011425,8011421,8011419,8013475,8010085,;426
2021-12-25T16:27:00.000Z;Radebeul-Naundorf;RB;RB 31;31;18030;8013490;8013490%2021-12-25T16:27:00.000Z%,8010072,8013267,8012482,8010285,8011749,8013368,8011563,8012681,8010099,8010100,;426
2021-12-25T17:25:00.000Z;Radebeul-Naundorf;RB;RB 31;31;18031;8013490;8013490%2021-12-25T17:25:00.000Z%,8012503,8011320,8011425,8011421,8011419,8013475,8010085,;426
2021-12-25T18:27:00.000Z;Radebeul-Naundorf;RB;RB 31;31;18034;8013490;8013490%2021-12-25T18:27:00.000Z%,8010072,8013267,8012482,8010285,8011749,8013368,8011563,8012681,8010099,8010100,;426
2021-12-25T19:25:00.000Z;Radebeul-Naundorf;RB;RB 31;31;18035;8013490;8013490%2021-12-25T19:25:00.000Z%,8012503,8011320,8011425,8011421,8011419,8013475,8010085,;426
2021-12-24T20:52:00.000Z;Untergrainau;RB;RB 60;60;5535;8017042;8017042%2021-12-24T20:52:00.000Z%0,8002188,8002187,8001961,8004506,8001880,8004662,8004185,8005948,8003024,8000220,8005927,8004158,8098261,;426
2021-12-25T06:10:00.000Z;Untergrainau;RB;RB 60;60;5504;8017042;8017042%2021-12-25T06:10:00.000Z%,8017041,8100089,8100552,8100553,8100114,8100550,8101912,8100115,8100556,8100555,8100558,8102260,8004807,;426
2021-12-25T06:48:00.000Z;Untergrainau;RB;RB 60;60;5505;8017042;8017042%2021-12-25T06:48:00.000Z%,8002188,8002187,8001961,8004506,8001880,8004662,8004185,8005948,8003024,8000220,8005927,8004158,8098261,;426
2021-12-25T07:10:00.000Z;Untergrainau;RB;RB 60;60;5508;8017042;8017042%2021-12-25T07:10:00.000Z%,8017041,8100089,8100552,8100553,8100114,8101972,8100550,8101912,8100115,8100556,8100555,8100558,8102260,8004807,;426
2021-12-25T07:34:00.000Z;Untergrainau;RE;RE 62;62;5536;8017042;8017042%2021-12-25T07:34:00.000Z%,8100089,8100552,;602
2021-12-25T08:48:00.000Z;Untergrainau;RB;RB 60;60;5511;8017042;8017042%2021-12-25T08:48:00.000Z%,8002188,8002187,8001961,8004506,8001880,8004662,8004185,8005948,8003024,8000220,8005927,8004158,8098261,;426
2021-12-25T09:10:00.000Z;Untergrainau;RB;RB 60;60;5512;8017042;8017042%2021-12-25T09:10:00.000Z%,8017041,8100089,8100552,8100553,8100114,8101972,8100550,8101912,8100115,8100556,8100555,8100558,8102260,8004807,;426
2021-12-25T09:53:00.000Z;Untergrainau;RE;RE 62;62;5537;8017042;8017042%2021-12-25T09:53:00.000Z%,8002188,8002187,8001961,8004506,8001880,8004662,8004185,8005948,8003024,8000220,8005927,8004158,8098261,;602
2021-12-25T10:10:00.000Z;Untergrainau;RB;RB 60;60;5538;8017042;8017042%2021-12-25T10:10:00.000Z%,8100089,8100552,8100553,8100114,8101972,8100550,8101912,8100115,8100556,8100555,8100558,8102260,8004807,;426
2021-12-25T10:48:00.000Z;Untergrainau;RB;RB 60;60;5513;8017042;8017042%2021-12-25T10:48:00.000Z%,8002188,8002187,8001961,8004506,8001880,8004662,8004185,8005948,8003024,8000220,8005927,8004158,8098261,;426
2021-12-25T11:10:00.000Z;Untergrainau;RB;RB 60;60;5514;8017042;8017042%2021-12-25T11:10:00.000Z%,8017041,8100089,8100552,8100553,8100114,8101972,8100550,8101912,8100115,8100556,8100555,8100558,8102260,8004807,;426
2021-12-25T11:48:00.000Z;Untergrainau;RB;RB 60;60;5539;8017042;8017042%2021-12-25T11:48:00.000Z%,8002188,8002187,8001961,8004506,8001880,8004662,8004185,8005948,8003024,8000220,8005927,8004158,8098261,;426
2021-12-25T12:10:00.000Z;Untergrainau;RB;RB 60;60;5540;8017042;8017042%2021-12-25T12:10:00.000Z%,8017041,8100089,8100552,8100553,8100114,8101972,8100550,8101912,8100115,8100556,8100555,8100558,8102260,8004807,;426
2021-12-25T12:48:00.000Z;Untergrainau;RB;RB 60;60;5519;8017042;8017042%2021-12-25T12:48:00.000Z%,8002188,8002187,8001961,8004506,8001880,8004662,8004185,8005948,8003024,8000220,8005927,8004158,8098261,;426
2021-12-25T13:10:00.000Z;Untergrainau;RB;RB 60;60;5518;8017042;8017042%2021-12-25T13:10:00.000Z%,8017041,8100089,8100552,8100553,8100114,8101972,8100550,8101912,8100115,8100556,8100555,8100558,8102260,8004807,;426
2021-12-25T13:48:00.000Z;Untergrainau;RB;RB 60;60;5541;8017042;8017042%2021-12-25T13:48:00.000Z%,8002188,8002187,8001961,8004506,8001880,8004662,8004185,8005948,8003024,8000220,8005927,8004158,8098261,;426
2021-12-25T14:10:00.000Z;Untergrainau;RB;RB 60;60;5520;8017042;8017042%2021-12-25T14:10:00.000Z%,8100089,8100552,8100553,8100114,8101972,8100550,8101912,8100115,8100556,8100555,8100558,8102260,8004807,;426
2021-12-25T14:48:00.000Z;Untergrainau;RB;RB 60;60;5521;8017042;8017042%2021-12-25T14:48:00.000Z%,8002188,8002187,8001961,8004506,8001880,8004662,8004185,8005948,8003024,8000220,8005927,8004158,8098261,;426
2021-12-25T15:10:00.000Z;Untergrainau;RB;RB 60;60;5522;8017042;8017042%2021-12-25T15:10:00.000Z%,8017041,8100089,8100552,8100553,8100114,8101972,8100550,8101912,8100115,8100556,8100555,8100558,8102260,8004807,;426
2021-12-25T15:48:00.000Z;Untergrainau;RB;RB 60;60;5523;8017042;8017042%2021-12-25T15:48:00.000Z%,8002188,8002187,8001961,8004506,8001880,8004662,8004185,8005948,8003024,8000220,8005927,8004158,8098261,;426
2021-12-25T16:10:00.000Z;Untergrainau;RB;RB 60;60;5526;8017042;8017042%2021-12-25T16:10:00.000Z%,8100089,8100552,8100553,8100114,8101972,8100550,8101912,8100115,8100556,8100555,8100558,8102260,8004807,;426
2021-12-25T16:48:00.000Z;Untergrainau;RB;RB 60;60;5527;8017042;8017042%2021-12-25T16:48:00.000Z%,8002188,8002187,8001961,8004506,8001880,8004662,8004185,8005948,8003024,8000220,8005927,8004158,8098261,;426
2021-12-25T17:10:00.000Z;Untergrainau;RB;RB 60;60;5528;8017042;8017042%2021-12-25T17:10:00.000Z%,8017041,8100089,8100552,8100553,8100114,8100550,8101912,8100115,8100556,8100555,8100558,8102260,8004807,;426
2021-12-25T17:48:00.000Z;Untergrainau;RB;RB 60;60;5529;8017042;8017042%2021-12-25T17:48:00.000Z%,8002188,8002187,;426
2021-12-25T18:48:00.000Z;Untergrainau;RB;RB 60;60;5533;8017042;8017042%2021-12-25T18:48:00.000Z%,8002188,8002187,8001961,8004506,8001880,8004662,8004185,8005948,8003024,8000220,8005927,8004158,8098261,;426
2021-12-25T19:10:00.000Z;Untergrainau;RB;RB 60;60;5534;8017042;8017042%2021-12-25T19:10:00.000Z%,8017041,8100089,8100552,8100553,8100114,8100550,8101912,8100115,8100556,8100555,8100558,8102260,8004807,;426
2021-12-24T20:44:00.000Z;Marienheide;RB;RB 25;25;10578;8070483;8070483%2021-12-24T20:46:00.000Z%2,8003950,8003297,8002535,8001213,8003782,;426
2021-12-24T21:12:00.000Z;Marienheide;RB;RB 25;25;10587;8070483;8070483%2021-12-24T21:13:00.000Z%1,8002462,8000363,8005218,8001789,8004739,8002988,8002932,8005134,8005143,8003358,8003320,8003368,8000207,8003392,;426
2021-12-24T21:44:00.000Z;Marienheide;RB;RB 25;25;10582;8070483;8070483%2021-12-24T21:45:00.000Z%1,8003950,;426
2021-12-24T22:12:00.000Z;Marienheide;RB;RB 25;25;10591;8070483;8070483%2021-12-24T22:12:00.000Z%,8002462,8000363,8005218,8001789,8004739,8002988,8002932,8005134,8005143,8003358,8003320,8003368,8000207,8003392,;426
2021-12-24T22:44:00.000Z;Marienheide;RB;RB 25;25;10586;8070483;8070483%2021-12-24T22:44:00.000Z%,8003950,;426
2021-12-24T23:44:00.000Z;Marienheide;RB;RB 25;25;10590;8070483;8070483%2021-12-24T23:44:00.000Z%,8003950,;426
2021-12-25T00:44:00.000Z;Marienheide;RB;RB 25;25;10594;8070483;8070483%2021-12-25T00:44:00.000Z%,8003950,;426
2021-12-25T06:12:00.000Z;Marienheide;RB;RB 25;25;10521;8070483;8070483%2021-12-25T06:12:00.000Z%,8002462,8000363,8005218,8001789,8004739,8002988,8002932,8005134,8005143,8003358,8003320,8003368,8000207,8003392,;426
2021-12-25T06:44:00.000Z;Marienheide;RB;RB 25;25;10516;8070483;8070483%2021-12-25T06:44:00.000Z%,8003950,8003297,8002535,8001213,8003782,;426
2021-12-25T07:12:00.000Z;Marienheide;RB;RB 25;25;10525;8070483;8070483%2021-12-25T07:12:00.000Z%,8002462,8000363,8005218,8001789,8004739,8002988,8002932,8005134,8005143,8003358,8003320,8003368,8000207,8003392,;426
2021-12-25T07:44:00.000Z;Marienheide;RB;RB 25;25;10522;8070483;8070483%2021-12-25T07:44:00.000Z%,8003950,8003297,8002535,8001213,8003782,;426
2021-12-25T08:12:00.000Z;Marienheide;RB;RB 25;25;10531;8070483;8070483%2021-12-25T08:12:00.000Z%,8002462,8000363,8005218,8001789,8004739,8002988,8002932,8005134,8005143,8003358,8003320,8003368,8000207,8003392,;426
2021-12-25T08:44:00.000Z;Marienheide;RB;RB 25;25;10528;8070483;8070483%2021-12-25T08:44:00.000Z%,8003950,8003297,8002535,8001213,8003782,;426
2021-12-25T09:12:00.000Z;Marienheide;RB;RB 25;25;10535;8070483;8070483%2021-12-25T09:12:00.000Z%,8002462,8000363,8005218,8001789,8004739,8002988,8002932,8005134,8005143,8003358,8003320,8003368,8000207,8003392,;426
2021-12-25T09:44:00.000Z;Marienheide;RB;RB 25;25;10532;8070483;8070483%2021-12-25T09:44:00.000Z%,8003950,8003297,8002535,8001213,8003782,;426
2021-12-25T10:12:00.000Z;Marienheide;RB;RB 25;25;10539;8070483;8070483%2021-12-25T10:12:00.000Z%,8002462,8000363,8005218,8001789,8004739,8002988,8002932,8005134,8005143,8003358,8003320,8003368,8000207,8003392,;426
2021-12-25T10:44:00.000Z;Marienheide;RB;RB 25;25;10536;8070483;8070483%2021-12-25T10:44:00.000Z%,8003950,8003297,8002535,8001213,8003782,;426
2021-12-25T11:12:00.000Z;Marienheide;RB;RB 25;25;10543;8070483;8070483%2021-12-25T11:12:00.000Z%,8002462,8000363,8005218,8001789,8004739,8002988,8002932,8005134,8005143,8003358,8003320,8003368,8000207,8003392,;426
2021-12-25T11:44:00.000Z;Marienheide;RB;RB 25;25;10540;8070483;8070483%2021-12-25T11:44:00.000Z%,8003950,8003297,8002535,8001213,8003782,;426
2021-12-25T12:12:00.000Z;Marienheide;RB;RB 25;25;10547;8070483;8070483%2021-12-25T12:12:00.000Z%,8002462,8000363,8005218,8001789,8004739,8002988,8002932,8005134,8005143,8003358,8003320,8003368,8000207,8003392,;426
2021-12-25T12:44:00.000Z;Marienheide;RB;RB 25;25;10544;8070483;8070483%2021-12-25T12:44:00.000Z%,8003950,8003297,8002535,8001213,8003782,;426
2021-12-25T13:12:00.000Z;Marienheide;RB;RB 25;25;10551;8070483;8070483%2021-12-25T13:12:00.000Z%,8002462,8000363,8005218,8001789,8004739,8002988,8002932,8005134,8005143,8003358,8003320,8003368,8000207,8003392,;426
2021-12-25T13:44:00.000Z;Marienheide;RB;RB 25;25;10548;8070483;8070483%2021-12-25T13:44:00.000Z%,8003950,8003297,8002535,8001213,8003782,;426
2021-12-25T14:12:00.000Z;Marienheide;RB;RB 25;25;10555;8070483;8070483%2021-12-25T14:12:00.000Z%,8002462,8000363,8005218,8001789,8004739,8002988,8002932,8005134,8005143,8003358,8003320,8003368,8000207,8003392,;426
2021-12-25T14:44:00.000Z;Marienheide;RB;RB 25;25;10552;8070483;8070483%2021-12-25T14:44:00.000Z%,8003950,8003297,8002535,8001213,8003782,;426
2021-12-25T15:12:00.000Z;Marienheide;RB;RB 25;25;10561;8070483;8070483%2021-12-25T15:12:00.000Z%,8002462,8000363,8005218,8001789,8004739,8002988,8002932,8005134,8005143,8003358,8003320,8003368,8000207,8003392,;426
2021-12-25T15:44:00.000Z;Marienheide;RB;RB 25;25;10556;8070483;8070483%2021-12-25T15:44:00.000Z%,8003950,8003297,8002535,8001213,8003782,;426
2021-12-25T16:12:00.000Z;Marienheide;RB;RB 25;25;10565;8070483;8070483%2021-12-25T16:12:00.000Z%,8002462,8000363,8005218,8001789,8004739,8002988,8002932,8005134,8005143,8003358,8003320,8003368,8000207,8003392,;426
2021-12-25T16:44:00.000Z;Marienheide;RB;RB 25;25;10562;8070483;8070483%2021-12-25T16:44:00.000Z%,8003950,8003297,8002535,8001213,8003782,;426
2021-12-25T17:12:00.000Z;Marienheide;RB;RB 25;25;10569;8070483;8070483%2021-12-25T17:12:00.000Z%,8002462,8000363,8005218,8001789,8004739,8002988,8002932,8005134,8005143,8003358,8003320,8003368,8000207,8003392,;426
2021-12-25T17:44:00.000Z;Marienheide;RB;RB 25;25;10566;8070483;8070483%2021-12-25T17:44:00.000Z%,8003950,8003297,8002535,8001213,8003782,;426
2021-12-25T18:12:00.000Z;Marienheide;RB;RB 25;25;10575;8070483;8070483%2021-12-25T18:12:00.000Z%,8002462,8000363,8005218,8001789,8004739,8002988,8002932,8005134,8005143,8003358,8003320,8003368,8000207,8003392,;426
2021-12-25T18:44:00.000Z;Marienheide;RB;RB 25;25;10570;8070483;8070483%2021-12-25T18:44:00.000Z%,8003950,8003297,8002535,8001213,8003782,;426
2021-12-25T19:12:00.000Z;Marienheide;RB;RB 25;25;10579;8070483;8070483%2021-12-25T19:12:00.000Z%,8002462,8000363,8005218,8001789,8004739,8002988,8002932,8005134,8005143,8003358,8003320,8003368,8000207,8003392,;426
2021-12-25T19:44:00.000Z;Marienheide;RB;RB 25;25;10574;8070483;8070483%2021-12-25T19:44:00.000Z%,8003950,8003297,8002535,8001213,8003782,;426
2021-12-25T20:12:00.000Z;Marienheide;RB;RB 25;25;10583;8070483;8070483%2021-12-25T20:12:00.000Z%,8002462,8000363,8005218,8001789,8004739,8002988,8002932,8005134,8005143,8003358,8003320,8003368,8000207,8003392,;426
2021-12-25T07:46:00.000Z;Nohfelden;RB;RB 73;73;76705;8079083;8079083%2021-12-25T07:46:00.000Z%,8004253,;426
2021-12-25T08:07:00.000Z;Nohfelden;RB;RB 73;73;76716;8079083;8079083%2021-12-25T08:07:00.000Z%,8000154,8006170,8004199,8002929,8000792,8005659,8004555,8004392,8000875,8006392,8000272,8003516,8000967,8002132,8002117,8005797,8005796,8001570,8003108,8000323,;426
2021-12-25T08:46:00.000Z;Nohfelden;RB;RB 73;73;76707;8079083;8079083%2021-12-25T08:46:00.000Z%,8004253,;426
2021-12-25T09:07:00.000Z;Nohfelden;RB;RB 73;73;76718;8079083;8079083%2021-12-25T09:07:00.000Z%,8000154,8006170,8004199,8002929,8000792,8005659,8004555,8004392,8000875,8006392,8000272,8003516,8000967,8002132,8002117,8005797,8005796,8001570,8003108,8000323,;426
2021-12-25T09:46:00.000Z;Nohfelden;RB;RB 73;73;76709;8079083;8079083%2021-12-25T09:46:00.000Z%,8004253,;426
2021-12-25T10:07:00.000Z;Nohfelden;RB;RB 73;73;76720;8079083;8079083%2021-12-25T10:07:00.000Z%,8000154,8006170,8004199,8002929,8000792,8005659,8004555,8004392,8000875,8006392,8000272,8003516,8000967,8002132,8002117,8005797,8005796,8001570,8003108,8000323,;426
2021-12-25T10:46:00.000Z;Nohfelden;RB;RB 73;73;76711;8079083;8079083%2021-12-25T10:46:00.000Z%,8004253,;426
2021-12-25T11:07:00.000Z;Nohfelden;RB;RB 73;73;76722;8079083;8079083%2021-12-25T11:07:00.000Z%,8000154,8006170,8004199,8002929,8000792,8005659,8004555,8004392,8000875,8006392,8000272,8003516,8000967,8002132,8002117,8005797,8005796,8001570,8003108,8000323,;426
2021-12-25T11:46:00.000Z;Nohfelden;RB;RB 73;73;76713;8079083;8079083%2021-12-25T11:46:00.000Z%,8004253,;426
2021-12-25T12:07:00.000Z;Nohfelden;RB;RB 73;73;76724;8079083;8079083%2021-12-25T12:07:00.000Z%,8000154,8006170,8004199,8002929,8000792,8005659,8004555,8004392,8000875,8006392,8000272,8003516,8000967,8002132,8002117,8005797,8005796,8001570,8003108,8000323,;426
2021-12-25T12:46:00.000Z;Nohfelden;RB;RB 73;73;76715;8079083;8079083%2021-12-25T12:46:00.000Z%,8004253,;426
2021-12-25T13:07:00.000Z;Nohfelden;RB;RB 73;73;76726;8079083;8079083%2021-12-25T13:07:00.000Z%,8000154,8006170,8004199,8002929,8000792,8005659,8004555,8004392,8000875,8006392,8000272,8003516,8000967,8002132,8002117,8005797,8005796,8001570,8003108,8000323,;426
2021-12-25T13:46:00.000Z;Nohfelden;RB;RB 73;73;76717;8079083;8079083%2021-12-25T13:46:00.000Z%,8004253,;426
2021-12-25T14:07:00.000Z;Nohfelden;RB;RB 73;73;76728;8079083;8079083%2021-12-25T14:07:00.000Z%,8000154,8006170,8004199,8002929,8000792,8005659,8004555,8004392,8000875,8006392,8000272,8003516,8000967,8002132,8002117,8005797,8005796,8001570,8003108,8000323,;426
2021-12-25T14:46:00.000Z;Nohfelden;RB;RB 73;73;76719;8079083;8079083%2021-12-25T14:46:00.000Z%,8004253,;426
2021-12-25T15:07:00.000Z;Nohfelden;RB;RB 73;73;76730;8079083;8079083%2021-12-25T15:07:00.000Z%,8000154,8006170,8004199,8002929,8000792,8005659,8004555,8004392,8000875,8006392,8000272,8003516,8000967,8002132,8002117,8005797,8005796,8001570,8003108,8000323,;426
2021-12-25T15:46:00.000Z;Nohfelden;RB;RB 73;73;76721;8079083;8079083%2021-12-25T15:46:00.000Z%,8004253,;426
2021-12-25T16:07:00.000Z;Nohfelden;RB;RB 73;73;76732;8079083;8079083%2021-12-25T16:07:00.000Z%,8000154,8006170,8004199,8002929,8000792,8005659,8004555,8004392,8000875,8006392,8000272,8003516,8000967,8002132,8002117,8005797,8005796,8001570,8003108,8000323,;426
2021-12-25T16:46:00.000Z;Nohfelden;RB;RB 73;73;76723;8079083;8079083%2021-12-25T16:46:00.000Z%,8004253,;426
2021-12-25T17:07:00.000Z;Nohfelden;RB;RB 73;73;76734;8079083;8079083%2021-12-25T17:07:00.000Z%,8000154,8006170,8004199,8002929,8000792,8005659,8004555,8004392,8000875,8006392,8000272,8003516,8000967,8002132,8002117,8005797,8005796,8001570,8003108,8000323,;426
2021-12-25T17:46:00.000Z;Nohfelden;RB;RB 73;73;76725;8079083;8079083%2021-12-25T17:46:00.000Z%,8004253,;426
2021-12-25T18:07:00.000Z;Nohfelden;RB;RB 73;73;76738;8079083;8079083%2021-12-25T18:07:00.000Z%,8000154,8006170,8004199,8002929,8000792,8005659,8004555,8004392,8000875,8006392,8000272,8003516,8000967,8002132,8002117,8005797,8005796,8001570,8003108,8000323,;426
2021-12-25T18:46:00.000Z;Nohfelden;RB;RB 73;73;76727;8079083;8079083%2021-12-25T18:46:00.000Z%,8004253,;426
2021-12-25T19:07:00.000Z;Nohfelden;RB;RB 73;73;76740;8079083;8079083%2021-12-25T19:07:00.000Z%,8000154,8006170,8004199,8002929,8000792,8005659,8004555,8004392,8000875,8006392,8000272,8003516,8000967,8002132,8002117,8005797,8005796,8001570,8003108,8000323,;426
2021-12-25T19:46:00.000Z;Nohfelden;RB;RB 73;73;76729;8079083;8079083%2021-12-25T19:46:00.000Z%,8004253,;426
2021-12-25T20:07:00.000Z;Nohfelden;RB;RB 73;73;76742;8079083;8079083%2021-12-25T20:07:00.000Z%,8000154,8006170,8004199,8002929,8000792,8005659,8004555,8004392,8000875,8006392,8000272,8003516,8000967,8002132,8002117,8005797,8005796,8001570,8003108,8000323,;426
2021-12-24T20:33:00.000Z;Dreieich-Weibelfeld;RB;RB 61;61;15489;8079151;8079151%2021-12-24T20:34:00.000Z%1,8001554,8002315,8004653,8006031,8000285,8001814,8004171,8000362,;426
2021-12-24T20:44:00.000Z;Dreieich-Weibelfeld;RB;RB 61;61;15694;8079151;8079151%2021-12-24T20:45:00.000Z%1,8005636,8001236,8004246,8000105,;426
2021-12-24T21:33:00.000Z;Dreieich-Weibelfeld;RB;RB 61;61;15697;8079151;8079151%2021-12-24T21:33:00.000Z%,8001554,8002315,8004653,8006031,8000285,8001814,8004171,8000362,;426
2021-12-24T21:44:00.000Z;Dreieich-Weibelfeld;RB;RB 61;61;15696;8079151;8079151%2021-12-24T21:44:00.000Z%,8005636,8001236,8004246,8000105,;426
2021-12-24T22:34:00.000Z;Dreieich-Weibelfeld;RB;RB 61;61;15699;8079151;8079151%2021-12-24T22:34:00.000Z%,8001554,8002315,8004653,8006031,8000285,8001814,8004171,8000362,;426
2021-12-24T22:45:00.000Z;Dreieich-Weibelfeld;RB;RB 61;61;15698;8079151;8079151%2021-12-24T22:45:00.000Z%,8005636,8001236,8004246,8000105,;426
2021-12-24T23:33:00.000Z;Dreieich-Weibelfeld;RB;RB 61;61;15491;8079151;8079151%2021-12-24T23:33:00.000Z%,8001554,8002315,8004653,8006031,8000285,8001814,8004171,8000362,;426
2021-12-24T23:44:00.000Z;Dreieich-Weibelfeld;RB;RB 61;61;15460;8079151;8079151%2021-12-24T23:44:00.000Z%,8005636,8001236,8004246,8000105,;426
2021-12-25T00:33:00.000Z;Dreieich-Weibelfeld;RB;RB 61;61;15493;8079151;8079151%2021-12-25T00:33:00.000Z%,8001554,8002315,8004653,8006031,8000285,8001814,8004171,8000362,;426
2021-12-25T04:44:00.000Z;Dreieich-Weibelfeld;RB;RB 61;61;15604;8079151;8079151%2021-12-25T04:44:00.000Z%,8005636,8001236,8004246,8000105,;426
2021-12-25T05:33:00.000Z;Dreieich-Weibelfeld;RB;RB 61;61;15599;8079151;8079151%2021-12-25T05:33:00.000Z%,8001554,8002315,8004653,8006031,8000285,8001814,8004171,8000362,;426
2021-12-25T05:44:00.000Z;Dreieich-Weibelfeld;RB;RB 61;61;15608;8079151;8079151%2021-12-25T05:44:00.000Z%,8005636,8001236,8004246,8000105,;426
2021-12-25T06:33:00.000Z;Dreieich-Weibelfeld;RB;RB 61;61;15461;8079151;8079151%2021-12-25T06:33:00.000Z%,8001554,8002315,8004653,8006031,8000285,8001814,8004171,8000362,;426
2021-12-25T06:44:00.000Z;Dreieich-Weibelfeld;RB;RB 61;61;15620;8079151;8079151%2021-12-25T06:44:00.000Z%,8005636,8001236,8004246,8000105,;426
2021-12-25T07:33:00.000Z;Dreieich-Weibelfeld;RB;RB 61;61;15463;8079151;8079151%2021-12-25T07:33:00.000Z%,8001554,8002315,8004653,8006031,8000285,8001814,8004171,8000362,;426
2021-12-25T07:44:00.000Z;Dreieich-Weibelfeld;RB;RB 61;61;15624;8079151;8079151%2021-12-25T07:44:00.000Z%,8005636,8001236,8004246,8000105,;426
2021-12-25T08:33:00.000Z;Dreieich-Weibelfeld;RB;RB 61;61;15465;8079151;8079151%2021-12-25T08:33:00.000Z%,8001554,8002315,8004653,8006031,8000285,8001814,8004171,8000362,;426
2021-12-25T08:44:00.000Z;Dreieich-Weibelfeld;RB;RB 61;61;15628;8079151;8079151%2021-12-25T08:44:00.000Z%,8005636,8001236,8004246,8000105,;426
2021-12-25T09:33:00.000Z;Dreieich-Weibelfeld;RB;RB 61;61;15467;8079151;8079151%2021-12-25T09:33:00.000Z%,8001554,8002315,8004653,8006031,8000285,8001814,8004171,8000362,;426
2021-12-25T09:44:00.000Z;Dreieich-Weibelfeld;RB;RB 61;61;15632;8079151;8079151%2021-12-25T09:44:00.000Z%,8005636,8001236,8004246,8000105,;426
2021-12-25T10:33:00.000Z;Dreieich-Weibelfeld;RB;RB 61;61;15469;8079151;8079151%2021-12-25T10:33:00.000Z%,8001554,8002315,8004653,8006031,8000285,8001814,8004171,8000362,;426
2021-12-25T10:44:00.000Z;Dreieich-Weibelfeld;RB;RB 61;61;15636;8079151;8079151%2021-12-25T10:44:00.000Z%,8005636,8001236,8004246,8000105,;426
2021-12-25T11:33:00.000Z;Dreieich-Weibelfeld;RB;RB 61;61;15471;8079151;8079151%2021-12-25T11:33:00.000Z%,8001554,8002315,8004653,8006031,8000285,8001814,8004171,8000362,;426
2021-12-25T11:44:00.000Z;Dreieich-Weibelfeld;RB;RB 61;61;15640;8079151;8079151%2021-12-25T11:44:00.000Z%,8005636,8001236,8004246,8000105,;426
2021-12-25T12:33:00.000Z;Dreieich-Weibelfeld;RB;RB 61;61;15473;8079151;8079151%2021-12-25T12:33:00.000Z%,8001554,8002315,8004653,8006031,8000285,8001814,8004171,8000362,;426
2021-12-25T12:44:00.000Z;Dreieich-Weibelfeld;RB;RB 61;61;15644;8079151;8079151%2021-12-25T12:44:00.000Z%,8005636,8001236,8004246,8000105,;426
2021-12-25T13:33:00.000Z;Dreieich-Weibelfeld;RB;RB 61;61;15475;8079151;8079151%2021-12-25T13:33:00.000Z%,8001554,8002315,8004653,8006031,8000285,8001814,8004171,8000362,;426
2021-12-25T13:44:00.000Z;Dreieich-Weibelfeld;RB;RB 61;61;15648;8079151;8079151%2021-12-25T13:44:00.000Z%,8005636,8001236,8004246,8000105,;426
2021-12-25T14:33:00.000Z;Dreieich-Weibelfeld;RB;RB 61;61;15477;8079151;8079151%2021-12-25T14:33:00.000Z%,8001554,8002315,8004653,8006031,8000285,8001814,8004171,8000362,;426
2021-12-25T14:44:00.000Z;Dreieich-Weibelfeld;RB;RB 61;61;15652;8079151;8079151%2021-12-25T14:44:00.000Z%,8005636,8001236,8004246,8000105,;426
2021-12-25T15:33:00.000Z;Dreieich-Weibelfeld;RB;RB 61;61;15479;8079151;8079151%2021-12-25T15:33:00.000Z%,8001554,8002315,8004653,8006031,8000285,8001814,8004171,8000362,;426
2021-12-25T15:44:00.000Z;Dreieich-Weibelfeld;RB;RB 61;61;15656;8079151;8079151%2021-12-25T15:44:00.000Z%,8005636,8001236,8004246,8000105,;426
2021-12-25T16:33:00.000Z;Dreieich-Weibelfeld;RB;RB 61;61;15481;8079151;8079151%2021-12-25T16:33:00.000Z%,8001554,8002315,8004653,8006031,8000285,8001814,8004171,8000362,;426
2021-12-25T16:44:00.000Z;Dreieich-Weibelfeld;RB;RB 61;61;15660;8079151;8079151%2021-12-25T16:44:00.000Z%,8005636,8001236,8004246,8000105,;426
2021-12-25T17:33:00.000Z;Dreieich-Weibelfeld;RB;RB 61;61;15483;8079151;8079151%2021-12-25T17:33:00.000Z%,8001554,8002315,8004653,8006031,8000285,8001814,8004171,8000362,;426
2021-12-25T17:44:00.000Z;Dreieich-Weibelfeld;RB;RB 61;61;15664;8079151;8079151%2021-12-25T17:44:00.000Z%,8005636,8001236,8004246,8000105,;426
2021-12-25T18:33:00.000Z;Dreieich-Weibelfeld;RB;RB 61;61;15485;8079151;8079151%2021-12-25T18:33:00.000Z%,8001554,8002315,8004653,8006031,8000285,8001814,8004171,8000362,;426
2021-12-25T18:44:00.000Z;Dreieich-Weibelfeld;RB;RB 61;61;15668;8079151;8079151%2021-12-25T18:44:00.000Z%,8005636,8001236,8004246,8000105,;426
2021-12-25T19:33:00.000Z;Dreieich-Weibelfeld;RB;RB 61;61;15487;8079151;8079151%2021-12-25T19:33:00.000Z%,8001554,8002315,8004653,8006031,8000285,8001814,8004171,8000362,;426
2021-12-25T19:44:00.000Z;Dreieich-Weibelfeld;RB;RB 61;61;15466;8079151;8079151%2021-12-25T19:44:00.000Z%,8005636,8001236,8004246,8000105,;426
2021-12-24T21:32:00.000Z;Tessin West;RB;RB 11;11;13139;8079604;8079604%2021-12-24T21:32:00.000Z%0,8013106,;426
2021-12-25T04:58:00.000Z;Tessin West;RB;RB 11;11;13103;8079604;8079604%2021-12-25T04:58:00.000Z%,8013106,;426
2021-12-25T05:19:00.000Z;Tessin West;RB;RB 11;11;13110;8079604;8079604%2021-12-25T05:19:00.000Z%,8012841,8011729,8011270,8012785,8010304,8079629,8011735,8012609,8011031,8010016,8012729,8012108,8012840,8012438,8013105,8011797,8013040,8011995,8010176,8010381,;426
2021-12-25T06:32:00.000Z;Tessin West;RB;RB 11;11;13107;8079604;8079604%2021-12-25T06:32:00.000Z%,8013106,;426
2021-12-25T07:16:00.000Z;Tessin West;RB;RB 11;11;13114;8079604;8079604%2021-12-25T07:16:00.000Z%,8012841,8011729,8011270,8012785,8010304,8079629,8011735,8012609,8011031,8010016,8012729,8012108,8012840,8012438,8013105,8011797,8013040,8011995,8010176,8010381,;426
2021-12-25T07:32:00.000Z;Tessin West;RB;RB 11;11;13111;8079604;8079604%2021-12-25T07:32:00.000Z%,8013106,;426
2021-12-25T08:16:00.000Z;Tessin West;RB;RB 11;11;13116;8079604;8079604%2021-12-25T08:16:00.000Z%,8012841,8011729,8011270,8012785,8010304,8079629,8011735,8012609,8011031,8010016,8012729,8012108,8012840,8012438,8013105,8011797,8013040,8011995,8010176,8010381,;426
2021-12-25T08:32:00.000Z;Tessin West;RB;RB 11;11;13113;8079604;8079604%2021-12-25T08:32:00.000Z%,8013106,;426
2021-12-25T09:16:00.000Z;Tessin West;RB;RB 11;11;13118;8079604;8079604%2021-12-25T09:16:00.000Z%,8012841,8011729,8011270,8012785,8010304,8079629,8011735,8012609,8011031,8010016,8012729,8012108,8012840,8012438,8013105,8011797,8013040,8011995,8010176,8010381,;426
2021-12-25T09:32:00.000Z;Tessin West;RB;RB 11;11;13115;8079604;8079604%2021-12-25T09:32:00.000Z%,8013106,;426
2021-12-25T10:16:00.000Z;Tessin West;RB;RB 11;11;13120;8079604;8079604%2021-12-25T10:16:00.000Z%,8012841,8011729,8011270,8012785,8010304,8079629,8011735,8012609,8011031,8010016,8012729,8012108,8012840,8012438,8013105,8011797,8013040,8011995,8010176,8010381,;426
2021-12-25T10:32:00.000Z;Tessin West;RB;RB 11;11;13117;8079604;8079604%2021-12-25T10:32:00.000Z%,8013106,;426
2021-12-25T11:16:00.000Z;Tessin West;RB;RB 11;11;13122;8079604;8079604%2021-12-25T11:16:00.000Z%,8012841,8011729,8011270,8012785,8010304,8079629,8011735,8012609,8011031,8010016,8012729,8012108,8012840,8012438,8013105,8011797,8013040,8011995,8010176,8010381,;426
2021-12-25T11:32:00.000Z;Tessin West;RB;RB 11;11;13119;8079604;8079604%2021-12-25T11:32:00.000Z%,8013106,;426
2021-12-25T12:16:00.000Z;Tessin West;RB;RB 11;11;13124;8079604;8079604%2021-12-25T12:16:00.000Z%,8012841,8011729,8011270,8012785,8010304,8079629,8011735,8012609,8011031,8010016,8012729,8012108,8012840,8012438,8013105,8011797,8013040,8011995,8010176,8010381,;426
2021-12-25T12:32:00.000Z;Tessin West;RB;RB 11;11;13121;8079604;8079604%2021-12-25T12:32:00.000Z%,8013106,;426
2021-12-25T13:16:00.000Z;Tessin West;RB;RB 11;11;13126;8079604;8079604%2021-12-25T13:16:00.000Z%,8012841,8011729,8011270,8012785,8010304,8079629,8011735,8012609,8011031,8010016,8012729,8012108,8012840,8012438,8013105,8011797,8013040,8011995,8010176,8010381,;426
2021-12-25T13:32:00.000Z;Tessin West;RB;RB 11;11;13123;8079604;8079604%2021-12-25T13:32:00.000Z%,8013106,;426
2021-12-25T14:16:00.000Z;Tessin West;RB;RB 11;11;13128;8079604;8079604%2021-12-25T14:16:00.000Z%,8012841,8011729,8011270,8012785,8010304,8079629,8011735,8012609,8011031,8010016,8012729,8012108,8012840,8012438,8013105,8011797,8013040,8011995,8010176,8010381,;426
2021-12-25T14:32:00.000Z;Tessin West;RB;RB 11;11;13125;8079604;8079604%2021-12-25T14:32:00.000Z%,8013106,;426
2021-12-25T15:16:00.000Z;Tessin West;RB;RB 11;11;13130;8079604;8079604%2021-12-25T15:16:00.000Z%,8012841,8011729,8011270,8012785,8010304,8079629,8011735,8012609,8011031,8010016,8012729,8012108,8012840,8012438,8013105,8011797,8013040,8011995,8010176,8010381,;426
2021-12-25T15:32:00.000Z;Tessin West;RB;RB 11;11;13127;8079604;8079604%2021-12-25T15:32:00.000Z%,8013106,;426
2021-12-25T16:24:00.000Z;Tessin West;RB;RB 11;11;13132;8079604;8079604%2021-12-25T16:24:00.000Z%,8012841,8011729,8011270,8012785,8010304,8079629,8011735,8012609,8011031,8010016,8012729,8012108,8012840,8012438,8013105,8011797,8013040,8011995,8010176,8010381,;426
2021-12-25T16:41:00.000Z;Tessin West;RB;RB 11;11;13129;8079604;8079604%2021-12-25T16:41:00.000Z%,8013106,;426
2021-12-25T17:16:00.000Z;Tessin West;RB;RB 11;11;13134;8079604;8079604%2021-12-25T17:16:00.000Z%,8012841,8011729,8011270,8012785,8010304,8079629,8011735,8012609,8011031,8010016,8012729,8012108,8012840,8012438,8013105,8011797,8013040,8011995,8010176,8010381,;426
2021-12-25T17:32:00.000Z;Tessin West;RB;RB 11;11;13131;8079604;8079604%2021-12-25T17:32:00.000Z%,8013106,;426
2021-12-25T18:16:00.000Z;Tessin West;RB;RB 11;11;13136;8079604;8079604%2021-12-25T18:16:00.000Z%,8012841,8011729,8011270,8012785,8010304,8079629,8011735,8012609,8011031,8010016,8012729,8012108,8012840,8012438,8013105,8011797,8013040,8011995,8010176,8010381,;426
2021-12-25T18:32:00.000Z;Tessin West;RB;RB 11;11;13133;8079604;8079604%2021-12-25T18:32:00.000Z%,8013106,;426
2021-12-25T19:16:00.000Z;Tessin West;RB;RB 11;11;13138;8079604;8079604%2021-12-25T19:16:00.000Z%,8012841,8011729,8011270,8012785,8010304,;426
2021-12-25T19:32:00.000Z;Tessin West;RB;RB 11;11;13135;8079604;8079604%2021-12-25T19:32:00.000Z%,8013106,;426
2021-12-25T20:20:00.000Z;Tessin West;RB;RB 11;11;13140;8079604;8079604%2021-12-25T20:20:00.000Z%,8012841,8011729,8011270,8012785,8010304,;426
2021-12-24T21:29:00.000Z;Singen Industriegebiet;RE;RE 2;2;4744;8079616;8079616%2021-12-24T21:29:00.000Z%,8000073,8005560,8004107,8006321,8001790,8000182,8002214,8000077,8000366,;602
2021-12-25T04:42:00.000Z;Singen Industriegebiet;RE;RE 2;2;4710;8079616;8079616%2021-12-25T04:42:00.000Z%,8000073,8001790,8000182,8000077,8000366,8005644,8005902,8003001,8000333,8000942,8002235,8000290,8000596,8005037,8000412,8001252,8000774,8000306,8000191,;602
2021-12-25T05:57:00.000Z;Singen Industriegebiet;RE;RE 2;2;4703;8079616;8079616%2021-12-25T05:57:00.000Z%,8001059,8000880,8000496,8004997,8003416,8003404,8003401,8003400,;602
2021-12-24T20:48:00.000Z;Rostock Thierfelder Str.;RB;RB 11;11;13139;8079629;8079629%2021-12-24T20:48:00.000Z%0,8010304,8012785,8011270,8011729,8012841,8079604,8013106,;426
2021-12-25T04:09:00.000Z;Rostock Thierfelder Str.;RB;RB 11;11;13102;8079629;8079629%2021-12-25T04:09:00.000Z%,8011735,8012609,8011031,8010016,8012729,8012108,8012840,8012438,8013105,8011797,8013040,8011995,8010176,8010381,;426
2021-12-25T06:09:00.000Z;Rostock Thierfelder Str.;RB;RB 11;11;13110;8079629;8079629%2021-12-25T06:09:00.000Z%,8011735,8012609,8011031,8010016,8012729,8012108,8012840,8012438,8013105,8011797,8013040,8011995,8010176,8010381,;426
2021-12-25T06:48:00.000Z;Rostock Thierfelder Str.;RB;RB 11;11;13111;8079629;8079629%2021-12-25T06:48:00.000Z%,8010304,8012785,8011270,8011729,8012841,8079604,8013106,;426
2021-12-25T07:09:00.000Z;Rostock Thierfelder Str.;RB;RB 11;11;13112;8079629;8079629%2021-12-25T07:09:00.000Z%,8011735,8012609,8011031,8010016,8012729,8012108,8012840,8012438,8013105,8011797,8013040,8011995,8010176,8010381,;426
2021-12-25T07:48:00.000Z;Rostock Thierfelder Str.;RB;RB 11;11;13113;8079629;8079629%2021-12-25T07:48:00.000Z%,8010304,8012785,8011270,8011729,8012841,8079604,8013106,;426
2021-12-25T08:09:00.000Z;Rostock Thierfelder Str.;RB;RB 11;11;13114;8079629;8079629%2021-12-25T08:09:00.000Z%,8011735,8012609,8011031,8010016,8012729,8012108,8012840,8012438,8013105,8011797,8013040,8011995,8010176,8010381,;426
2021-12-25T08:48:00.000Z;Rostock Thierfelder Str.;RB;RB 11;11;13115;8079629;8079629%2021-12-25T08:48:00.000Z%,8010304,8012785,8011270,8011729,8012841,8079604,8013106,;426
2021-12-25T09:09:00.000Z;Rostock Thierfelder Str.;RB;RB 11;11;13116;8079629;8079629%2021-12-25T09:09:00.000Z%,8011735,8012609,8011031,8010016,8012729,8012108,8012840,8012438,8013105,8011797,8013040,8011995,8010176,8010381,;426
2021-12-25T09:48:00.000Z;Rostock Thierfelder Str.;RB;RB 11;11;13117;8079629;8079629%2021-12-25T09:48:00.000Z%,8010304,8012785,8011270,8011729,8012841,8079604,8013106,;426
2021-12-25T10:09:00.000Z;Rostock Thierfelder Str.;RB;RB 11;11;13118;8079629;8079629%2021-12-25T10:09:00.000Z%,8011735,8012609,8011031,8010016,8012729,8012108,8012840,8012438,8013105,8011797,8013040,8011995,8010176,8010381,;426
2021-12-25T10:48:00.000Z;Rostock Thierfelder Str.;RB;RB 11;11;13119;8079629;8079629%2021-12-25T10:48:00.000Z%,8010304,8012785,8011270,8011729,8012841,8079604,8013106,;426
2021-12-25T11:09:00.000Z;Rostock Thierfelder Str.;RB;RB 11;11;13120;8079629;8079629%2021-12-25T11:09:00.000Z%,8011735,8012609,8011031,8010016,8012729,8012108,8012840,8012438,8013105,8011797,8013040,8011995,8010176,8010381,;426
2021-12-25T11:48:00.000Z;Rostock Thierfelder Str.;RB;RB 11;11;13121;8079629;8079629%2021-12-25T11:48:00.000Z%,8010304,8012785,8011270,8011729,8012841,8079604,8013106,;426
2021-12-25T12:09:00.000Z;Rostock Thierfelder Str.;RB;RB 11;11;13122;8079629;8079629%2021-12-25T12:09:00.000Z%,8011735,8012609,8011031,8010016,8012729,8012108,8012840,8012438,8013105,8011797,8013040,8011995,8010176,8010381,;426
2021-12-25T12:48:00.000Z;Rostock Thierfelder Str.;RB;RB 11;11;13123;8079629;8079629%2021-12-25T12:48:00.000Z%,8010304,8012785,8011270,8011729,8012841,8079604,8013106,;426
2021-12-25T13:09:00.000Z;Rostock Thierfelder Str.;RB;RB 11;11;13124;8079629;8079629%2021-12-25T13:09:00.000Z%,8011735,8012609,8011031,8010016,8012729,8012108,8012840,8012438,8013105,8011797,8013040,8011995,8010176,8010381,;426
2021-12-25T13:48:00.000Z;Rostock Thierfelder Str.;RB;RB 11;11;13125;8079629;8079629%2021-12-25T13:48:00.000Z%,8010304,8012785,8011270,8011729,8012841,8079604,8013106,;426
2021-12-25T14:09:00.000Z;Rostock Thierfelder Str.;RB;RB 11;11;13126;8079629;8079629%2021-12-25T14:09:00.000Z%,8011735,8012609,8011031,8010016,8012729,8012108,8012840,8012438,8013105,8011797,8013040,8011995,8010176,8010381,;426
2021-12-25T14:48:00.000Z;Rostock Thierfelder Str.;RB;RB 11;11;13127;8079629;8079629%2021-12-25T14:48:00.000Z%,8010304,8012785,8011270,8011729,8012841,8079604,8013106,;426
2021-12-25T15:09:00.000Z;Rostock Thierfelder Str.;RB;RB 11;11;13128;8079629;8079629%2021-12-25T15:09:00.000Z%,8011735,8012609,8011031,8010016,8012729,8012108,8012840,8012438,8013105,8011797,8013040,8011995,8010176,8010381,;426
2021-12-25T15:48:00.000Z;Rostock Thierfelder Str.;RB;RB 11;11;13129;8079629;8079629%2021-12-25T15:48:00.000Z%,8010304,8012785,8011270,8011729,8012841,8079604,8013106,;426
2021-12-25T16:09:00.000Z;Rostock Thierfelder Str.;RB;RB 11;11;13130;8079629;8079629%2021-12-25T16:09:00.000Z%,8011735,8012609,8011031,8010016,8012729,8012108,8012840,8012438,8013105,8011797,8013040,8011995,8010176,8010381,;426
2021-12-25T16:48:00.000Z;Rostock Thierfelder Str.;RB;RB 11;11;13131;8079629;8079629%2021-12-25T16:48:00.000Z%,8010304,8012785,8011270,8011729,8012841,8079604,8013106,;426
2021-12-24T21:48:00.000Z;Magdeburg Hasselbachplatz;RB;RB 41;41;80410;8080660;8080660%2021-12-24T21:48:00.000Z%0,8010224,;426
2021-12-24T21:56:00.000Z;Magdeburg Hasselbachplatz;RB;RB 41;41;80413;8080660;8080660%2021-12-24T21:56:00.000Z%0,8013456,8013485,8012291,8012287,8081270,8010318,8081260,8012907,8011455,8011462,8011549,8010332,8012467,8010152,8011632,8012862,8010009,;426
2021-12-24T23:57:00.000Z;Magdeburg Hasselbachplatz;RE;RE 30;30;16301;8080660;8080660%2021-12-24T23:57:00.000Z%,8013456,8013485,8012291,8012287,8081270,8010318,8013465,8010084,8010070,8012830,8013357,8010195,;602
2021-12-24T20:38:00.000Z;Saarmund;RB;RB 22;22;18133;8081220;8081220%2021-12-24T20:39:00.000Z%1,8013481,8010377,8010280,8012666,;426
2021-12-24T21:17:00.000Z;Saarmund;RB;RB 22;22;18136;8081220;8081220%2021-12-24T21:17:00.000Z%0,8012253,8011201,8010193,;426
2021-12-24T21:40:00.000Z;Saarmund;RB;RB 22;22;18135;8081220;8081220%2021-12-24T21:40:00.000Z%,8013481,8010377,8010280,8012666,;426
2021-12-24T22:17:00.000Z;Saarmund;RB;RB 22;22;18138;8081220;8081220%2021-12-24T22:17:00.000Z%,8012253,8011201,8010193,;426
2021-12-24T22:39:00.000Z;Saarmund;RB;RB 22;22;18137;8081220;8081220%2021-12-24T22:39:00.000Z%,8013481,8010377,8010280,8012666,;426
2021-12-24T23:48:00.000Z;Saarmund;RB;RB 22;22;18139;8081220;8081220%2021-12-24T23:48:00.000Z%,8013481,8010377,8010280,8012666,;426
2021-12-25T03:17:00.000Z;Saarmund;RB;RB 22;22;18100;8081220;8081220%2021-12-25T03:17:00.000Z%,8012253,8011201,8010193,;426
2021-12-25T04:17:00.000Z;Saarmund;RB;RB 22;22;18102;8081220;8081220%2021-12-25T04:17:00.000Z%,8012253,8011201,8010193,;426
2021-12-25T04:38:00.000Z;Saarmund;RB;RB 22;22;18101;8081220;8081220%2021-12-25T04:38:00.000Z%,8013481,8010377,8010280,8012666,;426
2021-12-25T05:17:00.000Z;Saarmund;RB;RB 22;22;18104;8081220;8081220%2021-12-25T05:17:00.000Z%,8012253,8011201,8010193,;426
2021-12-25T05:38:00.000Z;Saarmund;RB;RB 22;22;18103;8081220;8081220%2021-12-25T05:38:00.000Z%,8013481,8010377,8010280,8012666,;426
2021-12-25T06:17:00.000Z;Saarmund;RB;RB 22;22;18106;8081220;8081220%2021-12-25T06:17:00.000Z%,8012253,8011201,8010193,;426
2021-12-25T06:38:00.000Z;Saarmund;RB;RB 22;22;18105;8081220;8081220%2021-12-25T06:38:00.000Z%,8013481,8010377,8010280,8012666,;426
2021-12-25T07:17:00.000Z;Saarmund;RB;RB 22;22;18108;8081220;8081220%2021-12-25T07:17:00.000Z%,8012253,8011201,8010193,;426
2021-12-25T07:38:00.000Z;Saarmund;RB;RB 22;22;18107;8081220;8081220%2021-12-25T07:38:00.000Z%,8013481,8010377,8010280,8012666,;426
2021-12-25T08:17:00.000Z;Saarmund;RB;RB 22;22;18110;8081220;8081220%2021-12-25T08:17:00.000Z%,8012253,8011201,8010193,;426
2021-12-25T08:38:00.000Z;Saarmund;RB;RB 22;22;18109;8081220;8081220%2021-12-25T08:38:00.000Z%,8013481,8010377,8010280,8012666,;426
2021-12-25T09:17:00.000Z;Saarmund;RB;RB 22;22;18112;8081220;8081220%2021-12-25T09:17:00.000Z%,8012253,8011201,8010193,;426
2021-12-25T09:38:00.000Z;Saarmund;RB;RB 22;22;18111;8081220;8081220%2021-12-25T09:38:00.000Z%,8013481,8010377,8010280,8012666,;426
2021-12-25T10:17:00.000Z;Saarmund;RB;RB 22;22;18114;8081220;8081220%2021-12-25T10:17:00.000Z%,8012253,8011201,8010193,;426
2021-12-25T10:38:00.000Z;Saarmund;RB;RB 22;22;18113;8081220;8081220%2021-12-25T10:38:00.000Z%,8013481,8010377,8010280,8012666,;426
2021-12-25T11:17:00.000Z;Saarmund;RB;RB 22;22;18116;8081220;8081220%2021-12-25T11:17:00.000Z%,8012253,8011201,8010193,;426
2021-12-25T11:38:00.000Z;Saarmund;RB;RB 22;22;18115;8081220;8081220%2021-12-25T11:38:00.000Z%,8013481,8010377,8010280,8012666,;426
2021-12-25T12:17:00.000Z;Saarmund;RB;RB 22;22;18118;8081220;8081220%2021-12-25T12:17:00.000Z%,8012253,8011201,8010193,;426
2021-12-25T12:38:00.000Z;Saarmund;RB;RB 22;22;18117;8081220;8081220%2021-12-25T12:38:00.000Z%,8013481,8010377,8010280,8012666,;426
2021-12-25T13:17:00.000Z;Saarmund;RB;RB 22;22;18120;8081220;8081220%2021-12-25T13:17:00.000Z%,8012253,8011201,8010193,;426
2021-12-25T13:38:00.000Z;Saarmund;RB;RB 22;22;18119;8081220;8081220%2021-12-25T13:38:00.000Z%,8013481,8010377,8010280,8012666,;426
2021-12-25T14:17:00.000Z;Saarmund;RB;RB 22;22;18122;8081220;8081220%2021-12-25T14:17:00.000Z%,8012253,8011201,8010193,;426
2021-12-25T14:38:00.000Z;Saarmund;RB;RB 22;22;18121;8081220;8081220%2021-12-25T14:38:00.000Z%,8013481,8010377,8010280,8012666,;426
2021-12-25T15:17:00.000Z;Saarmund;RB;RB 22;22;18124;8081220;8081220%2021-12-25T15:17:00.000Z%,8012253,8011201,8010193,;426
2021-12-25T15:38:00.000Z;Saarmund;RB;RB 22;22;18123;8081220;8081220%2021-12-25T15:38:00.000Z%,8013481,8010377,8010280,8012666,;426
2021-12-25T16:17:00.000Z;Saarmund;RB;RB 22;22;18126;8081220;8081220%2021-12-25T16:17:00.000Z%,8012253,8011201,8010193,;426
2021-12-25T16:38:00.000Z;Saarmund;RB;RB 22;22;18125;8081220;8081220%2021-12-25T16:38:00.000Z%,8013481,8010377,8010280,8012666,;426
2021-12-25T17:17:00.000Z;Saarmund;RB;RB 22;22;18128;8081220;8081220%2021-12-25T17:17:00.000Z%,8012253,8011201,8010193,;426
2021-12-25T17:38:00.000Z;Saarmund;RB;RB 22;22;18127;8081220;8081220%2021-12-25T17:38:00.000Z%,8013481,8010377,8010280,8012666,;426
2021-12-25T18:17:00.000Z;Saarmund;RB;RB 22;22;18130;8081220;8081220%2021-12-25T18:17:00.000Z%,8012253,8011201,8010193,;426
2021-12-25T18:39:00.000Z;Saarmund;RB;RB 22;22;18129;8081220;8081220%2021-12-25T18:39:00.000Z%,8013481,8010377,8010280,8012666,;426
2021-12-25T19:17:00.000Z;Saarmund;RB;RB 22;22;18132;8081220;8081220%2021-12-25T19:17:00.000Z%,8012253,8011201,8010193,;426
2021-12-25T19:38:00.000Z;Saarmund;RB;RB 22;22;18131;8081220;8081220%2021-12-25T19:38:00.000Z%,8013481,8010377,8010280,8012666,;426
2021-12-25T20:17:00.000Z;Saarmund;RB;RB 22;22;18134;8081220;8081220%2021-12-25T20:17:00.000Z%,8012253,8011201,8010193,;426
2021-12-24T21:34:00.000Z;Schönebeck-Frohse;RB;RB 41;41;80410;8081270;8081270%2021-12-24T21:34:00.000Z%0,8012287,8012291,8013485,8013456,8080660,8010224,;426
2021-12-24T22:12:00.000Z;Schönebeck-Frohse;RB;RB 41;41;80413;8081270;8081270%2021-12-24T22:12:00.000Z%0,8010318,8081260,8012907,8011455,8011462,8011549,8010332,8012467,8010152,8011632,8012862,8010009,;426
2021-12-25T00:09:00.000Z;Schönebeck-Frohse;RE;RE 30;30;16301;8081270;8081270%2021-12-25T00:09:00.000Z%,8010318,8013465,8010084,8010070,8012830,8013357,8010195,;602
2021-12-24T20:27:00.000Z;Seegefeld;RB;RB 10;10;18533;8081586;8081586%2021-12-24T20:28:00.000Z%1,8080040,8010404,;426
2021-12-24T21:03:00.000Z;Seegefeld;RB;RB 14;14;18634;8081586;8081586%2021-12-24T21:04:00.000Z%1,8013479,8011541,8013472,8010239,;426
2021-12-24T21:27:00.000Z;Seegefeld;RB;RB 10;10;18535;8081586;8081586%2021-12-24T21:27:00.000Z%,8080040,8010404,;426
2021-12-24T22:03:00.000Z;Seegefeld;RB;RB 14;14;18636;8081586;8081586%2021-12-24T22:03:00.000Z%,8013479,8011541,8013472,8010239,;426
2021-12-24T22:26:00.000Z;Seegefeld;RB;RB 14;14;18639;8081586;8081586%2021-12-24T22:26:00.000Z%,8080040,8010404,8010403,8010406,;426
2021-12-24T22:31:00.000Z;Seegefeld;RE;RE 6;6;3620;8081586;8081586%2021-12-24T22:31:00.000Z%,8013479,8011541,8013483,8013185,8011093,8013183,8012934,8012096,8011125,8010175,8010246,;602
2021-12-24T23:03:00.000Z;Seegefeld;RB;RB 14;14;18638;8081586;8081586%2021-12-24T23:03:00.000Z%,8013479,8011541,8013472,8010239,;426
2021-12-24T23:28:00.000Z;Seegefeld;RB;RB 14;14;18641;8081586;8081586%2021-12-24T23:28:00.000Z%,8080040,8010404,8010403,8010406,8011160,8011306,;426
2021-12-24T23:33:00.000Z;Seegefeld;RB;RB 14;14;18640;8081586;8081586%2021-12-24T23:33:00.000Z%,8013479,8011541,8013472,8010239,;426
2021-12-24T23:42:00.000Z;Seegefeld;RE;RE 6;6;3640;8081586;8081586%2021-12-24T23:42:00.000Z%,8013479,8011541,8013483,8013185,8011093,8013183,8012934,8012096,8011125,8012703,8010175,8010246,;602
2021-12-25T00:25:00.000Z;Seegefeld;RB;RB 14;14;18643;8081586;8081586%2021-12-25T00:25:00.000Z%,8080040,8010404,8010403,8010406,;426
2021-12-25T00:35:00.000Z;Seegefeld;RB;RB 14;14;18642;8081586;8081586%2021-12-25T00:35:00.000Z%,8013479,8011541,8013472,8010239,;426
2021-12-25T01:17:00.000Z;Seegefeld;RB;RB 14;14;18645;8081586;8081586%2021-12-25T01:17:00.000Z%,8080040,8010404,8010403,8010406,8011160,8011306,;426
2021-12-25T02:34:00.000Z;Seegefeld;RB;RB 14;14;18644;8081586;8081586%2021-12-25T02:34:00.000Z%,8013479,8011541,8013472,8010239,;426
2021-12-25T03:41:00.000Z;Seegefeld;RE;RE 2;2;63957;8081586;8081586%2021-12-25T03:41:00.000Z%,8013479,8011541,8013472,8010239,8012614,8011585,8010248,8011258,8011641,8011088,8010382,8011994,8011681,8010216,8012262,8012716,8013073,8010173,8012951,8012940,8010324,8012264,8010018,8012384,8012321,8010381,;602
2021-12-25T03:51:00.000Z;Seegefeld;RB;RB 14;14;18605;8081586;8081586%2021-12-25T03:51:00.000Z%,8080040,8010404,8010403,8010406,8011160,8011306,8011155,8010255,8011162,8011201,;426
2021-12-25T04:32:00.000Z;Seegefeld;RB;RB 10;10;18500;8081586;8081586%2021-12-25T04:32:00.000Z%,8013479,8011541,8013472,8010239,;426
2021-12-25T04:51:00.000Z;Seegefeld;RB;RB 14;14;18607;8081586;8081586%2021-12-25T04:51:00.000Z%,8080040,8010404,8010403,8010406,8011160,8011306,8011155,8010255,8011162,8011201,;426
2021-12-25T05:03:00.000Z;Seegefeld;RB;RB 14;14;18602;8081586;8081586%2021-12-25T05:03:00.000Z%,8013479,8011541,8013472,8010239,;426
2021-12-25T05:51:00.000Z;Seegefeld;RB;RB 14;14;18609;8081586;8081586%2021-12-25T05:51:00.000Z%,8080040,8010404,8010403,8010406,8011160,8011306,8011155,8010255,8011162,8011201,;426
2021-12-25T06:03:00.000Z;Seegefeld;RB;RB 14;14;18604;8081586;8081586%2021-12-25T06:03:00.000Z%,8013479,8011541,8013472,8010239,;426
2021-12-25T06:51:00.000Z;Seegefeld;RB;RB 14;14;18611;8081586;8081586%2021-12-25T06:51:00.000Z%,8080040,8010404,8010403,8010406,8011160,8011306,8011155,8010255,8011162,8011201,;426
2021-12-25T07:03:00.000Z;Seegefeld;RB;RB 14;14;18606;8081586;8081586%2021-12-25T07:03:00.000Z%,8013479,8011541,8013472,8010239,;426
2021-12-25T07:51:00.000Z;Seegefeld;RB;RB 14;14;18613;8081586;8081586%2021-12-25T07:51:00.000Z%,8080040,8010404,8010403,8010406,8011160,8011306,8011155,8010255,8011162,8011201,;426
2021-12-25T08:01:00.000Z;Seegefeld;RB;RB 14;14;18608;8081586;8081586%2021-12-25T08:01:00.000Z%,8013479,8011541,8013472,8010239,;426
2021-12-25T08:47:00.000Z;Seegefeld;RB;RB 14;14;18615;8081586;8081586%2021-12-25T08:47:00.000Z%,8080040,8010404,8010403,8010406,8011160,8011306,8011155,8010255,8011162,8011201,;426
2021-12-25T09:03:00.000Z;Seegefeld;RB;RB 14;14;18610;8081586;8081586%2021-12-25T09:03:00.000Z%,8013479,8011541,8013472,8010239,;426
2021-12-25T09:51:00.000Z;Seegefeld;RB;RB 14;14;18617;8081586;8081586%2021-12-25T09:51:00.000Z%,8080040,8010404,8010403,8010406,8011160,8011306,8011155,8010255,8011162,8011201,;426
2021-12-25T10:01:00.000Z;Seegefeld;RB;RB 14;14;18612;8081586;8081586%2021-12-25T10:01:00.000Z%,8013479,8011541,8013472,8010239,;426
2021-12-25T10:27:00.000Z;Seegefeld;RB;RB 10;10;18513;8081586;8081586%2021-12-25T10:27:00.000Z%,8080040,8010404,8011167,8098160,8011118,8011113,;426
2021-12-25T10:47:00.000Z;Seegefeld;RB;RB 14;14;18619;8081586;8081586%2021-12-25T10:47:00.000Z%,8080040,8010404,8010403,8010406,8011160,8011306,8011155,8010255,8011162,8011201,;426
2021-12-25T11:03:00.000Z;Seegefeld;RB;RB 14;14;18614;8081586;8081586%2021-12-25T11:03:00.000Z%,8013479,8011541,8013472,8010239,;426
2021-12-25T11:27:00.000Z;Seegefeld;RB;RB 10;10;18515;8081586;8081586%2021-12-25T11:27:00.000Z%,8080040,8010404,8011167,8098160,8011118,8011113,;426
2021-12-25T11:34:00.000Z;Seegefeld;RB;RB 10;10;18514;8081586;8081586%2021-12-25T11:34:00.000Z%,8013479,8011541,8013472,8010239,;426
2021-12-25T11:51:00.000Z;Seegefeld;RB;RB 14;14;18621;8081586;8081586%2021-12-25T11:51:00.000Z%,8080040,8010404,8010403,8010406,8011160,8011306,8011155,8010255,8011162,8011201,;426
2021-12-25T12:01:00.000Z;Seegefeld;RB;RB 14;14;18616;8081586;8081586%2021-12-25T12:01:00.000Z%,8013479,8011541,8013472,8010239,;426
2021-12-25T12:27:00.000Z;Seegefeld;RB;RB 10;10;18517;8081586;8081586%2021-12-25T12:27:00.000Z%,8080040,8010404,8011167,8098160,8011118,8011113,;426
2021-12-25T12:34:00.000Z;Seegefeld;RB;RB 10;10;18516;8081586;8081586%2021-12-25T12:34:00.000Z%,8013479,8011541,8013472,8010239,;426
2021-12-25T12:47:00.000Z;Seegefeld;RB;RB 14;14;18623;8081586;8081586%2021-12-25T12:47:00.000Z%,8080040,8010404,8010403,8010406,8011160,8011306,8011155,8010255,8011162,8011201,;426
2021-12-25T13:03:00.000Z;Seegefeld;RB;RB 14;14;18618;8081586;8081586%2021-12-25T13:03:00.000Z%,8013479,8011541,8013472,8010239,;426
2021-12-25T13:27:00.000Z;Seegefeld;RB;RB 10;10;18519;8081586;8081586%2021-12-25T13:27:00.000Z%,8080040,8010404,8011167,8098160,8011118,8011113,;426
2021-12-25T13:34:00.000Z;Seegefeld;RB;RB 10;10;18518;8081586;8081586%2021-12-25T13:34:00.000Z%,8013479,8011541,8013472,8010239,;426
2021-12-25T13:51:00.000Z;Seegefeld;RB;RB 14;14;18625;8081586;8081586%2021-12-25T13:51:00.000Z%,8080040,8010404,8010403,8010406,8011160,8011306,8011155,8010255,8011162,8011201,;426
2021-12-25T14:01:00.000Z;Seegefeld;RB;RB 14;14;18620;8081586;8081586%2021-12-25T14:01:00.000Z%,8013479,8011541,8013472,8010239,;426
2021-12-25T14:28:00.000Z;Seegefeld;RB;RB 10;10;18521;8081586;8081586%2021-12-25T14:28:00.000Z%,8080040,8010404,8011167,8098160,8011118,8011113,;426
2021-12-25T14:34:00.000Z;Seegefeld;RB;RB 10;10;18520;8081586;8081586%2021-12-25T14:34:00.000Z%,8013479,8011541,8013472,8010239,;426
2021-12-25T14:47:00.000Z;Seegefeld;RB;RB 14;14;18627;8081586;8081586%2021-12-25T14:47:00.000Z%,8080040,8010404,8010403,8010406,8011160,8011306,8011155,8010255,8011162,8011201,;426
2021-12-25T15:03:00.000Z;Seegefeld;RB;RB 14;14;18622;8081586;8081586%2021-12-25T15:03:00.000Z%,8013479,8011541,8013472,8010239,;426
2021-12-25T15:27:00.000Z;Seegefeld;RB;RB 10;10;18523;8081586;8081586%2021-12-25T15:27:00.000Z%,8080040,8010404,8011167,8098160,8011118,8011113,;426
2021-12-25T15:34:00.000Z;Seegefeld;RB;RB 10;10;18522;8081586;8081586%2021-12-25T15:34:00.000Z%,8013479,8011541,8013472,8010239,;426
2021-12-25T15:51:00.000Z;Seegefeld;RB;RB 14;14;18629;8081586;8081586%2021-12-25T15:51:00.000Z%,8080040,8010404,8010403,8010406,8011160,8011306,8011155,8010255,8011162,8011201,;426
2021-12-25T16:01:00.000Z;Seegefeld;RB;RB 14;14;18624;8081586;8081586%2021-12-25T16:01:00.000Z%,8013479,8011541,8013472,8010239,;426
2021-12-25T16:27:00.000Z;Seegefeld;RB;RB 10;10;18525;8081586;8081586%2021-12-25T16:27:00.000Z%,8080040,8010404,8011167,8098160,8011118,8011113,;426
2021-12-25T16:34:00.000Z;Seegefeld;RB;RB 10;10;18524;8081586;8081586%2021-12-25T16:34:00.000Z%,8013479,8011541,8013472,8010239,;426
2021-12-25T16:47:00.000Z;Seegefeld;RB;RB 14;14;18631;8081586;8081586%2021-12-25T16:47:00.000Z%,8080040,8010404,8010403,8010406,8011160,8011306,8011155,8010255,8011162,8011201,;426
2021-12-25T17:03:00.000Z;Seegefeld;RB;RB 14;14;18626;8081586;8081586%2021-12-25T17:03:00.000Z%,8013479,8011541,8013472,8010239,;426
2021-12-25T17:27:00.000Z;Seegefeld;RB;RB 10;10;18527;8081586;8081586%2021-12-25T17:27:00.000Z%,8080040,8010404,8011167,8098160,8011118,8011113,;426
2021-12-25T17:34:00.000Z;Seegefeld;RB;RB 10;10;18526;8081586;8081586%2021-12-25T17:34:00.000Z%,8013479,8011541,8013472,8010239,;426
2021-12-25T17:51:00.000Z;Seegefeld;RB;RB 14;14;18633;8081586;8081586%2021-12-25T17:51:00.000Z%,8080040,8010404,8010403,8010406,8011160,8011306,8011155,8010255,8011162,8011201,;426
2021-12-25T18:01:00.000Z;Seegefeld;RB;RB 14;14;18628;8081586;8081586%2021-12-25T18:01:00.000Z%,8013479,8011541,8013472,8010239,;426
2021-12-25T18:34:00.000Z;Seegefeld;RB;RB 10;10;18528;8081586;8081586%2021-12-25T18:34:00.000Z%,8013479,8011541,8013472,8010239,;426
2021-12-25T18:47:00.000Z;Seegefeld;RB;RB 14;14;18635;8081586;8081586%2021-12-25T18:47:00.000Z%,8080040,8010404,8010403,8010406,8011160,8011306,8011155,8010255,8011162,8011201,;426
2021-12-25T19:03:00.000Z;Seegefeld;RB;RB 14;14;18630;8081586;8081586%2021-12-25T19:03:00.000Z%,8013479,8011541,8013472,8010239,;426
2021-12-25T19:51:00.000Z;Seegefeld;RB;RB 14;14;18637;8081586;8081586%2021-12-25T19:51:00.000Z%,8080040,8010404,8010403,8010406,8011160,8011306,8011155,8010255,8011162,8011201,;426
2021-12-25T20:03:00.000Z;Seegefeld;RB;RB 14;14;18632;8081586;8081586%2021-12-25T20:03:00.000Z%,8013479,8011541,8013472,8010239,;426
2021-12-24T20:45:00.000Z;Cottbus-Willmersdorf Nord;RB;RB 11;11;18233;8081688;8081688%2021-12-24T20:45:00.000Z%0,8012341,8011318,8010073,;426
2021-12-24T21:37:00.000Z;Cottbus-Willmersdorf Nord;RE;RE 1;1;3195;8081688;8081688%2021-12-24T21:37:00.000Z%0,8012341,8011318,8010073,;602
2021-12-24T22:16:00.000Z;Cottbus-Willmersdorf Nord;RB;RB 11;11;18234;8081688;8081688%2021-12-24T22:16:00.000Z%,8012445,8012621,8011944,8011945,8012006,8010357,8011319,8013272,8012479,8011471,8013406,8013305,8011540,8012089,8010113,;426
2021-12-24T23:22:00.000Z;Cottbus-Willmersdorf Nord;RE;RE 1;1;3151;8081688;8081688%2021-12-24T23:22:00.000Z%,8012341,8011318,8010073,;602
2021-12-25T04:16:00.000Z;Cottbus-Willmersdorf Nord;RB;RB 11;11;18202;8081688;8081688%2021-12-25T04:16:00.000Z%,8012445,8012621,8011944,8011945,8012006,8010357,8011319,8013272,8012479,8011471,8013406,8013305,8011540,8012089,8010113,8010120,8011818,8011533,8013477,8011162,8010255,8011155,8011306,8011160,8010406,8010403,8010405,8012666,8010280,8010377,8010373,8011725,8011662,8010060,;426
2021-12-25T05:16:00.000Z;Cottbus-Willmersdorf Nord;RB;RB 11;11;18204;8081688;8081688%2021-12-25T05:16:00.000Z%,8012445,8012621,8011944,8011945,8012006,8010357,8011319,8013272,8012479,8011471,8013406,8013305,8011540,8012089,8010113,;426
2021-12-25T05:45:00.000Z;Cottbus-Willmersdorf Nord;RB;RB 11;11;18203;8081688;8081688%2021-12-25T05:45:00.000Z%,8012341,8011318,8010073,;426
2021-12-25T06:16:00.000Z;Cottbus-Willmersdorf Nord;RB;RB 11;11;18206;8081688;8081688%2021-12-25T06:16:00.000Z%,8012445,8012621,8011944,8011945,8012006,8010357,8011319,8013272,8012479,8011471,8013406,8013305,8011540,8012089,8010113,;426
2021-12-25T06:45:00.000Z;Cottbus-Willmersdorf Nord;RB;RB 11;11;18205;8081688;8081688%2021-12-25T06:45:00.000Z%,8012341,8011318,8010073,;426
2021-12-25T07:16:00.000Z;Cottbus-Willmersdorf Nord;RB;RB 11;11;18208;8081688;8081688%2021-12-25T07:16:00.000Z%,8012445,8012621,8011944,8011945,8012006,8010357,8011319,8013272,8012479,8011471,8013406,8013305,8011540,8012089,8010113,;426
2021-12-25T07:45:00.000Z;Cottbus-Willmersdorf Nord;RB;RB 11;11;18207;8081688;8081688%2021-12-25T07:45:00.000Z%,8012341,8011318,8010073,;426
2021-12-25T08:16:00.000Z;Cottbus-Willmersdorf Nord;RB;RB 11;11;18210;8081688;8081688%2021-12-25T08:16:00.000Z%,8012445,8012621,8011944,8011945,8012006,8010357,8011319,8013272,8012479,8011471,8013406,8013305,8011540,8012089,8010113,;426
2021-12-25T08:45:00.000Z;Cottbus-Willmersdorf Nord;RB;RB 11;11;18209;8081688;8081688%2021-12-25T08:45:00.000Z%,8012341,8011318,8010073,;426
2021-12-25T09:16:00.000Z;Cottbus-Willmersdorf Nord;RB;RB 11;11;18212;8081688;8081688%2021-12-25T09:16:00.000Z%,8012445,8012621,8011944,8011945,8012006,8010357,8011319,8013272,8012479,8011471,8013406,8013305,8011540,8012089,8010113,;426
2021-12-25T09:45:00.000Z;Cottbus-Willmersdorf Nord;RB;RB 11;11;18211;8081688;8081688%2021-12-25T09:45:00.000Z%,8012341,8011318,8010073,;426
2021-12-25T10:16:00.000Z;Cottbus-Willmersdorf Nord;RB;RB 11;11;18214;8081688;8081688%2021-12-25T10:16:00.000Z%,8012445,8012621,8011944,8011945,8012006,8010357,8011319,8013272,8012479,8011471,8013406,8013305,8011540,8012089,8010113,;426
2021-12-25T10:45:00.000Z;Cottbus-Willmersdorf Nord;RB;RB 11;11;18213;8081688;8081688%2021-12-25T10:45:00.000Z%,8012341,8011318,8010073,;426
2021-12-25T11:16:00.000Z;Cottbus-Willmersdorf Nord;RB;RB 11;11;18216;8081688;8081688%2021-12-25T11:16:00.000Z%,8012445,8012621,8011944,8011945,8012006,8010357,8011319,8013272,8012479,8011471,8013406,8013305,8011540,8012089,8010113,;426
2021-12-25T11:45:00.000Z;Cottbus-Willmersdorf Nord;RB;RB 11;11;18215;8081688;8081688%2021-12-25T11:45:00.000Z%,8012341,8011318,8010073,;426
2021-12-25T12:16:00.000Z;Cottbus-Willmersdorf Nord;RB;RB 11;11;18218;8081688;8081688%2021-12-25T12:16:00.000Z%,8012445,8012621,8011944,8011945,8012006,8010357,8011319,8013272,8012479,8011471,8013406,8013305,8011540,8012089,8010113,;426
2021-12-25T12:45:00.000Z;Cottbus-Willmersdorf Nord;RB;RB 11;11;18217;8081688;8081688%2021-12-25T12:45:00.000Z%,8012341,8011318,8010073,;426
2021-12-25T13:16:00.000Z;Cottbus-Willmersdorf Nord;RB;RB 11;11;18220;8081688;8081688%2021-12-25T13:16:00.000Z%,8012445,8012621,8011944,8011945,8012006,8010357,8011319,8013272,8012479,8011471,8013406,8013305,8011540,8012089,8010113,;426
2021-12-25T13:45:00.000Z;Cottbus-Willmersdorf Nord;RB;RB 11;11;18219;8081688;8081688%2021-12-25T13:45:00.000Z%,8012341,8011318,8010073,;426
2021-12-25T14:16:00.000Z;Cottbus-Willmersdorf Nord;RB;RB 11;11;18222;8081688;8081688%2021-12-25T14:16:00.000Z%,8012445,8012621,8011944,8011945,8012006,8010357,8011319,8013272,8012479,8011471,8013406,8013305,8011540,8012089,8010113,;426
2021-12-25T14:45:00.000Z;Cottbus-Willmersdorf Nord;RB;RB 11;11;18221;8081688;8081688%2021-12-25T14:45:00.000Z%,8012341,8011318,8010073,;426
2021-12-25T15:16:00.000Z;Cottbus-Willmersdorf Nord;RB;RB 11;11;18224;8081688;8081688%2021-12-25T15:16:00.000Z%,8012445,8012621,8011944,8011945,8012006,8010357,8011319,8013272,8012479,8011471,8013406,8013305,8011540,8012089,8010113,;426
2021-12-25T15:45:00.000Z;Cottbus-Willmersdorf Nord;RB;RB 11;11;18223;8081688;8081688%2021-12-25T15:45:00.000Z%,8012341,8011318,8010073,;426
2021-12-25T16:16:00.000Z;Cottbus-Willmersdorf Nord;RB;RB 11;11;18226;8081688;8081688%2021-12-25T16:16:00.000Z%,8012445,8012621,8011944,8011945,8012006,8010357,8011319,8013272,8012479,8011471,8013406,8013305,8011540,8012089,8010113,;426
2021-12-25T16:45:00.000Z;Cottbus-Willmersdorf Nord;RB;RB 11;11;18225;8081688;8081688%2021-12-25T16:45:00.000Z%,8012341,8011318,8010073,;426
2021-12-25T17:16:00.000Z;Cottbus-Willmersdorf Nord;RB;RB 11;11;18228;8081688;8081688%2021-12-25T17:16:00.000Z%,8012445,8012621,8011944,8011945,8012006,8010357,8011319,8013272,8012479,8011471,8013406,8013305,8011540,8012089,8010113,;426
2021-12-25T17:45:00.000Z;Cottbus-Willmersdorf Nord;RB;RB 11;11;18227;8081688;8081688%2021-12-25T17:45:00.000Z%,8012341,8011318,8010073,;426
2021-12-25T18:16:00.000Z;Cottbus-Willmersdorf Nord;RB;RB 11;11;18230;8081688;8081688%2021-12-25T18:16:00.000Z%,8012445,8012621,8011944,8011945,8012006,8010357,8011319,8013272,8012479,8011471,8013406,8013305,8011540,8012089,8010113,;426
2021-12-25T18:45:00.000Z;Cottbus-Willmersdorf Nord;RB;RB 11;11;18229;8081688;8081688%2021-12-25T18:45:00.000Z%,8012341,8011318,8010073,;426
2021-12-25T19:16:00.000Z;Cottbus-Willmersdorf Nord;RB;RB 11;11;18232;8081688;8081688%2021-12-25T19:16:00.000Z%,8012445,8012621,8011944,8011945,8012006,8010357,8011319,8013272,8012479,8011471,8013406,8013305,8011540,8012089,8010113,;426
2021-12-25T19:45:00.000Z;Cottbus-Willmersdorf Nord;RB;RB 11;11;18231;8081688;8081688%2021-12-25T19:45:00.000Z%,8012341,8011318,8010073,;426
2021-12-25T20:19:00.000Z;Cottbus-Willmersdorf Nord;RE;RE 1;1;3198;8081688;8081688%2021-12-25T20:19:00.000Z%,8012445,8012621,8011944,8011945,8012006,8010357,8011319,8013272,8012479,8011471,8013406,8013305,8011540,8012089,8010113,8012636,8011940,8011269,8011154,8010120,8011818,8011533,8013477,8011162,8010255,8011155,8011306,8011160,8010406,8010403,8010405,8012666,8010280,8010377,8010373,8011725,8011662,8010060,;602
2021-12-24T20:25:00.000Z;Köln Messe/Deutz;RE;RE 7;7;91774;8003368;8003368%2021-12-24T20:25:00.000Z%0,8000853,8000087,8000266,8006719,8000033,8001795,8000142,;602
2021-12-24T20:26:00.000Z;Köln Messe/Deutz;RB;RB 25;25;10582;8003368;8003368%2021-12-24T20:27:00.000Z%1,8003320,8003358,8005143,8005134,8002932,8002988,8004739,8001789,8005218,8000363,8002462,8070483,8003950,;426
2021-12-24T20:26:00.000Z;Köln Messe/Deutz;RE;RE 9;9;10931;8003368;8003368%2021-12-24T20:28:00.000Z%2,8004869,8000135,8005556,8002753,8001736,8002768,8005356,8000012,8001928,8006501,8004381,8005338,8000034,8000427,8001112,8004406,8001729,8000046,;602
2021-12-24T20:26:00.000Z;Köln Messe/Deutz;RE;RE 5;5;28533;8003368;8003368%2021-12-24T20:26:00.000Z%0,8000207,8003361,8001215,8000044,8001091,8001082,8004604,8000310,8005580,8000694,8000331,8003341,8000206,;602
2021-12-24T20:28:00.000Z;Köln Messe/Deutz Gl.11-12;ICE;ICE 221;78;221;8073368;8073368%2021-12-24T20:28:00.000Z%0,8070003,8000105,;720
2021-12-24T20:29:00.000Z;Köln Messe/Deutz;RB;RB 48;48;32482;8003368;8003368%2021-12-24T20:29:00.000Z%0,8000209,8003669,8000853,8003616,8000087,;426
2021-12-24T20:30:00.000Z;Köln Messe/Deutz;RB;RB 48;48;32487;8003368;8003368%2021-12-24T20:30:00.000Z%0,8000207,8003363,8003361,8003160,8001215,8005499,8005152,8000044,8001091,8001082,8001085,;426
2021-12-24T20:34:00.000Z;Köln Messe/Deutz;RB;RB 25;25;10579;8003368;8003368%2021-12-24T20:36:00.000Z%2,8000207,8003392,;426
2021-12-24T20:34:00.000Z;Köln Messe/Deutz;RE;RE 9;9;10932;8003368;8003368%2021-12-24T20:36:00.000Z%2,8000207,8000208,8000178,8000084,8003553,8001886,8000348,8000406,8000001,;602
2021-12-24T20:34:00.000Z;Köln Messe/Deutz;RE;RE 5;5;28534;8003368;8003368%2021-12-24T20:34:00.000Z%0,8000209,8006713,8001584,8000085,8000082,8000086,8000286,8004542,8004540,8001469,8006098,8002109,8000242,;602
2021-12-24T20:36:00.000Z;Köln Messe/Deutz;RE;RE 7;7;91773;8003368;8003368%2021-12-24T21:02:00.000Z%26,8000207,8001506,8000274,8004694,8000212,8000211,;602
2021-12-24T20:40:00.000Z;Köln Messe/Deutz;RB;RB 24;24;10453;8003368;8003368%2021-12-24T20:40:00.000Z%0,8000207,8003160,8003252,8003671,8006280,8001416,8002402,8000100,;426
2021-12-24T20:42:00.000Z;Köln Messe/Deutz;RB;RB 27;27;10639;8003368;8003368%2021-12-24T20:42:00.000Z%0,8003330,8000135,8002104,8003966,8001083,8001086,8004366,8003386,8005074,8000713,8005970,8001858,8003708,8003660,8000711,8005062,8003665,8000276,8003341,8000206,;426
2021-12-24T20:50:00.000Z;Köln Messe/Deutz;RE;RE 8;8;10838;8003368;8003368%2021-12-24T20:52:00.000Z%2,8000207,8000208,8004898,8005746,8005159,;602
2021-12-24T20:50:00.000Z;Köln Messe/Deutz;RB;RB 26;26;25443;8003368;8003368%2021-12-24T20:50:00.000Z%0,8000207,8003363,8003361,8003160,8001215,8005499,8005152,8000044,8001091,8001082,8001085,8005153,8004604,8000310,8005580,8000694,8001186,8004200,8000331,8006303,8006035,8003352,8003341,8000206,8005070,8005622,8000045,8000742,8002861,8005645,8004601,8000683,8004379,8005896,8000039,;426
2021-12-24T20:52:00.000Z;Köln Messe/Deutz;RE;RE 1;1;26879;8003368;8003368%2021-12-24T20:52:00.000Z%0,8000209,8006713,8001584,8000085,8000082,8000086,8000259,8000098,8006226,8000041,8000080,8001515,8001537,8003169,8003168,8004448,8000149,;602
2021-12-24T20:55:00.000Z;Köln Messe/Deutz;RB;RB 48;48;32484;8003368;8003368%2021-12-24T20:55:00.000Z%0,8000209,8003669,8000853,8003616,8000087,8002490,8000138,8006718,8000266,8006596,8006719,;426
2021-12-24T20:56:00.000Z;Köln Messe/Deutz;RB;RB 25;25;10584;8003368;8003368%2021-12-24T20:58:00.000Z%2,8003320,8003358,8005143,8005134,8002932,8002988,8004739,8001789,;426
2021-12-24T20:59:00.000Z;Köln Messe/Deutz;RB;RB 24;24;10455;8003368;8003368%2021-12-24T20:59:00.000Z%,8000207,8003363,8003361,8003160,8003252,8003671,8006280,8001416,8002402,8000100,;426
2021-12-24T21:02:00.000Z;Köln Messe/Deutz;RB;RB 48;48;32489;8003368;8003368%2021-12-24T21:04:00.000Z%2,8000207,;426
2021-12-24T21:03:00.000Z;Köln Messe/Deutz;RB;RB 25;25;10581;8003368;8003368%2021-12-24T21:04:00.000Z%1,8000207,8003392,;426
2021-12-24T21:05:00.000Z;Köln Messe/Deutz;RE;RE 8;8;10837;8003368;8003368%2021-12-24T21:06:00.000Z%1,8004869,8000135,8002104,8003966,8001083,8001086,8004366,8003386,8005074,8000713,8005970,8003708,8000711,8005062,8000276,8006036,8003352,8003341,8000206,;602
2021-12-24T21:09:00.000Z;Köln Messe/Deutz;RE;RE 1;1;26838;8003368;8003368%2021-12-24T21:09:00.000Z%0,8000207,8000208,8000178,8000084,8003553,8001886,8000348,8000406,8000001,;602
2021-12-24T21:17:00.000Z;Köln Messe/Deutz Gl.11-12;ICE;ICE 526;41;526;8073368;8073368%2021-12-24T21:17:00.000Z%0,8000085,8000086,8000098,8000041,8000080,;720
2021-12-24T21:19:00.000Z;Köln Messe/Deutz;RB;RB 27;27;10634;8003368;8003368%2021-12-24T21:21:00.000Z%2,8000207,8000208,8004898,8005746,8005159,8000133,8003130,8000390,8005073,8000318,8000253,;426
2021-12-24T21:25:00.000Z;Köln Messe/Deutz;RE;RE 7;7;91776;8003368;8003368%2021-12-24T21:25:00.000Z%0,8000853,8000087,8000266,8006719,8000033,8001795,8000142,;602
2021-12-24T21:26:00.000Z;Köln Messe/Deutz;RB;RB 25;25;10586;8003368;8003368%2021-12-24T21:26:00.000Z%,8003320,8003358,8005143,8005134,8002932,8002988,8004739,8001789,8005218,8000363,8002462,8070483,8003950,;426
2021-12-24T21:26:00.000Z;Köln Messe/Deutz;RE;RE 9;9;10933;8003368;8003368%2021-12-24T21:27:00.000Z%1,8004869,8000135,8005556,8002753,8001736,8002768,8005356,8000012,8001928,8006501,8004381,8005338,8000034,8000427,8001112,8004406,8001729,8000046,;602
2021-12-24T21:26:00.000Z;Köln Messe/Deutz;RE;RE 5;5;28535;8003368;8003368%2021-12-24T21:26:00.000Z%0,8000207,8003361,8001215,8000044,8001091,8001082,8004604,8000310,8005580,8000694,8000331,8003341,8000206,;602
2021-12-24T21:29:00.000Z;Köln Messe/Deutz;RB;RB 48;48;32486;8003368;8003368%2021-12-24T21:29:00.000Z%0,8000209,8003669,8000853,8003616,8000087,;426
2021-12-24T21:30:00.000Z;Köln Messe/Deutz;RB;RB 48;48;32491;8003368;8003368%2021-12-24T21:30:00.000Z%0,8000207,8003363,8003361,8003160,8001215,8005499,8005152,8000044,8001091,8001082,8001085,;426
2021-12-24T21:33:00.000Z;Köln Messe/Deutz;RB;RB 25;25;10583;8003368;8003368%2021-12-24T21:34:00.000Z%1,8000207,8003392,;426
2021-12-24T21:34:00.000Z;Köln Messe/Deutz;RE;RE 5;5;28536;8003368;8003368%2021-12-24T21:34:00.000Z%0,8000209,8006713,8001584,8000085,8000082,8000086,;602
2021-12-24T21:34:00.000Z;Köln Messe/Deutz;RE;RE 7;7;91775;8003368;8003368%2021-12-24T21:38:00.000Z%4,8000207,8001506,8000274,8004694,8000212,8000211,;602
2021-12-24T21:35:00.000Z;Köln Messe/Deutz;RE;RE 1;1;26862;8003368;8003368%2021-12-24T21:35:00.000Z%,8000207,8000208,8000178,8000084,8003553,8001886,8000348,8001712,8000406,8000001,;602
2021-12-24T21:35:00.000Z;Köln Messe/Deutz;RE;RE 9;9;10934;8003368;8003368%2021-12-24T21:37:00.000Z%2,8000207,;602
2021-12-24T21:41:00.000Z;Köln Messe/Deutz;RB;RB 27;27;10641;8003368;8003368%2021-12-24T21:42:00.000Z%1,8003330,8000135,8002104,8003966,8001083,8001086,8004366,8003386,8005074,8000713,8005970,8001858,8003708,8003660,8000711,8005062,8003665,8000276,8003341,8000206,;426
2021-12-24T21:50:00.000Z;Köln Messe/Deutz;RE;RE 8;8;10840;8003368;8003368%2021-12-24T21:51:00.000Z%1,8000207,8000208,8004898,8005746,8005159,;602
2021-12-24T21:50:00.000Z;Köln Messe/Deutz;RB;RB 26;26;25445;8003368;8003368%2021-12-24T21:50:00.000Z%0,8000207,8003363,8003361,8003160,8001215,8005499,8005152,8000044,8001091,8001082,8001085,8005153,8004604,8000310,8005580,8000694,8001186,8004200,8000331,8006303,8006035,8003352,8003341,8000206,;426
2021-12-24T21:52:00.000Z;Köln Messe/Deutz;RE;RE 1;1;26841;8003368;8003368%2021-12-24T21:52:00.000Z%0,8000209,8006713,8001584,8000085,8000082,8000086,8000259,8000098,8006226,8000041,8000080,8001515,8001537,8003169,8003168,8004448,8000149,;602
2021-12-24T21:55:00.000Z;Köln Messe/Deutz;RB;RB 48;48;32488;8003368;8003368%2021-12-24T21:55:00.000Z%,8000209,8003669,8000853,8003616,8000087,8002490,8000138,8006718,8000266,8006596,8006719,;426
2021-12-24T21:56:00.000Z;Köln Messe/Deutz;RB;RB 25;25;10588;8003368;8003368%2021-12-24T21:56:00.000Z%,8003320,8003358,8005143,8005134,8002932,8002988,8004739,8001789,8005218,8000363,8002462,;426
2021-12-24T22:02:00.000Z;Köln Messe/Deutz;RB;RB 48;48;32493;8003368;8003368%2021-12-24T22:02:00.000Z%0,8000207,;426
2021-12-24T22:03:00.000Z;Köln Messe/Deutz;RB;RB 25;25;10585;8003368;8003368%2021-12-24T22:03:00.000Z%,8000207,8003392,;426
2021-12-24T22:05:00.000Z;Köln Messe/Deutz;RB;RB 24;24;10459;8003368;8003368%2021-12-24T22:05:00.000Z%,8000207,8003363,8003361,8003160,8003252,8003671,8006280,8001416,8002402,8000100,;426
2021-12-24T22:06:00.000Z;Köln Messe/Deutz;RE;RE 8;8;10839;8003368;8003368%2021-12-24T22:06:00.000Z%,8004869,8000135,8002104,8003966,8001083,8001086,8004366,8003386,8005074,8000713,8005970,8003708,;602
2021-12-24T22:08:00.000Z;Köln Messe/Deutz;RE;RE 1;1;26840;8003368;8003368%2021-12-24T22:08:00.000Z%0,8000207,8000208,8000178,8000084,8003553,8001886,8000348,8000406,8000001,;602
2021-12-24T22:19:00.000Z;Köln Messe/Deutz;RB;RB 27;27;10636;8003368;8003368%2021-12-24T22:21:00.000Z%2,8000207,8000208,8004898,8005746,8005159,8000133,8003130,8000390,8005073,8000318,8000253,;426
2021-12-24T22:25:00.000Z;Köln Messe/Deutz;RE;RE 7;7;91778;8003368;8003368%2021-12-24T22:25:00.000Z%,8000853,8000087,8000266,8006719,8000033,8001795,8000142,;602
2021-12-24T22:26:00.000Z;Köln Messe/Deutz;RB;RB 25;25;10590;8003368;8003368%2021-12-24T22:26:00.000Z%,8003320,8003358,8005143,8005134,8002932,8002988,8004739,8001789,8005218,8000363,8002462,8070483,8003950,;426
2021-12-24T22:26:00.000Z;Köln Messe/Deutz;RE;RE 9;9;10935;8003368;8003368%2021-12-24T22:26:00.000Z%,8004869,8000135,8005556,8002753,8001736,8002768,8005356,8000012,8001928,8006501,8004381,8005338,8000034,8000427,8001112,8004406,8001729,8000046,;602
2021-12-24T22:29:00.000Z;Köln Messe/Deutz;RB;RB 48;48;32490;8003368;8003368%2021-12-24T22:29:00.000Z%,8000209,8003669,8000853,8003616,8000087,;426
2021-12-24T22:30:00.000Z;Köln Messe/Deutz;RB;RB 48;48;32495;8003368;8003368%2021-12-24T22:30:00.000Z%,8000207,8003363,8003361,8003160,8001215,8005499,8005152,8000044,8001091,8001082,8001085,;426
2021-12-24T22:33:00.000Z;Köln Messe/Deutz;RB;RB 25;25;10587;8003368;8003368%2021-12-24T22:34:00.000Z%1,8000207,8003392,;426
2021-12-24T22:34:00.000Z;Köln Messe/Deutz;RE;RE 9;9;10936;8003368;8003368%2021-12-24T22:34:00.000Z%,8000207,8000208,8000178,8000084,8003553,8001886,8000348,8000406,8000001,;602
2021-12-24T22:36:00.000Z;Köln Messe/Deutz;RE;RE 7;7;91777;8003368;8003368%2021-12-24T22:36:00.000Z%0,8000207,8001506,8000274,8004694,8000212,8000211,;602
2021-12-24T22:38:00.000Z;Köln Messe/Deutz Gl.11-12;ICE;ICE 524;41;524;8073368;8073368%2021-12-24T22:40:00.000Z%2,8000085,8000086,8000098,8000041,8000080,;720
2021-12-24T22:40:00.000Z;Köln Messe/Deutz;RB;RB 24;24;10461;8003368;8003368%2021-12-24T22:40:00.000Z%,8000207,8003363,8003361,8003160,8003252,8003671,8006280,8001416,8002402,8000100,;426
2021-12-24T22:42:00.000Z;Köln Messe/Deutz;RB;RB 27;27;10643;8003368;8003368%2021-12-24T22:42:00.000Z%,8003330,8000135,8002104,8003966,8001083,8001086,8004366,8003386,8005074,8000713,8005970,8001858,8003708,8003660,8000711,8005062,8003665,8000276,8003341,8000206,;426
2021-12-24T22:50:00.000Z;Köln Messe/Deutz;RE;RE 8;8;10842;8003368;8003368%2021-12-24T22:50:00.000Z%,8000207,8000208,8004898,8005746,8005159,;602
2021-12-24T22:50:00.000Z;Köln Messe/Deutz;RB;RB 26;26;25447;8003368;8003368%2021-12-24T22:50:00.000Z%0,8000207,8003363,8003361,8003160,8001215,8005499,8005152,8000044,8001091,8001082,8001085,8005153,8004604,8000310,8005580,8000694,8001186,8004200,8000331,8006303,8006035,8003352,8003341,8000206,;426
2021-12-24T22:53:00.000Z;Köln Messe/Deutz;RE;RE 1;1;26843;8003368;8003368%2021-12-24T22:53:00.000Z%0,8000209,8006713,8001584,8000085,8000082,8000086,8000259,8000098,8006226,8000041,8000080,8001515,8001537,8003169,8003168,8004448,8000149,;602
2021-12-24T22:55:00.000Z;Köln Messe/Deutz;RB;RB 48;48;32492;8003368;8003368%2021-12-24T22:55:00.000Z%,8000209,8003669,8000853,8003616,8000087,8002490,8000138,8006718,8000266,8006596,8006719,;426
2021-12-24T22:56:00.000Z;Köln Messe/Deutz;RB;RB 25;25;10592;8003368;8003368%2021-12-24T22:56:00.000Z%,8003320,8003358,8005143,8005134,8002932,8002988,8004739,8001789,8005218,8000363,8002462,;426
2021-12-24T23:02:00.000Z;Köln Messe/Deutz;RB;RB 48;48;32497;8003368;8003368%2021-12-24T23:02:00.000Z%,8000207,;426
2021-12-24T23:03:00.000Z;Köln Messe/Deutz;RB;RB 25;25;10589;8003368;8003368%2021-12-24T23:03:00.000Z%,8000207,8003392,;426
2021-12-24T23:06:00.000Z;Köln Messe/Deutz;RE;RE 8;8;10841;8003368;8003368%2021-12-24T23:06:00.000Z%,8004869,8000135,8002104,8003966,8001083,8001086,8004366,8003386,8005074,8000713,8005970,8003708,;602
2021-12-24T23:09:00.000Z;Köln Messe/Deutz;RE;RE 1;1;26842;8003368;8003368%2021-12-24T23:09:00.000Z%0,8000207,8000208,8000178,8000084,8003553,8001886,8000348,8000406,8000001,;602
2021-12-24T23:10:00.000Z;Köln Messe/Deutz;RB;RB 26;26;25442;8003368;8003368%2021-12-24T23:10:00.000Z%0,8003330,;426
2021-12-24T23:19:00.000Z;Köln Messe/Deutz;RB;RB 27;27;10638;8003368;8003368%2021-12-24T23:19:00.000Z%,8000207,8000208,8004898,8005746,8005159,8000133,8003130,8000390,8005073,8000318,8000253,;426
2021-12-24T23:26:00.000Z;Köln Messe/Deutz;RB;RB 25;25;10594;8003368;8003368%2021-12-24T23:26:00.000Z%,8003320,8003358,8005143,8005134,8002932,8002988,8004739,8001789,8005218,8000363,8002462,8070483,8003950,;426
2021-12-24T23:26:00.000Z;Köln Messe/Deutz;RE;RE 9;9;10937;8003368;8003368%2021-12-24T23:26:00.000Z%,8004869,8000135,8005556,8002753,8001736,8002768,8005356,8000012,8001928,8006501,8004381,8005338,8000034,8000427,8001112,8004406,8001729,8000046,;602
2021-12-24T23:34:00.000Z;Köln Messe/Deutz;RB;RB 25;25;10591;8003368;8003368%2021-12-24T23:34:00.000Z%,8000207,8003392,;426
2021-12-24T23:42:00.000Z;Köln Messe/Deutz;RB;RB 27;27;10645;8003368;8003368%2021-12-24T23:42:00.000Z%,8003330,8000135,8002104,8003966,8001083,8001086,8004366,8003386,8005074,8000713,8005970,8001858,8003708,8003660,8000711,8005062,8003665,8000276,8003341,8000206,;426
2021-12-24T23:50:00.000Z;Köln Messe/Deutz;RB;RB 26;26;25401;8003368;8003368%2021-12-24T23:50:00.000Z%0,8000207,8003363,8003361,8003160,8001215,8005499,8005152,8000044,8001091,8001082,8001085,8005153,8004604,8000310,8005580,8000694,8001186,8004200,8000331,8006303,8006035,8003352,8003341,8000206,;426
2021-12-24T23:53:00.000Z;Köln Messe/Deutz;RE;RE 1;1;26845;8003368;8003368%2021-12-24T23:53:00.000Z%,8000209,8006713,8001584,8000085,8000082,8000086,8000259,8000098,8006226,8000041,8000080,8001515,8001537,8003169,8003168,8004448,8000149,;602
2021-12-24T23:55:00.000Z;Köln Messe/Deutz;RB;RB 48;48;32496;8003368;8003368%2021-12-24T23:55:00.000Z%,8000209,8003669,8000853,8003616,8000087,8002490,8000138,8006718,8000266,8006596,8006719,;426
2021-12-25T00:02:00.000Z;Köln Messe/Deutz;RB;RB 48;48;32501;8003368;8003368%2021-12-25T00:02:00.000Z%,8000207,;426
2021-12-25T00:05:00.000Z;Köln Messe/Deutz;RB;RB 24;24;10465;8003368;8003368%2021-12-25T00:05:00.000Z%,8000207,8003363,8003361,8003160,8003252,8003671,8006280,8001416,8002402,8000100,;426
2021-12-25T00:09:00.000Z;Köln Messe/Deutz;RE;RE 1;1;26844;8003368;8003368%2021-12-25T00:09:00.000Z%0,8000207,8000208,8000178,8000084,8003553,8001886,8000348,8000406,8000001,;602
2021-12-25T00:10:00.000Z;Köln Messe/Deutz;RB;RB 26;26;25444;8003368;8003368%2021-12-25T00:10:00.000Z%0,8003330,;426
2021-12-25T00:19:00.000Z;Köln Messe/Deutz;RB;RB 27;27;10640;8003368;8003368%2021-12-25T00:19:00.000Z%,8000207,8000208,8004898,8005746,8005159,8000133,8003130,8000390,8005073,8000318,8000253,;426
2021-12-25T00:26:00.000Z;Köln Messe/Deutz;RB;RB 25;25;10596;8003368;8003368%2021-12-25T00:26:00.000Z%,8003320,8003358,8005143,8005134,8002932,8002988,8004739,8001789,8005218,8000363,8002462,;426
2021-12-25T00:42:00.000Z;Köln Messe/Deutz;RB;RB 27;27;10647;8003368;8003368%2021-12-25T00:42:00.000Z%,8003330,8000135,8002104,8003966,8001083,8001086,8004366,8003386,8005074,8000713,8005970,8001858,8003708,;426
2021-12-25T06:52:00.000Z;Münchweiler(Alsenz);RB;RB 65;65;12711;8087062;8087062%2021-12-25T06:52:00.000Z%,8006483,8003070,8005111,8000505,8002879,8000517,8000726,8000021,8001177,8000585,8003568,8004172,8000039,;426
2021-12-25T06:53:00.000Z;Münchweiler(Alsenz);RB;RB 65;65;12706;8087062;8087062%2021-12-25T06:53:00.000Z%,8000372,8000189,;426
2021-12-25T07:48:00.000Z;Münchweiler(Alsenz);RB;RB 65;65;12715;8087062;8087062%2021-12-25T07:48:00.000Z%,8006483,8003070,8005111,8000505,8002879,8000517,8000726,8000021,8001177,8000585,8003568,8004172,8000039,;426
2021-12-25T08:12:00.000Z;Münchweiler(Alsenz);RB;RB 65;65;12712;8087062;8087062%2021-12-25T08:12:00.000Z%,8000372,8000189,;426
2021-12-25T08:48:00.000Z;Münchweiler(Alsenz);RB;RB 65;65;12719;8087062;8087062%2021-12-25T08:48:00.000Z%,8006483,8003070,8005111,8000505,8002879,8000517,8000726,8000021,8001177,8000585,8003568,8004172,8000039,;426
2021-12-25T09:09:00.000Z;Münchweiler(Alsenz);RB;RB 65;65;12714;8087062;8087062%2021-12-25T09:09:00.000Z%,8000372,8000189,;426
2021-12-25T09:48:00.000Z;Münchweiler(Alsenz);RB;RB 65;65;12721;8087062;8087062%2021-12-25T09:48:00.000Z%,8006483,8003070,8005111,8000505,8002879,8000517,8000726,8000021,8001177,8000585,8003568,8004172,8000039,;426
2021-12-25T10:09:00.000Z;Münchweiler(Alsenz);RB;RB 65;65;12716;8087062;8087062%2021-12-25T10:09:00.000Z%,8000372,8000189,;426
2021-12-25T10:48:00.000Z;Münchweiler(Alsenz);RB;RB 65;65;12725;8087062;8087062%2021-12-25T10:48:00.000Z%,8006483,8003070,8005111,8000505,8002879,8000517,8000726,8000021,8001177,8000585,8003568,8004172,8000039,;426
2021-12-25T11:09:00.000Z;Münchweiler(Alsenz);RB;RB 65;65;12718;8087062;8087062%2021-12-25T11:09:00.000Z%,8000372,8000189,;426
2021-12-25T11:48:00.000Z;Münchweiler(Alsenz);RB;RB 65;65;12727;8087062;8087062%2021-12-25T11:48:00.000Z%,8006483,8003070,8005111,8000505,8002879,8000517,8000726,8000021,8001177,8000585,8003568,8004172,8000039,;426
2021-12-25T12:09:00.000Z;Münchweiler(Alsenz);RB;RB 65;65;12720;8087062;8087062%2021-12-25T12:09:00.000Z%,8000372,8000189,;426
2021-12-25T12:48:00.000Z;Münchweiler(Alsenz);RB;RB 65;65;12731;8087062;8087062%2021-12-25T12:48:00.000Z%,8006483,8003070,8005111,8000505,8002879,8000517,8000726,8000021,8001177,8000585,8003568,8004172,8000039,;426
2021-12-25T13:09:00.000Z;Münchweiler(Alsenz);RB;RB 65;65;12724;8087062;8087062%2021-12-25T13:09:00.000Z%,8000372,8000189,;426
2021-12-25T13:48:00.000Z;Münchweiler(Alsenz);RB;RB 65;65;12733;8087062;8087062%2021-12-25T13:48:00.000Z%,8006483,8003070,8005111,8000505,8002879,8000517,8000726,8000021,8001177,8000585,8003568,8004172,8000039,;426
2021-12-25T14:09:00.000Z;Münchweiler(Alsenz);RB;RB 65;65;12730;8087062;8087062%2021-12-25T14:09:00.000Z%,8000372,8000189,;426
2021-12-25T14:48:00.000Z;Münchweiler(Alsenz);RB;RB 65;65;12737;8087062;8087062%2021-12-25T14:48:00.000Z%,8006483,8003070,8005111,8000505,8002879,8000517,8000726,8000021,8001177,8000585,8003568,8004172,8000039,;426
2021-12-25T15:09:00.000Z;Münchweiler(Alsenz);RB;RB 65;65;12732;8087062;8087062%2021-12-25T15:09:00.000Z%,8000372,8000189,;426
2021-12-25T15:48:00.000Z;Münchweiler(Alsenz);RB;RB 65;65;12757;8087062;8087062%2021-12-25T15:48:00.000Z%,8006483,8003070,8005111,8000505,8002879,8000517,8000726,8000021,8001177,8000585,8003568,8004172,8000039,;426
2021-12-25T16:09:00.000Z;Münchweiler(Alsenz);RB;RB 65;65;12734;8087062;8087062%2021-12-25T16:09:00.000Z%,8000372,8000189,;426
2021-12-25T16:48:00.000Z;Münchweiler(Alsenz);RB;RB 65;65;12713;8087062;8087062%2021-12-25T16:48:00.000Z%,8006483,8003070,8005111,8000505,8002879,8000517,8000726,8000021,8001177,8000585,8003568,8004172,8000039,;426
2021-12-25T17:09:00.000Z;Münchweiler(Alsenz);RB;RB 65;65;12738;8087062;8087062%2021-12-25T17:09:00.000Z%,8000372,8000189,;426
2021-12-25T17:48:00.000Z;Münchweiler(Alsenz);RB;RB 65;65;12759;8087062;8087062%2021-12-25T17:48:00.000Z%,8006483,8003070,8005111,8000505,8002879,8000517,8000726,8000021,8001177,8000585,8003568,8004172,8000039,;426
2021-12-25T18:09:00.000Z;Münchweiler(Alsenz);RB;RB 65;65;12742;8087062;8087062%2021-12-25T18:09:00.000Z%,8000372,8000189,;426
2021-12-25T18:48:00.000Z;Münchweiler(Alsenz);RB;RB 65;65;12747;8087062;8087062%2021-12-25T18:48:00.000Z%,8006483,8003070,8005111,8000505,8002879,8000517,8000726,8000021,8001177,8000585,8003568,8004172,8000039,;426
2021-12-25T19:09:00.000Z;Münchweiler(Alsenz);RB;RB 65;65;12744;8087062;8087062%2021-12-25T19:09:00.000Z%,8000372,8000189,;426
2021-12-25T19:48:00.000Z;Münchweiler(Alsenz);RB;RB 65;65;12749;8087062;8087062%2021-12-25T19:48:00.000Z%,8006483,8003070,8005111,8000505,8002879,8000517,8000726,8000021,8001177,8000585,8003568,8004172,8000039,;426
2021-12-25T20:12:00.000Z;Münchweiler(Alsenz);RB;RB 65;65;12746;8087062;8087062%2021-12-25T20:12:00.000Z%,8000372,8000189,;426
2021-12-24T21:41:00.000Z;Weingarten Berg;RB;RB 91;91;87600;8087067;8087067%2021-12-24T21:41:00.000Z%,8004363,8004049,8000014,;426
2021-12-24T22:21:00.000Z;Weingarten Berg;RB;RB 91;91;17719;8087067;8087067%2021-12-24T22:21:00.000Z%,8004965,8006296,8004605,8003930,8003220,8002120,8003733,8000112,;426
2021-12-24T23:55:00.000Z;Weingarten Berg;RB;RB 91;91;17300;8087067;8087067%2021-12-24T23:55:00.000Z%,8004363,8004049,8000014,;426
2021-12-25T06:16:00.000Z;Weingarten Berg;RB;RB 91;91;87559;8087067;8087067%2021-12-25T06:16:00.000Z%,8004965,8006296,8004605,8003930,8003220,8002120,8003733,8000112,8002110,;426
2021-12-25T06:31:00.000Z;Weingarten Berg;RB;RB 91;91;87558;8087067;8087067%2021-12-25T06:31:00.000Z%,8004363,8004049,8000014,;426
2021-12-25T07:16:00.000Z;Weingarten Berg;RB;RB 91;91;87561;8087067;8087067%2021-12-25T07:16:00.000Z%,8004965,8006296,8004605,8003930,8003220,8002120,8003733,8000112,8002110,;426
2021-12-25T07:41:00.000Z;Weingarten Berg;RB;RB 91;91;87562;8087067;8087067%2021-12-25T07:41:00.000Z%,8004363,8004049,8000014,;426
2021-12-25T08:23:00.000Z;Weingarten Berg;RB;RB 91;91;87610;8087067;8087067%2021-12-25T08:23:00.000Z%,8004965,8006296,8004605,8003930,8003220,8002120,8003733,8000112,8002110,;426
2021-12-25T08:41:00.000Z;Weingarten Berg;RB;RB 91;91;87564;8087067;8087067%2021-12-25T08:41:00.000Z%,8004363,8004049,8000014,;426
2021-12-25T09:17:00.000Z;Weingarten Berg;RB;RB 91;91;87567;8087067;8087067%2021-12-25T09:17:00.000Z%,8004965,8006296,8004605,8003930,8003220,8002120,8003733,8000112,8002110,;426
2021-12-25T09:41:00.000Z;Weingarten Berg;RB;RB 91;91;87566;8087067;8087067%2021-12-25T09:41:00.000Z%,8004363,8004049,8000014,;426
2021-12-25T10:17:00.000Z;Weingarten Berg;RB;RB 91;91;87569;8087067;8087067%2021-12-25T10:17:00.000Z%,8004965,8006296,8004605,8003930,8003220,8002120,8003733,8000112,8002110,;426
2021-12-25T10:41:00.000Z;Weingarten Berg;RB;RB 91;91;87568;8087067;8087067%2021-12-25T10:41:00.000Z%,8004363,8004049,8000014,;426
2021-12-25T11:17:00.000Z;Weingarten Berg;RB;RB 91;91;87571;8087067;8087067%2021-12-25T11:17:00.000Z%,8004965,8006296,8004605,8003930,8003220,8002120,8003733,8000112,8002110,;426
2021-12-25T11:41:00.000Z;Weingarten Berg;RB;RB 91;91;87570;8087067;8087067%2021-12-25T11:41:00.000Z%,8004363,8004049,8000014,;426
2021-12-25T12:17:00.000Z;Weingarten Berg;RB;RB 91;91;87612;8087067;8087067%2021-12-25T12:17:00.000Z%,8004965,8006296,8004605,8003930,8003220,8002120,8003733,8000112,8002110,;426
2021-12-25T12:41:00.000Z;Weingarten Berg;RB;RB 91;91;87603;8087067;8087067%2021-12-25T12:41:00.000Z%,8004363,8004049,8000014,;426
2021-12-25T13:17:00.000Z;Weingarten Berg;RB;RB 91;91;87599;8087067;8087067%2021-12-25T13:17:00.000Z%,8004965,8006296,8004605,8003930,8003220,8002120,8003733,8000112,8002110,;426
2021-12-25T13:41:00.000Z;Weingarten Berg;RB;RB 91;91;87598;8087067;8087067%2021-12-25T13:41:00.000Z%,8004363,8004049,8000014,;426
2021-12-25T14:17:00.000Z;Weingarten Berg;RB;RB 91;91;87579;8087067;8087067%2021-12-25T14:17:00.000Z%,8004965,8006296,8004605,8003930,8003220,8002120,8003733,8000112,8002110,;426
2021-12-25T14:41:00.000Z;Weingarten Berg;RB;RB 91;91;87578;8087067;8087067%2021-12-25T14:41:00.000Z%,8004363,8004049,8000014,;426
2021-12-25T15:17:00.000Z;Weingarten Berg;RB;RB 91;91;87583;8087067;8087067%2021-12-25T15:17:00.000Z%,8004965,8006296,8004605,8003930,8003220,8002120,8003733,8000112,8002110,;426
2021-12-25T15:41:00.000Z;Weingarten Berg;RB;RB 91;91;87582;8087067;8087067%2021-12-25T15:41:00.000Z%,8004363,8004049,8000014,;426
2021-12-25T16:17:00.000Z;Weingarten Berg;RB;RB 91;91;87587;8087067;8087067%2021-12-25T16:17:00.000Z%,8004965,8006296,8004605,8003930,8003220,8002120,8003733,8000112,8002110,;426
2021-12-25T16:41:00.000Z;Weingarten Berg;RB;RB 91;91;87586;8087067;8087067%2021-12-25T16:41:00.000Z%,8004363,8004049,8000014,;426
2021-12-25T17:17:00.000Z;Weingarten Berg;RB;RB 91;91;87591;8087067;8087067%2021-12-25T17:17:00.000Z%,8004965,8006296,8004605,8003930,8003220,8002120,8003733,8000112,8002110,;426
2021-12-25T17:41:00.000Z;Weingarten Berg;RB;RB 91;91;87590;8087067;8087067%2021-12-25T17:41:00.000Z%,8004363,8004049,8000014,;426
2021-12-25T18:17:00.000Z;Weingarten Berg;RB;RB 91;91;87595;8087067;8087067%2021-12-25T18:17:00.000Z%,8004965,8006296,8004605,8003930,8003220,8002120,8003733,8000112,;426
2021-12-25T18:40:00.000Z;Weingarten Berg;RB;RB 91;91;17798;8087067;8087067%2021-12-25T18:40:00.000Z%,8004363,8004049,8000014,8000559,8005301,8002760,8000160,8003969,8005568,8000069,;426
2021-12-25T19:17:00.000Z;Weingarten Berg;RB;RB 91;91;17357;8087067;8087067%2021-12-25T19:17:00.000Z%,8004965,8006296,8004605,8003930,8003220,8002120,8003733,8000112,8002110,;426
2021-12-25T19:41:00.000Z;Weingarten Berg;RB;RB 91;91;87596;8087067;8087067%2021-12-25T19:41:00.000Z%,8004363,8004049,8000014,;426
2021-12-25T20:17:00.000Z;Weingarten Berg;RB;RB 91;91;87597;8087067;8087067%2021-12-25T20:17:00.000Z%,8004965,8006296,8004605,8003930,8003220,8002120,8003733,8000112,8002110,;426
2021-12-24T20:42:00.000Z;Maulbronn West;RB;RB 17c;17c;19634;8087080;8087080%2021-12-24T20:42:00.000Z%0,8004632,8003332,8001131,8001138,8000053,8070012,8002326,8070011,8002734,8002688,8070010,8070009,8070008,8000055,;426
2021-12-24T21:15:00.000Z;Maulbronn West;RB;RB 17c;17c;19657;8087080;8087080%2021-12-24T21:15:00.000Z%0,8004637,8000339,;426
2021-12-24T21:42:00.000Z;Maulbronn West;RB;RB 17c;17c;19656;8087080;8087080%2021-12-24T21:42:00.000Z%0,8004632,8003332,8001131,8001138,8000053,8070012,8002326,8070011,8002734,8002688,8070010,8070009,8070008,8000055,;426
2021-12-24T22:14:00.000Z;Maulbronn West;RB;RB 17c;17c;19659;8087080;8087080%2021-12-24T22:14:00.000Z%0,8004637,8000339,;426
2021-12-24T22:52:00.000Z;Maulbronn West;RB;RB 17c;17c;19658;8087080;8087080%2021-12-24T22:52:00.000Z%0,8004632,8003332,8001131,8001138,8000053,8070012,8002326,8070011,8002734,8002688,8070010,8070009,8070008,8000055,;426
2021-12-25T05:44:00.000Z;Maulbronn West;RB;RB 17c;17c;19640;8087080;8087080%2021-12-25T05:44:00.000Z%,8004632,8003332,8001131,8001138,8000053,8070012,8002326,8070011,8002734,8002688,8070010,8070009,8070008,8000055,;426
2021-12-25T06:14:00.000Z;Maulbronn West;RB;RB 17c;17c;19607;8087080;8087080%2021-12-25T06:14:00.000Z%,8004637,8000339,8004103,8003060,8006053,8005540,8005253,8001746,8000038,8000235,8000096,;426
2021-12-25T06:42:00.000Z;Maulbronn West;RB;RB 17c;17c;19602;8087080;8087080%2021-12-25T06:42:00.000Z%,8004632,8003332,8001131,8001138,8000053,8070012,8002326,8070011,8002734,8002688,8070010,8070009,8070008,8000055,;426
2021-12-25T07:15:00.000Z;Maulbronn West;RB;RB 17c;17c;19609;8087080;8087080%2021-12-25T07:15:00.000Z%,8004637,8000339,8004103,8003060,8006053,8005540,8005253,8001746,8000038,8000235,8000096,;426
2021-12-25T07:42:00.000Z;Maulbronn West;RB;RB 17c;17c;19604;8087080;8087080%2021-12-25T07:42:00.000Z%,8004632,8003332,8001131,8001138,8000053,8070012,8002326,8070011,8002734,8002688,8070010,8070009,8070008,8000055,;426
2021-12-25T08:15:00.000Z;Maulbronn West;RB;RB 17c;17c;19611;8087080;8087080%2021-12-25T08:15:00.000Z%,8004637,8000339,8004103,8003060,8006053,8005540,8005253,8001746,8000038,8000235,8000096,;426
2021-12-25T08:42:00.000Z;Maulbronn West;RB;RB 17c;17c;19606;8087080;8087080%2021-12-25T08:42:00.000Z%,8004632,8003332,8001131,8001138,8000053,8070012,8002326,8070011,8002734,8002688,8070010,8070009,8070008,8000055,;426
2021-12-25T09:14:00.000Z;Maulbronn West;RB;RB 17c;17c;19613;8087080;8087080%2021-12-25T09:14:00.000Z%,8004637,8000339,8004103,8003060,8006053,8005540,8005253,8001746,8000038,8000235,8000096,;426
2021-12-25T09:42:00.000Z;Maulbronn West;RB;RB 17c;17c;19608;8087080;8087080%2021-12-25T09:42:00.000Z%,8004632,8003332,8001131,8001138,8000053,8070012,8002326,8070011,8002734,8002688,8070010,8070009,8070008,8000055,;426
2021-12-25T10:15:00.000Z;Maulbronn West;RB;RB 17c;17c;19615;8087080;8087080%2021-12-25T10:15:00.000Z%,8004637,8000339,8004103,8003060,8006053,8005540,8005253,8001746,8000038,8000235,8000096,;426
2021-12-25T10:42:00.000Z;Maulbronn West;RB;RB 17c;17c;19610;8087080;8087080%2021-12-25T10:42:00.000Z%,8004632,8003332,8001131,8001138,8000053,8070012,8002326,8070011,8002734,8002688,8070010,8070009,8070008,8000055,;426
2021-12-25T11:14:00.000Z;Maulbronn West;RB;RB 17c;17c;19617;8087080;8087080%2021-12-25T11:14:00.000Z%,8004637,8000339,8004103,8003060,8006053,8005540,8005253,8001746,8000038,8000235,8000096,;426
2021-12-25T11:42:00.000Z;Maulbronn West;RB;RB 17c;17c;19612;8087080;8087080%2021-12-25T11:42:00.000Z%,8004632,8003332,8001131,8001138,8000053,8070012,8002326,8070011,8002734,8002688,8070010,8070009,8070008,8000055,;426
2021-12-25T12:15:00.000Z;Maulbronn West;RB;RB 17c;17c;19619;8087080;8087080%2021-12-25T12:15:00.000Z%,8004637,8000339,8004103,8003060,8006053,8005540,8005253,8001746,8000038,8000235,8000096,;426
2021-12-25T12:42:00.000Z;Maulbronn West;RB;RB 17c;17c;19614;8087080;8087080%2021-12-25T12:42:00.000Z%,8004632,8003332,8001131,8001138,8000053,8070012,8002326,8070011,8002734,8002688,8070010,8070009,8070008,8000055,;426
2021-12-25T13:14:00.000Z;Maulbronn West;RB;RB 17c;17c;19621;8087080;8087080%2021-12-25T13:14:00.000Z%,8004637,8000339,8004103,8003060,8006053,8005540,8005253,8001746,8000038,8000235,8000096,;426
2021-12-25T13:42:00.000Z;Maulbronn West;RB;RB 17c;17c;19616;8087080;8087080%2021-12-25T13:42:00.000Z%,8004632,8003332,8001131,8001138,8000053,8070012,8002326,8070011,8002734,8002688,8070010,8070009,8070008,8000055,;426
2021-12-25T14:15:00.000Z;Maulbronn West;RB;RB 17c;17c;19623;8087080;8087080%2021-12-25T14:15:00.000Z%,8004637,8000339,8004103,8003060,8006053,8005540,8005253,8001746,8000038,8000235,8000096,;426
2021-12-25T14:42:00.000Z;Maulbronn West;RB;RB 17c;17c;19618;8087080;8087080%2021-12-25T14:42:00.000Z%,8004632,8003332,8001131,8001138,8000053,8070012,8002326,8070011,8002734,8002688,8070010,8070009,8070008,8000055,;426
2021-12-25T15:14:00.000Z;Maulbronn West;RB;RB 17c;17c;19627;8087080;8087080%2021-12-25T15:14:00.000Z%,8004637,8000339,8004103,8003060,8006053,8005540,8005253,8001746,8000038,8000235,8000096,;426
2021-12-25T15:42:00.000Z;Maulbronn West;RB;RB 17c;17c;19620;8087080;8087080%2021-12-25T15:42:00.000Z%,8004632,8003332,8001131,8001138,8000053,8070012,8002326,8070011,8002734,8002688,8070010,8070009,8070008,8000055,;426
2021-12-25T16:15:00.000Z;Maulbronn West;RB;RB 17c;17c;19631;8087080;8087080%2021-12-25T16:15:00.000Z%,8004637,8000339,8004103,8003060,8006053,8005540,8005253,8001746,8000038,8000235,8000096,;426
2021-12-25T16:42:00.000Z;Maulbronn West;RB;RB 17c;17c;19624;8087080;8087080%2021-12-25T16:42:00.000Z%,8004632,8003332,8001131,8001138,8000053,8070012,8002326,8070011,8002734,8002688,8070010,8070009,8070008,8000055,;426
2021-12-25T17:14:00.000Z;Maulbronn West;RB;RB 17c;17c;19639;8087080;8087080%2021-12-25T17:14:00.000Z%,8004637,8000339,8004103,8003060,8006053,8005540,8005253,8001746,8000038,8000235,8000096,;426
2021-12-25T17:42:00.000Z;Maulbronn West;RB;RB 17c;17c;19628;8087080;8087080%2021-12-25T17:42:00.000Z%,8004632,8003332,8001131,8001138,8000053,8070012,8002326,8070011,8002734,8002688,8070010,8070009,8070008,8000055,;426
2021-12-25T18:15:00.000Z;Maulbronn West;RB;RB 17c;17c;19635;8087080;8087080%2021-12-25T18:15:00.000Z%,8004637,8000339,8004103,8003060,8006053,8005540,8005253,8001746,8000038,8000235,8000096,;426
2021-12-25T18:42:00.000Z;Maulbronn West;RB;RB 17c;17c;19630;8087080;8087080%2021-12-25T18:42:00.000Z%,8004632,8003332,8001131,8001138,8000053,8070012,8002326,8070011,8002734,8002688,8070010,8070009,8070008,8000055,;426
2021-12-25T19:15:00.000Z;Maulbronn West;RB;RB 17c;17c;19653;8087080;8087080%2021-12-25T19:15:00.000Z%,8004637,8000339,;426
2021-12-25T19:42:00.000Z;Maulbronn West;RB;RB 17c;17c;19632;8087080;8087080%2021-12-25T19:42:00.000Z%,8004632,8003332,8001131,8001138,8000053,8070012,8002326,8070011,8002734,8002688,8070010,8070009,8070008,8000055,;426
2021-12-25T20:14:00.000Z;Maulbronn West;RB;RB 17c;17c;19637;8087080;8087080%2021-12-25T20:14:00.000Z%,8004637,8000339,8004103,8003060,8006053,8005540,8005253,8001746,8000038,8000235,8000096,;426
2021-12-24T20:41:00.000Z;Neuenburg(Baden);RB;RB 27;27;17080;8089119;8089119%2021-12-24T20:41:00.000Z%,8004124,;426
2021-12-24T21:41:00.000Z;Neuenburg(Baden);RB;RB 27;27;17082;8089119;8089119%2021-12-24T21:41:00.000Z%,8004124,;426
2021-12-24T22:27:00.000Z;Neuenburg(Baden);RB;RB 27;27;17084;8089119;8089119%2021-12-24T22:27:00.000Z%,8004124,;426
2021-12-25T05:37:00.000Z;Neuenburg(Baden);RB;RB 27;27;17050;8089119;8089119%2021-12-25T05:37:00.000Z%,8004124,;426
2021-12-25T06:41:00.000Z;Neuenburg(Baden);RB;RB 27;27;17052;8089119;8089119%2021-12-25T06:41:00.000Z%,8004124,;426
2021-12-25T07:38:00.000Z;Neuenburg(Baden);RB;RB 27;27;17054;8089119;8089119%2021-12-25T07:38:00.000Z%,8004124,8001262,8002727,8000718,8004464,8005317,8001643,8002069,8000107,;426
2021-12-25T07:52:00.000Z;Neuenburg(Baden);RB;RB 107;107;87483;8089119;8089119%2021-12-25T07:52:00.000Z%,8004124,;426
2021-12-25T08:38:00.000Z;Neuenburg(Baden);RB;RB 27;27;17056;8089119;8089119%2021-12-25T08:38:00.000Z%,8004124,;426
2021-12-25T08:50:00.000Z;Neuenburg(Baden);RB;RB 107;107;87484;8089119;8089119%2021-12-25T08:50:00.000Z%,8700329,8700031,;426
2021-12-25T09:41:00.000Z;Neuenburg(Baden);RB;RB 27;27;17058;8089119;8089119%2021-12-25T09:41:00.000Z%,8004124,8001262,8002727,8000718,8004464,8005317,8001643,8002069,8000107,;426
2021-12-25T09:51:00.000Z;Neuenburg(Baden);RB;RB 107;107;87487;8089119;8089119%2021-12-25T09:51:00.000Z%,8004124,;426
2021-12-25T10:08:00.000Z;Neuenburg(Baden);RB;RB 107;107;87486;8089119;8089119%2021-12-25T10:08:00.000Z%,8700329,8700031,;426
2021-12-25T10:38:00.000Z;Neuenburg(Baden);RB;RB 27;27;17060;8089119;8089119%2021-12-25T10:38:00.000Z%,8004124,;426
2021-12-25T11:41:00.000Z;Neuenburg(Baden);RB;RB 27;27;17062;8089119;8089119%2021-12-25T11:41:00.000Z%,8004124,;426
2021-12-25T11:51:00.000Z;Neuenburg(Baden);RB;RB 107;107;87489;8089119;8089119%2021-12-25T11:51:00.000Z%,8004124,;426
2021-12-25T12:08:00.000Z;Neuenburg(Baden);RB;RB 107;107;87488;8089119;8089119%2021-12-25T12:08:00.000Z%,8700329,8700031,;426
2021-12-25T12:41:00.000Z;Neuenburg(Baden);RB;RB 27;27;17064;8089119;8089119%2021-12-25T12:41:00.000Z%,8004124,;426
2021-12-25T13:38:00.000Z;Neuenburg(Baden);RB;RB 27;27;17066;8089119;8089119%2021-12-25T13:38:00.000Z%,8004124,;426
2021-12-25T13:51:00.000Z;Neuenburg(Baden);RB;RB 107;107;87491;8089119;8089119%2021-12-25T13:51:00.000Z%,8004124,;426
2021-12-25T14:08:00.000Z;Neuenburg(Baden);RB;RB 107;107;87490;8089119;8089119%2021-12-25T14:08:00.000Z%,8700329,8700031,;426
2021-12-25T14:41:00.000Z;Neuenburg(Baden);RB;RB 27;27;17068;8089119;8089119%2021-12-25T14:41:00.000Z%,8004124,;426
2021-12-25T15:36:00.000Z;Neuenburg(Baden);RB;RB 27;27;17070;8089119;8089119%2021-12-25T15:36:00.000Z%,8004124,;426
2021-12-25T15:51:00.000Z;Neuenburg(Baden);RB;RB 107;107;87493;8089119;8089119%2021-12-25T15:51:00.000Z%,8004124,;426
2021-12-25T16:08:00.000Z;Neuenburg(Baden);RB;RB 107;107;87492;8089119;8089119%2021-12-25T16:08:00.000Z%,8700329,8700031,;426
2021-12-25T16:41:00.000Z;Neuenburg(Baden);RB;RB 27;27;17072;8089119;8089119%2021-12-25T16:41:00.000Z%,8004124,;426
2021-12-25T17:41:00.000Z;Neuenburg(Baden);RB;RB 27;27;17074;8089119;8089119%2021-12-25T17:41:00.000Z%,8004124,;426
2021-12-25T17:51:00.000Z;Neuenburg(Baden);RB;RB 107;107;87497;8089119;8089119%2021-12-25T17:51:00.000Z%,8004124,;426
2021-12-25T18:08:00.000Z;Neuenburg(Baden);RB;RB 107;107;87496;8089119;8089119%2021-12-25T18:08:00.000Z%,8700329,8700031,;426
2021-12-25T18:41:00.000Z;Neuenburg(Baden);RB;RB 27;27;17076;8089119;8089119%2021-12-25T18:41:00.000Z%,8004124,;426
2021-12-25T19:41:00.000Z;Neuenburg(Baden);RB;RB 27;27;17078;8089119;8089119%2021-12-25T19:41:00.000Z%,8004124,8001262,8002727,8000718,8004464,8005317,8001643,8002069,8000107,;426
2021-12-24T20:24:00.000Z;Erkner;RE;RE 1;1;3131;8013477;8013477%2021-12-24T20:25:00.000Z%1,8011533,8011818,8010120,8011154,8011269,8011940,8012636,8010113,;602
2021-12-24T21:10:00.000Z;Erkner;RE;RE 1;1;3196;8013477;8013477%2021-12-24T21:10:00.000Z%0,8011162,8010255,8011155,8011306,8011160,8010406,8010403,8010405,8012666,8010280,8010377,8010373,8011725,8011662,8010060,8012011,8013365,8010123,8010151,8011294,8010226,8010224,;602
2021-12-24T21:24:00.000Z;Erkner;RE;RE 1;1;3133;8013477;8013477%2021-12-24T21:24:00.000Z%0,8011533,8011818,8010120,8011154,8011269,8011940,8012636,8010113,8012089,8011540,8013305,8013406,8011471,8012479,8013272,8011319,8010357,8012006,8011945,8011944,8012621,8012445,8081688,8012341,8011318,8010073,;602
2021-12-24T22:12:00.000Z;Erkner;RE;RE 1;1;3198;8013477;8013477%2021-12-24T22:13:00.000Z%1,8011162,8010255,8011155,8011306,8011160,8010406,8010403,8010405,8012666,8010280,8010377,8010373,8011725,8011662,8010060,;602
2021-12-24T22:26:00.000Z;Erkner;RE;RE 1;1;3135;8013477;8013477%2021-12-24T22:27:00.000Z%1,8011533,8011818,8010120,8011154,8011269,8011940,8012636,8010113,;602
2021-12-24T23:07:00.000Z;Erkner;RE;RE 1;1;3154;8013477;8013477%2021-12-24T23:07:00.000Z%,8011162,8010255,8011155,8011306,8011160,8010406,8010403,8010405,8012666,8010280,8010377,8010373,8011725,8011662,8010060,;602
2021-12-24T23:24:00.000Z;Erkner;RE;RE 1;1;3137;8013477;8013477%2021-12-24T23:24:00.000Z%,8011533,8011818,8010120,8011154,8011269,8011940,8012636,8010113,8012089,8011540,8013305,8013406,8011471,;602
2021-12-25T00:10:00.000Z;Erkner;RE;RE 1;1;3150;8013477;8013477%2021-12-25T00:10:00.000Z%,8011162,8010255,8011155,8011306,8011160,8010406,8010403,8010405,8012666,8010280,8010377,8010373,8011725,8011662,8010060,;602
2021-12-25T00:25:00.000Z;Erkner;RE;RE 1;1;3153;8013477;8013477%2021-12-25T00:25:00.000Z%,8011533,8011818,8010120,8011154,8011269,8011940,8012636,8010113,;602
2021-12-25T02:05:00.000Z;Erkner;RE;RE 1;1;3143;8013477;8013477%2021-12-25T02:05:00.000Z%,8011533,8011818,8010120,8011154,8011269,8011940,8012636,8010113,;602
2021-12-25T03:38:00.000Z;Erkner;RE;RE 1;1;3104;8013477;8013477%2021-12-25T03:38:00.000Z%,8011162,8010255,8011155,8011306,8011160,8010406,8010403,8010405,8012666,8010373,8010060,8012011,8013365,8010123,8010151,8011294,8010226,8010224,;602
2021-12-25T04:38:00.000Z;Erkner;RE;RE 1;1;3106;8013477;8013477%2021-12-25T04:38:00.000Z%,8011162,8010255,8011155,8011306,8011160,8010406,8010403,8010405,8012666,8010373,8010060,8012011,8013365,8010123,8010151,8011294,8010226,8010224,;602
2021-12-25T04:54:00.000Z;Erkner;RE;RE 1;1;3165;8013477;8013477%2021-12-25T04:54:00.000Z%,8011533,8011818,8010120,8010113,8012089,8011540,8013305,8013406,8011471,8012479,8013272,8011319,8010357,8012006,8011945,8011944,8012621,8012445,8081688,8012341,8011318,8010073,;602
2021-12-25T05:08:00.000Z;Erkner;RE;RE 1;1;3162;8013477;8013477%2021-12-25T05:08:00.000Z%,8011162,8010255,8011155,8011306,8011160,8010406,8010403,8010405,8012666,8010280,8010377,8010373,8011725,8011662,8010060,;602
2021-12-25T05:24:00.000Z;Erkner;RE;RE 1;1;3101;8013477;8013477%2021-12-25T05:24:00.000Z%,8011533,8010120,8011154,8011269,8011940,8012636,8010113,;602
2021-12-25T05:38:00.000Z;Erkner;RE;RE 1;1;3108;8013477;8013477%2021-12-25T05:38:00.000Z%,8011162,8010255,8011155,8011306,8011160,8010406,8010403,8010405,8012666,8010373,8010060,8012011,8013365,8010123,8010151,8011294,8010226,8010224,;602
2021-12-25T05:54:00.000Z;Erkner;RE;RE 1;1;3167;8013477;8013477%2021-12-25T05:54:00.000Z%,8011533,8011818,8010120,8010113,;602
2021-12-25T06:08:00.000Z;Erkner;RE;RE 1;1;3164;8013477;8013477%2021-12-25T06:08:00.000Z%,8011162,8010255,8011155,8011306,8011160,8010406,8010403,8010405,8012666,8010280,8010377,8010373,8011725,8011662,8010060,;602
2021-12-25T06:24:00.000Z;Erkner;RE;RE 1;1;3103;8013477;8013477%2021-12-25T06:24:00.000Z%,8011533,8010120,8011154,8011269,8011940,8012636,8010113,;602
2021-12-25T06:38:00.000Z;Erkner;RE;RE 1;1;3110;8013477;8013477%2021-12-25T06:38:00.000Z%,8011162,8010255,8011155,8011306,8011160,8010406,8010403,8010405,8012666,8010373,8010060,8012011,8013365,8010123,8010151,8011294,8010226,8010224,;602
2021-12-25T06:54:00.000Z;Erkner;RE;RE 1;1;3169;8013477;8013477%2021-12-25T06:54:00.000Z%,8011533,8011818,8010120,8010113,;602
2021-12-25T07:08:00.000Z;Erkner;RE;RE 1;1;3166;8013477;8013477%2021-12-25T07:08:00.000Z%,8011162,8010255,8011155,8011306,8011160,8010406,8010403,8010405,8012666,8010280,8010377,8010373,8011725,8011662,8010060,;602
2021-12-25T07:24:00.000Z;Erkner;RE;RE 1;1;3105;8013477;8013477%2021-12-25T07:24:00.000Z%,8011533,8010120,8011154,8011269,8011940,8012636,8010113,;602
2021-12-25T07:38:00.000Z;Erkner;RE;RE 1;1;3112;8013477;8013477%2021-12-25T07:38:00.000Z%,8011162,8010255,8011155,8011306,8011160,8010406,8010403,8010405,8012666,8010373,8010060,8012011,8013365,8010123,8010151,8011294,8010226,8010224,;602
2021-12-25T07:54:00.000Z;Erkner;RE;RE 1;1;3171;8013477;8013477%2021-12-25T07:54:00.000Z%,8011533,8011818,8010120,8010113,;602
2021-12-25T08:08:00.000Z;Erkner;RE;RE 1;1;3168;8013477;8013477%2021-12-25T08:08:00.000Z%,8011162,8010255,8011155,8011306,8011160,8010406,8010403,8010405,8012666,8010280,8010377,8010373,8011725,8011662,8010060,;602
2021-12-25T08:24:00.000Z;Erkner;RE;RE 1;1;3107;8013477;8013477%2021-12-25T08:24:00.000Z%,8011533,8010120,8011154,8011269,8011940,8012636,8010113,;602
2021-12-25T08:38:00.000Z;Erkner;RE;RE 1;1;3114;8013477;8013477%2021-12-25T08:38:00.000Z%,8011162,8010255,8011155,8011306,8011160,8010406,8010403,8010405,8012666,8010373,8010060,8012011,8013365,8010123,8010151,8011294,8010226,8010224,;602
2021-12-25T08:54:00.000Z;Erkner;RE;RE 1;1;3173;8013477;8013477%2021-12-25T08:54:00.000Z%,8011533,8011818,8010120,8010113,;602
2021-12-25T09:08:00.000Z;Erkner;RE;RE 1;1;3170;8013477;8013477%2021-12-25T09:08:00.000Z%,8011162,8010255,8011155,8011306,8011160,8010406,8010403,8010405,8012666,8010280,8010377,8010373,8011725,8011662,8010060,;602
2021-12-25T09:24:00.000Z;Erkner;RE;RE 1;1;3109;8013477;8013477%2021-12-25T09:24:00.000Z%,8011533,8010120,8011154,8011269,8011940,8012636,8010113,;602
2021-12-25T09:38:00.000Z;Erkner;RE;RE 1;1;3116;8013477;8013477%2021-12-25T09:38:00.000Z%,8011162,8010255,8011155,8011306,8011160,8010406,8010403,8010405,8012666,8010373,8010060,8012011,8013365,8010123,8010151,8011294,8010226,8010224,;602
2021-12-25T09:54:00.000Z;Erkner;RE;RE 1;1;3175;8013477;8013477%2021-12-25T09:54:00.000Z%,8011533,8011818,8010120,8010113,;602
2021-12-25T10:08:00.000Z;Erkner;RE;RE 1;1;3172;8013477;8013477%2021-12-25T10:08:00.000Z%,8011162,8010255,8011155,8011306,8011160,8010406,8010403,8010405,8012666,8010280,8010377,8010373,8011725,8011662,8010060,;602
2021-12-25T10:24:00.000Z;Erkner;RE;RE 1;1;3111;8013477;8013477%2021-12-25T10:24:00.000Z%,8011533,8010120,8011154,8011269,8011940,8012636,8010113,;602
2021-12-25T10:38:00.000Z;Erkner;RE;RE 1;1;3118;8013477;8013477%2021-12-25T10:38:00.000Z%,8011162,8010255,8011155,8011306,8011160,8010406,8010403,8010405,8012666,8010373,8010060,8012011,8013365,8010123,8010151,8011294,8010226,8010224,;602
2021-12-25T10:54:00.000Z;Erkner;RE;RE 1;1;3177;8013477;8013477%2021-12-25T10:54:00.000Z%,8011533,8011818,8010120,8010113,;602
2021-12-25T11:08:00.000Z;Erkner;RE;RE 1;1;3174;8013477;8013477%2021-12-25T11:08:00.000Z%,8011162,8010255,8011155,8011306,8011160,8010406,8010403,8010405,8012666,8010280,8010377,8010373,8011725,8011662,8010060,;602
2021-12-25T11:24:00.000Z;Erkner;RE;RE 1;1;3113;8013477;8013477%2021-12-25T11:24:00.000Z%,8011533,8010120,8011154,8011269,8011940,8012636,8010113,;602
2021-12-25T11:38:00.000Z;Erkner;RE;RE 1;1;3120;8013477;8013477%2021-12-25T11:38:00.000Z%,8011162,8010255,8011155,8011306,8011160,8010406,8010403,8010405,8012666,8010373,8010060,8012011,8013365,8010123,8010151,8011294,8010226,8010224,;602
2021-12-25T11:54:00.000Z;Erkner;RE;RE 1;1;3179;8013477;8013477%2021-12-25T11:54:00.000Z%,8011533,8011818,8010120,8010113,;602
2021-12-25T12:08:00.000Z;Erkner;RE;RE 1;1;3176;8013477;8013477%2021-12-25T12:08:00.000Z%,8011162,8010255,8011155,8011306,8011160,8010406,8010403,8010405,8012666,8010280,8010377,8010373,8011725,8011662,8010060,;602
2021-12-25T12:24:00.000Z;Erkner;RE;RE 1;1;3115;8013477;8013477%2021-12-25T12:24:00.000Z%,8011533,8010120,8011154,8011269,8011940,8012636,8010113,;602
2021-12-25T12:38:00.000Z;Erkner;RE;RE 1;1;3122;8013477;8013477%2021-12-25T12:38:00.000Z%,8011162,8010255,8011155,8011306,8011160,8010406,8010403,8010405,8012666,8010373,8010060,8012011,8013365,8010123,8010151,8011294,8010226,8010224,;602
2021-12-25T12:54:00.000Z;Erkner;RE;RE 1;1;3181;8013477;8013477%2021-12-25T12:54:00.000Z%,8011533,8011818,8010120,8010113,;602
2021-12-25T13:08:00.000Z;Erkner;RE;RE 1;1;3178;8013477;8013477%2021-12-25T13:08:00.000Z%,8011162,8010255,8011155,8011306,8011160,8010406,8010403,8010405,8012666,8010280,8010377,8010373,8011725,8011662,8010060,;602
2021-12-25T13:24:00.000Z;Erkner;RE;RE 1;1;3117;8013477;8013477%2021-12-25T13:24:00.000Z%,8011533,8010120,8011154,8011269,8011940,8012636,8010113,;602
2021-12-25T13:38:00.000Z;Erkner;RE;RE 1;1;3124;8013477;8013477%2021-12-25T13:38:00.000Z%,8011162,8010255,8011155,8011306,8011160,8010406,8010403,8010405,8012666,8010373,8010060,8012011,8013365,8010123,8010151,8011294,8010226,8010224,;602
2021-12-25T13:54:00.000Z;Erkner;RE;RE 1;1;3183;8013477;8013477%2021-12-25T13:54:00.000Z%,8011533,8011818,8010120,8010113,;602
2021-12-25T14:08:00.000Z;Erkner;RE;RE 1;1;3180;8013477;8013477%2021-12-25T14:08:00.000Z%,8011162,8010255,8011155,8011306,8011160,8010406,8010403,8010405,8012666,8010280,8010377,8010373,8011725,8011662,8010060,;602
2021-12-25T14:24:00.000Z;Erkner;RE;RE 1;1;3119;8013477;8013477%2021-12-25T14:24:00.000Z%,8011533,8010120,8011154,8011269,8011940,8012636,8010113,;602
2021-12-25T14:38:00.000Z;Erkner;RE;RE 1;1;3126;8013477;8013477%2021-12-25T14:38:00.000Z%,8011162,8010255,8011155,8011306,8011160,8010406,8010403,8010405,8012666,8010373,8010060,8012011,8013365,8010123,8010151,8011294,8010226,8010224,;602
2021-12-25T14:54:00.000Z;Erkner;RE;RE 1;1;3185;8013477;8013477%2021-12-25T14:54:00.000Z%,8011533,8011818,8010120,8010113,;602
2021-12-25T15:08:00.000Z;Erkner;RE;RE 1;1;3182;8013477;8013477%2021-12-25T15:08:00.000Z%,8011162,8010255,8011155,8011306,8011160,8010406,8010403,8010405,8012666,8010280,8010377,8010373,8011725,8011662,8010060,;602
2021-12-25T15:24:00.000Z;Erkner;RE;RE 1;1;3121;8013477;8013477%2021-12-25T15:24:00.000Z%,8011533,8010120,8011154,8011269,8011940,8012636,8010113,;602
2021-12-25T15:38:00.000Z;Erkner;RE;RE 1;1;3128;8013477;8013477%2021-12-25T15:38:00.000Z%,8011162,8010255,8011155,8011306,8011160,8010406,8010403,8010405,8012666,8010373,8010060,8012011,8013365,8010123,8010151,8011294,8010226,8010224,;602
2021-12-25T15:54:00.000Z;Erkner;RE;RE 1;1;3187;8013477;8013477%2021-12-25T15:54:00.000Z%,8011533,8011818,8010120,8010113,;602
2021-12-25T16:08:00.000Z;Erkner;RE;RE 1;1;3184;8013477;8013477%2021-12-25T16:08:00.000Z%,8011162,8010255,8011155,8011306,8011160,8010406,8010403,8010405,8012666,8010280,8010377,8010373,8011725,8011662,8010060,;602
2021-12-25T16:24:00.000Z;Erkner;RE;RE 1;1;3123;8013477;8013477%2021-12-25T16:24:00.000Z%,8011533,8010120,8011154,8011269,8011940,8012636,8010113,;602
2021-12-25T16:38:00.000Z;Erkner;RE;RE 1;1;3130;8013477;8013477%2021-12-25T16:38:00.000Z%,8011162,8010255,8011155,8011306,8011160,8010406,8010403,8010405,8012666,8010373,8010060,8012011,8013365,8010123,8010151,8011294,8010226,8010224,;602
2021-12-25T16:54:00.000Z;Erkner;RE;RE 1;1;3189;8013477;8013477%2021-12-25T16:54:00.000Z%,8011533,8011818,8010120,8010113,;602
2021-12-25T17:08:00.000Z;Erkner;RE;RE 1;1;3186;8013477;8013477%2021-12-25T17:08:00.000Z%,8011162,8010255,8011155,8011306,8011160,8010406,8010403,8010405,8012666,8010280,8010377,8010373,8011725,8011662,8010060,;602
2021-12-25T17:24:00.000Z;Erkner;RE;RE 1;1;3125;8013477;8013477%2021-12-25T17:24:00.000Z%,8011533,8010120,8011154,8011269,8011940,8012636,8010113,;602
2021-12-25T17:38:00.000Z;Erkner;RE;RE 1;1;3132;8013477;8013477%2021-12-25T17:38:00.000Z%,8011162,8010255,8011155,8011306,8011160,8010406,8010403,8010405,8012666,8010373,8010060,8012011,8013365,8010123,8010151,8011294,8010226,8010224,;602
2021-12-25T17:54:00.000Z;Erkner;RE;RE 1;1;3191;8013477;8013477%2021-12-25T17:54:00.000Z%,8011533,8011818,8010120,8010113,;602
2021-12-25T18:08:00.000Z;Erkner;RE;RE 1;1;3188;8013477;8013477%2021-12-25T18:08:00.000Z%,8011162,8010255,8011155,8011306,8011160,8010406,8010403,8010405,8012666,8010280,8010377,8010373,8011725,8011662,8010060,;602
2021-12-25T18:24:00.000Z;Erkner;RE;RE 1;1;3127;8013477;8013477%2021-12-25T18:24:00.000Z%,8011533,8010120,8011154,8011269,8011940,8012636,8010113,;602
2021-12-25T18:38:00.000Z;Erkner;RE;RE 1;1;3134;8013477;8013477%2021-12-25T18:38:00.000Z%,8011162,8010255,8011155,8011306,8011160,8010406,8010403,8010405,8012666,8010373,8010060,8012011,8013365,8010123,8010151,8011294,8010226,8010224,;602
2021-12-25T18:54:00.000Z;Erkner;RE;RE 1;1;3193;8013477;8013477%2021-12-25T18:54:00.000Z%,8011533,8011818,8010120,8010113,;602
2021-12-25T19:08:00.000Z;Erkner;RE;RE 1;1;3190;8013477;8013477%2021-12-25T19:08:00.000Z%,8011162,8010255,8011155,8011306,8011160,8010406,8010403,8010405,8012666,8010280,8010377,8010373,8011725,8011662,8010060,8012011,8013365,8010123,8010151,8011294,8012381,8011630,8010047,8013455,8010226,8010224,;602
2021-12-25T19:24:00.000Z;Erkner;RE;RE 1;1;3129;8013477;8013477%2021-12-25T19:24:00.000Z%,8011533,8010120,8011154,8011269,8011940,8012636,8010113,;602
2021-12-25T19:38:00.000Z;Erkner;RE;RE 1;1;3136;8013477;8013477%2021-12-25T19:38:00.000Z%,8011162,8010255,8011155,8011306,8011160,8010406,;602
2021-12-25T19:54:00.000Z;Erkner;RE;RE 1;1;3195;8013477;8013477%2021-12-25T19:54:00.000Z%,8011533,8011818,8010120,8010113,8012089,8011540,8013305,8013406,8011471,8012479,8013272,8011319,8010357,8012006,8011945,8011944,8012621,8012445,8081688,8012341,8011318,8010073,;602
2021-12-24T20:25:00.000Z;Potsdam Hbf;RB;RB 23;23;18174;8012666;8012666%2021-12-24T20:25:00.000Z%0,8010280,8010279,8011308,8012957,8013480,8013492,8010233,;426
2021-12-24T20:25:00.000Z;Potsdam Hbf;RE;RE 1;1;3133;8012666;8012666%2021-12-24T20:25:00.000Z%0,8010405,8010403,8010406,8011160,8011306,8011155,8010255,8011162,8013477,8011533,8011818,8010120,8011154,8011269,8011940,8012636,8010113,8012089,8011540,8013305,8013406,8011471,8012479,8013272,8011319,8010357,8012006,8011945,8011944,8012621,8012445,8081688,8012341,8011318,8010073,;602
2021-12-24T20:47:00.000Z;Potsdam Hbf;RB;RB 21;21;18684;8012666;8012666%2021-12-24T20:47:00.000Z%0,8010280,8010377,8013481,8012315,8013489,8010389,;426
2021-12-24T20:47:00.000Z;Potsdam Hbf;RB;RB 22;22;18136;8012666;8012666%2021-12-24T20:47:00.000Z%0,8010280,8010377,8013481,8081220,8012253,8011201,8010193,;426
2021-12-24T21:08:00.000Z;Potsdam Hbf;RE;RE 1;1;3192;8012666;8012666%2021-12-24T21:08:00.000Z%0,8010280,8010377,8010373,8011725,8011662,8010060,;602
2021-12-24T21:25:00.000Z;Potsdam Hbf;RE;RE 1;1;3135;8012666;8012666%2021-12-24T21:27:00.000Z%2,8010405,8010403,8010406,8011160,8011306,8011155,8010255,8011162,8013477,8011533,8011818,8010120,8011154,8011269,8011940,8012636,8010113,;602
2021-12-24T21:47:00.000Z;Potsdam Hbf;RB;RB 22;22;18138;8012666;8012666%2021-12-24T21:47:00.000Z%,8010280,8010377,8013481,8081220,8012253,8011201,8010193,;426
2021-12-24T22:10:00.000Z;Potsdam Hbf;RE;RE 1;1;3196;8012666;8012666%2021-12-24T22:10:00.000Z%0,8010280,8010377,8010373,8011725,8011662,8010060,8012011,8013365,8010123,8010151,8011294,8010226,8010224,;602
2021-12-24T22:25:00.000Z;Potsdam Hbf;RE;RE 1;1;3137;8012666;8012666%2021-12-24T22:25:00.000Z%,8010405,8010403,8010406,8011160,8011306,8011155,8010255,8011162,8013477,8011533,8011818,8010120,8011154,8011269,8011940,8012636,8010113,8012089,8011540,8013305,8013406,8011471,;602
2021-12-24T23:12:00.000Z;Potsdam Hbf;RE;RE 1;1;3198;8012666;8012666%2021-12-24T23:12:00.000Z%0,8010280,8010377,8010373,8011725,8011662,8010060,;602
2021-12-24T23:47:00.000Z;Potsdam Hbf;RE;RE 1;1;3139;8012666;8012666%2021-12-24T23:47:00.000Z%,8010405,8010403,8010406,8011160,8011306,;602
2021-12-24T23:48:00.000Z;Potsdam Hbf;ICE;ICE 948;10;948;8012666;8012666%2021-12-24T23:48:00.000Z%,8010060,8010224,8000049,8000152,8000252,8000036,8002461,8000149,8000142,8000266,8000207,;720
2021-12-25T00:08:00.000Z;Potsdam Hbf;RE;RE 1;1;3154;8012666;8012666%2021-12-25T00:08:00.000Z%,8010280,8010377,8010373,8011725,8011662,8010060,;602
2021-12-25T01:06:00.000Z;Potsdam Hbf;RE;RE 1;1;3143;8012666;8012666%2021-12-25T01:06:00.000Z%,8010405,8010403,8010406,8011160,8011306,8011155,8010255,8011162,8013477,8011533,8011818,8010120,8011154,8011269,8011940,8012636,8010113,;602
2021-12-25T01:10:00.000Z;Potsdam Hbf;RE;RE 1;1;3150;8012666;8012666%2021-12-25T01:10:00.000Z%,8010280,8010377,8010373,8011725,8011662,8010060,;602
2021-12-25T02:11:00.000Z;Potsdam Hbf;RE;RE 1;1;3152;8012666;8012666%2021-12-25T02:11:00.000Z%,8010280,8010377,8010373,8011725,8011662,8010060,;602
2021-12-25T02:47:00.000Z;Potsdam Hbf;RB;RB 22;22;18100;8012666;8012666%2021-12-25T02:47:00.000Z%,8010280,8010377,8013481,8081220,8012253,8011201,8010193,;426
2021-12-25T03:47:00.000Z;Potsdam Hbf;RB;RB 22;22;18102;8012666;8012666%2021-12-25T03:47:00.000Z%,8010280,8010377,8013481,8081220,8012253,8011201,8010193,;426
2021-12-25T03:55:00.000Z;Potsdam Hbf;RE;RE 1;1;3165;8012666;8012666%2021-12-25T03:55:00.000Z%,8010405,8010403,8010406,8011160,8011306,8011155,8010255,8011162,8013477,8011533,8011818,8010120,8010113,8012089,8011540,8013305,8013406,8011471,8012479,8013272,8011319,8010357,8012006,8011945,8011944,8012621,8012445,8081688,8012341,8011318,8010073,;602
2021-12-24T20:21:00.000Z;Blankenfelde(Teltow-Fläming);RE;RE 7;7;3735;8010053;8010053%2021-12-24T20:23:00.000Z%2,8011201,8011162,8010255,8011155,8011306,8011160,8010406,8010403,8010405,8011430,8012733,8010378,8010233,8013492,8013467,8011238,8011271,8011100,8010031,;602
2021-12-24T20:30:00.000Z;Blankenfelde(Teltow-Fläming);RE;RE 7;7;3734;8010053;8010053%2021-12-24T20:32:00.000Z%2,8011340,8012713,8011334,8010395,8013350,;602
2021-12-24T20:49:00.000Z;Blankenfelde(Teltow-Fläming);RE;RE 5;5;4367;8010053;8010053%2021-12-24T20:49:00.000Z%0,8011340,8012713,8011334,8010395,8013350,8012458,8011116,8012016,8011668,8011409,8010353,8013210,8010079,8012816,8011894,8010099,;602
2021-12-24T21:10:00.000Z;Blankenfelde(Teltow-Fläming);RE;RE 5;5;4368;8010053;8010053%2021-12-24T21:10:00.000Z%0,8011041,8011113,8011118,8098160,8011102,8013487,8011691,8011344,8010399,8010250,8012093,8010361,8010201,8010153,8010304,;602
2021-12-24T21:30:00.000Z;Blankenfelde(Teltow-Fläming);RE;RE 7;7;3736;8010053;8010053%2021-12-24T21:30:00.000Z%0,8011340,8012713,8011334,8010395,8013350,;602
2021-12-24T21:32:00.000Z;Blankenfelde(Teltow-Fläming);RE;RE 7;7;3739;8010053;8010053%2021-12-24T21:32:00.000Z%,8011201,8011162,8010255,8011155,8011306,8011160,8010406,8010403,8010405,8011430,8012733,8010378,8010233,8013492,8013467,8011238,8011271,8011100,8010031,;602
2021-12-24T21:47:00.000Z;Blankenfelde(Teltow-Fläming);RE;RE 5;5;3519;8010053;8010053%2021-12-24T21:49:00.000Z%2,8011340,8012713,8011334,8010395,8013350,8012458,8011116,;602
2021-12-24T22:12:00.000Z;Blankenfelde(Teltow-Fläming);RE;RE 5;5;3522;8010053;8010053%2021-12-24T22:12:00.000Z%,8011041,8011113,8011118,8098160,8011102,8013487,8012831,8012413,8011776,8010214,8011691,8011344,8010399,8010250,8011205,8011307,8011293,8010241,;602
2021-12-24T22:32:00.000Z;Blankenfelde(Teltow-Fläming);RE;RE 7;7;3741;8010053;8010053%2021-12-24T22:32:00.000Z%,8011201,;602
2021-12-24T22:49:00.000Z;Blankenfelde(Teltow-Fläming);RE;RE 5;5;4369;8010053;8010053%2021-12-24T22:49:00.000Z%0,8011340,8012713,8011334,8010395,8013350,;602
2021-12-24T23:10:00.000Z;Blankenfelde(Teltow-Fläming);RE;RE 5;5;3524;8010053;8010053%2021-12-24T23:10:00.000Z%,8011041,8011113,8011118,8098160,;602
2021-12-24T23:35:00.000Z;Blankenfelde(Teltow-Fläming);RE;RE 7;7;3744;8010053;8010053%2021-12-24T23:35:00.000Z%,8011340,8012713,8011334,8010395,8013350,;602
2021-12-25T00:32:00.000Z;Blankenfelde(Teltow-Fläming);RE;RE 7;7;3745;8010053;8010053%2021-12-25T00:32:00.000Z%,8011201,8011162,8010255,8011155,8011306,8011160,8010406,8010403,8010405,8011430,8012733,8010378,8010233,8013492,8013467,8011238,8011271,8011100,8010031,;602
2021-12-25T02:30:00.000Z;Blankenfelde(Teltow-Fläming);RE;RE 7;7;3746;8010053;8010053%2021-12-25T02:30:00.000Z%,8011340,8012713,8011334,8010395,8013350,;602
2021-12-25T03:32:00.000Z;Blankenfelde(Teltow-Fläming);RE;RE 7;7;3701;8010053;8010053%2021-12-25T03:32:00.000Z%,8011201,8011162,8010255,8011155,8011306,8011160,8010406,8010403,8010405,8011430,8012733,8010378,8010233,8013492,8013467,8011238,8011271,8011100,8010031,8010376,8012322,8011952,8010302,8010077,;602
2021-12-25T04:30:00.000Z;Blankenfelde(Teltow-Fläming);RE;RE 7;7;3702;8010053;8010053%2021-12-25T04:30:00.000Z%,8011340,8012713,8011334,8010395,8013350,;602
2021-12-25T04:49:00.000Z;Blankenfelde(Teltow-Fläming);RE;RE 5;5;4351;8010053;8010053%2021-12-25T04:49:00.000Z%,8011340,8012713,8011334,8010395,8013350,8012458,8011116,8012016,8011668,8011409,8010353,8013210,8010079,8012816,8011894,8010099,;602
2021-12-25T05:10:00.000Z;Blankenfelde(Teltow-Fläming);RE;RE 5;5;4352;8010053;8010053%2021-12-25T05:10:00.000Z%,8011041,8011113,8011118,8098160,8011102,8013487,8011691,8011344,8010399,8010250,8012093,8010361,8010201,8010153,8010304,;602
2021-12-25T05:30:00.000Z;Blankenfelde(Teltow-Fläming);RE;RE 7;7;3704;8010053;8010053%2021-12-25T05:30:00.000Z%,8011340,8012713,8011334,8010395,8013350,;602
2021-12-25T05:32:00.000Z;Blankenfelde(Teltow-Fläming);RE;RE 7;7;3705;8010053;8010053%2021-12-25T05:32:00.000Z%,8011201,8011162,8010255,8011155,8011306,8011160,8010406,8010403,8010405,8011430,8012733,8010378,8010233,8013492,8013467,8011238,8011271,8011100,8010031,8010376,8012322,8011952,8010302,8010077,;602
2021-12-25T05:47:00.000Z;Blankenfelde(Teltow-Fläming);RE;RE 5;5;3503;8010053;8010053%2021-12-25T05:47:00.000Z%,8011340,8012713,8011334,8010395,8013350,;602
2021-12-25T06:12:00.000Z;Blankenfelde(Teltow-Fläming);RE;RE 5;5;3506;8010053;8010053%2021-12-25T06:12:00.000Z%,8011041,8011113,8011118,8098160,8011102,8013487,8010214,8011691,8010399,8010250,8011205,8011307,8011293,8010241,8011025,;602
2021-12-25T06:30:00.000Z;Blankenfelde(Teltow-Fläming);RE;RE 7;7;3706;8010053;8010053%2021-12-25T06:30:00.000Z%,8011340,8012713,8011334,8010395,8013350,;602
2021-12-25T06:32:00.000Z;Blankenfelde(Teltow-Fläming);RE;RE 7;7;3707;8010053;8010053%2021-12-25T06:32:00.000Z%,8011201,8011162,8010255,8011155,8011306,8011160,8010406,8010403,8010405,8011430,8012733,8010378,8010233,8013492,8013467,8011238,8011271,8011100,8010031,;602
2021-12-25T06:49:00.000Z;Blankenfelde(Teltow-Fläming);RE;RE 5;5;4353;8010053;8010053%2021-12-25T06:49:00.000Z%,8011340,8012713,8011334,8010395,8013350,8012458,8011116,8012016,8011668,8011409,8010353,8013210,8010079,8012816,8011894,8010099,;602
2021-12-25T07:10:00.000Z;Blankenfelde(Teltow-Fläming);RE;RE 5;5;4354;8010053;8010053%2021-12-25T07:10:00.000Z%,8011041,8011113,8011118,8098160,8011102,8013487,8011691,8011344,8010399,8010250,8012093,8010361,8010201,8010153,8010304,;602
2021-12-25T07:30:00.000Z;Blankenfelde(Teltow-Fläming);RE;RE 7;7;3708;8010053;8010053%2021-12-25T07:30:00.000Z%,8011340,8012713,8011334,8010395,8013350,;602
2021-12-25T07:32:00.000Z;Blankenfelde(Teltow-Fläming);RE;RE 7;7;3709;8010053;8010053%2021-12-25T07:32:00.000Z%,8011201,8011162,8010255,8011155,8011306,8011160,8010406,8010403,8010405,8011430,8012733,8010378,8010233,8013492,8013467,8011238,8011271,8011100,8010031,8010376,8012322,8011952,8010302,8010077,;602
2021-12-25T07:47:00.000Z;Blankenfelde(Teltow-Fläming);RE;RE 5;5;3505;8010053;8010053%2021-12-25T07:47:00.000Z%,8011340,8012713,8011334,8010395,8013350,;602
2021-12-25T08:12:00.000Z;Blankenfelde(Teltow-Fläming);RE;RE 5;5;3508;8010053;8010053%2021-12-25T08:12:00.000Z%,8011041,8011113,8011118,8098160,8011102,8013487,8010214,8011691,8010399,8010250,8011205,8011307,8011293,8010241,8011025,;602
2021-12-25T08:30:00.000Z;Blankenfelde(Teltow-Fläming);RE;RE 7;7;3710;8010053;8010053%2021-12-25T08:30:00.000Z%,8011340,8012713,8011334,8010395,8013350,;602
2021-12-25T08:32:00.000Z;Blankenfelde(Teltow-Fläming);RE;RE 7;7;3711;8010053;8010053%2021-12-25T08:32:00.000Z%,8011201,8011162,8010255,8011155,8011306,8011160,8010406,8010403,8010405,8011430,8012733,8010378,8010233,8013492,8013467,8011238,8011271,8011100,8010031,;602
2021-12-25T08:49:00.000Z;Blankenfelde(Teltow-Fläming);RE;RE 5;5;4355;8010053;8010053%2021-12-25T08:49:00.000Z%,8011340,8012713,8011334,8010395,8013350,8012458,8011116,8012016,8011668,8011409,8010353,8013210,8010079,8012816,8011894,8010099,;602
2021-12-25T09:10:00.000Z;Blankenfelde(Teltow-Fläming);RE;RE 5;5;4356;8010053;8010053%2021-12-25T09:10:00.000Z%,8011041,8011113,8011118,8098160,8011102,8013487,8011691,8011344,8010399,8010250,8012093,8010361,8010201,8010153,8010304,;602
2021-12-25T09:30:00.000Z;Blankenfelde(Teltow-Fläming);RE;RE 7;7;3712;8010053;8010053%2021-12-25T09:30:00.000Z%,8011340,8012713,8011334,8010395,8013350,;602
2021-12-25T09:32:00.000Z;Blankenfelde(Teltow-Fläming);RE;RE 7;7;3713;8010053;8010053%2021-12-25T09:32:00.000Z%,8011201,8011162,8010255,8011155,8011306,8011160,8010406,8010403,8010405,8011430,8012733,8010378,8010233,8013492,8013467,8011238,8011271,8011100,8010031,8010376,8012322,8011952,8010302,8010077,;602
2021-12-25T09:47:00.000Z;Blankenfelde(Teltow-Fläming);RE;RE 5;5;3507;8010053;8010053%2021-12-25T09:47:00.000Z%,8011340,8012713,8011334,8010395,8013350,;602
2021-12-25T10:12:00.000Z;Blankenfelde(Teltow-Fläming);RE;RE 5;5;3510;8010053;8010053%2021-12-25T10:12:00.000Z%,8011041,8011113,8011118,8098160,8011102,8013487,8010214,8011691,8010399,8010250,8011205,8011307,8011293,8010241,8011025,;602
2021-12-25T10:30:00.000Z;Blankenfelde(Teltow-Fläming);RE;RE 7;7;3714;8010053;8010053%2021-12-25T10:30:00.000Z%,8011340,8012713,8011334,8010395,8013350,;602
2021-12-25T10:32:00.000Z;Blankenfelde(Teltow-Fläming);RE;RE 7;7;3715;8010053;8010053%2021-12-25T10:32:00.000Z%,8011201,8011162,8010255,8011155,8011306,8011160,8010406,8010403,8010405,8011430,8012733,8010378,8010233,8013492,8013467,8011238,8011271,8011100,8010031,;602
2021-12-25T10:49:00.000Z;Blankenfelde(Teltow-Fläming);RE;RE 5;5;4357;8010053;8010053%2021-12-25T10:49:00.000Z%,8011340,8012713,8011334,8010395,8013350,8012458,8011116,8012016,8011668,8011409,8010353,8013210,8010079,8012816,8011894,8010099,;602
2021-12-25T11:10:00.000Z;Blankenfelde(Teltow-Fläming);RE;RE 5;5;4358;8010053;8010053%2021-12-25T11:10:00.000Z%,8011041,8011113,8011118,8098160,8011102,8013487,8011691,8011344,8010399,8010250,8012093,8010361,8010201,8010153,8010304,;602
2021-12-25T11:30:00.000Z;Blankenfelde(Teltow-Fläming);RE;RE 7;7;3716;8010053;8010053%2021-12-25T11:30:00.000Z%,8011340,8012713,8011334,8010395,8013350,;602
2021-12-25T11:32:00.000Z;Blankenfelde(Teltow-Fläming);RE;RE 7;7;3717;8010053;8010053%2021-12-25T11:32:00.000Z%,8011201,8011162,8010255,8011155,8011306,8011160,8010406,8010403,8010405,8011430,8012733,8010378,8010233,8013492,8013467,8011238,8011271,8011100,8010031,8010376,8012322,8011952,8010302,8010077,;602
2021-12-25T11:47:00.000Z;Blankenfelde(Teltow-Fläming);RE;RE 5;5;3509;8010053;8010053%2021-12-25T11:47:00.000Z%,8011340,8012713,8011334,8010395,8013350,;602
2021-12-25T12:12:00.000Z;Blankenfelde(Teltow-Fläming);RE;RE 5;5;3512;8010053;8010053%2021-12-25T12:12:00.000Z%,8011041,8011113,8011118,8098160,8011102,8013487,8010214,8011691,8010399,8010250,8011205,8011307,8011293,8010241,8011025,;602
2021-12-25T12:30:00.000Z;Blankenfelde(Teltow-Fläming);RE;RE 7;7;3718;8010053;8010053%2021-12-25T12:30:00.000Z%,8011340,8012713,8011334,8010395,8013350,;602
2021-12-25T12:32:00.000Z;Blankenfelde(Teltow-Fläming);RE;RE 7;7;3719;8010053;8010053%2021-12-25T12:32:00.000Z%,8011201,8011162,8010255,8011155,8011306,8011160,8010406,8010403,8010405,8011430,8012733,8010378,8010233,8013492,8013467,8011238,8011271,8011100,8010031,;602
2021-12-25T12:49:00.000Z;Blankenfelde(Teltow-Fläming);RE;RE 5;5;4359;8010053;8010053%2021-12-25T12:49:00.000Z%,8011340,8012713,8011334,8010395,8013350,8012458,8011116,8012016,8011668,8011409,8010353,8013210,8010079,8012816,8011894,8010099,;602
2021-12-25T13:10:00.000Z;Blankenfelde(Teltow-Fläming);RE;RE 5;5;4360;8010053;8010053%2021-12-25T13:10:00.000Z%,8011041,8011113,8011118,8098160,8011102,8013487,8011691,8011344,8010399,8010250,8012093,8010361,8010201,8010153,8010304,;602
2021-12-25T13:30:00.000Z;Blankenfelde(Teltow-Fläming);RE;RE 7;7;3720;8010053;8010053%2021-12-25T13:30:00.000Z%,8011340,8012713,8011334,8010395,8013350,;602
2021-12-25T13:32:00.000Z;Blankenfelde(Teltow-Fläming);RE;RE 7;7;3721;8010053;8010053%2021-12-25T13:32:00.000Z%,8011201,8011162,8010255,8011155,8011306,8011160,8010406,8010403,8010405,8011430,8012733,8010378,8010233,8013492,8013467,8011238,8011271,8011100,8010031,8010376,8012322,8011952,8010302,8010077,;602
2021-12-25T13:47:00.000Z;Blankenfelde(Teltow-Fläming);RE;RE 5;5;3511;8010053;8010053%2021-12-25T13:47:00.000Z%,8011340,8012713,8011334,8010395,8013350,;602
2021-12-25T14:12:00.000Z;Blankenfelde(Teltow-Fläming);RE;RE 5;5;3514;8010053;8010053%2021-12-25T14:12:00.000Z%,8011041,8011113,8011118,8098160,8011102,8013487,8010214,8011691,8010399,8010250,8011205,8011307,8011293,8010241,8011025,;602
2021-12-25T14:30:00.000Z;Blankenfelde(Teltow-Fläming);RE;RE 7;7;3722;8010053;8010053%2021-12-25T14:30:00.000Z%,8011340,8012713,8011334,8010395,8013350,;602
2021-12-25T14:32:00.000Z;Blankenfelde(Teltow-Fläming);RE;RE 7;7;3723;8010053;8010053%2021-12-25T14:32:00.000Z%,8011201,8011162,8010255,8011155,8011306,8011160,8010406,8010403,8010405,8011430,8012733,8010378,8010233,8013492,8013467,8011238,8011271,8011100,8010031,;602
2021-12-25T14:49:00.000Z;Blankenfelde(Teltow-Fläming);RE;RE 5;5;4361;8010053;8010053%2021-12-25T14:49:00.000Z%,8011340,8012713,8011334,8010395,8013350,8012458,8011116,8012016,8011668,8011409,8010353,8013210,8010079,8012816,8011894,8010099,;602
2021-12-25T15:10:00.000Z;Blankenfelde(Teltow-Fläming);RE;RE 5;5;4362;8010053;8010053%2021-12-25T15:10:00.000Z%,8011041,8011113,8011118,8098160,8011102,8013487,8011691,8011344,8010399,8010250,8012093,8010361,8010201,8010153,8010304,;602
2021-12-25T15:30:00.000Z;Blankenfelde(Teltow-Fläming);RE;RE 7;7;3724;8010053;8010053%2021-12-25T15:30:00.000Z%,8011340,8012713,8011334,8010395,8013350,;602
2021-12-25T15:32:00.000Z;Blankenfelde(Teltow-Fläming);RE;RE 7;7;3725;8010053;8010053%2021-12-25T15:32:00.000Z%,8011201,8011162,8010255,8011155,8011306,8011160,8010406,8010403,8010405,8011430,8012733,8010378,8010233,8013492,8013467,8011238,8011271,8011100,8010031,8010376,8012322,8011952,8010302,8010077,;602
2021-12-25T15:47:00.000Z;Blankenfelde(Teltow-Fläming);RE;RE 5;5;3513;8010053;8010053%2021-12-25T15:47:00.000Z%,8011340,8012713,8011334,8010395,8013350,;602
2021-12-25T16:12:00.000Z;Blankenfelde(Teltow-Fläming);RE;RE 5;5;3516;8010053;8010053%2021-12-25T16:12:00.000Z%,8011041,8011113,8011118,8098160,8011102,8013487,8010214,8011691,8010399,8010250,8011205,8011307,8011293,8010241,8011025,;602
2021-12-25T16:30:00.000Z;Blankenfelde(Teltow-Fläming);RE;RE 7;7;3726;8010053;8010053%2021-12-25T16:30:00.000Z%,8011340,8012713,8011334,8010395,8013350,;602
2021-12-25T16:32:00.000Z;Blankenfelde(Teltow-Fläming);RE;RE 7;7;3727;8010053;8010053%2021-12-25T16:32:00.000Z%,8011201,8011162,8010255,8011155,8011306,8011160,8010406,8010403,8010405,8011430,8012733,8010378,8010233,8013492,8013467,8011238,8011271,8011100,8010031,;602
2021-12-25T16:49:00.000Z;Blankenfelde(Teltow-Fläming);RE;RE 5;5;4363;8010053;8010053%2021-12-25T16:49:00.000Z%,8011340,8012713,8011334,8010395,8013350,8012458,8011116,8012016,8011668,8011409,8010353,8013210,8010079,8012816,8011894,8010099,;602
2021-12-25T17:10:00.000Z;Blankenfelde(Teltow-Fläming);RE;RE 5;5;4364;8010053;8010053%2021-12-25T17:10:00.000Z%,8011041,8011113,8011118,8098160,8011102,8013487,8011691,8011344,8010399,8010250,8012093,8010361,8010201,8010153,8010304,;602
2021-12-25T17:30:00.000Z;Blankenfelde(Teltow-Fläming);RE;RE 7;7;3728;8010053;8010053%2021-12-25T17:30:00.000Z%,8011340,8012713,8011334,8010395,8013350,;602
2021-12-25T17:31:00.000Z;Blankenfelde(Teltow-Fläming);RE;RE 7;7;3729;8010053;8010053%2021-12-25T17:31:00.000Z%,8011201,8011162,8010255,8011155,8011306,8011160,8010406,8010403,8010405,8011430,8012733,8010378,8010233,8013492,8013467,8011238,8011271,8011100,8010031,8010376,8012322,8011952,8010302,8010077,;602
2021-12-25T17:48:00.000Z;Blankenfelde(Teltow-Fläming);RE;RE 5;5;3515;8010053;8010053%2021-12-25T17:48:00.000Z%,8011340,8012713,8011334,8010395,8013350,;602
2021-12-25T18:12:00.000Z;Blankenfelde(Teltow-Fläming);RE;RE 5;5;3518;8010053;8010053%2021-12-25T18:12:00.000Z%,8011041,8011113,8011118,8098160,8011102,8013487,8010214,8011691,8010399,8010250,8011205,8011307,8011293,8010241,8011025,;602
2021-12-25T18:30:00.000Z;Blankenfelde(Teltow-Fläming);RE;RE 7;7;3730;8010053;8010053%2021-12-25T18:30:00.000Z%,8011340,8012713,8011334,8010395,8013350,;602
2021-12-25T18:32:00.000Z;Blankenfelde(Teltow-Fläming);RE;RE 7;7;3731;8010053;8010053%2021-12-25T18:32:00.000Z%,8011201,8011162,8010255,8011155,8011306,8011160,8010406,8010403,8010405,8011430,8012733,8010378,8010233,8013492,8013467,8011238,8011271,8011100,8010031,;602
2021-12-25T18:49:00.000Z;Blankenfelde(Teltow-Fläming);RE;RE 5;5;4365;8010053;8010053%2021-12-25T18:49:00.000Z%,8011340,8012713,8011334,8010395,8013350,8012458,8011116,8012016,8011668,8011409,8010353,8013210,8010079,8012816,8011894,8010099,;602
2021-12-25T19:10:00.000Z;Blankenfelde(Teltow-Fläming);RE;RE 5;5;4366;8010053;8010053%2021-12-25T19:10:00.000Z%,8011041,8011113,8011118,8098160,8011102,8013487,8011691,8011344,8010399,8010250,8012093,8010361,8010201,8010153,8010304,;602
2021-12-25T19:30:00.000Z;Blankenfelde(Teltow-Fläming);RE;RE 7;7;3732;8010053;8010053%2021-12-25T19:30:00.000Z%,8011340,8012713,8011334,8010395,8013350,;602
2021-12-25T19:32:00.000Z;Blankenfelde(Teltow-Fläming);RE;RE 7;7;3733;8010053;8010053%2021-12-25T19:32:00.000Z%,8011201,8011162,8010255,8011155,8011306,8011160,8010406,8010403,8010405,8011430,8012733,8010378,8010233,8013492,8013467,8011238,8011271,8011100,8010031,8010376,8012322,8011952,8010302,8010077,;602
2021-12-25T19:47:00.000Z;Blankenfelde(Teltow-Fläming);RE;RE 5;5;3517;8010053;8010053%2021-12-25T19:47:00.000Z%,8011340,8012713,8011334,8010395,8013350,;602
2021-12-25T20:12:00.000Z;Blankenfelde(Teltow-Fläming);RE;RE 5;5;3520;8010053;8010053%2021-12-25T20:12:00.000Z%,8011041,8011113,8011118,8098160,8011102,8013487,8010214,8011691,8010399,8010250,8011205,8011307,8011293,8010241,;602
2021-12-24T20:58:00.000Z;Strausberg;RB;RB 26;26;5183;8010341;8010341%2021-12-24T20:58:00.000Z%,8011863,8012735,8010236,8012537,8013141,8011014,8011788,8010371,8011672,8011674,8010189,;426
2021-12-24T21:05:00.000Z;Strausberg;RB;RB 26;26;5184;8010341;8010341%2021-12-24T21:05:00.000Z%0,8011343,8010036,;426
2021-12-24T21:58:00.000Z;Strausberg;RB;RB 26;26;5185;8010341;8010341%2021-12-24T21:58:00.000Z%,8011863,8012735,8010236,8011788,8010189,;426
2021-12-24T22:05:00.000Z;Strausberg;RB;RB 26;26;5186;8010341;8010341%2021-12-24T22:05:00.000Z%,8011343,8010036,8011162,;426
2021-12-24T22:58:00.000Z;Strausberg;RB;RB 26;26;5187;8010341;8010341%2021-12-24T22:58:00.000Z%,8011863,8012735,8010236,8012537,8013141,8011014,8011788,8010371,8011672,8011674,8010189,;426
2021-12-25T04:05:00.000Z;Strausberg;RB;RB 26;26;5150;8010341;8010341%2021-12-25T04:05:00.000Z%,8011343,8010036,8011162,;426
2021-12-25T04:58:00.000Z;Strausberg;RB;RB 26;26;5151;8010341;8010341%2021-12-25T04:58:00.000Z%,8011863,8012735,8010236,8012537,8013141,8011014,8011788,8010371,8011672,8011674,8010189,;426
2021-12-25T05:05:00.000Z;Strausberg;RB;RB 26;26;5152;8010341;8010341%2021-12-25T05:05:00.000Z%,8011343,8010036,8011162,;426
2021-12-25T05:58:00.000Z;Strausberg;RB;RB 26;26;5153;8010341;8010341%2021-12-25T05:58:00.000Z%,8011863,8012735,8010236,8011788,8010189,;426
2021-12-25T06:05:00.000Z;Strausberg;RB;RB 26;26;5154;8010341;8010341%2021-12-25T06:05:00.000Z%,8011343,8010036,8011162,;426
2021-12-25T06:58:00.000Z;Strausberg;RB;RB 26;26;5155;8010341;8010341%2021-12-25T06:58:00.000Z%,8011863,8012735,8010236,8012537,8013141,8011014,8011788,8010371,8011672,8011674,8010189,;426
2021-12-25T07:05:00.000Z;Strausberg;RB;RB 26;26;5156;8010341;8010341%2021-12-25T07:05:00.000Z%,8011343,8010036,;426
2021-12-25T07:58:00.000Z;Strausberg;RB;RB 26;26;5157;8010341;8010341%2021-12-25T07:58:00.000Z%,8011863,8012735,8010236,8011788,8010189,;426
2021-12-25T08:05:00.000Z;Strausberg;RB;RB 26;26;5158;8010341;8010341%2021-12-25T08:05:00.000Z%,8011343,8010036,8011162,;426
2021-12-25T08:58:00.000Z;Strausberg;RB;RB 26;26;5159;8010341;8010341%2021-12-25T08:58:00.000Z%,8011863,8012735,8010236,8012537,8013141,8011014,8011788,8010371,8011672,8011674,8010189,;426
2021-12-25T09:05:00.000Z;Strausberg;RB;RB 26;26;5160;8010341;8010341%2021-12-25T09:05:00.000Z%,8011343,8010036,;426
2021-12-25T09:58:00.000Z;Strausberg;RB;RB 26;26;5161;8010341;8010341%2021-12-25T09:58:00.000Z%,8011863,8012735,8010236,8011788,8010189,;426
2021-12-25T10:05:00.000Z;Strausberg;RB;RB 26;26;5162;8010341;8010341%2021-12-25T10:05:00.000Z%,8011343,8010036,8011162,;426
2021-12-25T10:58:00.000Z;Strausberg;RB;RB 26;26;5163;8010341;8010341%2021-12-25T10:58:00.000Z%,8011863,8012735,8010236,8012537,8013141,8011014,8011788,8010371,8011672,8011674,8010189,;426
2021-12-25T11:05:00.000Z;Strausberg;RB;RB 26;26;5164;8010341;8010341%2021-12-25T11:05:00.000Z%,8011343,8010036,;426
2021-12-25T11:58:00.000Z;Strausberg;RB;RB 26;26;5165;8010341;8010341%2021-12-25T11:58:00.000Z%,8011863,8012735,8010236,8011788,8010189,;426
2021-12-25T12:05:00.000Z;Strausberg;RB;RB 26;26;5166;8010341;8010341%2021-12-25T12:05:00.000Z%,8011343,8010036,8011162,;426
2021-12-25T12:58:00.000Z;Strausberg;RB;RB 26;26;5167;8010341;8010341%2021-12-25T12:58:00.000Z%,8011863,8012735,8010236,8012537,8013141,8011014,8011788,8010371,8011672,8011674,8010189,;426
2021-12-25T13:05:00.000Z;Strausberg;RB;RB 26;26;5168;8010341;8010341%2021-12-25T13:05:00.000Z%,8011343,8010036,;426
2021-12-25T13:58:00.000Z;Strausberg;RB;RB 26;26;5169;8010341;8010341%2021-12-25T13:58:00.000Z%,8011863,8012735,8010236,8011788,8010189,;426
2021-12-25T14:05:00.000Z;Strausberg;RB;RB 26;26;5170;8010341;8010341%2021-12-25T14:05:00.000Z%,8011343,8010036,8011162,;426
2021-12-25T14:58:00.000Z;Strausberg;RB;RB 26;26;5171;8010341;8010341%2021-12-25T14:58:00.000Z%,8011863,8012735,8010236,8012537,8013141,8011014,8011788,8010371,8011672,8011674,8010189,;426
2021-12-25T15:05:00.000Z;Strausberg;RB;RB 26;26;5172;8010341;8010341%2021-12-25T15:05:00.000Z%,8011343,8010036,;426
2021-12-25T15:58:00.000Z;Strausberg;RB;RB 26;26;5173;8010341;8010341%2021-12-25T15:58:00.000Z%,8011863,8012735,8010236,8011788,8010189,;426
2021-12-25T16:05:00.000Z;Strausberg;RB;RB 26;26;5174;8010341;8010341%2021-12-25T16:05:00.000Z%,8011343,8010036,8011162,;426
2021-12-25T16:58:00.000Z;Strausberg;RB;RB 26;26;5175;8010341;8010341%2021-12-25T16:58:00.000Z%,8011863,8012735,8010236,8012537,8013141,8011014,8011788,8010371,8011672,8011674,8010189,;426
2021-12-25T17:05:00.000Z;Strausberg;RB;RB 26;26;5176;8010341;8010341%2021-12-25T17:05:00.000Z%,8011343,8010036,;426
2021-12-25T17:58:00.000Z;Strausberg;RB;RB 26;26;5177;8010341;8010341%2021-12-25T17:58:00.000Z%,8011863,8012735,8010236,8011788,8010189,;426
2021-12-25T18:05:00.000Z;Strausberg;RB;RB 26;26;5178;8010341;8010341%2021-12-25T18:05:00.000Z%,8011343,8010036,8011162,;426
2021-12-25T18:58:00.000Z;Strausberg;RB;RB 26;26;5179;8010341;8010341%2021-12-25T18:58:00.000Z%,8011863,8012735,8010236,8012537,8013141,8011014,8011788,8010371,8011672,8011674,8010189,;426
2021-12-25T19:05:00.000Z;Strausberg;RB;RB 26;26;5180;8010341;8010341%2021-12-25T19:05:00.000Z%,8011343,8010036,;426
2021-12-25T19:58:00.000Z;Strausberg;RB;RB 26;26;5181;8010341;8010341%2021-12-25T19:58:00.000Z%,8011863,8012735,8010236,8011788,8010189,;426
2021-12-25T20:05:00.000Z;Strausberg;RB;RB 26;26;5182;8010341;8010341%2021-12-25T20:05:00.000Z%,8011343,8010036,8011162,;426
2021-12-24T20:22:00.000Z;Flughafen BER - Terminal 1-2;RE;RE 7;7;3734;8011201;8011201%2021-12-24T20:24:00.000Z%2,8010053,8011340,8012713,8011334,8010395,8013350,;602
2021-12-24T20:38:00.000Z;Flughafen BER - Terminal 1-2;RB;RB 22;22;18134;8011201;8011201%2021-12-24T20:38:00.000Z%0,8010193,;426
2021-12-24T20:42:00.000Z;Flughafen BER - Terminal 1-2;RE;RE 7;7;3735;8011201;8011201%2021-12-24T20:42:00.000Z%0,8011162,8010255,8011155,8011306,8011160,8010406,8010403,8010405,8011430,8012733,8010378,8010233,8013492,8013467,8011238,8011271,8011100,8010031,;602
2021-12-24T20:59:00.000Z;Flughafen BER - Terminal 1-2;RB;RB 14;14;18636;8011201;8011201%2021-12-24T20:59:00.000Z%,8011162,8010255,8011155,8011306,8011160,8010406,8010403,8010404,8080040,8081586,8013479,8011541,8013472,8010239,;426
2021-12-24T21:15:00.000Z;Flughafen BER - Terminal 1-2;RB;RB 22;22;18135;8011201;8011201%2021-12-24T21:15:00.000Z%,8012253,8081220,8013481,8010377,8010280,8012666,;426
2021-12-24T21:22:00.000Z;Flughafen BER - Terminal 1-2;RE;RE 7;7;3736;8011201;8011201%2021-12-24T21:22:00.000Z%0,8010053,8011340,8012713,8011334,8010395,8013350,;602
2021-12-24T21:38:00.000Z;Flughafen BER - Terminal 1-2;RB;RB 22;22;18136;8011201;8011201%2021-12-24T21:38:00.000Z%0,8010193,;426
2021-12-24T21:46:00.000Z;Flughafen BER - Terminal 1-2;RE;RE 7;7;3739;8011201;8011201%2021-12-24T21:46:00.000Z%,8011162,8010255,8011155,8011306,8011160,8010406,8010403,8010405,8011430,8012733,8010378,8010233,8013492,8013467,8011238,8011271,8011100,8010031,;602
2021-12-24T21:58:00.000Z;Flughafen BER - Terminal 1-2;RB;RB 14;14;18638;8011201;8011201%2021-12-24T21:58:00.000Z%,8011162,8010255,8011155,8011306,8011160,8010406,8010403,8010404,8080040,8081586,8013479,8011541,8013472,8010239,;426
2021-12-24T22:19:00.000Z;Flughafen BER - Terminal 1-2;RB;RB 22;22;18137;8011201;8011201%2021-12-24T22:19:00.000Z%,8012253,8081220,8013481,8010377,8010280,8012666,;426
2021-12-24T22:39:00.000Z;Flughafen BER - Terminal 1-2;RB;RB 22;22;18138;8011201;8011201%2021-12-24T22:39:00.000Z%,8010193,;426
2021-12-24T23:25:00.000Z;Flughafen BER - Terminal 1-2;RE;RE 7;7;3744;8011201;8011201%2021-12-24T23:25:00.000Z%,8010053,8011340,8012713,8011334,8010395,8013350,;602
2021-12-24T23:28:00.000Z;Flughafen BER - Terminal 1-2;RB;RB 22;22;18139;8011201;8011201%2021-12-24T23:28:00.000Z%,8012253,8081220,8013481,8010377,8010280,8012666,;426
2021-12-25T00:42:00.000Z;Flughafen BER - Terminal 1-2;RE;RE 7;7;3745;8011201;8011201%2021-12-25T00:42:00.000Z%,8011162,8010255,8011155,8011306,8011160,8010406,8010403,8010405,8011430,8012733,8010378,8010233,8013492,8013467,8011238,8011271,8011100,8010031,;602
2021-12-25T02:22:00.000Z;Flughafen BER - Terminal 1-2;RE;RE 7;7;3746;8011201;8011201%2021-12-25T02:22:00.000Z%,8010053,8011340,8012713,8011334,8010395,8013350,;602
2021-12-25T03:38:00.000Z;Flughafen BER - Terminal 1-2;RB;RB 22;22;18100;8011201;8011201%2021-12-25T03:38:00.000Z%,8010193,;426
2021-12-25T03:42:00.000Z;Flughafen BER - Terminal 1-2;RE;RE 7;7;3701;8011201;8011201%2021-12-25T03:42:00.000Z%,8011162,8010255,8011155,8011306,8011160,8010406,8010403,8010405,8011430,8012733,8010378,8010233,8013492,8013467,8011238,8011271,8011100,8010031,8010376,8012322,8011952,8010302,8010077,;602
2021-12-25T03:59:00.000Z;Flughafen BER - Terminal 1-2;RB;RB 14;14;18602;8011201;8011201%2021-12-25T03:59:00.000Z%,8011162,8010255,8011155,8011306,8011160,8010406,8010403,8010404,8080040,8081586,8013479,8011541,8013472,8010239,;426
2021-12-25T04:16:00.000Z;Flughafen BER - Terminal 1-2;RB;RB 22;22;18101;8011201;8011201%2021-12-25T04:16:00.000Z%,8012253,8081220,8013481,8010377,8010280,8012666,;426
2021-12-25T04:22:00.000Z;Flughafen BER - Terminal 1-2;RE;RE 7;7;3702;8011201;8011201%2021-12-25T04:22:00.000Z%,8010053,8011340,8012713,8011334,8010395,8013350,;602
2021-12-25T04:38:00.000Z;Flughafen BER - Terminal 1-2;RB;RB 22;22;18102;8011201;8011201%2021-12-25T04:38:00.000Z%,8010193,;426
2021-12-25T04:59:00.000Z;Flughafen BER - Terminal 1-2;RB;RB 14;14;18604;8011201;8011201%2021-12-25T04:59:00.000Z%,8011162,8010255,8011155,8011306,8011160,8010406,8010403,8010404,8080040,8081586,8013479,8011541,8013472,8010239,;426
2021-12-25T05:16:00.000Z;Flughafen BER - Terminal 1-2;RB;RB 22;22;18103;8011201;8011201%2021-12-25T05:16:00.000Z%,8012253,8081220,8013481,8010377,8010280,8012666,;426
2021-12-25T05:22:00.000Z;Flughafen BER - Terminal 1-2;RE;RE 7;7;3704;8011201;8011201%2021-12-25T05:22:00.000Z%,8010053,8011340,8012713,8011334,8010395,8013350,;602
2021-12-25T05:38:00.000Z;Flughafen BER - Terminal 1-2;RB;RB 22;22;18104;8011201;8011201%2021-12-25T05:38:00.000Z%,8010193,;426
2021-12-25T05:42:00.000Z;Flughafen BER - Terminal 1-2;RE;RE 7;7;3705;8011201;8011201%2021-12-25T05:42:00.000Z%,8011162,8010255,8011155,8011306,8011160,8010406,8010403,8010405,8011430,8012733,8010378,8010233,8013492,8013467,8011238,8011271,8011100,8010031,8010376,8012322,8011952,8010302,8010077,;602
2021-12-25T05:59:00.000Z;Flughafen BER - Terminal 1-2;RB;RB 14;14;18606;8011201;8011201%2021-12-25T05:59:00.000Z%,8011162,8010255,8011155,8011306,8011160,8010406,8010403,8010404,8080040,8081586,8013479,8011541,8013472,8010239,;426
2021-12-25T06:16:00.000Z;Flughafen BER - Terminal 1-2;RB;RB 22;22;18105;8011201;8011201%2021-12-25T06:16:00.000Z%,8012253,8081220,8013481,8010377,8010280,8012666,;426
2021-12-25T06:22:00.000Z;Flughafen BER - Terminal 1-2;RE;RE 7;7;3706;8011201;8011201%2021-12-25T06:22:00.000Z%,8010053,8011340,8012713,8011334,8010395,8013350,;602
2021-12-25T06:38:00.000Z;Flughafen BER - Terminal 1-2;RB;RB 22;22;18106;8011201;8011201%2021-12-25T06:38:00.000Z%,8010193,;426
2021-12-25T06:42:00.000Z;Flughafen BER - Terminal 1-2;RE;RE 7;7;3707;8011201;8011201%2021-12-25T06:42:00.000Z%,8011162,8010255,8011155,8011306,8011160,8010406,8010403,8010405,8011430,8012733,8010378,8010233,8013492,8013467,8011238,8011271,8011100,8010031,;602
2021-12-25T06:59:00.000Z;Flughafen BER - Terminal 1-2;RB;RB 14;14;18608;8011201;8011201%2021-12-25T06:59:00.000Z%,8011162,8010255,8011155,8011306,8011160,8010406,8010403,8010404,8080040,8081586,8013479,8011541,8013472,8010239,;426
2021-12-25T07:16:00.000Z;Flughafen BER - Terminal 1-2;RB;RB 22;22;18107;8011201;8011201%2021-12-25T07:16:00.000Z%,8012253,8081220,8013481,8010377,8010280,8012666,;426
2021-12-25T07:22:00.000Z;Flughafen BER - Terminal 1-2;RE;RE 7;7;3708;8011201;8011201%2021-12-25T07:22:00.000Z%,8010053,8011340,8012713,8011334,8010395,8013350,;602
2021-12-25T07:38:00.000Z;Flughafen BER - Terminal 1-2;RB;RB 22;22;18108;8011201;8011201%2021-12-25T07:38:00.000Z%,8010193,;426
2021-12-25T07:42:00.000Z;Flughafen BER - Terminal 1-2;RE;RE 7;7;3709;8011201;8011201%2021-12-25T07:42:00.000Z%,8011162,8010255,8011155,8011306,8011160,8010406,8010403,8010405,8011430,8012733,8010378,8010233,8013492,8013467,8011238,8011271,8011100,8010031,8010376,8012322,8011952,8010302,8010077,;602
2021-12-25T07:59:00.000Z;Flughafen BER - Terminal 1-2;RB;RB 14;14;18610;8011201;8011201%2021-12-25T07:59:00.000Z%,8011162,8010255,8011155,8011306,8011160,8010406,8010403,8010404,8080040,8081586,8013479,8011541,8013472,8010239,;426
2021-12-25T08:01:00.000Z;Flughafen BER - Terminal 1-2;RE;RE 17;17;52173;8011201;8011201%2021-12-25T08:01:00.000Z%,8010079,8010099,;602
2021-12-25T08:01:00.000Z;Flughafen BER - Terminal 1-2;IC;IC 2173;17;2173;8011201;8011201%2021-12-25T08:01:00.000Z%,8010079,8010099,8010089,8010085,;468
2021-12-25T08:05:00.000Z;Flughafen BER - Terminal 1-2;RE;RE 17;17;52272;8011201;8011201%2021-12-25T08:05:00.000Z%,8011113,8098160,;602
2021-12-25T08:05:00.000Z;Flughafen BER - Terminal 1-2;IC;IC 2272;17;2272;8011201;8011201%2021-12-25T08:05:00.000Z%,8011113,8098160,8011102,8013487,8010250,8010361,8010304,8013236,;468
2021-12-25T08:16:00.000Z;Flughafen BER - Terminal 1-2;RB;RB 22;22;18109;8011201;8011201%2021-12-25T08:16:00.000Z%,8012253,8081220,8013481,8010377,8010280,8012666,;426
2021-12-25T08:22:00.000Z;Flughafen BER - Terminal 1-2;RE;RE 7;7;3710;8011201;8011201%2021-12-25T08:22:00.000Z%,8010053,8011340,8012713,8011334,8010395,8013350,;602
2021-12-25T08:38:00.000Z;Flughafen BER - Terminal 1-2;RB;RB 22;22;18110;8011201;8011201%2021-12-25T08:38:00.000Z%,8010193,;426
2021-12-25T08:42:00.000Z;Flughafen BER - Terminal 1-2;RE;RE 7;7;3711;8011201;8011201%2021-12-25T08:42:00.000Z%,8011162,8010255,8011155,8011306,8011160,8010406,8010403,8010405,8011430,8012733,8010378,8010233,8013492,8013467,8011238,8011271,8011100,8010031,;602
2021-12-25T08:59:00.000Z;Flughafen BER - Terminal 1-2;RB;RB 14;14;18612;8011201;8011201%2021-12-25T08:59:00.000Z%,8011162,8010255,8011155,8011306,8011160,8010406,8010403,8010404,8080040,8081586,8013479,8011541,8013472,8010239,;426
2021-12-25T09:16:00.000Z;Flughafen BER - Terminal 1-2;RB;RB 22;22;18111;8011201;8011201%2021-12-25T09:16:00.000Z%,8012253,8081220,8013481,8010377,8010280,8012666,;426
2021-12-25T09:22:00.000Z;Flughafen BER - Terminal 1-2;RE;RE 7;7;3712;8011201;8011201%2021-12-25T09:22:00.000Z%,8010053,8011340,8012713,8011334,8010395,8013350,;602
2021-12-25T09:38:00.000Z;Flughafen BER - Terminal 1-2;RB;RB 22;22;18112;8011201;8011201%2021-12-25T09:38:00.000Z%,8010193,;426
2021-12-25T09:42:00.000Z;Flughafen BER - Terminal 1-2;RE;RE 7;7;3713;8011201;8011201%2021-12-25T09:42:00.000Z%,8011162,8010255,8011155,8011306,8011160,8010406,8010403,8010405,8011430,8012733,8010378,8010233,8013492,8013467,8011238,8011271,8011100,8010031,8010376,8012322,8011952,8010302,8010077,;602
2021-12-25T09:59:00.000Z;Flughafen BER - Terminal 1-2;RB;RB 14;14;18614;8011201;8011201%2021-12-25T09:59:00.000Z%,8011162,8010255,8011155,8011306,8011160,8010406,8010403,8010404,8080040,8081586,8013479,8011541,8013472,8010239,;426
2021-12-25T10:01:00.000Z;Flughafen BER - Terminal 1-2;RE;RE 17;17;52175;8011201;8011201%2021-12-25T10:01:00.000Z%,8010079,8010099,;602
2021-12-25T10:01:00.000Z;Flughafen BER - Terminal 1-2;IC;IC 2175;17;2175;8011201;8011201%2021-12-25T10:01:00.000Z%,8010079,8010099,8010089,8010085,;468
2021-12-25T10:05:00.000Z;Flughafen BER - Terminal 1-2;RE;RE 17;17;52270;8011201;8011201%2021-12-25T10:05:00.000Z%,8011113,8098160,;602
2021-12-25T10:05:00.000Z;Flughafen BER - Terminal 1-2;IC;IC 2270;17;2270;8011201;8011201%2021-12-25T10:05:00.000Z%,8011113,8098160,8011102,8013487,8010250,8010361,8010304,8013236,;468
2021-12-25T10:16:00.000Z;Flughafen BER - Terminal 1-2;RB;RB 22;22;18113;8011201;8011201%2021-12-25T10:16:00.000Z%,8012253,8081220,8013481,8010377,8010280,8012666,;426
2021-12-25T10:22:00.000Z;Flughafen BER - Terminal 1-2;RE;RE 7;7;3714;8011201;8011201%2021-12-25T10:22:00.000Z%,8010053,8011340,8012713,8011334,8010395,8013350,;602
2021-12-25T10:38:00.000Z;Flughafen BER - Terminal 1-2;RB;RB 22;22;18114;8011201;8011201%2021-12-25T10:38:00.000Z%,8010193,;426
2021-12-25T10:42:00.000Z;Flughafen BER - Terminal 1-2;RE;RE 7;7;3715;8011201;8011201%2021-12-25T10:42:00.000Z%,8011162,8010255,8011155,8011306,8011160,8010406,8010403,8010405,8011430,8012733,8010378,8010233,8013492,8013467,8011238,8011271,8011100,8010031,;602
2021-12-24T20:29:00.000Z;Bernau(b Berlin);RB;RB 24;24;18373;8013470;8013470%2021-12-24T20:29:00.000Z%0,8012819,8011188,8012329,8010093,;426
2021-12-24T20:32:00.000Z;Bernau(b Berlin);RB;RB 24;24;18376;8013470;8013470%2021-12-24T20:32:00.000Z%0,8011901,8010036,;426
2021-12-24T20:55:00.000Z;Bernau(b Berlin);RE;RE 3;3;3370;8013470;8013470%2021-12-24T20:56:00.000Z%1,8012819,8011188,8012329,8010093,8010064,8011314,8010004,8012637,8012944,8012943,;602
2021-12-24T21:07:00.000Z;Bernau(b Berlin);RE;RE 3;3;3357;8013470;8013470%2021-12-24T21:08:00.000Z%1,8011102,8098160,8011118,8011113,8011041,8013100,8011740,8080170,8010215,8013123,8013137,8013345,8012260,8010182,8012487,8011210,8013371,8011290,8013418,8010222,;602
2021-12-24T21:56:00.000Z;Bernau(b Berlin);RE;RE 3;3;3320;8013470;8013470%2021-12-24T21:57:00.000Z%1,8012819,8011188,8012329,8010093,8010064,8011314,8010004,;602
2021-12-24T22:12:00.000Z;Bernau(b Berlin);RE;RE 3;3;3319;8013470;8013470%2021-12-24T22:12:00.000Z%0,8011102,8098160,;602
2021-12-24T22:52:00.000Z;Bernau(b Berlin);RE;RE 3;3;3358;8013470;8013470%2021-12-24T22:52:00.000Z%0,8012819,8011188,8012329,8010093,;602
2021-12-24T23:07:00.000Z;Bernau(b Berlin);RE;RE 3;3;3361;8013470;8013470%2021-12-24T23:07:00.000Z%,8011102,8098160,;602
2021-12-25T00:12:00.000Z;Bernau(b Berlin);RE;RE 3;3;3321;8013470;8013470%2021-12-25T00:12:00.000Z%,8011102,8098160,;602
2021-12-25T00:22:00.000Z;Bernau(b Berlin);RE;RE 3;3;3364;8013470;8013470%2021-12-25T00:22:00.000Z%,8012819,8011188,8012329,8010093,;602
2021-12-25T01:19:00.000Z;Bernau(b Berlin);RE;RE 3;3;3366;8013470;8013470%2021-12-25T01:19:00.000Z%,8012819,8011188,8012329,8010093,;602
2021-12-25T03:21:00.000Z;Bernau(b Berlin);RE;RE 3;3;3369;8013470;8013470%2021-12-25T03:21:00.000Z%,8011102,8098160,8011118,8011113,;602
2021-12-25T03:41:00.000Z;Bernau(b Berlin);RE;RE 3;3;3302;8013470;8013470%2021-12-25T03:41:00.000Z%,8012819,8011188,8012329,8010093,8010064,8011314,8010004,8013313,8013238,8012968,8010282,8012418,8010268,8010179,8011536,8011438,8011044,8012021,8010396,8011723,8011694,8010139,8012358,8013352,8010338,;602
2021-12-25T04:09:00.000Z;Bernau(b Berlin);RE;RE 3;3;3301;8013470;8013470%2021-12-25T04:09:00.000Z%,8011102,8098160,8011118,8011113,8011041,8010215,8013123,8013137,8013345,8012260,8010182,8012552,8013384,8012233,8011909,8011867,8010103,;602
2021-12-25T04:52:00.000Z;Bernau(b Berlin);RE;RE 3;3;3340;8013470;8013470%2021-12-25T04:52:00.000Z%,8010093,8010064,8011314,8010004,8012637,8012944,8012943,;602
2021-12-25T05:07:00.000Z;Bernau(b Berlin);RE;RE 3;3;3341;8013470;8013470%2021-12-25T05:07:00.000Z%,8011102,8098160,8011118,8011113,8011041,8010215,8013123,8013137,8013345,8012260,8010182,8012487,8011210,8013371,8011290,8013418,8010222,;602
2021-12-25T05:29:00.000Z;Bernau(b Berlin);RB;RB 24;24;18343;8013470;8013470%2021-12-25T05:29:00.000Z%,8012819,8011188,8012329,8010093,;426
2021-12-25T05:32:00.000Z;Bernau(b Berlin);RB;RB 24;24;18346;8013470;8013470%2021-12-25T05:32:00.000Z%,8011901,8010036,8011162,8010041,8010193,8013376,8011173,8013109,8011805,8012549,8011250,8012923,8012257,8010217,8010220,8010069,8012897,8011016,8011756,8010183,8010327,;426
2021-12-25T05:54:00.000Z;Bernau(b Berlin);RE;RE 3;3;3304;8013470;8013470%2021-12-25T05:54:00.000Z%,8010093,8010064,8011314,8010004,8013313,8013238,8012968,8010282,8012418,8010268,8010179,8011536,8011438,8011044,8012021,8010396,8011723,8011694,8010139,8012358,8010338,;602
2021-12-25T06:07:00.000Z;Bernau(b Berlin);RE;RE 3;3;3303;8013470;8013470%2021-12-25T06:07:00.000Z%,8011102,8098160,8011118,8011113,8011041,8010215,8013123,8013137,8013345,8012260,8010182,8012552,8013384,8012233,8011909,8011867,8010103,;602
2021-12-25T06:29:00.000Z;Bernau(b Berlin);RB;RB 24;24;18345;8013470;8013470%2021-12-25T06:29:00.000Z%,8012819,8011188,8012329,8010093,;426
2021-12-25T06:30:00.000Z;Bernau(b Berlin);RB;RB 24;24;18348;8013470;8013470%2021-12-25T06:30:00.000Z%,8011901,8010036,;426
2021-12-25T06:42:00.000Z;Bernau(b Berlin);RE;RE 66;66;5801;8013470;8013470%2021-12-25T06:42:00.000Z%,8011102,;602
2021-12-25T06:54:00.000Z;Bernau(b Berlin);RE;RE 3;3;3342;8013470;8013470%2021-12-25T06:54:00.000Z%,8010093,8010064,8011314,8010004,8012637,8012944,8012943,;602
2021-12-25T07:07:00.000Z;Bernau(b Berlin);RE;RE 3;3;3343;8013470;8013470%2021-12-25T07:07:00.000Z%,8011102,8098160,8011118,8011113,8011041,8010215,8013123,8013137,8012260,8010182,8012487,8011210,8013371,8011290,8013418,8010222,;602
2021-12-25T07:19:00.000Z;Bernau(b Berlin);RE;RE 66;66;5800;8013470;8013470%2021-12-25T07:19:00.000Z%,8010093,8010004,8013090,5100145,5100057,;602
2021-12-25T07:29:00.000Z;Bernau(b Berlin);RB;RB 24;24;18347;8013470;8013470%2021-12-25T07:29:00.000Z%,8012819,8011188,8012329,8010093,;426
2021-12-25T07:32:00.000Z;Bernau(b Berlin);RB;RB 24;24;18350;8013470;8013470%2021-12-25T07:32:00.000Z%,8011901,8010036,8011162,8010041,8010193,8013376,8011173,8013109,8011805,8012549,8011250,8012923,8012257,8010217,8010220,8010069,8012897,8011016,8011756,8010183,8010327,;426
2021-12-25T07:54:00.000Z;Bernau(b Berlin);RE;RE 3;3;3306;8013470;8013470%2021-12-25T07:54:00.000Z%,8010093,8010064,8011314,8010004,8013313,8013238,8012968,8010282,8012418,8010268,8010179,8011536,8011438,8011044,8012021,8010396,8011723,8011694,8010139,8012358,8010338,;602
2021-12-25T08:07:00.000Z;Bernau(b Berlin);RE;RE 3;3;3305;8013470;8013470%2021-12-25T08:07:00.000Z%,8011102,8098160,8011118,8011113,8011041,8010215,8013123,8013137,8013345,8012260,8010182,8012552,8013384,8012233,8011909,8011867,8010103,;602
2021-12-25T08:29:00.000Z;Bernau(b Berlin);RB;RB 24;24;18349;8013470;8013470%2021-12-25T08:29:00.000Z%,8012819,8011188,8012329,8010093,;426
2021-12-25T08:32:00.000Z;Bernau(b Berlin);RB;RB 24;24;18352;8013470;8013470%2021-12-25T08:32:00.000Z%,8011901,8010036,8011162,8010041,8010193,8013376,8011173,8013109,8011805,8012549,8011250,8012923,8012257,8010217,8010220,8010069,8012897,8011016,8011756,8010183,8010327,;426
2021-12-25T08:54:00.000Z;Bernau(b Berlin);RE;RE 3;3;3344;8013470;8013470%2021-12-25T08:54:00.000Z%,8010093,8010064,8011314,8010004,8012637,8012944,8012943,;602
2021-12-25T09:07:00.000Z;Bernau(b Berlin);RE;RE 3;3;3345;8013470;8013470%2021-12-25T09:07:00.000Z%,8011102,8098160,8011118,8011113,8011041,8010215,8013123,8013137,8012260,8010182,8012487,8011210,8013371,8011290,8013418,8010222,;602
2021-12-25T09:29:00.000Z;Bernau(b Berlin);RB;RB 24;24;18351;8013470;8013470%2021-12-25T09:29:00.000Z%,8012819,8011188,8012329,8010093,;426
2021-12-25T09:32:00.000Z;Bernau(b Berlin);RB;RB 24;24;18354;8013470;8013470%2021-12-25T09:32:00.000Z%,8011901,8010036,8011162,8010041,8010193,8013376,8011173,8013109,8011805,8012549,8011250,8012923,8012257,8010217,8010220,8010069,8012897,8011016,8011756,8010183,8010327,;426
2021-12-25T09:54:00.000Z;Bernau(b Berlin);RE;RE 3;3;3308;8013470;8013470%2021-12-25T09:54:00.000Z%,8010093,8010064,8011314,8010004,8013313,8013238,8012968,8010282,8012418,8010268,8010179,8011536,8011438,8011044,8012021,8010396,8011723,8011694,8010139,8012358,8010338,;602
2021-12-25T10:07:00.000Z;Bernau(b Berlin);RE;RE 3;3;3307;8013470;8013470%2021-12-25T10:07:00.000Z%,8011102,8098160,8011118,8011113,8011041,8010215,8013123,8013137,8013345,8012260,8010182,8012552,8013384,8012233,8011909,8011867,8010103,;602
2021-12-25T10:29:00.000Z;Bernau(b Berlin);RB;RB 24;24;18353;8013470;8013470%2021-12-25T10:29:00.000Z%,8012819,8011188,8012329,8010093,;426
2021-12-25T10:32:00.000Z;Bernau(b Berlin);RB;RB 24;24;18356;8013470;8013470%2021-12-25T10:32:00.000Z%,8011901,8010036,8011162,8010041,8010193,8013376,8011173,8013109,8011805,8012549,8011250,8012923,8012257,8010217,8010220,8010069,8012897,8011016,8011756,8010183,8010327,;426
2021-12-25T10:37:00.000Z;Bernau(b Berlin);RE;RE 66;66;5809;8013470;8013470%2021-12-25T10:37:00.000Z%,8011102,;602
2021-12-25T10:54:00.000Z;Bernau(b Berlin);RE;RE 3;3;3346;8013470;8013470%2021-12-25T10:54:00.000Z%,8010093,8010064,8011314,8010004,8012637,8012944,8012943,;602
2021-12-25T11:07:00.000Z;Bernau(b Berlin);RE;RE 3;3;3347;8013470;8013470%2021-12-25T11:07:00.000Z%,8011102,8098160,8011118,8011113,8011041,8010215,8013123,8013137,8012260,8010182,8012487,8011210,8013371,8011290,8013418,8010222,;602
2021-12-25T11:29:00.000Z;Bernau(b Berlin);RB;RB 24;24;18355;8013470;8013470%2021-12-25T11:29:00.000Z%,8012819,8011188,8012329,8010093,;426
2021-12-25T11:32:00.000Z;Bernau(b Berlin);RB;RB 24;24;18358;8013470;8013470%2021-12-25T11:32:00.000Z%,8011901,8010036,8011162,8010041,8010193,8013376,8011173,8013109,8011805,8012549,8011250,8012923,8012257,8010217,8010220,8010069,8012897,8011016,8011756,8010183,8010327,;426
2021-12-25T11:54:00.000Z;Bernau(b Berlin);RE;RE 3;3;3310;8013470;8013470%2021-12-25T11:54:00.000Z%,8010093,8010064,8011314,8010004,8013313,8013238,8012968,8010282,8012418,8010268,8010179,8011536,8011438,8011044,8012021,8010396,8011723,8011694,8010139,8012358,8010338,;602
2021-12-25T12:07:00.000Z;Bernau(b Berlin);RE;RE 3;3;3309;8013470;8013470%2021-12-25T12:07:00.000Z%,8011102,8098160,8011118,8011113,8011041,8010215,8013123,8013137,8013345,8012260,8010182,8012552,8013384,8012233,8011909,8011867,8010103,;602
2021-12-25T12:29:00.000Z;Bernau(b Berlin);RB;RB 24;24;18357;8013470;8013470%2021-12-25T12:29:00.000Z%,8012819,8011188,8012329,8010093,;426
2021-12-25T12:32:00.000Z;Bernau(b Berlin);RB;RB 24;24;18360;8013470;8013470%2021-12-25T12:32:00.000Z%,8011901,8010036,8011162,8010041,8010193,8013376,8011173,8013109,8011805,8012549,8011250,8012923,8012257,8010217,8010220,8010069,8012897,8011016,8011756,8010183,8010327,;426
2021-12-25T12:54:00.000Z;Bernau(b Berlin);RE;RE 3;3;3348;8013470;8013470%2021-12-25T12:54:00.000Z%,8010093,8010064,8011314,8010004,8012637,8012944,8012943,;602
2021-12-25T13:07:00.000Z;Bernau(b Berlin);RE;RE 3;3;3349;8013470;8013470%2021-12-25T13:07:00.000Z%,8011102,8098160,8011118,8011113,8011041,8010215,8013123,8013137,8012260,8010182,8012487,8011210,8013371,8011290,8013418,8010222,;602
2021-12-25T13:29:00.000Z;Bernau(b Berlin);RB;RB 24;24;18359;8013470;8013470%2021-12-25T13:29:00.000Z%,8012819,8011188,8012329,8010093,;426
2021-12-25T13:30:00.000Z;Bernau(b Berlin);RB;RB 24;24;18362;8013470;8013470%2021-12-25T13:30:00.000Z%,8011901,8010036,8011162,8010041,8010193,8013376,8011173,8013109,8011805,8012549,8011250,8012923,8012257,8010217,8010220,8010069,8012897,8011016,8011756,8010183,8010327,;426
2021-12-25T13:54:00.000Z;Bernau(b Berlin);RE;RE 3;3;3312;8013470;8013470%2021-12-25T13:54:00.000Z%,8010093,8010064,8011314,8010004,8013313,8013238,8012968,8010282,8012418,8010268,8010179,8011536,8011438,8011044,8012021,8010396,8011723,8011694,8010139,8012358,8010338,;602
2021-12-25T14:07:00.000Z;Bernau(b Berlin);RE;RE 3;3;3311;8013470;8013470%2021-12-25T14:07:00.000Z%,8011102,8098160,8011118,8011113,8011041,8010215,8013123,8013137,8013345,8012260,8010182,8012552,8013384,8012233,8011909,8011867,8010103,;602
2021-12-25T14:11:00.000Z;Bernau(b Berlin);RE;RE 66;66;5804;8013470;8013470%2021-12-25T14:11:00.000Z%,8010093,8010004,8012611,8012918,8011311,8012627,8013090,5100145,5100057,;602
2021-12-25T14:29:00.000Z;Bernau(b Berlin);RB;RB 24;24;18361;8013470;8013470%2021-12-25T14:29:00.000Z%,8012819,8011188,8012329,8010093,;426
2021-12-25T14:30:00.000Z;Bernau(b Berlin);RB;RB 24;24;18364;8013470;8013470%2021-12-25T14:30:00.000Z%,8011901,8010036,8011162,8010041,8010193,8013376,8011173,8013109,8011805,8012549,8011250,8012923,8012257,8010217,8010220,8010069,8012897,8011016,8011756,8010183,8010327,;426
2021-12-25T14:36:00.000Z;Bernau(b Berlin);RE;RE 14;14;50759;8013470;8013470%2021-12-25T14:36:00.000Z%,8010093,8010004,8010282,;602
2021-12-25T14:36:00.000Z;Bernau(b Berlin);ICE;ICE 759;14;759;8013470;8013470%2021-12-25T14:36:00.000Z%,8010093,8010004,8010282,8010268,8011044,8010396,8010139,8010338,8010033,8011191,;720
2021-12-25T14:54:00.000Z;Bernau(b Berlin);RE;RE 3;3;3350;8013470;8013470%2021-12-25T14:54:00.000Z%,8010093,8010064,8011314,8010004,8012637,8012944,8012943,;602
2021-12-25T15:07:00.000Z;Bernau(b Berlin);RE;RE 3;3;3351;8013470;8013470%2021-12-25T15:07:00.000Z%,8011102,8098160,8011118,8011113,8011041,8010215,8013123,8013137,8012260,8010182,8012487,8011210,8013371,8011290,8013418,8010222,;602
2021-12-25T15:29:00.000Z;Bernau(b Berlin);RB;RB 24;24;18363;8013470;8013470%2021-12-25T15:29:00.000Z%,8012819,8011188,8012329,8010093,;426
2021-12-25T15:30:00.000Z;Bernau(b Berlin);RB;RB 24;24;18366;8013470;8013470%2021-12-25T15:30:00.000Z%,8011901,8010036,8011162,8010041,8010193,8013376,8011173,8013109,8011805,8012549,8011250,8012923,8012257,8010217,8010220,8010069,8012897,8011016,8011756,8010183,8010327,;426
2021-12-25T15:54:00.000Z;Bernau(b Berlin);RE;RE 3;3;3314;8013470;8013470%2021-12-25T15:54:00.000Z%,8010093,8010064,8011314,8010004,8013313,8013238,8012968,8010282,8012418,8010268,8010179,8011536,8011438,8011044,8012021,8010396,8011723,8011694,8010139,8012358,8010338,;602
2021-12-25T16:07:00.000Z;Bernau(b Berlin);RE;RE 3;3;3313;8013470;8013470%2021-12-25T16:07:00.000Z%,8011102,8098160,8011118,8011113,8011041,8010215,8013123,8013137,8013345,8012260,8010182,8012552,8013384,8012233,8011909,8011867,8010103,;602
2021-12-25T16:29:00.000Z;Bernau(b Berlin);RB;RB 24;24;18365;8013470;8013470%2021-12-25T16:29:00.000Z%,8012819,8011188,8012329,8010093,;426
2021-12-25T16:30:00.000Z;Bernau(b Berlin);RB;RB 24;24;18368;8013470;8013470%2021-12-25T16:30:00.000Z%,8011901,8010036,8011162,8010041,8010193,8013376,8011173,8013109,8011805,8012549,8011250,8012923,8012257,8010217,8010220,8010069,8012897,8011016,8011756,8010183,8010327,;426
2021-12-25T16:37:00.000Z;Bernau(b Berlin);RE;RE 66;66;5802;8013470;8013470%2021-12-25T16:37:00.000Z%,8010093,8010004,8012611,8012918,8011311,8012627,8013090,5100145,5100057,;602
2021-12-25T16:43:00.000Z;Bernau(b Berlin);RE;RE 28;28;51715;8013470;8013470%2021-12-25T16:43:00.000Z%,8011102,8098160,8011113,;602
2021-12-25T16:43:00.000Z;Bernau(b Berlin);ICE;ICE 1715;28;1715;8013470;8013470%2021-12-25T16:43:00.000Z%,8011102,8098160,8011113,8010222,8010205,8010101,8001844,8000284,8000261,;720
2021-12-25T16:54:00.000Z;Bernau(b Berlin);RE;RE 3;3;3352;8013470;8013470%2021-12-25T16:54:00.000Z%,8010093,8010064,8011314,8010004,8012637,8012944,8012943,;602
2021-12-25T17:07:00.000Z;Bernau(b Berlin);RE;RE 14;14;51053;8013470;8013470%2021-12-25T17:07:00.000Z%,8010093,8010004,8010282,;602
2021-12-25T17:07:00.000Z;Bernau(b Berlin);ICE;ICE 1053;14;1053;8013470;8013470%2021-12-25T17:07:00.000Z%,8010093,8010004,8010282,8010268,8010396,8010139,8010338,;720
2021-12-25T17:07:00.000Z;Bernau(b Berlin);RE;RE 3;3;3353;8013470;8013470%2021-12-25T17:07:00.000Z%,8011102,8098160,8011118,8011113,8011041,8010215,8013123,8013137,8012260,8010182,8012487,8011210,8013371,8011290,8013418,8010222,;602
2021-12-24T20:52:00.000Z;Hennigsdorf(b Berlin);RE;RE 6;6;3618;8013483;8013483%2021-12-24T20:52:00.000Z%0,8013185,8012096,8011125,8010175,8010246,;602
2021-12-24T21:10:00.000Z;Hennigsdorf(b Berlin);RE;RE 6;6;3637;8013483;8013483%2021-12-24T21:10:00.000Z%0,8013479,8010404,8011167,8011102,;602
2021-12-24T21:53:00.000Z;Hennigsdorf(b Berlin);RE;RE 6;6;3638;8013483;8013483%2021-12-24T21:53:00.000Z%,8013185,8011093,8013183,8012934,8012096,8011125,8012703,8010175,8010246,;602
2021-12-24T22:11:00.000Z;Hennigsdorf(b Berlin);RE;RE 6;6;3619;8013483;8013483%2021-12-24T22:11:00.000Z%0,8013479,8010404,8011167,8011102,;602
2021-12-24T22:58:00.000Z;Hennigsdorf(b Berlin);RE;RE 6;6;3620;8013483;8013483%2021-12-24T22:58:00.000Z%,8013185,8011093,8013183,8012934,8012096,8011125,8010175,8010246,;602
2021-12-25T00:13:00.000Z;Hennigsdorf(b Berlin);RE;RE 6;6;3640;8013483;8013483%2021-12-25T00:13:00.000Z%,8013185,8011093,8013183,8012934,8012096,8011125,8012703,8010175,8010246,;602
2021-12-25T04:10:00.000Z;Hennigsdorf(b Berlin);RE;RE 6;6;3601;8013483;8013483%2021-12-25T04:10:00.000Z%,8013479,8010404,8011167,8011102,;602
2021-12-25T05:10:00.000Z;Hennigsdorf(b Berlin);RE;RE 6;6;3639;8013483;8013483%2021-12-25T05:10:00.000Z%,8013479,8010404,8011167,8011102,;602
2021-12-25T05:13:00.000Z;Hennigsdorf(b Berlin);RB;RB 55;55;18554;8013483;8013483%2021-12-25T05:13:00.000Z%,8013185,8011093,8013183,8012934,8012096,;426
2021-12-25T05:52:00.000Z;Hennigsdorf(b Berlin);RE;RE 6;6;3622;8013483;8013483%2021-12-25T05:52:00.000Z%,8013185,8012096,8011125,8012703,8010175,8010246,;602
2021-12-25T06:10:00.000Z;Hennigsdorf(b Berlin);RE;RE 6;6;3603;8013483;8013483%2021-12-25T06:10:00.000Z%,8013479,8010404,8011167,8011102,;602
2021-12-25T06:52:00.000Z;Hennigsdorf(b Berlin);RE;RE 6;6;3604;8013483;8013483%2021-12-25T06:52:00.000Z%,8013185,8012096,8011125,8010175,8010246,8013222,8012428,8011572,8011408,8010384,8012226,8011848,8010287,8011730,8012622,8013258,8010382,;602
2021-12-25T07:10:00.000Z;Hennigsdorf(b Berlin);RE;RE 6;6;3623;8013483;8013483%2021-12-25T07:10:00.000Z%,8013479,8010404,8011167,8011102,;602
2021-12-25T07:13:00.000Z;Hennigsdorf(b Berlin);RB;RB 55;55;18558;8013483;8013483%2021-12-25T07:13:00.000Z%,8013185,8011093,8013183,8012934,8012096,;426
2021-12-25T07:52:00.000Z;Hennigsdorf(b Berlin);RE;RE 6;6;3624;8013483;8013483%2021-12-25T07:52:00.000Z%,8013185,8012096,8011125,8012703,8010175,8010246,8010384,8012226,8011848,8010287,8011730,8012622,8013258,8010382,;602
2021-12-25T08:10:00.000Z;Hennigsdorf(b Berlin);RE;RE 6;6;3605;8013483;8013483%2021-12-25T08:10:00.000Z%,8013479,8010404,8011167,8011102,;602
2021-12-25T08:13:00.000Z;Hennigsdorf(b Berlin);RB;RB 55;55;18560;8013483;8013483%2021-12-25T08:13:00.000Z%,8013185,8011093,8013183,8012934,8012096,;426
2021-12-25T08:52:00.000Z;Hennigsdorf(b Berlin);RE;RE 6;6;3606;8013483;8013483%2021-12-25T08:52:00.000Z%,8013185,8012096,8011125,8010175,8010246,8013222,8012428,8011572,8011408,8010384,8012226,8011848,8010287,8011730,8012622,8013258,8010382,;602
2021-12-25T09:10:00.000Z;Hennigsdorf(b Berlin);RE;RE 6;6;3625;8013483;8013483%2021-12-25T09:10:00.000Z%,8013479,8010404,8011167,8011102,;602
2021-12-25T09:13:00.000Z;Hennigsdorf(b Berlin);RB;RB 55;55;18562;8013483;8013483%2021-12-25T09:13:00.000Z%,8013185,8011093,8013183,8012934,8012096,;426
2021-12-25T09:52:00.000Z;Hennigsdorf(b Berlin);RE;RE 6;6;3626;8013483;8013483%2021-12-25T09:52:00.000Z%,8013185,8012096,8011125,8012703,8010175,8010246,8010384,8012226,8011848,8010287,8011730,8012622,8013258,8010382,;602
2021-12-25T10:10:00.000Z;Hennigsdorf(b Berlin);RE;RE 6;6;3607;8013483;8013483%2021-12-25T10:10:00.000Z%,8013479,8010404,8011167,8011102,;602
2021-12-25T10:13:00.000Z;Hennigsdorf(b Berlin);RB;RB 55;55;18564;8013483;8013483%2021-12-25T10:13:00.000Z%,8013185,8011093,8013183,8012934,8012096,;426
2021-12-25T10:52:00.000Z;Hennigsdorf(b Berlin);RE;RE 6;6;3608;8013483;8013483%2021-12-25T10:52:00.000Z%,8013185,8012096,8011125,8010175,8010246,8013222,8012428,8011572,8011408,8010384,8012226,8011848,8010287,8011730,8012622,8013258,8010382,;602
2021-12-25T11:10:00.000Z;Hennigsdorf(b Berlin);RE;RE 6;6;3627;8013483;8013483%2021-12-25T11:10:00.000Z%,8013479,8010404,8011167,8011102,;602
2021-12-25T11:13:00.000Z;Hennigsdorf(b Berlin);RB;RB 55;55;18566;8013483;8013483%2021-12-25T11:13:00.000Z%,8013185,8011093,8013183,8012934,8012096,;426
2021-12-25T11:52:00.000Z;Hennigsdorf(b Berlin);RE;RE 6;6;3628;8013483;8013483%2021-12-25T11:52:00.000Z%,8013185,8012096,8011125,8012703,8010175,8010246,8010384,8012226,8011848,8010287,8011730,8012622,8013258,8010382,;602
2021-12-25T12:10:00.000Z;Hennigsdorf(b Berlin);RE;RE 6;6;3609;8013483;8013483%2021-12-25T12:10:00.000Z%,8013479,8010404,8011167,8011102,;602
2021-12-25T12:13:00.000Z;Hennigsdorf(b Berlin);RB;RB 55;55;18568;8013483;8013483%2021-12-25T12:13:00.000Z%,8013185,8011093,8013183,8012934,8012096,;426
2021-12-25T12:52:00.000Z;Hennigsdorf(b Berlin);RE;RE 6;6;3610;8013483;8013483%2021-12-25T12:52:00.000Z%,8013185,8012096,8011125,8010175,8010246,8013222,8012428,8011572,8011408,8010384,8012226,8011848,8010287,8011730,8012622,8013258,8010382,;602
2021-12-25T13:10:00.000Z;Hennigsdorf(b Berlin);RE;RE 6;6;3629;8013483;8013483%2021-12-25T13:10:00.000Z%,8013479,8010404,8011167,8011102,;602
2021-12-25T13:13:00.000Z;Hennigsdorf(b Berlin);RB;RB 55;55;18570;8013483;8013483%2021-12-25T13:13:00.000Z%,8013185,8011093,8013183,8012934,8012096,;426
2021-12-25T13:52:00.000Z;Hennigsdorf(b Berlin);RE;RE 6;6;3630;8013483;8013483%2021-12-25T13:52:00.000Z%,8013185,8012096,8011125,8012703,8010175,8010246,8010384,8012226,8011848,8010287,8011730,8012622,8013258,8010382,;602
2021-12-25T14:10:00.000Z;Hennigsdorf(b Berlin);RE;RE 6;6;3611;8013483;8013483%2021-12-25T14:10:00.000Z%,8013479,8010404,8011167,8011102,;602
2021-12-25T14:13:00.000Z;Hennigsdorf(b Berlin);RB;RB 55;55;18572;8013483;8013483%2021-12-25T14:13:00.000Z%,8013185,8011093,8013183,8012934,8012096,;426
2021-12-25T14:52:00.000Z;Hennigsdorf(b Berlin);RE;RE 6;6;3612;8013483;8013483%2021-12-25T14:52:00.000Z%,8013185,8012096,8011125,8010175,8010246,8013222,8012428,8011572,8011408,8010384,8012226,8011848,8010287,8011730,8012622,8013258,8010382,;602
2021-12-25T15:10:00.000Z;Hennigsdorf(b Berlin);RE;RE 6;6;3631;8013483;8013483%2021-12-25T15:10:00.000Z%,8013479,8010404,8011167,8011102,;602
2021-12-25T15:13:00.000Z;Hennigsdorf(b Berlin);RB;RB 55;55;18574;8013483;8013483%2021-12-25T15:13:00.000Z%,8013185,8011093,8013183,8012934,8012096,;426
2021-12-25T15:52:00.000Z;Hennigsdorf(b Berlin);RE;RE 6;6;3632;8013483;8013483%2021-12-25T15:52:00.000Z%,8013185,8012096,8011125,8012703,8010175,8010246,8010384,8012226,8011848,8010287,8011730,8012622,8013258,8010382,;602
2021-12-25T16:10:00.000Z;Hennigsdorf(b Berlin);RE;RE 6;6;3613;8013483;8013483%2021-12-25T16:10:00.000Z%,8013479,8010404,8011167,8011102,;602
2021-12-25T16:13:00.000Z;Hennigsdorf(b Berlin);RB;RB 55;55;18576;8013483;8013483%2021-12-25T16:13:00.000Z%,8013185,8011093,8013183,8012934,8012096,;426
2021-12-25T16:52:00.000Z;Hennigsdorf(b Berlin);RE;RE 6;6;3614;8013483;8013483%2021-12-25T16:52:00.000Z%,8013185,8012096,8011125,8010175,8010246,8013222,8012428,8011572,8011408,8010384,8012226,8011848,8010287,8011730,8012622,8013258,8010382,;602
2021-12-25T17:10:00.000Z;Hennigsdorf(b Berlin);RE;RE 6;6;3633;8013483;8013483%2021-12-25T17:10:00.000Z%,8013479,8010404,8011167,8011102,;602
2021-12-25T17:13:00.000Z;Hennigsdorf(b Berlin);RB;RB 55;55;18578;8013483;8013483%2021-12-25T17:13:00.000Z%,8013185,8011093,8013183,8012934,8012096,;426
2021-12-25T17:52:00.000Z;Hennigsdorf(b Berlin);RE;RE 6;6;3634;8013483;8013483%2021-12-25T17:52:00.000Z%,8013185,8012096,8011125,8012703,8010175,8010246,8010384,8012226,8011848,8010287,8011730,8012622,8013258,8010382,;602
2021-12-25T18:10:00.000Z;Hennigsdorf(b Berlin);RE;RE 6;6;3615;8013483;8013483%2021-12-25T18:10:00.000Z%,8013479,8010404,8011167,8011102,;602
2021-12-25T18:13:00.000Z;Hennigsdorf(b Berlin);RB;RB 55;55;18580;8013483;8013483%2021-12-25T18:13:00.000Z%,8013185,8011093,8013183,8012934,8012096,;426
2021-12-25T18:52:00.000Z;Hennigsdorf(b Berlin);RE;RE 6;6;3616;8013483;8013483%2021-12-25T18:52:00.000Z%,8013185,8012096,8011125,8010175,8010246,8013222,8012428,8011572,8011408,8010384,8012226,8011848,8010287,8011730,8012622,8013258,8010382,;602
2021-12-25T19:10:00.000Z;Hennigsdorf(b Berlin);RE;RE 6;6;3635;8013483;8013483%2021-12-25T19:10:00.000Z%,8013479,8010404,8011167,8011102,;602
2021-12-25T19:13:00.000Z;Hennigsdorf(b Berlin);RB;RB 55;55;18582;8013483;8013483%2021-12-25T19:13:00.000Z%,8013185,8011093,8013183,8012934,8012096,;426
2021-12-25T19:52:00.000Z;Hennigsdorf(b Berlin);RE;RE 6;6;3636;8013483;8013483%2021-12-25T19:52:00.000Z%,8013185,8012096,8011125,8012703,8010175,8010246,8013222,8012428,8011572,8011408,8010384,8012226,8011848,8010287,8011730,8012622,8013258,8010382,;602
2021-12-25T20:10:00.000Z;Hennigsdorf(b Berlin);RE;RE 6;6;3617;8013483;8013483%2021-12-25T20:10:00.000Z%,8013479,8010404,8011167,8011102,;602
2021-12-25T20:13:00.000Z;Hennigsdorf(b Berlin);RB;RB 55;55;18584;8013483;8013483%2021-12-25T20:13:00.000Z%,8013185,8011093,8013183,8012934,8012096,;426
2021-12-24T20:23:00.000Z;Stuttgart Hbf;RB;RB 18;18;19335;8000096;8000096%2021-12-24T20:23:00.000Z%0,8005769,8001920,8000302,8006331,8004517,8004488,8000865,8004009,8000314,8000141,;426
2021-12-24T20:43:00.000Z;Stuttgart Hbf;RB;RB 18;18;19336;8000096;8000096%2021-12-24T20:52:00.000Z%9,8000235,8000038,8000925,8006171,8003278,8003588,8004458,8000157,8002699,8004220,8004238,8000017,8005989,8002764,8004258,8005566,8006676,8004050,8005151,8005536,8000424,8000295,;426
2021-12-24T20:47:00.000Z;Stuttgart Hbf;RB;RB 17a;17a;19580;8000096;8000096%2021-12-24T20:47:00.000Z%0,8000235,8000038,8001746,8005253,8005540,8006053,8003060,8004103,8000339,8001803,8004425,8001942,8000299,;426
2021-12-24T20:51:00.000Z;Stuttgart Hbf;ICE;ICE 510;42;510;8000096;8000096%2021-12-24T20:53:00.000Z%2,8000244,8070003,8005556,8000207,;720
2021-12-24T20:57:00.000Z;Stuttgart Hbf;RE;RE 90;90;88649;8000096;8000096%2021-12-24T20:57:00.000Z%0,8005769,8000180,8006479,8000016,8004681,8005795,8004188,8002026,8001982,8002168,8000330,;602
2021-12-24T20:59:00.000Z;Stuttgart Hbf;IC;IC 2060;61;2060;8000096;8000096%2021-12-24T20:59:00.000Z%,8006053,8000339,8000299,8003184,8000191,;468
2021-12-24T21:01:00.000Z;Stuttgart Hbf;RE;RE 5;5;4237;8000096;8000096%2021-12-24T21:01:00.000Z%,8001920,8000302,8000127,8002218,8000170,;602
2021-12-24T21:14:00.000Z;Stuttgart Hbf;ICE;ICE 615;42;615;8000096;8000096%2021-12-24T21:16:00.000Z%2,8000170,8000013,8004158,8000261,;720
2021-12-24T21:15:00.000Z;Stuttgart Hbf;RE;RE 8;8;19088;8000096;8000096%2021-12-24T21:15:00.000Z%0,8000235,8000038,8000925,8006171,8003278,8003588,8004458,8000157,8004220,8000017,8005989,8002764,8004258,8005566,8006676,8004050,8005151,8005536,8000424,8000295,8005168,8001933,8001111,8003381,8000221,;602
2021-12-24T21:17:00.000Z;Stuttgart Hbf;RB;RB 14A;14A;17677;8000096;8000096%2021-12-24T21:17:00.000Z%,8001055,8002785,8002166,8001080,8001833,8000101,8000177,8005791,8004563,8000322,;426
2021-12-24T21:23:00.000Z;Stuttgart Hbf;RB;RB 18;18;19337;8000096;8000096%2021-12-24T21:23:00.000Z%0,8005769,8001920,8000302,8006331,8004517,8004488,8000865,8004009,8000314,8000141,;426
2021-12-24T21:43:00.000Z;Stuttgart Hbf;RB;RB 18;18;19338;8000096;8000096%2021-12-24T21:43:00.000Z%0,8000235,8000038,8000925,8006171,8003278,8003588,8004458,8000157,8002699,8004220,8000017,8005989,8002764,8004258,8005566,8006676,8004050,8005151,8005536,8000424,8000295,;426
2021-12-24T21:47:00.000Z;Stuttgart Hbf;RB;RB 17a;17a;19582;8000096;8000096%2021-12-24T21:47:00.000Z%0,8000235,8000038,8001746,8005253,8005540,8006053,8003060,8004103,8000339,8001803,8004425,8001942,8000299,;426
2021-12-24T22:09:00.000Z;Stuttgart Hbf;IC;IC 1998;62;1998;8000096;8000096%2021-12-24T22:09:00.000Z%,8006053,8006421,8000156,8000377,8000031,8000068,8000105,;468
2021-12-24T22:14:00.000Z;Stuttgart Hbf;ICE;ICE 695;11;695;8000096;8000096%2021-12-24T22:33:00.000Z%19,8000170,8000139,8000013,8004158,8000261,;720
2021-12-24T22:19:00.000Z;Stuttgart Hbf;RB;RB 8;8;19090;8000096;8000096%2021-12-24T22:19:00.000Z%0,8000235,8000038,8000925,8006171,8003278,8003588,8004458,8000157,8004220,;426
2021-12-24T22:23:00.000Z;Stuttgart Hbf;RB;RB 18;18;19339;8000096;8000096%2021-12-24T22:23:00.000Z%0,8005769,8001920,8000302,8006331,8004517,8004488,8000865,8004009,8000314,8000141,;426
2021-12-24T22:23:00.000Z;Stuttgart Hbf;RE;RE 5;5;4239;8000096;8000096%2021-12-24T22:23:00.000Z%,8001920,8000302,8000127,8002218,8000577,8006039,8003748,8006373,8000858,8000170,;602
2021-12-24T22:26:00.000Z;Stuttgart Hbf;RE;RE 14A;14A;17685;8000096;8000096%2021-12-24T22:26:00.000Z%,8001055,8002785,8002166,8001080,8001833,8000101,8000177,8005791,8004563,8000322,;602
2021-12-24T22:27:00.000Z;Stuttgart Hbf;RE;RE 90;90;88651;8000096;8000096%2021-12-24T22:27:00.000Z%0,8005769,8000180,8006479,8000016,8004681,8005795,8004188,8002026,8001982,8002168,8000330,8001651,8000067,;602
2021-12-24T23:12:00.000Z;Stuttgart Hbf;ICE;ICE 698;11;698;8000096;8000096%2021-12-24T23:12:00.000Z%,8000244,8070003,8000105,8010097,8010136,8010101,8010366,8010240,8010159,8010050,8011113,8098160,8011102,;720
2021-12-24T20:06:00.000Z;Frankfurt(Main)Hbf;ICE;ICE 773;22;773;8000105;8000105%2021-12-24T20:44:00.000Z%38,8070003,8000244,8000156,8000096,;720
2021-12-24T20:26:00.000Z;Frankfurt(Main)Hbf;RE;RE 50;50;4532;8000105;8000105%2021-12-24T20:26:00.000Z%0,8002041,8000349,8000150,8003550,8000117,8006132,8005261,8005690,8000891,8002010,8004295,8000115,;602
2021-12-24T20:29:00.000Z;Frankfurt(Main)Hbf;RB;RB 22;22;15288;8000105;8000105%2021-12-24T20:29:00.000Z%0,8000106,8002935,8004400,8003041,8006535,8001322,8004409,8004518,8004364,8003696,8001883,8000229,;426
2021-12-24T20:30:00.000Z;Frankfurt(Main)Hbf;RE;RE 54;54;4633;8000105;8000105%2021-12-24T20:30:00.000Z%0,8002041,8002039,8002048,8000996,8002877,8002574,8002573,8000150,8003143,8001427,8003314,8000010,8002918,8003582,8002696,8006426,8004756,8003740,8003548,8000120,8006349,8003189,8002845,8005049,8005864,8006065,8006586,8000260,;602
2021-12-24T20:34:00.000Z;Frankfurt(Main)Hbf;RE;RE 60;60;4683;8000105;8000105%2021-12-24T20:34:00.000Z%0,8003523,8000068,;602
2021-12-24T20:38:00.000Z;Frankfurt(Main)Hbf;RE;RE 4;4;15597;8000105;8000105%2021-12-24T20:38:00.000Z%0,8000106,8002872,8000240,;602
2021-12-24T20:42:00.000Z;Frankfurt(Main)Hbf;RB;RB 51;51;15534;8000105;8000105%2021-12-24T20:42:00.000Z%0,8002041,8000349,8000150,8006548,8004402,8003550,8004395,8002526,8000117,8002532,8006499,8006132,;426
2021-12-24T20:46:00.000Z;Frankfurt(Main)Hbf;RB;RB 34;34;15746;8000105;8000105%2021-12-24T20:46:00.000Z%0,8002042,8000760,8002382,8004367,8004523,8003255,8001248,8006465,8000158,8001701,8002886,8000538,8003698,8002288,8000347,;426
2021-12-24T20:50:00.000Z;Frankfurt(Main)Hbf;ICE;ICE 695;11;695;8000105;8000105%2021-12-24T21:09:00.000Z%19,8000244,8000096,8000170,8000139,8000013,8004158,8000261,;720
2021-12-24T20:51:00.000Z;Frankfurt(Main)Hbf;RB;RB 41;41;15032;8000105;8000105%2021-12-24T20:51:00.000Z%0,8002042,8000111,8000728,8001312,8000124,8002269,8000234,8002100,8002134,8004417,8004420,8003856,8000337,;426
2021-12-24T20:51:00.000Z;Frankfurt(Main)Hbf;RB;RB 40;40;15132;8000105;8000105%2021-12-24T20:51:00.000Z%0,8002042,8000111,8000728,8001312,8000124,8001618,8000383,8000633,8006340,8001694,8003213,8001668,8005577,8000161,8001271,8004405,8000074,;426
2021-12-24T21:06:00.000Z;Frankfurt(Main)Hbf;ICE;ICE 273;20;273;8000105;8000105%2021-12-24T21:06:00.000Z%0,8000244,8000191,8000774,8000290,8000107,8000026,8500010,;720
2021-12-24T21:06:00.000Z;Frankfurt(Main)Hbf;RB;RB 68;68;15337;8000105;8000105%2021-12-24T21:06:00.000Z%,8003523,8000068,8001377,8001379,8000948,8002498,8006687,8000877,8000031,8002757,8003571,8002748,8000377,8003792,8002430,8003489,8000631,8002687,8000156,;426
2021-12-24T21:06:00.000Z;Frankfurt(Main)Hbf;RB;RB 67;67;15437;8000105;8000105%2021-12-24T21:06:00.000Z%,8003523,8000068,8001377,8001379,8000948,8002498,8006687,8000877,8000031,8002757,8003571,8002748,8000377,8003792,8002430,8003489,8000631,8003841,8000244,;426
2021-12-24T21:08:00.000Z;Frankfurt(Main)Hbf;RE;RE 3;3;29538;8000105;8000105%2021-12-24T21:08:00.000Z%0,8002050,8070004,8005220,8000241,8003816,8000240,8003075,8000021,8000726,8005678,8005583,8003295,8003040,8004253,8000154,8005659,8000875,8000272,8000323,;602
2021-12-24T21:10:00.000Z;Frankfurt(Main)Hbf;ICE;ICE 524;41;524;8000105;8000105%2021-12-24T21:12:00.000Z%2,8070003,8003680,8000667,8005556,8003330,8073368,8000085,8000086,8000098,8000041,8000080,;720
2021-12-24T21:12:00.000Z;Frankfurt(Main)Hbf;RE;RE 70;70;4587;8000105;8000105%2021-12-24T21:12:00.000Z%,8002050,8006175,8004065,8002386,8000126,8005740,8000951,8002249,8002391,8000503,8098360,8003503,8003848,8000244,;602
2021-12-24T21:16:00.000Z;Frankfurt(Main)Hbf;RB;RB 61;61;15697;8000105;8000105%2021-12-24T21:16:00.000Z%,8004246,8001236,8005636,8079151,8001554,8002315,8004653,8006031,8000285,8001814,8004171,8000362,;426
2021-12-24T21:18:00.000Z;Frankfurt(Main)Hbf;ICE;ICE 590;11;590;8000105;8000105%2021-12-24T21:21:00.000Z%3,8000150,8000115,8000020,8003200,;720
2021-12-24T21:22:00.000Z;Frankfurt(Main)Hbf;ICE;ICE 1021;31;1021;8000105;8000105%2021-12-24T21:25:00.000Z%3,8000150,8000010,8000260,8000284,;720
2021-12-24T21:26:00.000Z;Frankfurt(Main)Hbf;RE;RE 50;50;4534;8000105;8000105%2021-12-24T21:26:00.000Z%,8002041,8000349,8000150,8003550,8000117,8006132,8005261,8005690,8000891,8002010,8004295,8000115,;602
2021-12-24T21:29:00.000Z;Frankfurt(Main)Hbf;RB;RB 22;22;15290;8000105;8000105%2021-12-24T21:29:00.000Z%,8000106,8002935,8004400,8003041,8006535,8001322,8004409,8004518,8004364,8003696,8001883,8000229,;426
2021-12-24T21:30:00.000Z;Frankfurt(Main)Hbf;RE;RE 54;54;4635;8000105;8000105%2021-12-24T21:30:00.000Z%,8002041,8002039,8002048,8000996,8002877,8002574,8002573,8000150,8002400,8002425,8003143,8001427,8005208,8003314,8000010,8002918,8003582,8002696,8006426,8004756,8003740,8003548,8000120,8003189,8005049,8000260,;602
2021-12-24T21:31:00.000Z;Frankfurt(Main)Hbf;RB;RB 41;41;15034;8000105;8000105%2021-12-24T21:31:00.000Z%,8002042,8000760,8000111,8000728,8004712,8001312,8003262,8003520,8002410,8000124,8002269,8000234,8002100,8002134,8004417,8004420,8003856,8000337,;426
2021-12-24T21:31:00.000Z;Frankfurt(Main)Hbf;RB;RB 40;40;15134;8000105;8000105%2021-12-24T21:31:00.000Z%,8002042,8000760,8000111,8000728,8004712,8001312,8003262,8003520,8002410,8000124,8001618,8000383,8000633,8006340,8001694,8003213,8001668,8005577,8000161,8001271,8004405,8000074,;426
2021-12-24T21:34:00.000Z;Frankfurt(Main)Hbf;RE;RE 60;60;4685;8000105;8000105%2021-12-24T21:34:00.000Z%,8003523,8000068,8000948,8006687,8000031,8002757,8002748,8000377,8003489,8000631,8000244,;602
2021-12-24T21:42:00.000Z;Frankfurt(Main)Hbf;RB;RB 51;51;15536;8000105;8000105%2021-12-24T21:42:00.000Z%,8002041,8000349,8000150,8006548,8004402,8003550,8004395,8002526,8000117,8002532,8006499,8006132,;426
2021-12-24T21:46:00.000Z;Frankfurt(Main)Hbf;RB;RB 34;34;15748;8000105;8000105%2021-12-24T21:46:00.000Z%,8002042,8000760,8002382,8004367,8004523,8003255,8001248,8006465,8000158,8001701,8002886,8000538,8003698,8002288,8000347,;426
2021-12-24T20:37:00.000Z;Kassel Hbf;RB;RB 39;39;23119;8000193;8000193%2021-12-24T20:37:00.000Z%0,8003200,8003199,8005039,8000140,8002374,8006546,8000520,8002236,8000368,8006647,8002129,8005968,8003836,8006241,8000764,;426
2021-12-24T20:41:00.000Z;Kassel Hbf;RE;RE 5;5;24295;8000193;8000193%2021-12-24T20:41:00.000Z%0,8003200,8003961,8005182,8000029,8000020,;602
2021-12-24T20:46:00.000Z;Kassel Hbf;RB;RB 83;83;24034;8000193;8000193%2021-12-24T20:46:00.000Z%0,8004415,8003053,8005623,8006707,8002677,8002259,8006524,8000090,8002102,8000128,;426
2021-12-24T21:11:00.000Z;Kassel Hbf;RB;RB 5;5;24249;8000193;8000193%2021-12-24T21:11:00.000Z%0,8003200,8002484,8003961,8000243,8000859,8000553,8002716,8005182,8003711,8000029,8002103,8000020,8004297,8001283,8003016,8000115,;426
2021-12-24T21:23:00.000Z;Kassel Hbf;RE;RE 30;30;4169;8000193;8000193%2021-12-24T21:23:00.000Z%,8003200,8002374,8002236,8000368,8001098,8000129,8004328,8005661,8000435,8000065,8000337,8003856,8004417,8002134,8000234,8000124,8002410,8003520,8001312,8000728,8000111,8000760,8002042,8000105,;602
2021-12-24T21:46:00.000Z;Kassel Hbf;RB;RB 83;83;24036;8000193;8000193%2021-12-24T21:46:00.000Z%0,8004415,8003053,8005623,8006707,8002677,8002259,8006524,8000090,8002102,8000128,;426
2021-12-24T22:11:00.000Z;Kassel Hbf;RB;RB 5;5;24251;8000193;8000193%2021-12-24T22:11:00.000Z%0,8003200,8002484,8003961,8000243,8000859,8000553,8002716,8005182,8003711,8000029,8002103,8000020,;426
2021-12-24T22:46:00.000Z;Kassel Hbf;RB;RB 83;83;24038;8000193;8000193%2021-12-24T22:46:00.000Z%0,8004415,8003053,8005623,8006707,8002677,8002259,8006524,8000090,8002102,8000128,;426
2021-12-24T23:11:00.000Z;Kassel Hbf;RB;RB 5;5;24253;8000193;8000193%2021-12-24T23:11:00.000Z%0,8003200,8002484,8003961,8000243,8000859,8000553,8002716,8005182,8003711,8000029,8002103,8000020,;426
2021-12-25T00:15:00.000Z;Kassel Hbf;RB;RB 83;83;24040;8000193;8000193%2021-12-25T00:15:00.000Z%0,8004415,8003053,8005623,8006707,8002677,8002259,8006524,8000090,8002102,8000128,;426
2021-12-25T03:23:00.000Z;Kassel Hbf;RE;RE 30;30;4151;8000193;8000193%2021-12-25T03:23:00.000Z%,8003200,8000368,8001098,8000129,8004328,8005661,8000435,8000337,8000124,8000111,8000105,;602
2021-12-25T04:35:00.000Z;Kassel Hbf;RE;RE 5;5;24261;8000193;8000193%2021-12-25T04:35:00.000Z%,8003200,8003961,8005182,8000029,8000020,;602
2021-12-25T05:06:00.000Z;Kassel Hbf;RE;RE 9;9;74705;8000193;8000193%2021-12-25T05:06:00.000Z%,8006707,8006524,8000090,8011849,8010203,8013004,8010055,8010385,8010256,8011860,8011657,8010032,8012796,8011138,8013217,8010312,8010054,8013336,8012279,8010299,8010159,;602
2021-12-25T05:06:00.000Z;Kassel Hbf;RB;RB 5;5;24213;8000193;8000193%2021-12-25T05:06:00.000Z%,8003200,8002484,8003961,8000243,8000859,8000553,8002716,8005182,8003711,8000029,8002103,8000020,8004297,8001283,8003016,8000115,;426
2021-12-25T05:15:00.000Z;Kassel Hbf;RE;RE 30;30;4153;8000193;8000193%2021-12-25T05:15:00.000Z%,8003200,8002374,8002236,8000368,8001098,8000129,8004328,8005661,8000435,8000337,8000124,8000111,8002042,8000105,;602
2021-12-25T05:46:00.000Z;Kassel Hbf;RB;RB 83;83;24004;8000193;8000193%2021-12-25T05:46:00.000Z%,8004415,8003053,8005623,8006707,8002677,8002259,8006524,8000090,8002102,8000128,;426
2021-12-25T06:11:00.000Z;Kassel Hbf;RB;RB 5;5;24217;8000193;8000193%2021-12-25T06:11:00.000Z%,8003200,8002484,8003961,8000243,8000859,8000553,8002716,8005182,8003711,8000029,8002103,8000020,8004297,8001283,8003016,8000115,;426
2021-12-25T06:27:00.000Z;Kassel Hbf;RB;RB 4;4;23005;8000193;8000193%2021-12-25T06:27:00.000Z%,8003200,8004597,8006286,8006658,8006549,8001691,8006107,8003467,8000609,8003970,8005928,8000210,;426
2021-12-25T06:41:00.000Z;Kassel Hbf;RE;RE 5;5;24265;8000193;8000193%2021-12-25T06:41:00.000Z%,8003200,8003961,8005182,8000029,8000020,;602
2021-12-25T06:46:00.000Z;Kassel Hbf;RB;RB 83;83;24006;8000193;8000193%2021-12-25T06:46:00.000Z%,8004415,8003053,8005623,8006707,8002677,8002259,8006524,8000090,8002102,8000128,;426
2021-12-25T06:53:00.000Z;Kassel Hbf;RB;RB 39;39;23105;8000193;8000193%2021-12-25T06:53:00.000Z%,8003200,8003199,8005039,8000140,8002374,8006546,8000520,8002236,8000368,8006647,8002129,8005968,8003836,8006241,8000764,;426
2021-12-25T07:06:00.000Z;Kassel Hbf;RB;RB 5;5;24219;8000193;8000193%2021-12-25T07:06:00.000Z%,8003200,8002484,8003961,8000243,8000859,8000553,8002716,8005182,8003711,8000029,8002103,8000020,8004297,8001283,8003016,8000115,;426
2021-12-25T07:23:00.000Z;Kassel Hbf;RE;RE 30;30;4155;8000193;8000193%2021-12-25T07:23:00.000Z%,8003200,8000368,8001098,8000129,8004328,8005661,8000435,8000337,8000124,8000111,8000105,;602
2021-12-25T07:46:00.000Z;Kassel Hbf;RB;RB 83;83;24008;8000193;8000193%2021-12-25T07:46:00.000Z%,8004415,8003053,8005623,8006707,8002677,8002259,8006524,8000090,8002102,8000128,;426
2021-12-25T08:11:00.000Z;Kassel Hbf;RB;RB 5;5;24223;8000193;8000193%2021-12-25T08:11:00.000Z%,8003200,8002484,8003961,8000243,8000859,8000553,8002716,8005182,8003711,8000029,8002103,8000020,8004297,8001283,8003016,8000115,;426
2021-12-25T08:37:00.000Z;Kassel Hbf;RB;RB 39;39;23107;8000193;8000193%2021-12-25T08:37:00.000Z%,8003200,8003199,8005039,8000140,8002374,8006546,8000520,8002236,8000368,8006647,8002129,8005968,8003836,8006241,8000764,;426
2021-12-25T08:41:00.000Z;Kassel Hbf;RE;RE 5;5;24269;8000193;8000193%2021-12-25T08:41:00.000Z%,8003200,8003961,8005182,8000029,8000020,;602
2021-12-25T08:46:00.000Z;Kassel Hbf;RB;RB 83;83;24010;8000193;8000193%2021-12-25T08:46:00.000Z%,8004415,8003053,8005623,8006707,8002677,8002259,8006524,8000090,8002102,8000128,;426
2021-12-25T09:11:00.000Z;Kassel Hbf;RB;RB 5;5;24225;8000193;8000193%2021-12-25T09:11:00.000Z%,8003200,8002484,8003961,8000243,8000859,8000553,8002716,8005182,8003711,8000029,8002103,8000020,8004297,8001283,8003016,8000115,;426
2021-12-25T09:23:00.000Z;Kassel Hbf;RE;RE 30;30;4157;8000193;8000193%2021-12-25T09:23:00.000Z%,8003200,8000368,8001098,8000129,8004328,8005661,8000435,8000337,8000124,8000111,8000105,;602
2021-12-25T09:46:00.000Z;Kassel Hbf;RB;RB 83;83;24012;8000193;8000193%2021-12-25T09:46:00.000Z%,8004415,8003053,8005623,8006707,8002677,8002259,8006524,8000090,8002102,8000128,;426
2021-12-25T10:11:00.000Z;Kassel Hbf;RB;RB 5;5;24227;8000193;8000193%2021-12-25T10:11:00.000Z%,8003200,8002484,8003961,8000243,8000859,8000553,8002716,8005182,8003711,8000029,8002103,8000020,8004297,8001283,8003016,8000115,;426
2021-12-25T10:37:00.000Z;Kassel Hbf;RB;RB 39;39;23109;8000193;8000193%2021-12-25T10:37:00.000Z%,8003200,8003199,8005039,8000140,8002374,8006546,8000520,8002236,8000368,8006647,8002129,8005968,8003836,8006241,8000764,;426
2021-12-25T10:41:00.000Z;Kassel Hbf;RE;RE 5;5;24273;8000193;8000193%2021-12-25T10:41:00.000Z%,8003200,8003961,8005182,8000029,8000020,;602
2021-12-25T10:46:00.000Z;Kassel Hbf;RB;RB 83;83;24014;8000193;8000193%2021-12-25T10:46:00.000Z%,8004415,8003053,8005623,8006707,8002677,8002259,8006524,8000090,8002102,8000128,;426
2021-12-25T11:11:00.000Z;Kassel Hbf;RB;RB 5;5;24229;8000193;8000193%2021-12-25T11:11:00.000Z%,8003200,8002484,8003961,8000243,8000859,8000553,8002716,8005182,8003711,8000029,8002103,8000020,8004297,8001283,8003016,8000115,;426
2021-12-24T20:34:00.000Z;Leipzig Hbf;RB;RB 113;113;16695;8010205;8010205%2021-12-24T20:34:00.000Z%,8010208,8011495,8012375,8011913,8012228,8011755,8012526,8011132,8012597,8012178,8011077,8011914,8013095,8010122,;426
2021-12-24T20:57:00.000Z;Leipzig Hbf;RB;RB 22;22;80869;8010205;8010205%2021-12-24T20:57:00.000Z%0,8010209,8012192,8013447,8010269,8012682,8010390,8013297,8011312,8010196,8011074,8011619,8010125,;426
2021-12-24T21:00:00.000Z;Leipzig Hbf;RE;RE 50;50;16537;8010205;8010205%2021-12-24T21:00:00.000Z%,8011491,8010059,8013361,8012117,8011339,8013461,8010297,8011637,8012523,8010285,8012482,8013267,8010072,8010089,8013444,8010085,;602
2021-12-24T21:06:00.000Z;Leipzig Hbf;RB;RB 110;110;27756;8010205;8010205%2021-12-24T21:06:00.000Z%0,8080930,8010208,8011491,8010059,8010046,8012416,8011763,8011705,8010144,8013087,8012198,8012053,8013295,8010080,;426
2021-12-24T21:16:00.000Z;Leipzig Hbf;ICE;ICE 500;28;500;8010205;8010205%2021-12-24T21:16:00.000Z%0,8010050,8010222,8011113,8098160,8011102,;720
2021-12-24T21:19:00.000Z;Leipzig Hbf;RB;RB 20;20;74638;8010205;8010205%2021-12-24T21:19:00.000Z%0,8012193,8010207,8012817,8012355,8012311,8011753,8012080,8011071,8010146,8010368,8012199,8010240,8010019,8010145,8011085,8012502,8011051,8012567,8010366,8011915,8013192,8010101,8011502,8010242,8013226,8012965,8010136,8010118,8012320,8012826,8012899,8013366,8010097,;426
2021-12-24T21:20:00.000Z;Leipzig Hbf;RE;RE 6;6;74194;8010205;8010205%2021-12-24T21:20:00.000Z%0,8011077,8010122,8010238,8011297,8010184,;602
2021-12-24T21:34:00.000Z;Leipzig Hbf;RB;RB 113;113;16697;8010205;8010205%2021-12-24T21:34:00.000Z%,8010208,8011495,8012375,8011913,8012228,8011755,8012526,8011132,8012597,8012178,8011077,8011914,8013095,8010122,;426
2021-12-24T21:55:00.000Z;Leipzig Hbf;ICE;ICE 699;11;699;8010205;8010205%2021-12-24T22:07:00.000Z%12,8010101,8010136,8010097,8000105,8070003,8000244,8000096,8000170,8000139,8000013,8004158,8000261,;720
2021-12-24T22:07:00.000Z;Leipzig Hbf;RE;RE 50;50;16539;8010205;8010205%2021-12-24T22:07:00.000Z%,8011491,8010059,8013361,8012117,8011339,8013461,8010297,8011637,8012523,8010285,8012482,8013267,8010072,8010089,8013444,8010085,;602
2021-12-24T22:09:00.000Z;Leipzig Hbf;RB;RB 22;22;80871;8010205;8010205%2021-12-24T22:09:00.000Z%0,8010209,8012192,8013447,8010269,8012682,8010390,8013297,8011312,8011074,8011619,8010125,8010126,8011623,;426
2021-12-24T22:21:00.000Z;Leipzig Hbf;RB;RB 20;20;74640;8010205;8010205%2021-12-24T22:21:00.000Z%0,8012193,8010207,8012817,8012355,8012311,8011753,8012080,8011071,8010146,8010368,8012199,8010240,8010019,8010145,8011085,8012502,8011051,8012567,8010366,8011915,8013192,8010101,;426
2021-12-24T22:26:00.000Z;Leipzig Hbf;RB;RB 110;110;27758;8010205;8010205%2021-12-24T22:26:00.000Z%0,8080930,8010208,8011491,8010059,8010046,8012416,8011763,8011705,;426
2021-12-24T22:33:00.000Z;Leipzig Hbf;RE;RE 10;10;18399;8010205;8010205%2021-12-24T22:33:00.000Z%,8013093,8010095,8010161,8011387,8012371,8010351,8011131,8010103,8010079,8011542,8010069,8010073,;602
2021-12-24T22:37:00.000Z;Leipzig Hbf;RE;RE 6;6;74196;8010205;8010205%2021-12-24T22:37:00.000Z%0,8012228,8011077,8010122,8010238,8011297,8010184,;602
2021-12-24T23:12:00.000Z;Leipzig Hbf;RB;RB 113;113;16661;8010205;8010205%2021-12-24T23:12:00.000Z%,8010208,8011495,8012375,8011913,8012228,8011755,8012526,8011132,8012597,8012178,8011077,8011914,8013095,8010122,;426
2021-12-24T23:21:00.000Z;Leipzig Hbf;RB;RB 20;20;74642;8010205;8010205%2021-12-24T23:21:00.000Z%,8012193,8010207,8012817,8012355,8012311,8011753,8012080,8011071,8010146,8010368,8012199,8010240,;426
2021-12-24T23:35:00.000Z;Leipzig Hbf;IC;IC 95;17;95;8010205;8010205%2021-12-24T23:35:00.000Z%,8010159,8010240,8011956,8010133,8010309,8000228,8000025,8001844,8000114,8000284,8000309,8000095,8000301,8000298,8100024,8100014,8100013,8100008,8100514,8103000,;468
2021-12-24T20:24:00.000Z;München Hbf;RE;RE 3;3;4090;8000261;8000261%2021-12-24T20:24:00.000Z%0,8002078,8004084,8000217,8006537,8001466,8003506,8006181,8000301,8004700,8006086,8000298,;602
2021-12-24T20:28:00.000Z;München Hbf;RB;RB 40;40;27071;8000261;8000261%2021-12-24T20:28:00.000Z%,8000262,8003879,8002912,8006190,8001499,8005495,8000576,8000258,;426
2021-12-24T20:31:00.000Z;München Hbf;RB;RB 16;16;59108;8000261;8000261%2021-12-24T20:31:00.000Z%0,8001354,8004775,8004747,8005008,8004781,8000256,8000678,8000183,8003076,8003074,8002171,8001734,8005828,8000419,8001708,8001495,8005593,8004753,8000122,8006298,8001749,8004835,8004115,8002237,8005995,8005185,8005439,8000284,;426
2021-12-24T20:32:00.000Z;München Hbf Gl.27-36;RB;RB 6;6;59471;8098261;8098261%2021-12-24T20:32:00.000Z%0,8004158,8005927,8000220,8003024,8005948,8004185,8004662,8001880,8004506,8001961,8002187,8003302,8004043,;426
2021-12-24T20:44:00.000Z;München Hbf;RE;RE 50;50;4868;8000261;8000261%2021-12-24T20:44:00.000Z%0,8002078,8004084,8000217,8001835,8000688,8001679,8002506,8003357,8004592,8001298,8000309,;602
2021-12-24T20:51:00.000Z;München Hbf;ICE;ICE 698;11;698;8000261;8000261%2021-12-24T20:51:00.000Z%,8000013,8000139,8000170,8000096,8000244,8070003,8000105,8010097,8010136,8010101,8010366,8010240,8010159,8010050,8011113,8098160,8011102,;720
2021-12-24T21:00:00.000Z;München Hbf;RE;RE 9;9;57070;8000261;8000261%2021-12-24T21:00:00.000Z%,8004158,8004204,8002623,8000545,8003982,8004008,8003299,8000661,8000658,8000013,8000662,8004318,8006378,8001439,8002263,8003483,8001468,8002074,8003123,8001276,8004030,8004654,8000139,8003627,8004239,8006730,8000170,;602
2021-12-24T21:00:00.000Z;München Hbf;RE;RE 87;87;57170;8000261;8000261%2021-12-24T21:00:00.000Z%,8004158,8004204,8002623,8000545,8003982,8004008,8003299,8000661,8000658,8000013,8000662,8002256,8002162,8003560,8002761,8003952,8006363,8004451,8003989,8000778,8000078,;602
2021-12-24T21:20:00.000Z;München Hbf;RE;RE 72;72;78971;8000261;8000261%2021-12-24T21:20:00.000Z%0,8004158,8000119,8000195,8000057,8000144,8004927,8000338,8005725,8005607,8000249,;602
2021-12-24T21:24:00.000Z;München Hbf;RB;RB 16;16;59174;8000261;8000261%2021-12-24T21:24:00.000Z%,8001354,8004775,8004747,8005008,8004781,8000256,8000678,8000183,8003076,;426
2021-12-24T21:28:00.000Z;München Hbf;RB;RB 40;40;27073;8000261;8000261%2021-12-24T21:28:00.000Z%,8000262,8003879,8002912,8005852,8001499,8005495,8000576,8000258,;426
2021-12-24T21:32:00.000Z;München Hbf Gl.27-36;RB;RB 6;6;59473;8098261;8098261%2021-12-24T21:32:00.000Z%,8004158,8005927,8000220,8003024,8005948,8004185,8004662,8001880,8004506,8001961,8002187,8003302,8004043,;426
2021-12-24T20:27:00.000Z;Stolberg(Rheinl)Hbf;RE;RE 9;9;10933;8000348;8000348%2021-12-24T20:28:00.000Z%1,8001886,8003553,8000084,8000178,8000208,8000207,8003368,8004869,8000135,8005556,8002753,8001736,8002768,8005356,8000012,8001928,8006501,8004381,8005338,8000034,8000427,8001112,8004406,8001729,8000046,;602
2021-12-24T20:34:00.000Z;Stolberg(Rheinl)Hbf;RE;RE 9;9;10930;8000348;8000348%2021-12-24T20:34:00.000Z%0,8000406,8000001,;602
2021-12-24T20:50:00.000Z;Stolberg(Rheinl)Hbf;RB;RB 20;20;30038;8000348;8000348%2021-12-24T20:50:00.000Z%0,8001712,8000406,8000001,8070704,8000404,8003395,8002806,8002804,8002816,8000507,8000502,8000521,8000527,8000510,8001917,8098349,;426
2021-12-24T20:57:00.000Z;Stolberg(Rheinl)Hbf;RE;RE 1;1;26836;8000348;8000348%2021-12-24T20:57:00.000Z%0,8000406,8000001,;602
2021-12-24T21:01:00.000Z;Stolberg(Rheinl)Hbf;RE;RE 1;1;26841;8000348;8000348%2021-12-24T21:01:00.000Z%0,8001886,8003553,8000084,8000178,8000208,8000207,8003368,8000209,8006713,8001584,8000085,8000082,8000086,8000259,8000098,8006226,8000041,8000080,8001515,8001537,8003169,8003168,8004448,8000149,;602
2021-12-24T21:12:00.000Z;Stolberg(Rheinl)Hbf Gl.44;RB;RB 20;20;30041;8098349;8098349%2021-12-24T21:12:00.000Z%,8001917,8000510,8000527,8000521,8000502,8000507,8002816,8002804,8002806,8003395,8000404,8070704,8000001,8000406,8001712,8000348,;426
2021-12-24T21:20:00.000Z;Stolberg(Rheinl)Hbf;RB;RB 20;20;30584;8000348;8000348%2021-12-24T21:20:00.000Z%,8001712,8000406,8000001,;426
2021-12-24T21:33:00.000Z;Stolberg(Rheinl)Hbf;RE;RE 9;9;10932;8000348;8000348%2021-12-24T21:33:00.000Z%0,8000406,8000001,;602
2021-12-24T21:50:00.000Z;Stolberg(Rheinl)Hbf;RB;RB 20;20;30040;8000348;8000348%2021-12-24T21:50:00.000Z%,8001712,8000406,8000001,8070704,8000404,8003395,8002806,8002804,8002816,8000507,8000502,8000521,8000527,8000510,8001917,8098349,;426
2021-12-24T21:57:00.000Z;Stolberg(Rheinl)Hbf;RE;RE 1;1;26838;8000348;8000348%2021-12-24T21:57:00.000Z%0,8000406,8000001,;602
2021-12-24T22:00:00.000Z;Stolberg(Rheinl)Hbf;RE;RE 1;1;26843;8000348;8000348%2021-12-24T22:00:00.000Z%0,8001886,8003553,8000084,8000178,8000208,8000207,8003368,8000209,8006713,8001584,8000085,8000082,8000086,8000259,8000098,8006226,8000041,8000080,8001515,8001537,8003169,8003168,8004448,8000149,;602
2021-12-24T22:12:00.000Z;Stolberg(Rheinl)Hbf Gl.44;RB;RB 20;20;30045;8098349;8098349%2021-12-24T22:12:00.000Z%,8001917,8000510,8000527,8000521,8000502,8000507,8002816,8002804,8002806,8003395,8000404,8070704,8000001,8000406,8001712,8000348,;426
2021-12-24T22:20:00.000Z;Stolberg(Rheinl)Hbf;RB;RB 20;20;30586;8000348;8000348%2021-12-24T22:20:00.000Z%,8001712,8000406,8000001,;426
2021-12-24T22:34:00.000Z;Stolberg(Rheinl)Hbf;RE;RE 1;1;26862;8000348;8000348%2021-12-24T22:34:00.000Z%,8001712,8000406,8000001,;602
2021-12-24T22:50:00.000Z;Stolberg(Rheinl)Hbf;RB;RB 20;20;30044;8000348;8000348%2021-12-24T22:50:00.000Z%,8001712,8000406,8000001,8070704,8000404,8003395,8002806,8002804,8002816,8000507,8000502,8000521,8000527,8000510,8001917,8098349,;426
2021-12-24T22:59:00.000Z;Stolberg(Rheinl)Hbf;RE;RE 1;1;26840;8000348;8000348%2021-12-24T22:59:00.000Z%0,8000406,8000001,;602
2021-12-24T23:00:00.000Z;Stolberg(Rheinl)Hbf;RE;RE 1;1;26845;8000348;8000348%2021-12-24T23:00:00.000Z%,8001886,8003553,8000084,8000178,8000208,8000207,8003368,8000209,8006713,8001584,8000085,8000082,8000086,8000259,8000098,8006226,8000041,8000080,8001515,8001537,8003169,8003168,8004448,8000149,;602
2021-12-24T23:33:00.000Z;Stolberg(Rheinl)Hbf;RE;RE 9;9;10936;8000348;8000348%2021-12-24T23:33:00.000Z%,8000406,8000001,;602
2021-12-24T23:53:00.000Z;Stolberg(Rheinl)Hbf;RB;RB 20;20;30588;8000348;8000348%2021-12-24T23:53:00.000Z%,8001712,8000406,8000001,;426
2021-12-24T23:57:00.000Z;Stolberg(Rheinl)Hbf;RE;RE 1;1;26842;8000348;8000348%2021-12-24T23:57:00.000Z%0,8000406,8000001,;602
2021-12-25T00:00:00.000Z;Stolberg(Rheinl)Hbf;RE;RE 1;1;26801;8000348;8000348%2021-12-25T00:00:00.000Z%,8001886,8003553,8000084,8000178,8000208,8000207,8003368,8000209,8006713,8001584,8000085,8000082,8000086,8000259,8000098,8006226,8000041,8000080,8001515,8001537,8003169,8003168,8004448,8000149,;602
2021-12-25T00:57:00.000Z;Stolberg(Rheinl)Hbf;RE;RE 1;1;26844;8000348;8000348%2021-12-25T00:57:00.000Z%0,8000406,8000001,;602
2021-12-25T01:57:00.000Z;Stolberg(Rheinl)Hbf;RE;RE 1;1;26800;8000348;8000348%2021-12-25T01:57:00.000Z%,8000406,8000001,;602
2021-12-25T05:00:00.000Z;Stolberg(Rheinl)Hbf;RE;RE 1;1;26809;8000348;8000348%2021-12-25T05:00:00.000Z%,8001886,8003553,8000084,8000178,8000208,8000207,8003368,8000209,8006713,8001584,8000085,8000082,8000086,8000259,8000098,8006226,8000041,8000080,8001515,8001537,8003169,8003168,8000149,;602
2021-12-25T05:57:00.000Z;Stolberg(Rheinl)Hbf;RE;RE 1;1;26806;8000348;8000348%2021-12-25T05:57:00.000Z%,8000406,8000001,;602
2021-12-25T06:00:00.000Z;Stolberg(Rheinl)Hbf;RE;RE 1;1;26811;8000348;8000348%2021-12-25T06:00:00.000Z%,8001886,8003553,8000084,8000178,8000208,8000207,8003368,8000209,8006713,8001584,8000085,8000082,8000086,8000259,8000098,8006226,8000041,8000080,8001537,8003169,8003168,8004448,8000149,;602
2021-12-25T06:12:00.000Z;Stolberg(Rheinl)Hbf Gl.44;RB;RB 20;20;30009;8098349;8098349%2021-12-25T06:12:00.000Z%,8001917,8000510,8000527,8000521,8000502,8000507,8002816,8002804,8002806,8003395,8000404,8070704,8000001,8000406,8001712,8000348,;426
2021-12-25T06:57:00.000Z;Stolberg(Rheinl)Hbf;RE;RE 1;1;26808;8000348;8000348%2021-12-25T06:57:00.000Z%,8000406,8000001,;602
2021-12-25T07:00:00.000Z;Stolberg(Rheinl)Hbf;RE;RE 1;1;26813;8000348;8000348%2021-12-25T07:00:00.000Z%,8001886,8003553,8000084,8000178,8000208,8000207,8003368,8000209,8006713,8001584,8000085,8000082,8000086,8000259,8000098,8006226,8000041,8000080,8001515,8001537,8003169,8003168,8000149,;602
2021-12-25T07:12:00.000Z;Stolberg(Rheinl)Hbf Gl.44;RB;RB 20;20;30011;8098349;8098349%2021-12-25T07:12:00.000Z%,8001917,8000510,8000527,8000521,8000502,8000507,8002816,8002804,8002806,8003395,8000404,8070704,8000001,8000406,8001712,8000348,;426
2021-12-25T07:20:00.000Z;Stolberg(Rheinl)Hbf;RB;RB 20;20;30556;8000348;8000348%2021-12-25T07:20:00.000Z%,8001712,8000406,8000001,8070704,8000404,8003395,8002806,8002804,8002816,8000507,8000502,;426
2021-12-25T07:27:00.000Z;Stolberg(Rheinl)Hbf;RE;RE 1;1;26857;8000348;8000348%2021-12-25T07:27:00.000Z%,8001886,8003553,8000084,8000178,8000208,8000207,8003368,;602
2021-12-25T07:50:00.000Z;Stolberg(Rheinl)Hbf;RB;RB 20;20;30010;8000348;8000348%2021-12-25T07:50:00.000Z%,8001712,8000406,8000001,8070704,8000404,8003395,8002806,8002804,8002816,8000507,8000502,8000521,8000527,8000510,8001917,8098349,;426
2021-12-25T07:57:00.000Z;Stolberg(Rheinl)Hbf;RE;RE 1;1;26874;8000348;8000348%2021-12-25T07:57:00.000Z%,8000406,8000001,;602
2021-12-25T08:00:00.000Z;Stolberg(Rheinl)Hbf;RE;RE 1;1;26815;8000348;8000348%2021-12-25T08:00:00.000Z%,8001886,8003553,8000084,8000178,8000208,8000207,8003368,8000209,8006713,8001584,8000085,8000082,8000086,8000259,8000098,8006226,8000041,8000080,8001537,8003169,8003168,8004448,8000149,;602
2021-12-25T08:12:00.000Z;Stolberg(Rheinl)Hbf Gl.44;RB;RB 20;20;30013;8098349;8098349%2021-12-25T08:12:00.000Z%,8001917,8000510,8000527,8000521,8000502,8000507,8002816,8002804,8002806,8003395,8000404,8070704,8000001,8000406,8001712,8000348,;426
2021-12-25T08:20:00.000Z;Stolberg(Rheinl)Hbf;RB;RB 20;20;30558;8000348;8000348%2021-12-25T08:20:00.000Z%,8001712,8000406,8000001,8070704,8000404,8003395,8002806,8002804,8002816,8000507,8000502,;426
2021-12-25T08:27:00.000Z;Stolberg(Rheinl)Hbf;RE;RE 9;9;10909;8000348;8000348%2021-12-25T08:27:00.000Z%,8001886,8003553,8000084,8000178,8000208,8000207,8003368,8004869,8000135,8005556,8002753,8001736,8002768,8005356,8000012,8006501,8000034,8000427,8001112,8000046,;602
2021-12-25T08:50:00.000Z;Stolberg(Rheinl)Hbf;RB;RB 20;20;30012;8000348;8000348%2021-12-25T08:50:00.000Z%,8001712,8000406,8000001,8070704,8000404,8003395,8002806,8002804,8002816,8000507,8000502,8000521,8000527,8000510,8001917,8098349,;426
2021-12-25T08:57:00.000Z;Stolberg(Rheinl)Hbf;RE;RE 1;1;26812;8000348;8000348%2021-12-25T08:57:00.000Z%,8000406,8000001,;602
2021-12-25T09:00:00.000Z;Stolberg(Rheinl)Hbf;RE;RE 1;1;26817;8000348;8000348%2021-12-25T09:00:00.000Z%,8001886,8003553,8000084,8000178,8000208,8000207,8003368,8000209,8006713,8001584,8000085,8000082,8000086,8000259,8000098,8006226,8000041,8000080,8001515,8001537,8003169,8003168,8000149,;602
2021-12-25T09:12:00.000Z;Stolberg(Rheinl)Hbf Gl.44;RB;RB 20;20;30015;8098349;8098349%2021-12-25T09:12:00.000Z%,8001917,8000510,8000527,8000521,8000502,8000507,8002816,8002804,8002806,8003395,8000404,8070704,8000001,8000406,8001712,8000348,;426
2021-12-25T09:20:00.000Z;Stolberg(Rheinl)Hbf;RB;RB 20;20;30560;8000348;8000348%2021-12-25T09:20:00.000Z%,8001712,8000406,8000001,8070704,8000404,8003395,8002806,8002804,8002816,8000507,8000502,;426
2021-12-25T09:27:00.000Z;Stolberg(Rheinl)Hbf;RE;RE 9;9;10911;8000348;8000348%2021-12-25T09:27:00.000Z%,8001886,8003553,8000084,8000178,8000208,8000207,8004869,8000135,8005556,8002753,8001736,8002768,8005356,8000012,8006501,8000034,8000427,8001112,8000046,;602
2021-12-25T09:33:00.000Z;Stolberg(Rheinl)Hbf;RE;RE 9;9;10908;8000348;8000348%2021-12-25T09:33:00.000Z%,8000406,8000001,;602
2021-12-25T09:50:00.000Z;Stolberg(Rheinl)Hbf;RB;RB 20;20;30014;8000348;8000348%2021-12-25T09:50:00.000Z%,8001712,8000406,8000001,8070704,8000404,8003395,8002806,8002804,8002816,8000507,8000502,8000521,8000527,8000510,8001917,8098349,;426
2021-12-25T09:57:00.000Z;Stolberg(Rheinl)Hbf;RE;RE 1;1;26814;8000348;8000348%2021-12-25T09:57:00.000Z%,8000406,8000001,;602
2021-12-25T10:00:00.000Z;Stolberg(Rheinl)Hbf;RE;RE 1;1;26819;8000348;8000348%2021-12-25T10:00:00.000Z%,8001886,8003553,8000084,8000178,8000208,8000207,8003368,8000209,8006713,8001584,8000085,8000082,8000086,8000259,8000098,8006226,8000041,8000080,8001537,8003169,8003168,8004448,8000149,;602
2021-12-25T10:12:00.000Z;Stolberg(Rheinl)Hbf Gl.44;RB;RB 20;20;30017;8098349;8098349%2021-12-25T10:12:00.000Z%,8001917,8000510,8000527,8000521,8000502,8000507,8002816,8002804,8002806,8003395,8000404,8070704,8000001,8000406,8001712,8000348,;426
2021-12-25T10:20:00.000Z;Stolberg(Rheinl)Hbf;RB;RB 20;20;30562;8000348;8000348%2021-12-25T10:20:00.000Z%,8001712,8000406,8000001,8070704,8000404,8003395,8002806,8002804,8002816,8000507,8000502,;426
2021-12-25T10:27:00.000Z;Stolberg(Rheinl)Hbf;RE;RE 9;9;10913;8000348;8000348%2021-12-25T10:27:00.000Z%,8001886,8003553,8000084,8000178,8000208,8000207,8003368,8004869,8000135,8005556,8002753,8001736,8002768,8005356,8000012,8006501,8000034,8000427,8001112,8000046,;602
2021-12-25T10:33:00.000Z;Stolberg(Rheinl)Hbf;RE;RE 9;9;10910;8000348;8000348%2021-12-25T10:33:00.000Z%,8000406,8000001,;602
2021-12-25T10:50:00.000Z;Stolberg(Rheinl)Hbf;RB;RB 20;20;30016;8000348;8000348%2021-12-25T10:50:00.000Z%,8001712,8000406,8000001,8070704,8000404,8003395,8002806,8002804,8002816,8000507,8000502,8000521,8000527,8000510,8001917,8098349,;426
2021-12-25T10:57:00.000Z;Stolberg(Rheinl)Hbf;RE;RE 1;1;26816;8000348;8000348%2021-12-25T10:57:00.000Z%,8000406,8000001,;602
2021-12-25T11:00:00.000Z;Stolberg(Rheinl)Hbf;RE;RE 1;1;26821;8000348;8000348%2021-12-25T11:00:00.000Z%,8001886,8003553,8000084,8000178,8000208,8000207,8003368,8000209,8006713,8001584,8000085,8000082,8000086,8000259,8000098,8006226,8000041,8000080,8001515,8001537,8003169,8003168,8000149,;602
2021-12-25T11:12:00.000Z;Stolberg(Rheinl)Hbf Gl.44;RB;RB 20;20;30019;8098349;8098349%2021-12-25T11:12:00.000Z%,8001917,8000510,8000527,8000521,8000502,8000507,8002816,8002804,8002806,8003395,8000404,8070704,8000001,8000406,8001712,8000348,;426
2021-12-25T11:20:00.000Z;Stolberg(Rheinl)Hbf;RB;RB 20;20;30564;8000348;8000348%2021-12-25T11:20:00.000Z%,8001712,8000406,8000001,8070704,8000404,8003395,8002806,8002804,8002816,8000507,8000502,;426
2021-12-25T11:27:00.000Z;Stolberg(Rheinl)Hbf;RE;RE 9;9;10915;8000348;8000348%2021-12-25T11:27:00.000Z%,8001886,8003553,8000084,8000178,8000208,8000207,8003368,8004869,8000135,8005556,8002753,8001736,8002768,8005356,8000012,8006501,8000034,8000427,8001112,8000046,;602
2021-12-25T11:33:00.000Z;Stolberg(Rheinl)Hbf;RE;RE 9;9;10912;8000348;8000348%2021-12-25T11:33:00.000Z%,8000406,8000001,;602
2021-12-25T11:50:00.000Z;Stolberg(Rheinl)Hbf;RB;RB 20;20;30018;8000348;8000348%2021-12-25T11:50:00.000Z%,8001712,8000406,8000001,8070704,8000404,8003395,8002806,8002804,8002816,8000507,8000502,8000521,8000527,8000510,8001917,8098349,;426
2021-12-25T11:57:00.000Z;Stolberg(Rheinl)Hbf;RE;RE 1;1;26818;8000348;8000348%2021-12-25T11:57:00.000Z%,8000406,8000001,;602
2021-12-25T12:00:00.000Z;Stolberg(Rheinl)Hbf;RE;RE 1;1;26823;8000348;8000348%2021-12-25T12:00:00.000Z%,8001886,8003553,8000084,8000178,8000208,8000207,8003368,8000209,8006713,8001584,8000085,8000082,8000086,8000259,8000098,8006226,8000041,8000080,8001537,8003169,8003168,8004448,8000149,;602
2021-12-25T12:12:00.000Z;Stolberg(Rheinl)Hbf Gl.44;RB;RB 20;20;30021;8098349;8098349%2021-12-25T12:12:00.000Z%,8001917,8000510,8000527,8000521,8000502,8000507,8002816,8002804,8002806,8003395,8000404,8070704,8000001,8000406,8001712,8000348,;426
2021-12-25T12:20:00.000Z;Stolberg(Rheinl)Hbf;RB;RB 20;20;30566;8000348;8000348%2021-12-25T12:20:00.000Z%,8001712,8000406,8000001,8070704,8000404,8003395,8002806,8002804,8002816,8000507,8000502,;426
2021-12-25T12:27:00.000Z;Stolberg(Rheinl)Hbf;RE;RE 9;9;10917;8000348;8000348%2021-12-25T12:27:00.000Z%,8001886,8003553,8000084,8000178,8000208,8000207,8003368,8004869,8000135,8005556,8002753,8001736,8002768,8005356,8000012,8006501,8000034,8000427,8001112,8000046,;602
2021-12-25T12:33:00.000Z;Stolberg(Rheinl)Hbf;RE;RE 9;9;10914;8000348;8000348%2021-12-25T12:33:00.000Z%,8000406,8000001,;602
2021-12-25T12:50:00.000Z;Stolberg(Rheinl)Hbf;RB;RB 20;20;30020;8000348;8000348%2021-12-25T12:50:00.000Z%,8001712,8000406,8000001,8070704,8000404,8003395,8002806,8002804,8002816,8000507,8000502,8000521,8000527,8000510,8001917,8098349,;426
2021-12-25T12:57:00.000Z;Stolberg(Rheinl)Hbf;RE;RE 1;1;26820;8000348;8000348%2021-12-25T12:57:00.000Z%,8000406,8000001,;602
2021-12-25T13:00:00.000Z;Stolberg(Rheinl)Hbf;RE;RE 1;1;26825;8000348;8000348%2021-12-25T13:00:00.000Z%,8001886,8003553,8000084,8000178,8000208,8000207,8003368,8000209,8006713,8001584,8000085,8000082,8000086,8000259,8000098,8006226,8000041,8000080,8001515,8001537,8003169,8003168,8000149,;602
2021-12-25T13:12:00.000Z;Stolberg(Rheinl)Hbf Gl.44;RB;RB 20;20;30023;8098349;8098349%2021-12-25T13:12:00.000Z%,8001917,8000510,8000527,8000521,8000502,8000507,8002816,8002804,8002806,8003395,8000404,8070704,8000001,8000406,8001712,8000348,;426
2021-12-25T13:20:00.000Z;Stolberg(Rheinl)Hbf;RB;RB 20;20;30568;8000348;8000348%2021-12-25T13:20:00.000Z%,8001712,8000406,8000001,8070704,8000404,8003395,8002806,8002804,8002816,8000507,8000502,;426
2021-12-25T13:27:00.000Z;Stolberg(Rheinl)Hbf;RE;RE 9;9;10919;8000348;8000348%2021-12-25T13:27:00.000Z%,8001886,8003553,8000084,8000178,8000208,8000207,8003368,8004869,8000135,8005556,8002753,8001736,8002768,8005356,8000012,8006501,8000034,8000427,8001112,8000046,;602
2021-12-25T13:33:00.000Z;Stolberg(Rheinl)Hbf;RE;RE 9;9;10916;8000348;8000348%2021-12-25T13:33:00.000Z%,8000406,8000001,;602
2021-12-25T13:50:00.000Z;Stolberg(Rheinl)Hbf;RB;RB 20;20;30022;8000348;8000348%2021-12-25T13:50:00.000Z%,8001712,8000406,8000001,8070704,8000404,8003395,8002806,8002804,8002816,8000507,8000502,8000521,8000527,8000510,8001917,8098349,;426
2021-12-25T13:57:00.000Z;Stolberg(Rheinl)Hbf;RE;RE 1;1;26822;8000348;8000348%2021-12-25T13:57:00.000Z%,8000406,8000001,;602
2021-12-25T14:00:00.000Z;Stolberg(Rheinl)Hbf;RE;RE 1;1;26827;8000348;8000348%2021-12-25T14:00:00.000Z%,8001886,8003553,8000084,8000178,8000208,8000207,8003368,8000209,8006713,8001584,8000085,8000082,8000086,8000259,8000098,8006226,8000041,8000080,8001537,8003169,8003168,8004448,8000149,;602
2021-12-25T14:12:00.000Z;Stolberg(Rheinl)Hbf Gl.44;RB;RB 20;20;30025;8098349;8098349%2021-12-25T14:12:00.000Z%,8001917,8000510,8000527,8000521,8000502,8000507,8002816,8002804,8002806,8003395,8000404,8070704,8000001,8000406,8001712,8000348,;426
2021-12-25T14:20:00.000Z;Stolberg(Rheinl)Hbf;RB;RB 20;20;30570;8000348;8000348%2021-12-25T14:20:00.000Z%,8001712,8000406,8000001,8070704,8000404,8003395,8002806,8002804,8002816,8000507,8000502,;426
2021-12-25T14:27:00.000Z;Stolberg(Rheinl)Hbf;RE;RE 9;9;10921;8000348;8000348%2021-12-25T14:27:00.000Z%,8001886,8003553,8000084,8000178,8000208,8000207,8003368,8004869,8000135,8005556,8002753,8001736,8002768,8005356,8000012,8006501,8000034,8000427,8001112,8000046,;602
2021-12-25T14:33:00.000Z;Stolberg(Rheinl)Hbf;RE;RE 9;9;10918;8000348;8000348%2021-12-25T14:33:00.000Z%,8000406,8000001,;602
2021-12-25T14:50:00.000Z;Stolberg(Rheinl)Hbf;RB;RB 20;20;30024;8000348;8000348%2021-12-25T14:50:00.000Z%,8001712,8000406,8000001,8070704,8000404,8003395,8002806,8002804,8002816,8000507,8000502,8000521,8000527,8000510,8001917,8098349,;426
2021-12-25T14:57:00.000Z;Stolberg(Rheinl)Hbf;RE;RE 1;1;26824;8000348;8000348%2021-12-25T14:57:00.000Z%,8000406,8000001,;602
2021-12-25T15:00:00.000Z;Stolberg(Rheinl)Hbf;RE;RE 1;1;26829;8000348;8000348%2021-12-25T15:00:00.000Z%,8001886,8003553,8000084,8000178,8000208,8000207,8003368,8000209,8006713,8001584,8000085,8000082,8000086,8000259,8000098,8006226,8000041,8000080,8001515,8001537,8003169,8003168,8000149,;602
2021-12-25T15:12:00.000Z;Stolberg(Rheinl)Hbf Gl.44;RB;RB 20;20;30027;8098349;8098349%2021-12-25T15:12:00.000Z%,8001917,8000510,8000527,8000521,8000502,8000507,8002816,8002804,8002806,8003395,8000404,8070704,8000001,8000406,8001712,8000348,;426
2021-12-25T15:20:00.000Z;Stolberg(Rheinl)Hbf;RB;RB 20;20;30572;8000348;8000348%2021-12-25T15:20:00.000Z%,8001712,8000406,8000001,8070704,8000404,8003395,8002806,8002804,8002816,8000507,8000502,;426
2021-12-25T15:27:00.000Z;Stolberg(Rheinl)Hbf;RE;RE 9;9;10923;8000348;8000348%2021-12-25T15:27:00.000Z%,8001886,8003553,8000084,8000178,8000208,8000207,8003368,8004869,8000135,8005556,8002753,8001736,8002768,8005356,8000012,8006501,8000034,8000427,8001112,8000046,;602
2021-12-25T15:33:00.000Z;Stolberg(Rheinl)Hbf;RE;RE 9;9;10920;8000348;8000348%2021-12-25T15:33:00.000Z%,8000406,8000001,;602
2021-12-25T15:50:00.000Z;Stolberg(Rheinl)Hbf;RB;RB 20;20;30026;8000348;8000348%2021-12-25T15:50:00.000Z%,8001712,8000406,8000001,8070704,8000404,8003395,8002806,8002804,8002816,8000507,8000502,8000521,8000527,8000510,8001917,8098349,;426
2021-12-25T15:57:00.000Z;Stolberg(Rheinl)Hbf;RE;RE 1;1;26826;8000348;8000348%2021-12-25T15:57:00.000Z%,8000406,8000001,;602
2021-12-25T16:00:00.000Z;Stolberg(Rheinl)Hbf;RE;RE 1;1;26831;8000348;8000348%2021-12-25T16:00:00.000Z%,8001886,8003553,8000084,8000178,8000208,8000207,8003368,8000209,8006713,8001584,8000085,8000082,8000086,8000259,8000098,8006226,8000041,8000080,8001537,8003169,8003168,8004448,8000149,;602
2021-12-25T16:12:00.000Z;Stolberg(Rheinl)Hbf Gl.44;RB;RB 20;20;30029;8098349;8098349%2021-12-25T16:12:00.000Z%,8001917,8000510,8000527,8000521,8000502,8000507,8002816,8002804,8002806,8003395,8000404,8070704,8000001,8000406,8001712,8000348,;426
2021-12-25T16:20:00.000Z;Stolberg(Rheinl)Hbf;RB;RB 20;20;30574;8000348;8000348%2021-12-25T16:20:00.000Z%,8001712,8000406,8000001,8070704,8000404,8003395,8002806,8002804,8002816,8000507,8000502,;426
2021-12-25T16:27:00.000Z;Stolberg(Rheinl)Hbf;RE;RE 9;9;10925;8000348;8000348%2021-12-25T16:27:00.000Z%,8001886,8003553,8000084,8000178,8000208,8000207,8003368,8004869,8000135,8005556,8002753,8001736,8002768,8005356,8000012,8006501,8000034,8000427,8001112,8000046,;602
2021-12-25T16:33:00.000Z;Stolberg(Rheinl)Hbf;RE;RE 9;9;10922;8000348;8000348%2021-12-25T16:33:00.000Z%,8000406,8000001,;602
2021-12-25T16:50:00.000Z;Stolberg(Rheinl)Hbf;RB;RB 20;20;30028;8000348;8000348%2021-12-25T16:50:00.000Z%,8001712,8000406,8000001,8070704,8000404,8003395,8002806,8002804,8002816,8000507,8000502,8000521,8000527,8000510,8001917,8098349,;426
2021-12-25T16:57:00.000Z;Stolberg(Rheinl)Hbf;RE;RE 1;1;26828;8000348;8000348%2021-12-25T16:57:00.000Z%,8000406,8000001,;602
2021-12-25T17:00:00.000Z;Stolberg(Rheinl)Hbf;RE;RE 1;1;26833;8000348;8000348%2021-12-25T17:00:00.000Z%,8001886,8003553,8000084,8000178,8000208,8000207,8003368,8000209,8006713,8001584,8000085,8000082,8000086,8000259,8000098,8006226,8000041,8000080,8001515,8001537,8003169,8003168,8000149,;602
2021-12-25T17:12:00.000Z;Stolberg(Rheinl)Hbf Gl.44;RB;RB 20;20;30031;8098349;8098349%2021-12-25T17:12:00.000Z%,8001917,8000510,8000527,8000521,8000502,8000507,8002816,8002804,8002806,8003395,8000404,8070704,8000001,8000406,8001712,8000348,;426
2021-12-25T17:20:00.000Z;Stolberg(Rheinl)Hbf;RB;RB 20;20;30576;8000348;8000348%2021-12-25T17:20:00.000Z%,8001712,8000406,8000001,8070704,8000404,8003395,8002806,8002804,8002816,8000507,8000502,;426
2021-12-25T17:27:00.000Z;Stolberg(Rheinl)Hbf;RE;RE 9;9;10927;8000348;8000348%2021-12-25T17:27:00.000Z%,8001886,8003553,8000084,8000178,8000208,8000207,8003368,8004869,8000135,8005556,8002753,8001736,8002768,8005356,8000012,8006501,8000034,8000427,8001112,8000046,;602
2021-12-25T17:33:00.000Z;Stolberg(Rheinl)Hbf;RE;RE 9;9;10924;8000348;8000348%2021-12-25T17:33:00.000Z%,8000406,8000001,;602
2021-12-25T17:50:00.000Z;Stolberg(Rheinl)Hbf;RB;RB 20;20;30030;8000348;8000348%2021-12-25T17:50:00.000Z%,8001712,8000406,8000001,8070704,8000404,8003395,8002806,8002804,8002816,8000507,8000502,8000521,8000527,8000510,8001917,8098349,;426
2021-12-25T17:57:00.000Z;Stolberg(Rheinl)Hbf;RE;RE 1;1;26830;8000348;8000348%2021-12-25T17:57:00.000Z%,8000406,8000001,;602
2021-12-25T18:00:00.000Z;Stolberg(Rheinl)Hbf;RE;RE 1;1;26835;8000348;8000348%2021-12-25T18:00:00.000Z%,8001886,8003553,8000084,8000178,8000208,8000207,8003368,8000209,8006713,8001584,8000085,8000082,8000086,8000259,8000098,8006226,8000041,8000080,8001537,8003169,8003168,8004448,8000149,;602
2021-12-25T18:12:00.000Z;Stolberg(Rheinl)Hbf Gl.44;RB;RB 20;20;30033;8098349;8098349%2021-12-25T18:12:00.000Z%,8001917,8000510,8000527,8000521,8000502,8000507,8002816,8002804,8002806,8003395,8000404,8070704,8000001,8000406,8001712,8000348,;426
2021-12-25T18:20:00.000Z;Stolberg(Rheinl)Hbf;RB;RB 20;20;30578;8000348;8000348%2021-12-25T18:20:00.000Z%,8001712,8000406,8000001,8070704,8000404,8003395,8002806,8002804,8002816,8000507,8000502,;426
2021-12-25T18:27:00.000Z;Stolberg(Rheinl)Hbf;RE;RE 9;9;10929;8000348;8000348%2021-12-25T18:27:00.000Z%,8001886,8003553,8000084,8000178,8000208,8000207,8003368,8004869,8000135,8005556,8002753,8001736,8002768,8005356,8000012,8006501,8000034,8000427,8001112,8000046,;602
2021-12-25T18:33:00.000Z;Stolberg(Rheinl)Hbf;RE;RE 9;9;10926;8000348;8000348%2021-12-25T18:33:00.000Z%,8000406,8000001,;602
2021-12-25T18:50:00.000Z;Stolberg(Rheinl)Hbf;RB;RB 20;20;30032;8000348;8000348%2021-12-25T18:50:00.000Z%,8001712,8000406,8000001,8070704,8000404,8003395,8002806,8002804,8002816,8000507,8000502,8000521,8000527,8000510,8001917,8098349,;426
2021-12-25T18:57:00.000Z;Stolberg(Rheinl)Hbf;RE;RE 1;1;26832;8000348;8000348%2021-12-25T18:57:00.000Z%,8000406,8000001,;602
2021-12-25T19:00:00.000Z;Stolberg(Rheinl)Hbf;RE;RE 1;1;26837;8000348;8000348%2021-12-25T19:00:00.000Z%,8001886,8003553,8000084,8000178,8000208,8000207,8003368,8000209,8006713,8001584,8000085,8000082,8000086,8000259,8000098,8006226,8000041,8000080,8001515,8001537,8003169,8003168,8004448,8000149,;602
2021-12-25T19:12:00.000Z;Stolberg(Rheinl)Hbf Gl.44;RB;RB 20;20;30037;8098349;8098349%2021-12-25T19:12:00.000Z%,8001917,8000510,8000527,8000521,8000502,8000507,8002816,8002804,8002806,8003395,8000404,8070704,8000001,8000406,8001712,8000348,;426
2021-12-25T19:20:00.000Z;Stolberg(Rheinl)Hbf;RB;RB 20;20;30580;8000348;8000348%2021-12-25T19:20:00.000Z%,8001712,8000406,8000001,8070704,8000404,8003395,8002806,8002804,8002816,8000507,8000502,;426
2021-12-25T19:27:00.000Z;Stolberg(Rheinl)Hbf;RE;RE 9;9;10931;8000348;8000348%2021-12-25T19:27:00.000Z%,8001886,8003553,8000084,8000178,8000208,8000207,8003368,8004869,8000135,8005556,8002753,8001736,8002768,8005356,8000012,8001928,8006501,8004381,8005338,8000034,8000427,8001112,8004406,8001729,8000046,;602
2021-12-25T19:33:00.000Z;Stolberg(Rheinl)Hbf;RE;RE 9;9;10928;8000348;8000348%2021-12-25T19:33:00.000Z%,8000406,8000001,;602
2021-12-25T19:50:00.000Z;Stolberg(Rheinl)Hbf;RB;RB 20;20;30034;8000348;8000348%2021-12-25T19:50:00.000Z%,8001712,8000406,8000001,8070704,8000404,8003395,8002806,8002804,8002816,8000507,8000502,8000521,8000527,8000510,8001917,8098349,;426
2021-12-25T19:57:00.000Z;Stolberg(Rheinl)Hbf;RE;RE 1;1;26834;8000348;8000348%2021-12-25T19:57:00.000Z%,8000406,8000001,;602
2021-12-25T20:00:00.000Z;Stolberg(Rheinl)Hbf;RE;RE 1;1;26879;8000348;8000348%2021-12-25T20:00:00.000Z%,8001886,8003553,8000084,8000178,8000208,8000207,8003368,8000209,8006713,8001584,8000085,8000082,8000086,8000259,8000098,8006226,8000041,8000080,8001515,8001537,8003169,8003168,8004448,8000149,;602
2021-12-25T20:12:00.000Z;Stolberg(Rheinl)Hbf Gl.44;RB;RB 20;20;30039;8098349;8098349%2021-12-25T20:12:00.000Z%,8001917,8000510,8000527,8000521,8000502,8000507,8002816,8002804,8002806,8003395,8000404,8070704,8000001,8000406,8001712,8000348,;426
2021-12-25T20:20:00.000Z;Stolberg(Rheinl)Hbf;RB;RB 20;20;30582;8000348;8000348%2021-12-25T20:20:00.000Z%,8001712,8000406,8000001,8070704,8000404,8003395,8002806,8002804,8002816,8000507,8000502,;426
2021-12-24T20:28:00.000Z;Hamburg-Altona;RE;RE 70;70;21034;8002553;8002553%2021-12-24T20:28:00.000Z%0,8000092,8006572,8001190,8000271,8001092,8000199,;602
2021-12-24T20:35:00.000Z;Hamburg-Altona;ICE;ICE 905;18;905;8002553;8002553%2021-12-24T20:35:00.000Z%,8000058,8010216,8010382,8010404,8098160,8011113,;720
2021-12-24T20:40:00.000Z;Hamburg-Altona;RE;RE 6;6;11034;8002553;8002553%2021-12-24T20:40:00.000Z%,8000092,8002293,8003102,8006460,8001273,8005655,8003954,8000155,8003798,8002115,8000181,;602
2021-12-24T20:53:00.000Z;Hamburg-Altona;RE;RE 7;7;21134;8002553;8002553%2021-12-24T20:53:00.000Z%0,8004819,8000092,8000271,8001718,8001092,8002011,8000199,;602
2021-12-24T21:11:00.000Z;Hamburg-Altona;ICE;ICE 1689;24;1689;8002553;8002553%2021-12-24T21:11:00.000Z%,8000238,8000168,8000064,8000152,8000128,8000260,8000284,8000183,8000261,;720
2021-12-24T21:29:00.000Z;Hamburg-Altona;ICE;ICE 921;31;921;8002553;8002553%2021-12-24T21:29:00.000Z%,8000050,8000294,8000263,8000149,8000080,8000041,8000098,8000086,8000082,8000085,8000207,8000044,8000310,8000206,8000039,8000240,8070003,8000105,;720
